Tempo(s)    P0(KPa) P0+Coluna(KPa)  P1(KPa) P1+Coluna(KPa)  Vazao(L/min)    Pulsos
0.000	1.25	8.20	-0.04	7.59	0.000	0
0.032	1.24	8.19	0.01	7.64	0.000	0
0.064	1.05	8.00	-0.02	7.61	0.000	0
0.096	1.21	8.16	-0.01	7.62	0.000	0
0.128	1.19	8.14	-0.01	7.62	0.000	0
0.160	1.15	8.10	-0.02	7.62	0.000	0
0.192	1.00	7.95	0.03	7.66	0.000	0
0.224	1.14	8.09	-0.01	7.62	0.000	0
0.256	1.13	8.08	-0.00	7.63	0.000	0
0.288	1.12	8.07	0.01	7.64	0.000	0
0.320	1.12	8.07	-0.01	7.62	0.000	0
0.352	1.16	8.11	0.03	7.66	0.000	0
0.384	1.18	8.13	0.01	7.64	0.000	0
0.416	1.21	8.16	0.03	7.66	0.000	0
0.448	1.14	8.09	0.03	7.66	0.000	0
0.480	1.16	8.11	0.02	7.65	0.000	0
0.512	1.19	8.14	0.05	7.69	0.000	0
0.544	1.21	8.16	0.02	7.65	0.000	0
0.576	1.18	8.13	0.00	7.63	0.000	0
0.608	1.18	8.13	-0.00	7.63	0.000	0
0.640	1.19	8.14	-0.02	7.61	0.000	0
0.672	1.16	8.11	0.02	7.65	0.000	0
0.704	1.16	8.11	-0.02	7.61	0.000	0
0.736	1.16	8.11	-0.02	7.62	0.000	0
0.768	1.20	8.15	-0.02	7.61	0.000	0
0.800	1.19	8.14	-0.03	7.60	0.000	0
0.832	1.19	8.14	0.01	7.64	0.000	0
0.864	1.15	8.10	-0.02	7.62	0.000	0
0.896	1.15	8.10	-0.01	7.62	0.000	0
0.928	1.17	8.12	-0.01	7.62	0.000	0
0.960	1.17	8.12	-0.01	7.62	0.000	0
0.992	1.18	8.13	0.01	7.64	0.000	0
1.024	1.17	8.13	-0.02	7.61	0.000	0
1.056	1.14	8.09	0.00	7.63	0.000	0
1.088	1.14	8.09	-0.01	7.62	0.000	0
1.120	1.16	8.11	-0.01	7.62	0.000	0
1.152	1.16	8.11	0.02	7.65	0.000	0
1.184	1.17	8.12	-0.02	7.61	0.000	0
1.216	1.16	8.11	-0.01	7.63	0.000	0
1.248	1.17	8.13	-0.01	7.62	0.000	0
1.280	1.13	8.08	-0.00	7.63	0.000	0
1.312	1.17	8.12	0.01	7.64	0.000	0
1.344	1.17	8.12	-0.02	7.61	0.000	0
1.376	1.18	8.13	-0.00	7.63	0.000	0
1.408	1.14	8.09	0.00	7.63	0.000	0
1.440	1.07	8.03	0.00	7.63	0.000	0
1.472	1.15	8.10	0.02	7.65	0.000	0
1.504	1.16	8.11	-0.02	7.62	0.000	0
1.536	1.18	8.13	0.00	7.63	0.000	0
1.568	1.15	8.10	-0.00	7.63	0.000	0
1.600	1.18	8.13	0.00	7.63	0.000	0
1.632	1.18	8.13	0.03	7.66	0.000	0
1.664	1.18	8.13	-0.01	7.62	0.000	0
1.696	1.15	8.10	0.02	7.65	0.000	0
1.728	1.15	8.10	0.01	7.64	0.000	0
1.760	1.16	8.11	0.02	7.65	0.000	0
1.792	1.11	8.07	0.05	7.68	0.000	0
1.824	1.19	8.14	0.01	7.64	0.000	0
1.856	1.13	8.08	0.04	7.67	0.000	0
1.888	1.14	8.09	0.02	7.65	0.000	0
1.920	1.13	8.08	0.03	7.66	0.000	0
1.952	1.09	8.04	0.06	7.69	0.000	0
1.984	1.02	7.97	0.04	7.67	0.000	0
2.016	0.99	7.94	0.04	7.68	0.000	0
2.048	1.00	7.95	0.04	7.67	0.000	0
2.080	0.97	7.92	0.04	7.67	0.000	0
2.112	1.05	8.00	0.05	7.68	0.000	0
2.144	1.08	8.03	0.01	7.64	0.000	0
2.176	1.09	8.04	0.02	7.65	0.000	0
2.208	1.10	8.05	0.00	7.63	0.000	0
2.240	1.13	8.08	0.00	7.64	0.000	0
2.272	1.13	8.08	0.03	7.66	0.000	0
2.304	1.11	8.06	0.00	7.63	0.000	0
2.336	1.07	8.02	0.02	7.65	0.000	0
2.368	1.07	8.02	0.01	7.64	0.000	0
2.400	1.11	8.06	0.02	7.65	0.000	0
2.432	1.06	8.02	0.04	7.67	0.000	0
2.464	1.10	8.05	0.01	7.64	0.000	0
2.496	1.07	8.02	0.03	7.66	0.000	0
2.528	1.10	8.05	0.00	7.64	0.000	0
2.560	1.07	8.02	0.03	7.66	0.000	0
2.592	1.09	8.04	0.04	7.68	0.000	0
2.624	1.08	8.03	0.01	7.64	0.000	0
2.656	1.08	8.03	0.04	7.67	0.000	0
2.688	1.03	7.98	0.02	7.65	0.000	0
2.720	1.01	7.96	0.04	7.67	0.000	0
2.752	1.03	7.98	0.06	7.69	0.000	0
2.784	0.97	7.92	0.04	7.68	0.000	0
2.816	1.01	7.96	0.05	7.68	0.000	0
2.848	1.04	7.99	0.04	7.67	0.000	0
2.880	1.01	7.96	0.07	7.70	0.000	0
2.912	0.98	7.93	0.08	7.71	0.000	0
2.944	1.03	7.98	0.05	7.68	0.000	0
2.976	1.05	8.00	0.06	7.69	0.000	0
3.008	1.01	7.96	0.05	7.68	0.000	0
3.040	0.97	7.92	0.09	7.72	0.000	0
3.072	1.00	7.95	0.10	7.73	0.000	0
3.104	1.01	7.96	0.07	7.70	0.000	0
3.136	1.05	8.00	0.09	7.72	0.000	0
3.168	1.07	8.02	0.06	7.69	0.000	0
3.200	1.04	7.99	0.03	7.66	0.000	0
3.232	1.07	8.03	0.04	7.67	0.000	0
3.264	1.04	7.99	0.01	7.64	0.000	0
3.296	0.98	7.93	0.03	7.66	0.000	0
3.328	0.97	7.92	0.00	7.63	0.000	0
3.360	1.02	7.97	0.03	7.66	0.000	0
3.392	1.00	7.95	0.03	7.66	0.000	0
3.424	1.01	7.96	0.01	7.64	0.000	0
3.456	0.96	7.91	0.03	7.67	0.000	0
3.488	0.93	7.88	0.00	7.64	0.000	0
3.520	0.99	7.94	0.03	7.66	0.000	0
3.552	0.98	7.93	0.03	7.66	0.000	0
3.584	1.02	7.97	0.00	7.64	0.000	0
3.616	1.02	7.97	0.02	7.65	0.000	0
3.648	1.02	7.97	-0.01	7.63	0.000	0
3.680	1.01	7.96	0.02	7.65	0.000	0
3.712	1.03	7.98	0.02	7.65	0.000	0
3.744	1.00	7.95	-0.01	7.62	0.000	0
3.776	1.02	7.97	0.00	7.63	0.000	0
3.808	1.01	7.96	-0.01	7.62	0.000	0
3.840	0.97	7.93	0.01	7.64	0.000	0
3.872	1.01	7.96	0.01	7.64	0.000	0
3.904	1.00	7.95	-0.01	7.62	0.000	0
3.936	0.98	7.93	0.01	7.64	0.000	0
3.968	0.88	7.83	-0.01	7.62	0.000	0
4.000	0.92	7.88	0.02	7.65	0.000	0
4.032	0.99	7.94	0.00	7.64	0.000	0
4.064	0.94	7.89	0.00	7.63	0.000	0
4.096	0.95	7.90	0.01	7.64	0.000	0
4.128	0.90	7.85	0.00	7.63	0.000	0
4.160	0.87	7.83	0.04	7.68	0.000	0
4.192	0.89	7.84	0.03	7.66	0.000	0
4.224	0.85	7.80	0.02	7.65	0.000	0
4.256	0.90	7.85	0.03	7.66	0.000	0
4.288	0.86	7.81	-0.01	7.62	0.000	0
4.320	0.95	7.90	0.02	7.65	0.000	0
4.352	0.85	7.80	0.03	7.66	0.000	0
4.384	0.74	7.69	0.03	7.66	0.000	0
4.416	0.82	7.77	0.02	7.65	0.000	0
4.448	0.90	7.85	-0.00	7.63	0.000	0
4.480	0.81	7.76	0.04	7.67	0.000	0
4.512	0.92	7.87	-0.01	7.62	0.000	0
4.544	0.96	7.92	-0.00	7.63	0.000	0
4.576	0.92	7.87	0.00	7.63	0.000	0
4.608	0.93	7.88	-0.01	7.62	0.000	0
4.640	0.91	7.86	0.02	7.65	0.000	0
4.672	0.95	7.90	-0.01	7.62	0.000	0
4.704	0.98	7.93	-0.01	7.62	0.000	0
4.736	0.98	7.93	0.00	7.63	0.000	0
4.768	0.91	7.86	-0.01	7.62	0.000	0
4.800	0.91	7.86	0.03	7.66	0.000	0
4.832	0.89	7.84	-0.01	7.62	0.000	0
4.864	1.00	7.95	-0.01	7.62	0.000	0
4.896	0.93	7.88	0.00	7.63	0.000	0
4.928	9.80	16.75	-0.00	7.63	0.000	0
4.960	28.50	35.45	0.02	7.65	0.041	9
4.992	20.97	27.92	-0.02	7.62	0.041	9
5.024	19.29	26.24	0.00	7.64	0.041	9
5.056	23.09	30.04	0.00	7.63	0.041	9
5.088	21.03	27.98	-0.01	7.62	0.041	9
5.120	21.96	28.91	0.02	7.65	0.041	9
5.152	22.03	28.98	-0.02	7.61	0.041	9
5.184	21.79	28.74	-0.00	7.63	0.041	9
5.216	22.48	29.43	0.00	7.63	0.041	9
5.248	21.62	28.58	0.01	7.64	0.041	9
5.280	21.89	28.84	0.06	7.69	0.041	9
5.312	21.52	28.47	0.02	7.65	0.041	9
5.344	21.45	28.40	0.03	7.66	0.041	9
5.376	21.70	28.65	0.00	7.63	0.041	9
5.408	21.99	28.94	0.00	7.63	0.041	9
5.440	21.70	28.65	0.04	7.68	1.225	267
5.472	21.82	28.78	-0.01	7.62	1.225	267
5.504	22.35	29.30	0.00	7.63	1.225	267
5.536	22.33	29.28	-0.01	7.62	1.225	267
5.568	22.12	29.07	-0.01	7.62	1.225	267
5.600	22.09	29.04	0.03	7.67	1.225	267
5.632	21.10	28.05	0.02	7.65	1.225	267
5.664	20.64	27.59	0.07	7.70	1.225	267
5.696	21.22	28.17	0.04	7.67	1.225	267
5.728	21.58	28.53	0.03	7.66	1.225	267
5.760	21.46	28.42	0.04	7.67	1.225	267
5.792	21.92	28.87	0.00	7.64	1.225	267
5.824	21.55	28.50	0.05	7.68	1.225	267
5.856	21.41	28.36	0.03	7.66	1.225	267
5.888	21.64	28.59	0.02	7.65	1.239	270
5.920	21.53	28.48	0.05	7.69	1.239	270
5.952	21.51	28.47	0.02	7.65	1.239	270
5.984	21.36	28.32	0.05	7.68	1.239	270
6.016	21.33	28.28	0.02	7.65	1.239	270
6.048	21.91	28.86	0.01	7.64	1.239	270
6.080	21.66	28.62	0.04	7.67	1.239	270
6.112	21.20	28.15	0.05	7.68	1.239	270
6.144	20.60	27.55	0.08	7.71	1.239	270
6.176	20.95	27.90	0.02	7.65	1.239	270
6.208	21.55	28.50	0.03	7.66	1.239	270
6.240	21.80	28.75	0.03	7.66	1.239	270
6.272	21.85	28.80	0.01	7.64	1.239	270
6.304	21.66	28.61	0.02	7.65	1.239	270
6.336	21.84	28.79	-0.01	7.62	1.239	270
6.368	21.65	28.60	0.02	7.65	1.243	271
6.400	21.77	28.72	0.06	7.69	1.243	271
6.432	21.10	28.05	0.03	7.67	1.243	271
6.464	22.07	29.03	0.00	7.63	1.243	271
6.496	22.27	29.22	-0.02	7.62	1.243	271
6.528	22.00	28.95	0.00	7.63	1.243	271
6.560	21.82	28.77	0.06	7.69	1.243	271
6.592	20.99	27.94	0.05	7.68	1.243	271
6.624	20.85	27.80	0.04	7.67	1.243	271
6.656	21.00	27.95	-0.01	7.63	1.243	271
6.688	21.77	28.72	0.00	7.64	1.243	271
6.720	22.11	29.06	0.01	7.64	1.243	271
6.752	22.17	29.12	-0.02	7.61	1.243	271
6.784	22.06	29.02	0.00	7.63	1.243	271
6.816	22.21	29.16	-0.03	7.60	1.243	271
6.848	22.16	29.12	0.00	7.63	1.248	272
6.880	22.17	29.12	0.01	7.64	1.248	272
6.912	22.17	29.12	-0.01	7.62	1.248	272
6.944	21.84	28.79	0.04	7.67	1.248	272
6.976	21.69	28.64	-0.01	7.62	1.248	272
7.008	21.64	28.59	0.02	7.65	1.248	272
7.040	21.95	28.90	0.01	7.64	1.248	272
7.072	21.90	28.85	0.02	7.65	1.248	272
7.104	20.69	27.64	0.06	7.69	1.248	272
7.136	21.22	28.18	0.02	7.65	1.248	272
7.168	21.29	28.24	0.05	7.69	1.248	272
7.200	21.12	28.07	0.05	7.68	1.248	272
7.232	21.66	28.61	-0.00	7.63	1.248	272
7.264	21.95	28.90	0.01	7.64	1.248	272
7.296	21.76	28.71	0.03	7.66	1.248	272
7.328	21.38	28.33	0.03	7.66	1.248	272
7.360	21.85	28.80	0.03	7.66	1.248	272
7.392	21.56	28.51	0.01	7.64	1.248	272
7.424	22.10	29.05	-0.00	7.63	1.248	272
7.456	22.20	29.15	-0.02	7.61	1.248	272
7.488	21.90	28.85	0.05	7.68	1.248	272
7.520	21.16	28.12	0.04	7.67	1.248	272
7.552	21.52	28.47	-0.01	7.63	1.248	272
7.584	22.01	28.96	0.01	7.64	1.248	272
7.616	22.00	28.95	-0.03	7.60	1.248	272
7.648	21.68	28.63	0.04	7.67	1.248	272
7.680	22.11	29.06	0.02	7.65	1.248	272
7.712	21.91	28.86	0.01	7.64	1.248	272
7.744	21.33	28.28	0.03	7.66	1.248	272
7.776	21.56	28.51	-0.01	7.63	1.252	273
7.808	21.78	28.73	0.03	7.67	1.252	273
7.840	21.62	28.57	0.02	7.65	1.252	273
7.872	21.77	28.72	-0.01	7.63	1.252	273
7.904	21.84	28.79	0.01	7.64	1.252	273
7.936	21.80	28.75	-0.01	7.62	1.252	273
7.968	21.68	28.63	0.02	7.65	1.252	273
8.000	21.99	28.94	-0.00	7.63	1.252	273
8.032	22.10	29.05	-0.02	7.61	1.252	273
8.064	22.21	29.16	-0.01	7.62	1.252	273
8.096	22.20	29.15	-0.03	7.60	1.252	273
8.128	22.22	29.18	-0.00	7.63	1.252	273
8.160	22.47	29.43	-0.02	7.62	1.252	273
8.192	22.28	29.23	-0.02	7.61	1.252	273
8.224	22.12	29.07	-0.01	7.63	1.248	272
8.256	21.99	28.94	-0.04	7.59	1.248	272
8.288	22.43	29.38	-0.00	7.63	1.248	272
8.320	22.33	29.28	-0.02	7.61	1.248	272
8.352	22.07	29.02	-0.01	7.62	1.248	272
8.384	22.18	29.13	-0.01	7.62	1.248	272
8.416	22.25	29.20	-0.03	7.60	1.248	272
8.448	22.06	29.01	0.00	7.64	1.248	272
8.480	22.18	29.13	-0.01	7.62	1.248	272
8.512	22.12	29.07	-0.01	7.62	1.248	272
8.544	21.98	28.93	-0.01	7.62	1.248	272
8.576	21.76	28.71	-0.04	7.59	1.248	272
8.608	22.08	29.03	-0.00	7.63	1.248	272
8.640	22.30	29.25	-0.02	7.61	1.248	272
8.672	22.12	29.08	-0.02	7.62	1.248	272
8.704	22.04	28.99	-0.01	7.62	1.252	273
8.736	22.09	29.04	-0.03	7.60	1.252	273
8.768	22.19	29.14	0.00	7.63	1.252	273
8.800	22.37	29.32	-0.03	7.60	1.252	273
8.832	22.37	29.32	-0.02	7.61	1.252	273
8.864	22.42	29.37	-0.02	7.62	1.252	273
8.896	21.98	28.93	-0.01	7.62	1.252	273
8.928	21.64	28.59	0.03	7.66	1.252	273
8.960	21.77	28.72	-0.00	7.63	1.252	273
8.992	21.48	28.43	0.00	7.63	1.252	273
9.024	21.92	28.87	0.00	7.64	1.252	273
9.056	21.85	28.80	-0.02	7.61	1.252	273
9.088	22.05	29.00	0.00	7.63	1.252	273
9.120	22.17	29.12	-0.03	7.60	1.252	273
9.152	22.41	29.36	-0.02	7.61	1.252	273
9.184	22.27	29.22	-0.02	7.62	1.248	272
9.216	22.25	29.20	-0.02	7.61	1.248	272
9.248	21.91	28.86	0.02	7.65	1.248	272
9.280	21.86	28.82	-0.00	7.63	1.248	272
9.312	21.78	28.73	0.00	7.63	1.248	272
9.344	21.95	28.90	-0.01	7.62	1.248	272
9.376	22.18	29.13	-0.02	7.62	1.248	272
9.408	21.92	28.87	0.02	7.65	1.248	272
9.440	21.58	28.53	-0.01	7.63	1.248	272
9.472	21.86	28.82	-0.01	7.62	1.248	272
9.504	22.30	29.25	-0.01	7.62	1.248	272
9.536	22.06	29.01	-0.02	7.61	1.248	272
9.568	21.85	28.80	0.04	7.67	1.248	272
9.600	21.04	27.99	0.02	7.65	1.248	272
9.632	20.86	27.81	0.05	7.68	1.248	272
9.664	21.03	27.98	0.06	7.69	1.248	272
9.696	21.62	28.57	0.02	7.65	1.248	272
9.728	20.53	27.48	0.10	7.73	1.248	272
9.760	20.63	27.58	0.06	7.69	1.248	272
9.792	20.66	27.61	0.06	7.69	1.248	272
9.824	20.80	27.75	0.08	7.72	1.248	272
9.856	20.64	27.59	0.07	7.70	1.248	272
9.888	20.89	27.84	0.09	7.72	1.248	272
9.920	20.58	27.53	0.05	7.68	1.248	272
9.952	20.75	27.70	0.05	7.68	1.248	272
9.984	21.22	28.17	0.06	7.69	1.248	272
10.016	20.57	27.52	0.02	7.65	1.248	272
10.048	20.84	27.79	0.05	7.69	1.248	272
10.080	21.47	28.42	0.01	7.64	1.248	272
10.112	22.06	29.01	0.03	7.67	1.252	273
10.144	21.42	28.37	0.03	7.66	1.252	273
10.176	21.62	28.57	0.01	7.64	1.252	273
10.208	21.57	28.52	0.05	7.68	1.252	273
10.240	21.61	28.56	0.00	7.63	1.252	273
10.272	21.44	28.39	0.03	7.67	1.252	273
10.304	21.72	28.67	0.02	7.65	1.252	273
10.336	21.57	28.53	0.02	7.65	1.252	273
10.368	21.44	28.39	0.05	7.68	1.252	273
10.400	21.63	28.58	0.00	7.64	1.252	273
10.432	21.60	28.55	0.02	7.65	1.252	273
10.464	21.56	28.51	0.02	7.65	1.252	273
10.496	21.09	28.04	0.04	7.67	1.252	273
10.528	20.88	27.83	0.07	7.70	1.252	273
10.560	21.48	28.43	0.02	7.65	1.252	273
10.592	21.84	28.79	0.03	7.66	1.252	273
10.624	21.75	28.70	0.02	7.65	1.252	273
10.656	21.58	28.53	0.02	7.65	1.252	273
10.688	21.48	28.43	0.05	7.68	1.252	273
10.720	21.56	28.51	0.00	7.63	1.252	273
10.752	21.82	28.77	0.03	7.67	1.252	273
10.784	21.63	28.58	0.02	7.65	1.252	273
10.816	21.80	28.75	0.03	7.66	1.252	273
10.848	21.33	28.28	0.05	7.69	1.252	273
10.880	21.40	28.35	0.00	7.63	1.252	273
10.912	21.53	28.48	0.02	7.65	1.252	273
10.944	21.81	28.76	0.00	7.64	1.252	273
10.976	21.87	28.82	0.04	7.67	1.252	273
11.008	21.46	28.41	0.05	7.69	1.252	273
11.040	20.99	27.94	0.04	7.67	1.252	273
11.072	20.99	27.94	0.05	7.68	1.252	273
11.104	21.26	28.21	0.05	7.68	1.252	273
11.136	20.76	27.71	0.08	7.71	1.252	273
11.168	20.46	27.41	0.08	7.71	1.252	273
11.200	20.90	27.85	0.04	7.68	1.252	273
11.232	21.57	28.53	0.03	7.66	1.252	273
11.264	21.89	28.84	-0.00	7.63	1.252	273
11.296	22.07	29.02	0.00	7.63	1.252	273
11.328	21.75	28.70	0.05	7.68	1.252	273
11.360	20.87	27.83	0.06	7.69	1.252	273
11.392	20.75	27.70	0.09	7.72	1.252	273
11.424	20.55	27.50	0.05	7.68	1.252	273
11.456	21.56	28.51	0.03	7.66	1.252	273
11.488	21.36	28.31	0.05	7.69	1.252	273
11.520	21.28	28.23	0.04	7.67	1.252	273
11.552	21.29	28.24	0.05	7.68	1.252	273
11.584	21.29	28.24	0.03	7.66	1.252	273
11.616	21.34	28.29	0.03	7.66	1.252	273
11.648	21.28	28.23	0.08	7.71	1.252	273
11.680	21.16	28.11	0.08	7.71	1.252	273
11.712	20.69	27.64	0.05	7.68	1.252	273
11.744	21.37	28.32	0.03	7.66	1.252	273
11.776	20.81	27.76	0.05	7.68	1.252	273
11.808	21.41	28.36	0.05	7.68	1.252	273
11.840	21.25	28.20	0.03	7.66	1.252	273
11.872	21.70	28.65	0.03	7.66	1.252	273
11.904	21.33	28.28	0.03	7.66	1.252	273
11.936	21.24	28.19	0.04	7.68	1.252	273
11.968	20.91	27.86	0.08	7.71	1.252	273
12.000	21.16	28.12	0.01	7.64	1.252	273
12.032	21.89	28.84	0.02	7.65	1.252	273
12.064	21.41	28.36	0.00	7.64	1.252	273
12.096	21.36	28.32	0.05	7.68	1.252	273
12.128	21.20	28.15	0.05	7.68	1.252	273
12.160	21.87	28.83	0.00	7.63	1.252	273
12.192	21.99	28.94	0.03	7.66	1.252	273
12.224	21.68	28.63	-0.00	7.63	1.252	273
12.256	21.76	28.71	0.02	7.65	1.252	273
12.288	21.83	28.78	0.04	7.67	1.252	273
12.320	21.21	28.16	0.02	7.65	1.252	273
12.352	21.49	28.44	0.03	7.66	1.252	273
12.384	21.52	28.47	0.00	7.64	1.252	273
12.416	21.52	28.47	0.03	7.66	1.252	273
12.448	20.95	27.90	0.04	7.67	1.252	273
12.480	21.53	28.48	0.00	7.64	1.252	273
12.512	22.10	29.05	0.00	7.63	1.252	273
12.544	21.90	28.85	0.00	7.64	1.252	273
12.576	21.26	28.22	0.04	7.68	1.252	273
12.608	20.88	27.83	0.08	7.71	1.252	273
12.640	20.28	27.23	0.03	7.66	1.252	273
12.672	21.17	28.12	0.05	7.68	1.252	273
12.704	21.48	28.43	0.00	7.63	1.252	273
12.736	21.85	28.80	0.00	7.63	1.252	273
12.768	22.05	29.00	0.01	7.64	1.252	273
12.800	21.81	28.76	0.02	7.65	1.252	273
12.832	21.27	28.22	0.02	7.65	1.252	273
12.864	21.80	28.75	-0.01	7.62	1.252	273
12.896	21.38	28.33	0.04	7.68	1.252	273
12.928	21.15	28.10	0.03	7.66	1.252	273
12.960	21.93	28.88	-0.00	7.63	1.252	273
12.992	21.66	28.61	0.03	7.66	1.252	273
13.024	21.75	28.70	-0.01	7.62	1.252	273
13.056	21.84	28.79	0.02	7.65	1.252	273
13.088	21.72	28.67	0.02	7.65	1.252	273
13.120	21.64	28.59	0.01	7.64	1.252	273
13.152	21.77	28.72	0.02	7.65	1.252	273
13.184	21.95	28.90	-0.01	7.62	1.252	273
13.216	21.65	28.60	0.03	7.67	1.252	273
13.248	21.93	28.88	0.03	7.66	1.252	273
13.280	21.22	28.17	0.01	7.64	1.252	273
13.312	21.98	28.93	0.00	7.63	1.252	273
13.344	22.14	29.09	-0.01	7.62	1.252	273
13.376	21.52	28.47	0.03	7.66	1.248	272
13.408	21.51	28.46	0.02	7.65	1.248	272
13.440	22.01	28.96	-0.00	7.63	1.248	272
13.472	22.10	29.05	-0.01	7.63	1.248	272
13.504	22.37	29.32	-0.03	7.60	1.248	272
13.536	22.01	28.96	0.02	7.65	1.248	272
13.568	21.75	28.70	0.04	7.67	1.248	272
13.600	21.86	28.82	-0.00	7.63	1.248	272
13.632	22.17	29.12	-0.01	7.63	1.248	272
13.664	22.32	29.27	-0.03	7.60	1.248	272
13.696	22.14	29.09	0.01	7.64	1.248	272
13.728	22.42	29.37	-0.01	7.62	1.248	272
13.760	22.17	29.12	0.01	7.64	1.248	272
13.792	21.69	28.64	0.00	7.64	1.248	272
13.824	22.27	29.22	-0.03	7.60	1.248	272
13.856	22.11	29.06	0.01	7.64	1.252	273
13.888	22.21	29.16	0.01	7.64	1.252	273
13.920	21.58	28.53	0.01	7.64	1.252	273
13.952	22.15	29.10	0.00	7.64	1.252	273
13.984	21.93	28.88	-0.01	7.62	1.252	273
14.016	21.71	28.66	0.04	7.67	1.252	273
14.048	21.97	28.92	0.00	7.63	1.252	273
14.080	22.01	28.96	0.00	7.63	1.252	273
14.112	22.11	29.06	0.01	7.64	1.252	273
14.144	21.92	28.88	-0.02	7.61	1.252	273
14.176	21.88	28.83	0.05	7.68	1.252	273
14.208	21.82	28.78	0.00	7.63	1.252	273
14.240	21.97	28.92	-0.00	7.63	1.252	273
14.272	21.96	28.91	0.01	7.64	1.252	273
14.304	21.95	28.90	-0.02	7.61	1.252	273
14.336	21.88	28.83	0.02	7.65	1.252	273
14.368	21.96	28.92	0.02	7.65	1.252	273
14.400	21.12	28.08	0.03	7.67	1.252	273
14.432	21.54	28.49	0.02	7.65	1.252	273
14.464	22.33	29.28	-0.01	7.62	1.252	273
14.496	21.86	28.81	0.04	7.67	1.252	273
14.528	21.94	28.89	0.00	7.63	1.252	273
14.560	21.85	28.80	0.03	7.66	1.252	273
14.592	22.02	28.98	0.00	7.63	1.252	273
14.624	22.23	29.18	-0.03	7.60	1.252	273
14.656	22.30	29.25	0.01	7.64	1.252	273
14.688	22.33	29.28	-0.01	7.62	1.252	273
14.720	21.92	28.87	0.02	7.65	1.252	273
14.752	21.78	28.73	0.01	7.64	1.252	273
14.784	21.94	28.89	-0.01	7.62	1.252	273
14.816	21.90	28.85	0.03	7.66	1.252	273
14.848	21.71	28.66	-0.01	7.63	1.252	273
14.880	21.53	28.48	0.01	7.64	1.252	273
14.912	22.41	29.36	-0.01	7.62	1.252	273
14.944	22.42	29.37	-0.02	7.61	1.252	273
14.976	22.37	29.32	0.01	7.64	1.252	273
15.008	22.18	29.13	-0.02	7.61	1.252	273
15.040	22.22	29.18	-0.01	7.62	1.252	273
15.072	22.47	29.42	-0.01	7.62	1.252	273
15.104	22.47	29.42	-0.01	7.62	1.252	273
15.136	22.24	29.19	0.01	7.64	1.252	273
15.168	22.33	29.28	-0.02	7.61	1.252	273
15.200	22.13	29.08	-0.01	7.63	1.252	273
15.232	22.17	29.12	0.00	7.64	1.252	273
15.264	21.99	28.94	0.00	7.63	1.252	273
15.296	22.11	29.06	0.02	7.65	1.252	273
15.328	22.19	29.14	-0.03	7.60	1.252	273
15.360	22.11	29.06	-0.01	7.62	1.252	273
15.392	22.41	29.36	-0.02	7.61	1.252	273
15.424	22.56	29.51	-0.02	7.61	1.252	273
15.456	22.46	29.41	0.00	7.63	1.252	273
15.488	22.41	29.36	-0.04	7.59	1.252	273
15.520	22.48	29.43	-0.01	7.62	1.252	273
15.552	22.37	29.32	-0.02	7.61	1.252	273
15.584	22.40	29.35	-0.02	7.61	1.252	273
15.616	22.29	29.24	0.00	7.64	1.252	273
15.648	22.36	29.31	-0.03	7.60	1.252	273
15.680	22.36	29.31	0.00	7.63	1.252	273
15.712	22.18	29.13	-0.02	7.62	1.252	273
15.744	22.34	29.29	-0.01	7.62	1.252	273
15.776	22.32	29.27	0.02	7.65	1.252	273
15.808	21.90	28.85	-0.01	7.63	1.252	273
15.840	22.08	29.03	-0.00	7.63	1.252	273
15.872	22.30	29.25	-0.01	7.62	1.252	273
15.904	22.39	29.34	-0.01	7.62	1.252	273
15.936	22.21	29.16	0.04	7.67	1.252	273
15.968	21.81	28.76	-0.01	7.63	1.252	273
16.000	22.30	29.25	0.00	7.64	1.252	273
16.032	22.39	29.34	-0.02	7.61	1.252	273
16.064	22.65	29.60	-0.01	7.62	1.252	273
16.096	22.37	29.32	0.01	7.64	1.252	273
16.128	22.36	29.31	-0.02	7.61	1.252	273
16.160	22.19	29.14	0.00	7.64	1.252	273
16.192	22.08	29.03	-0.00	7.63	1.252	273
16.224	22.05	29.00	0.00	7.63	1.252	273
16.256	21.76	28.71	0.04	7.67	1.252	273
16.288	21.58	28.53	0.02	7.65	1.252	273
16.320	21.99	28.94	-0.00	7.63	1.252	273
16.352	22.34	29.29	-0.02	7.61	1.252	273
16.384	22.34	29.29	0.00	7.63	1.252	273
16.416	22.15	29.10	0.02	7.65	1.252	273
16.448	22.05	29.00	-0.02	7.61	1.252	273
16.480	22.09	29.04	0.01	7.64	1.252	273
16.512	22.10	29.05	-0.02	7.61	1.252	273
16.544	22.49	29.44	0.00	7.63	1.252	273
16.576	22.35	29.30	0.00	7.63	1.252	273
16.608	22.54	29.49	-0.03	7.60	1.252	273
16.640	22.44	29.39	-0.00	7.63	1.252	273
16.672	22.42	29.37	-0.03	7.60	1.252	273
16.704	22.39	29.34	-0.01	7.62	1.252	273
16.736	22.44	29.39	-0.00	7.63	1.252	273
16.768	22.23	29.18	-0.03	7.60	1.252	273
16.800	22.56	29.51	-0.01	7.62	1.252	273
16.832	22.29	29.24	-0.03	7.60	1.252	273
16.864	22.57	29.52	-0.01	7.62	1.252	273
16.896	22.40	29.35	-0.00	7.63	1.252	273
16.928	22.45	29.40	-0.03	7.60	1.252	273
16.960	22.47	29.42	-0.01	7.62	1.252	273
16.992	22.52	29.48	-0.05	7.59	1.252	273
17.024	22.68	29.63	-0.01	7.62	1.252	273
17.056	22.41	29.37	-0.01	7.62	1.252	273
17.088	22.56	29.52	-0.03	7.60	1.252	273
17.120	22.60	29.55	-0.01	7.62	1.248	272
17.152	22.45	29.40	-0.03	7.60	1.248	272
17.184	22.52	29.47	-0.00	7.63	1.248	272
17.216	22.41	29.36	-0.00	7.63	1.248	272
17.248	22.20	29.15	-0.01	7.62	1.248	272
17.280	22.41	29.37	-0.01	7.63	1.248	272
17.312	22.32	29.27	-0.03	7.60	1.248	272
17.344	22.47	29.42	0.01	7.64	1.248	272
17.376	22.46	29.41	-0.01	7.63	1.248	272
17.408	22.46	29.41	-0.02	7.61	1.248	272
17.440	22.40	29.35	-0.02	7.62	1.248	272
17.472	22.58	29.53	-0.03	7.60	1.248	272
17.504	22.37	29.33	-0.00	7.63	1.248	272
17.536	22.48	29.43	-0.02	7.62	1.248	272
17.568	22.54	29.49	-0.02	7.61	1.248	272
17.600	22.39	29.34	-0.02	7.62	1.252	273
17.632	22.56	29.52	-0.04	7.59	1.252	273
17.664	22.42	29.37	-0.01	7.62	1.252	273
17.696	22.41	29.36	-0.02	7.61	1.252	273
17.728	22.52	29.47	-0.02	7.61	1.252	273
17.760	22.59	29.54	-0.02	7.61	1.252	273
17.792	22.40	29.35	-0.04	7.59	1.252	273
17.824	22.65	29.60	-0.00	7.63	1.252	273
17.856	22.56	29.51	-0.03	7.60	1.252	273
17.888	22.65	29.60	-0.03	7.60	1.252	273
17.920	22.55	29.50	-0.02	7.61	1.252	273
17.952	22.61	29.56	-0.04	7.59	1.252	273
17.984	22.73	29.68	-0.01	7.63	1.252	273
18.016	22.78	29.73	-0.03	7.60	1.252	273
18.048	22.65	29.60	-0.02	7.61	1.252	273
18.080	22.63	29.58	-0.02	7.61	1.248	272
18.112	22.43	29.38	-0.04	7.59	1.248	272
18.144	22.66	29.61	-0.01	7.62	1.248	272
18.176	22.64	29.59	-0.04	7.59	1.248	272
18.208	22.60	29.55	-0.03	7.60	1.248	272
18.240	22.60	29.55	-0.02	7.61	1.248	272
18.272	22.39	29.34	-0.05	7.59	1.248	272
18.304	22.61	29.57	-0.01	7.63	1.248	272
18.336	22.79	29.74	-0.04	7.59	1.248	272
18.368	22.76	29.72	-0.03	7.60	1.248	272
18.400	22.45	29.40	-0.03	7.60	1.248	272
18.432	22.62	29.57	-0.04	7.59	1.248	272
18.464	22.72	29.67	-0.01	7.62	1.248	272
18.496	22.74	29.69	-0.05	7.59	1.248	272
18.528	22.60	29.55	-0.02	7.61	1.248	272
18.560	22.83	29.78	-0.02	7.61	1.248	272
18.592	22.40	29.35	-0.04	7.59	1.248	272
18.624	22.41	29.36	-0.01	7.63	1.248	272
18.656	22.32	29.27	-0.04	7.59	1.248	272
18.688	22.46	29.41	-0.02	7.61	1.248	272
18.720	22.65	29.60	-0.03	7.60	1.248	272
18.752	22.45	29.40	-0.04	7.59	1.248	272
18.784	22.56	29.51	-0.01	7.63	1.248	272
18.816	22.85	29.80	-0.05	7.58	1.248	272
18.848	22.74	29.69	-0.03	7.60	1.248	272
18.880	22.68	29.63	-0.03	7.60	1.248	272
18.912	22.59	29.54	-0.04	7.59	1.248	272
18.944	22.63	29.58	-0.01	7.62	1.248	272
18.976	22.65	29.60	-0.05	7.58	1.248	272
19.008	22.70	29.65	-0.03	7.60	1.243	271
19.040	22.73	29.68	-0.03	7.60	1.243	271
19.072	22.56	29.51	-0.03	7.60	1.243	271
19.104	22.54	29.49	-0.01	7.63	1.243	271
19.136	22.41	29.37	-0.05	7.58	1.243	271
19.168	22.43	29.38	-0.02	7.61	1.243	271
19.200	22.51	29.46	-0.04	7.59	1.243	271
19.232	22.47	29.42	-0.04	7.59	1.243	271
19.264	22.67	29.62	-0.01	7.62	1.243	271
19.296	22.66	29.62	-0.05	7.58	1.243	271
19.328	22.63	29.58	-0.02	7.61	1.243	271
19.360	22.49	29.44	-0.03	7.60	1.243	271
19.392	22.63	29.58	-0.03	7.60	1.243	271
19.424	22.59	29.54	-0.01	7.63	1.243	271
19.456	22.75	29.70	-0.04	7.59	1.243	271
19.488	22.73	29.68	-0.02	7.61	1.248	272
19.520	22.53	29.48	-0.03	7.60	1.248	272
19.552	22.65	29.60	-0.02	7.61	1.248	272
19.584	22.51	29.46	-0.01	7.62	1.248	272
19.616	22.59	29.54	-0.04	7.59	1.248	272
19.648	22.55	29.50	-0.01	7.62	1.248	272
19.680	22.50	29.45	-0.03	7.60	1.248	272
19.712	22.41	29.36	-0.02	7.61	1.248	272
19.744	22.39	29.34	-0.00	7.63	1.248	272
19.776	22.70	29.65	-0.04	7.59	1.248	272
19.808	22.55	29.50	-0.02	7.62	1.248	272
19.840	22.51	29.46	-0.03	7.60	1.248	272
19.872	22.42	29.37	-0.02	7.61	1.248	272
19.904	22.50	29.45	-0.00	7.63	1.248	272
19.936	22.73	29.68	-0.04	7.59	1.243	271
19.968	22.73	29.68	-0.01	7.62	1.243	271
20.000	22.69	29.64	-0.03	7.60	1.243	271
20.032	22.38	29.33	-0.02	7.62	1.243	271
20.064	22.52	29.47	-0.00	7.63	1.243	271
20.096	22.27	29.22	-0.03	7.60	1.243	271
20.128	22.12	29.07	-0.02	7.61	1.243	271
20.160	22.42	29.38	-0.05	7.59	1.243	271
20.192	22.42	29.37	-0.01	7.62	1.243	271
20.224	22.35	29.30	-0.01	7.62	1.243	271
20.256	22.61	29.56	-0.03	7.60	1.243	271
20.288	22.55	29.50	-0.02	7.61	1.243	271
20.320	22.70	29.65	-0.05	7.58	1.243	271
20.352	22.81	29.76	-0.02	7.61	1.243	271
20.384	22.60	29.55	-0.01	7.62	1.243	271
20.416	22.87	29.82	-0.04	7.59	1.243	271
20.448	22.54	29.49	-0.02	7.61	1.243	271
20.480	22.65	29.60	-0.05	7.59	1.243	271
20.512	22.54	29.49	-0.01	7.62	1.243	271
20.544	22.44	29.39	-0.01	7.62	1.243	271
20.576	22.61	29.56	-0.03	7.60	1.243	271
20.608	22.45	29.40	-0.02	7.61	1.243	271
20.640	22.66	29.62	-0.05	7.59	1.243	271
20.672	22.50	29.45	-0.01	7.63	1.243	271
20.704	22.43	29.38	-0.01	7.62	1.243	271
20.736	22.53	29.48	-0.04	7.59	1.243	271
20.768	22.69	29.64	-0.02	7.61	1.243	271
20.800	22.44	29.39	-0.04	7.59	1.243	271
20.832	22.29	29.24	-0.00	7.63	1.243	271
20.864	22.38	29.33	-0.01	7.62	1.239	270
20.896	22.51	29.47	-0.02	7.61	1.239	270
20.928	22.42	29.37	-0.02	7.61	1.239	270
20.960	22.57	29.52	-0.05	7.59	1.239	270
20.992	22.38	29.33	-0.01	7.62	1.239	270
21.024	22.55	29.50	-0.02	7.61	1.239	270
21.056	22.34	29.29	-0.02	7.61	1.239	270
21.088	22.29	29.24	-0.01	7.62	1.239	270
21.120	22.23	29.18	-0.03	7.60	1.239	270
21.152	22.32	29.27	-0.00	7.63	1.239	270
21.184	22.15	29.10	-0.02	7.61	1.239	270
21.216	22.39	29.34	-0.01	7.62	1.239	270
21.248	22.38	29.33	-0.00	7.63	1.239	270
21.280	22.39	29.34	-0.04	7.59	1.239	270
21.312	22.23	29.18	0.03	7.66	1.239	270
21.344	21.88	28.83	-0.00	7.63	1.248	272
21.376	22.27	29.22	-0.01	7.62	1.248	272
21.408	22.22	29.18	-0.02	7.62	1.248	272
21.440	22.40	29.35	-0.03	7.60	1.248	272
21.472	22.42	29.37	0.01	7.64	1.248	272
21.504	22.07	29.02	-0.02	7.62	1.248	272
21.536	22.23	29.18	-0.02	7.61	1.248	272
21.568	22.30	29.25	-0.02	7.61	1.248	272
21.600	22.45	29.40	-0.04	7.59	1.248	272
21.632	22.36	29.32	-0.01	7.63	1.248	272
21.664	22.23	29.18	-0.03	7.60	1.248	272
21.696	22.14	29.09	-0.01	7.62	1.248	272
21.728	22.10	29.05	0.01	7.64	1.248	272
21.760	22.21	29.17	-0.02	7.61	1.248	272
21.792	22.10	29.05	0.01	7.64	1.248	272
21.824	22.49	29.44	-0.03	7.60	1.243	271
21.856	22.44	29.39	-0.01	7.62	1.243	271
21.888	22.37	29.32	-0.01	7.62	1.243	271
21.920	22.25	29.20	-0.02	7.61	1.243	271
21.952	22.07	29.02	0.02	7.65	1.243	271
21.984	22.08	29.03	-0.02	7.61	1.243	271
22.016	21.99	28.94	-0.00	7.63	1.243	271
22.048	22.30	29.25	-0.01	7.62	1.243	271
22.080	22.26	29.21	-0.02	7.61	1.243	271
22.112	21.92	28.87	0.03	7.66	1.243	271
22.144	21.75	28.70	-0.02	7.61	1.243	271
22.176	22.11	29.06	-0.00	7.63	1.243	271
22.208	22.21	29.16	-0.01	7.63	1.243	271
22.240	22.43	29.38	-0.02	7.62	1.243	271
22.272	22.32	29.27	0.01	7.64	1.243	271
22.304	22.29	29.24	-0.02	7.61	1.243	271
22.336	22.04	28.99	0.00	7.63	1.243	271
22.368	22.54	29.49	-0.02	7.62	1.243	271
22.400	22.32	29.27	-0.02	7.61	1.243	271
22.432	22.25	29.20	0.03	7.66	1.243	271
22.464	22.26	29.21	-0.03	7.60	1.243	271
22.496	22.16	29.11	-0.00	7.63	1.243	271
22.528	22.22	29.17	-0.01	7.63	1.243	271
22.560	22.25	29.20	-0.02	7.61	1.243	271
22.592	22.52	29.47	0.02	7.65	1.243	271
22.624	22.01	28.96	-0.01	7.62	1.243	271
22.656	22.09	29.04	0.01	7.64	1.243	271
22.688	22.12	29.07	-0.01	7.62	1.243	271
22.720	22.34	29.29	-0.01	7.62	1.243	271
22.752	22.34	29.29	0.01	7.64	1.248	272
22.784	22.38	29.33	-0.03	7.60	1.248	272
22.816	22.50	29.45	-0.01	7.62	1.248	272
22.848	22.54	29.49	-0.02	7.61	1.248	272
22.880	22.61	29.57	-0.02	7.61	1.248	272
22.912	22.17	29.13	0.02	7.65	1.248	272
22.944	22.08	29.03	-0.02	7.61	1.248	272
22.976	22.12	29.07	0.00	7.64	1.248	272
23.008	22.06	29.01	-0.01	7.62	1.248	272
23.040	22.27	29.23	-0.01	7.62	1.248	272
23.072	22.05	29.00	0.02	7.65	1.248	272
23.104	22.09	29.04	-0.03	7.60	1.248	272
23.136	22.00	28.95	0.01	7.64	1.248	272
23.168	22.39	29.34	-0.01	7.63	1.248	272
23.200	22.19	29.14	-0.01	7.63	1.248	272
23.232	21.90	28.85	0.02	7.65	1.243	271
23.264	21.87	28.82	-0.00	7.63	1.243	271
23.296	22.16	29.11	0.02	7.65	1.243	271
23.328	22.07	29.02	-0.01	7.63	1.243	271
23.360	21.88	28.83	0.01	7.64	1.243	271
23.392	21.92	28.87	0.03	7.66	1.243	271
23.424	22.03	28.98	-0.01	7.62	1.243	271
23.456	22.13	29.08	0.02	7.65	1.243	271
23.488	22.02	28.97	-0.02	7.61	1.243	271
23.520	22.05	29.00	-0.01	7.62	1.243	271
23.552	22.19	29.14	0.01	7.64	1.243	271
23.584	22.34	29.29	-0.03	7.60	1.243	271
23.616	22.42	29.37	-0.01	7.62	1.243	271
23.648	22.49	29.44	-0.02	7.61	1.243	271
23.680	22.51	29.46	-0.02	7.61	1.243	271
23.712	22.42	29.37	0.01	7.64	1.243	271
23.744	22.33	29.28	-0.02	7.61	1.243	271
23.776	22.39	29.34	-0.00	7.63	1.243	271
23.808	22.49	29.44	-0.02	7.61	1.243	271
23.840	22.40	29.35	-0.00	7.63	1.243	271
23.872	22.30	29.25	-0.00	7.63	1.243	271
23.904	22.47	29.42	-0.03	7.60	1.243	271
23.936	22.32	29.27	-0.01	7.62	1.243	271
23.968	22.63	29.58	-0.03	7.60	1.243	271
24.000	22.18	29.13	-0.01	7.63	1.243	271
24.032	22.60	29.55	-0.01	7.63	1.243	271
24.064	22.50	29.45	-0.03	7.60	1.243	271
24.096	22.40	29.35	-0.00	7.63	1.243	271
24.128	22.37	29.32	-0.02	7.61	1.243	271
24.160	22.39	29.34	-0.01	7.63	1.239	270
24.192	22.19	29.14	0.02	7.65	1.239	270
24.224	22.24	29.19	-0.02	7.62	1.239	270
24.256	22.32	29.27	-0.01	7.62	1.239	270
24.288	22.65	29.60	-0.03	7.60	1.239	270
24.320	22.24	29.19	-0.01	7.62	1.239	270
24.352	22.40	29.35	0.01	7.64	1.239	270
24.384	22.23	29.18	-0.02	7.61	1.239	270
24.416	22.41	29.36	0.00	7.63	1.239	270
24.448	22.02	28.97	-0.02	7.61	1.239	270
24.480	22.09	29.04	0.01	7.64	1.239	270
24.512	21.71	28.66	0.02	7.65	1.239	270
24.544	21.99	28.94	-0.02	7.62	1.239	270
24.576	21.50	28.45	0.04	7.68	1.239	270
24.608	21.89	28.84	-0.02	7.61	1.239	270
24.640	22.06	29.01	0.01	7.64	1.239	270
24.672	21.91	28.86	0.02	7.65	1.239	270
24.704	22.26	29.21	-0.01	7.63	1.239	270
24.736	21.67	28.62	0.02	7.65	1.239	270
24.768	22.13	29.08	-0.02	7.61	1.239	270
24.800	21.51	28.46	0.05	7.68	1.239	270
24.832	22.03	28.98	0.00	7.64	1.239	270
24.864	21.74	28.69	-0.00	7.63	1.239	270
24.896	21.91	28.86	0.00	7.64	1.239	270
24.928	21.90	28.85	-0.01	7.62	1.239	270
24.960	21.26	28.21	0.04	7.67	1.239	270
24.992	21.64	28.59	0.01	7.64	1.239	270
25.024	22.14	29.09	-0.02	7.62	1.239	270
25.056	21.82	28.78	0.02	7.65	1.239	270
25.088	22.10	29.05	-0.01	7.62	1.239	270
25.120	21.84	28.79	0.03	7.66	1.239	270
25.152	22.04	28.99	0.02	7.65	1.239	270
25.184	21.98	28.93	0.00	7.63	1.239	270
25.216	22.15	29.10	0.02	7.65	1.239	270
25.248	21.50	28.45	-0.00	7.63	1.239	270
25.280	22.11	29.06	0.00	7.64	1.239	270
25.312	22.07	29.02	0.01	7.64	1.239	270
25.344	22.23	29.18	-0.02	7.61	1.239	270
25.376	21.91	28.86	0.01	7.64	1.239	270
25.408	21.55	28.50	-0.02	7.61	1.239	270
25.440	22.19	29.14	0.00	7.64	1.239	270
25.472	22.13	29.08	0.00	7.63	1.239	270
25.504	21.55	28.50	0.02	7.65	1.239	270
25.536	21.08	28.03	0.04	7.67	1.239	270
25.568	21.17	28.12	0.03	7.66	1.239	270
25.600	21.24	28.19	0.03	7.66	1.239	270
25.632	21.89	28.84	0.02	7.65	1.239	270
25.664	21.05	28.00	0.06	7.69	1.239	270
25.696	21.30	28.25	0.05	7.68	1.239	270
25.728	20.94	27.89	-0.01	7.62	1.239	270
25.760	21.66	28.62	0.06	7.69	1.239	270
25.792	21.66	28.61	0.02	7.65	1.239	270
25.824	21.13	28.08	0.02	7.65	1.239	270
25.856	21.63	28.58	0.04	7.67	1.239	270
25.888	21.39	28.34	-0.00	7.63	1.239	270
25.920	22.05	29.00	0.02	7.65	1.239	270
25.952	21.74	28.69	0.03	7.66	1.239	270
25.984	21.56	28.52	0.02	7.65	1.239	270
26.016	21.05	28.00	0.05	7.68	1.239	270
26.048	21.11	28.06	-0.01	7.62	1.239	270
26.080	21.86	28.81	0.02	7.65	1.239	270
26.112	22.07	29.02	0.00	7.64	1.239	270
26.144	22.23	29.18	-0.02	7.62	1.239	270
26.176	22.04	28.99	-0.00	7.63	1.239	270
26.208	22.26	29.21	-0.03	7.60	1.239	270
26.240	22.07	29.02	0.03	7.66	1.239	270
26.272	22.05	29.00	0.00	7.63	1.239	270
26.304	22.24	29.19	-0.02	7.61	1.239	270
26.336	21.99	28.94	0.00	7.63	1.239	270
26.368	21.89	28.84	-0.02	7.61	1.239	270
26.400	22.01	28.96	0.01	7.64	1.239	270
26.432	21.75	28.70	0.01	7.64	1.239	270
26.464	21.92	28.87	-0.01	7.62	1.239	270
26.496	21.58	28.53	0.01	7.64	1.234	269
26.528	22.06	29.02	-0.03	7.60	1.234	269
26.560	22.03	28.98	0.02	7.65	1.234	269
26.592	22.00	28.95	0.00	7.64	1.234	269
26.624	21.70	28.65	0.01	7.64	1.234	269
26.656	21.80	28.75	0.01	7.64	1.234	269
26.688	21.91	28.86	-0.00	7.63	1.234	269
26.720	21.60	28.55	0.02	7.65	1.234	269
26.752	21.64	28.59	0.03	7.66	1.234	269
26.784	21.71	28.66	0.02	7.65	1.234	269
26.816	21.56	28.51	0.03	7.66	1.234	269
26.848	21.40	28.35	0.00	7.64	1.234	269
26.880	21.74	28.69	0.02	7.65	1.234	269
26.912	21.41	28.36	0.02	7.65	1.234	269
26.944	21.99	28.94	0.00	7.64	1.234	269
26.976	21.70	28.65	0.01	7.64	1.234	269
27.008	21.99	28.94	-0.03	7.60	1.234	269
27.040	22.06	29.01	0.02	7.65	1.234	269
27.072	21.98	28.93	0.01	7.64	1.234	269
27.104	21.92	28.87	-0.00	7.63	1.234	269
27.136	21.83	28.78	-0.00	7.63	1.234	269
27.168	22.30	29.25	-0.04	7.59	1.234	269
27.200	22.35	29.30	-0.01	7.62	1.234	269
27.232	22.57	29.52	-0.02	7.61	1.234	269
27.264	22.53	29.48	-0.03	7.60	1.234	269
27.296	22.30	29.25	-0.00	7.63	1.234	269
27.328	22.06	29.01	-0.03	7.60	1.234	269
27.360	22.23	29.18	-0.00	7.63	1.234	269
27.392	22.37	29.32	-0.01	7.62	1.234	269
27.424	22.06	29.02	-0.02	7.62	1.234	269
27.456	22.37	29.32	-0.02	7.61	1.234	269
27.488	22.12	29.07	-0.05	7.58	1.234	269
27.520	22.44	29.39	-0.01	7.62	1.234	269
27.552	22.40	29.35	-0.02	7.61	1.234	269
27.584	22.30	29.25	-0.03	7.60	1.234	269
27.616	22.49	29.44	-0.02	7.61	1.234	269
27.648	22.33	29.28	-0.03	7.60	1.234	269
27.680	22.23	29.18	0.02	7.65	1.234	269
27.712	21.79	28.74	0.00	7.64	1.234	269
27.744	22.29	29.24	-0.03	7.60	1.234	269
27.776	22.48	29.43	-0.02	7.62	1.234	269
27.808	22.37	29.32	-0.04	7.59	1.234	269
27.840	21.98	28.93	-0.00	7.63	1.234	269
27.872	22.21	29.16	-0.01	7.62	1.234	269
27.904	22.21	29.16	-0.01	7.62	1.239	270
27.936	22.10	29.05	-0.01	7.62	1.239	270
27.968	22.01	28.96	-0.04	7.59	1.239	270
28.000	22.35	29.30	-0.01	7.63	1.239	270
28.032	22.28	29.23	-0.01	7.63	1.239	270
28.064	22.17	29.12	-0.01	7.62	1.239	270
28.096	21.99	28.94	-0.01	7.62	1.239	270
28.128	22.12	29.07	-0.04	7.59	1.239	270
28.160	22.28	29.23	-0.00	7.63	1.239	270
28.192	22.30	29.25	-0.01	7.62	1.239	270
28.224	22.09	29.04	-0.02	7.61	1.239	270
28.256	22.35	29.30	-0.01	7.62	1.239	270
28.288	22.13	29.08	-0.04	7.59	1.239	270
28.320	22.22	29.17	-0.01	7.62	1.239	270
28.352	22.24	29.19	-0.02	7.62	1.239	270
28.384	22.15	29.10	-0.02	7.61	1.239	270
28.416	22.22	29.17	-0.02	7.61	1.239	270
28.448	21.98	28.93	-0.04	7.59	1.239	270
28.480	22.18	29.13	-0.00	7.63	1.239	270
28.512	22.24	29.19	-0.01	7.62	1.239	270
28.544	22.07	29.02	-0.01	7.62	1.239	270
28.576	21.88	28.83	0.00	7.63	1.239	270
28.608	22.22	29.17	-0.03	7.60	1.239	270
28.640	22.14	29.09	0.00	7.63	1.239	270
28.672	22.18	29.13	-0.00	7.63	1.239	270
28.704	22.08	29.03	-0.00	7.63	1.239	270
28.736	22.01	28.96	0.00	7.64	1.239	270
28.768	21.80	28.75	-0.03	7.60	1.239	270
28.800	22.14	29.09	-0.00	7.63	1.239	270
28.832	22.12	29.08	-0.00	7.63	1.234	269
28.864	22.14	29.09	-0.02	7.61	1.234	269
28.896	22.21	29.17	-0.01	7.62	1.234	269
28.928	22.13	29.08	-0.04	7.59	1.234	269
28.960	21.46	28.41	0.05	7.68	1.234	269
28.992	21.61	28.57	0.01	7.64	1.234	269
29.024	22.45	29.40	-0.02	7.61	1.234	269
29.056	22.42	29.37	-0.02	7.62	1.234	269
29.088	22.45	29.40	-0.05	7.59	1.234	269
29.120	22.57	29.52	-0.01	7.62	1.234	269
29.152	22.54	29.49	-0.01	7.63	1.234	269
29.184	21.90	28.85	-0.00	7.63	1.234	269
29.216	21.69	28.64	0.01	7.64	1.234	269
29.248	22.34	29.29	-0.03	7.60	1.234	269
29.280	22.08	29.03	0.00	7.63	1.234	269
29.312	22.09	29.04	0.00	7.64	1.234	269
29.344	21.62	28.57	0.02	7.65	1.234	269
29.376	21.53	28.48	0.03	7.66	1.234	269
29.408	21.07	28.02	0.02	7.65	1.234	269
29.440	21.01	27.96	0.10	7.73	1.234	269
29.472	20.98	27.93	0.08	7.71	1.234	269
29.504	20.94	27.89	0.04	7.67	1.234	269
29.536	21.20	28.15	0.06	7.69	1.234	269
29.568	21.23	28.18	0.01	7.64	1.234	269
29.600	21.59	28.54	0.03	7.66	1.234	269
29.632	21.76	28.71	0.04	7.67	1.234	269
29.664	21.59	28.54	0.02	7.65	1.234	269
29.696	21.55	28.50	0.03	7.66	1.234	269
29.728	21.73	28.68	0.00	7.63	1.234	269
29.760	21.93	28.88	0.01	7.64	1.243	271
29.792	22.31	29.27	-0.01	7.62	1.243	271
29.824	22.20	29.15	-0.01	7.62	1.243	271
29.856	22.05	29.00	-0.00	7.63	1.243	271
29.888	22.33	29.28	-0.03	7.60	1.243	271
29.920	22.20	29.15	-0.00	7.63	1.243	271
29.952	22.03	28.98	0.05	7.68	1.243	271
29.984	20.76	27.72	0.03	7.66	1.243	271
30.016	21.95	28.90	0.03	7.67	1.243	271
30.048	21.69	28.64	-0.02	7.61	1.243	271
30.080	22.20	29.15	-0.00	7.63	1.243	271
30.112	22.26	29.22	-0.01	7.62	1.243	271
30.144	22.06	29.01	-0.01	7.62	1.243	271
30.176	21.85	28.80	0.01	7.64	1.243	271
30.208	21.80	28.75	-0.00	7.63	1.243	271
30.240	21.53	28.48	0.04	7.67	1.239	270
30.272	21.41	28.36	0.02	7.65	1.239	270
30.304	21.76	28.71	0.00	7.63	1.239	270
30.336	22.10	29.05	-0.01	7.62	1.239	270
30.368	22.37	29.32	-0.03	7.60	1.239	270
30.400	21.54	28.49	0.03	7.67	1.239	270
30.432	22.31	29.26	0.01	7.64	1.239	270
30.464	21.87	28.82	0.01	7.64	1.239	270
30.496	21.82	28.77	0.03	7.66	1.239	270
30.528	21.53	28.48	0.02	7.65	1.239	270
30.560	21.82	28.77	0.03	7.66	1.239	270
30.592	22.10	29.05	0.00	7.63	1.239	270
30.624	22.08	29.03	-0.02	7.61	1.239	270
30.656	22.32	29.27	0.02	7.65	1.239	270
30.688	21.58	28.53	-0.02	7.62	1.239	270
30.720	21.77	28.72	0.04	7.67	1.234	269
30.752	21.41	28.36	0.02	7.65	1.234	269
30.784	21.82	28.77	-0.00	7.63	1.234	269
30.816	22.07	29.02	-0.01	7.62	1.234	269
30.848	22.26	29.22	-0.03	7.60	1.234	269
30.880	21.80	28.75	0.02	7.65	1.234	269
30.912	21.81	28.76	-0.01	7.62	1.234	269
30.944	22.36	29.31	-0.02	7.61	1.234	269
30.976	22.36	29.31	-0.02	7.61	1.234	269
31.008	22.35	29.30	-0.04	7.59	1.234	269
31.040	22.46	29.41	0.00	7.63	1.234	269
31.072	22.11	29.06	-0.00	7.63	1.234	269
31.104	22.06	29.01	-0.01	7.62	1.234	269
31.136	22.13	29.08	0.00	7.64	1.234	269
31.168	22.14	29.09	-0.02	7.61	1.234	269
31.200	21.94	28.89	0.02	7.65	1.234	269
31.232	21.88	28.83	0.01	7.64	1.234	269
31.264	21.36	28.31	0.00	7.64	1.234	269
31.296	21.39	28.34	0.02	7.65	1.234	269
31.328	21.58	28.53	0.00	7.64	1.234	269
31.360	21.25	28.20	0.05	7.68	1.234	269
31.392	21.51	28.46	0.01	7.64	1.234	269
31.424	22.21	29.16	-0.00	7.63	1.234	269
31.456	22.03	28.98	0.00	7.64	1.234	269
31.488	22.10	29.05	-0.02	7.61	1.234	269
31.520	21.70	28.65	0.02	7.65	1.234	269
31.552	21.99	28.94	0.01	7.64	1.234	269
31.584	22.05	29.00	-0.01	7.62	1.234	269
31.616	22.52	29.47	-0.01	7.62	1.234	269
31.648	22.32	29.27	-0.02	7.62	1.239	270
31.680	21.92	28.87	0.01	7.64	1.239	270
31.712	22.07	29.03	0.01	7.64	1.239	270
31.744	22.08	29.03	-0.00	7.63	1.239	270
31.776	22.08	29.03	-0.00	7.63	1.239	270
31.808	22.08	29.03	-0.03	7.60	1.239	270
31.840	21.96	28.91	0.02	7.65	1.239	270
31.872	22.12	29.07	-0.01	7.62	1.239	270
31.904	22.06	29.01	0.01	7.64	1.239	270
31.936	21.81	28.77	-0.00	7.63	1.239	270
31.968	21.69	28.64	0.00	7.63	1.239	270
32.000	21.86	28.81	0.03	7.66	1.239	270
32.032	22.05	29.00	-0.01	7.63	1.239	270
32.064	22.16	29.11	-0.00	7.63	1.239	270
32.096	22.08	29.03	0.01	7.64	1.239	270
32.128	21.82	28.77	-0.01	7.62	1.239	270
32.160	21.78	28.73	0.03	7.66	1.239	270
32.192	21.81	28.76	0.00	7.63	1.239	270
32.224	21.94	28.89	0.00	7.63	1.239	270
32.256	21.90	28.85	0.01	7.64	1.239	270
32.288	21.66	28.61	-0.02	7.61	1.239	270
32.320	22.18	29.13	0.01	7.64	1.239	270
32.352	22.08	29.03	-0.01	7.62	1.239	270
32.384	22.44	29.39	-0.01	7.62	1.239	270
32.416	22.59	29.54	-0.02	7.62	1.239	270
32.448	22.29	29.24	-0.03	7.60	1.239	270
32.480	22.14	29.09	0.02	7.65	1.239	270
32.512	22.19	29.14	-0.01	7.62	1.239	270
32.544	22.17	29.13	0.00	7.63	1.239	270
32.576	21.99	28.94	-0.01	7.63	1.239	270
32.608	22.30	29.25	-0.02	7.61	1.239	270
32.640	22.13	29.08	0.02	7.65	1.239	270
32.672	21.91	28.86	0.02	7.65	1.239	270
32.704	21.63	28.58	0.01	7.64	1.239	270
32.736	22.12	29.07	0.00	7.64	1.239	270
32.768	22.03	28.98	-0.02	7.62	1.239	270
32.800	21.92	28.87	0.01	7.64	1.239	270
32.832	22.37	29.32	-0.02	7.61	1.239	270
32.864	22.50	29.45	-0.02	7.61	1.239	270
32.896	22.51	29.46	-0.02	7.61	1.239	270
32.928	22.54	29.49	-0.04	7.59	1.239	270
32.960	22.77	29.72	-0.00	7.63	1.239	270
32.992	22.64	29.59	-0.03	7.60	1.239	270
33.024	22.60	29.55	-0.03	7.60	1.239	270
33.056	22.42	29.37	-0.01	7.62	1.239	270
33.088	22.40	29.35	-0.03	7.60	1.239	270
33.120	22.04	28.99	0.01	7.64	1.239	270
33.152	22.11	29.06	-0.02	7.61	1.239	270
33.184	22.10	29.05	-0.01	7.62	1.239	270
33.216	22.14	29.09	-0.01	7.62	1.239	270
33.248	22.30	29.25	-0.04	7.59	1.239	270
33.280	22.32	29.27	-0.00	7.63	1.239	270
33.312	22.57	29.52	-0.03	7.60	1.239	270
33.344	22.35	29.30	-0.02	7.61	1.239	270
33.376	22.51	29.47	-0.02	7.61	1.239	270
33.408	22.54	29.49	-0.04	7.59	1.239	270
33.440	22.46	29.41	-0.01	7.63	1.239	270
33.472	22.51	29.46	-0.04	7.59	1.239	270
33.504	22.67	29.62	-0.03	7.60	1.239	270
33.536	22.39	29.34	-0.03	7.60	1.239	270
33.568	22.69	29.64	-0.03	7.60	1.239	270
33.600	22.04	28.99	0.03	7.67	1.239	270
33.632	22.04	28.99	-0.02	7.61	1.239	270
33.664	22.14	29.09	-0.01	7.62	1.239	270
33.696	22.16	29.12	-0.01	7.62	1.239	270
33.728	22.29	29.24	-0.02	7.61	1.239	270
33.760	22.06	29.01	0.01	7.64	1.239	270
33.792	22.18	29.13	-0.02	7.61	1.239	270
33.824	22.32	29.28	-0.01	7.62	1.239	270
33.856	22.30	29.25	0.00	7.63	1.239	270
33.888	21.75	28.70	-0.02	7.61	1.239	270
33.920	22.25	29.20	0.01	7.64	1.239	270
33.952	22.16	29.11	-0.02	7.61	1.239	270
33.984	22.51	29.46	-0.01	7.62	1.239	270
34.016	22.16	29.12	-0.01	7.62	1.239	270
34.048	22.11	29.07	-0.02	7.61	1.239	270
34.080	22.21	29.16	0.01	7.64	1.239	270
34.112	21.90	28.85	-0.02	7.61	1.239	270
34.144	22.08	29.03	-0.01	7.63	1.239	270
34.176	22.07	29.02	-0.01	7.62	1.239	270
34.208	22.23	29.18	-0.02	7.61	1.239	270
34.240	22.10	29.05	0.00	7.64	1.239	270
34.272	21.96	28.91	-0.02	7.61	1.239	270
34.304	22.15	29.10	0.01	7.64	1.239	270
34.336	22.15	29.10	-0.01	7.62	1.239	270
34.368	22.30	29.25	-0.02	7.61	1.239	270
34.400	22.25	29.20	0.02	7.65	1.239	270
34.432	22.19	29.14	-0.03	7.60	1.239	270
34.464	22.22	29.17	0.02	7.65	1.234	269
34.496	21.17	28.12	0.04	7.67	1.234	269
34.528	21.50	28.45	0.02	7.65	1.234	269
34.560	21.09	28.04	0.08	7.71	1.234	269
34.592	21.48	28.43	-0.00	7.63	1.234	269
34.624	21.84	28.79	-0.00	7.63	1.234	269
34.656	22.44	29.39	-0.03	7.60	1.234	269
34.688	22.18	29.13	-0.03	7.60	1.234	269
34.720	22.57	29.52	-0.01	7.63	1.234	269
34.752	22.30	29.25	-0.04	7.59	1.234	269
34.784	22.22	29.17	0.00	7.63	1.234	269
34.816	22.27	29.22	-0.01	7.62	1.234	269
34.848	22.25	29.20	-0.02	7.61	1.234	269
34.880	22.24	29.19	0.02	7.65	1.234	269
34.912	22.08	29.03	-0.02	7.61	1.234	269
34.944	22.21	29.17	-0.00	7.63	1.234	269
34.976	22.28	29.23	-0.01	7.62	1.234	269
35.008	22.06	29.01	-0.02	7.62	1.234	269
35.040	22.18	29.13	0.03	7.66	1.234	269
35.072	21.86	28.81	-0.01	7.62	1.234	269
35.104	21.72	28.67	0.01	7.64	1.234	269
35.136	21.92	28.87	-0.00	7.63	1.234	269
35.168	21.95	28.90	-0.01	7.63	1.234	269
35.200	21.76	28.72	0.04	7.67	1.234	269
35.232	21.81	28.77	-0.01	7.62	1.234	269
35.264	22.10	29.05	0.00	7.63	1.234	269
35.296	22.24	29.19	-0.01	7.62	1.234	269
35.328	22.03	28.98	-0.01	7.62	1.234	269
35.360	22.19	29.14	0.01	7.64	1.234	269
35.392	22.11	29.06	-0.03	7.60	1.239	270
35.424	22.45	29.40	0.01	7.64	1.239	270
35.456	21.89	28.84	-0.02	7.61	1.239	270
35.488	22.42	29.37	-0.02	7.61	1.239	270
35.520	22.43	29.38	0.02	7.65	1.239	270
35.552	21.55	28.50	0.01	7.64	1.239	270
35.584	21.77	28.72	0.00	7.64	1.239	270
35.616	22.17	29.12	-0.02	7.62	1.239	270
35.648	21.88	28.83	-0.01	7.62	1.239	270
35.680	21.80	28.75	0.03	7.66	1.239	270
35.712	21.65	28.60	-0.01	7.62	1.239	270
35.744	21.67	28.63	0.03	7.66	1.239	270
35.776	21.72	28.67	0.04	7.67	1.239	270
35.808	21.24	28.19	0.03	7.67	1.239	270
35.840	21.60	28.55	0.04	7.67	1.239	270
35.872	21.77	28.72	0.00	7.63	1.239	270
35.904	21.87	28.82	0.01	7.64	1.239	270
35.936	22.14	29.09	-0.02	7.61	1.239	270
35.968	22.46	29.41	-0.01	7.62	1.239	270
36.000	21.54	28.49	0.05	7.68	1.239	270
36.032	22.06	29.02	-0.01	7.62	1.239	270
36.064	21.49	28.44	0.02	7.65	1.239	270
36.096	21.98	28.93	-0.02	7.62	1.239	270
36.128	21.79	28.74	0.01	7.64	1.239	270
36.160	21.76	28.71	0.02	7.65	1.239	270
36.192	21.75	28.70	-0.02	7.61	1.239	270
36.224	21.64	28.59	0.01	7.64	1.239	270
36.256	21.92	28.87	0.00	7.63	1.239	270
36.288	22.02	28.97	0.00	7.63	1.239	270
36.320	22.13	29.08	0.02	7.65	1.239	270
36.352	21.94	28.89	0.00	7.63	1.239	270
36.384	21.60	28.55	0.04	7.67	1.239	270
36.416	21.65	28.60	0.02	7.65	1.239	270
36.448	21.15	28.10	0.08	7.71	1.239	270
36.480	20.86	27.81	0.05	7.68	1.239	270
36.512	21.58	28.53	0.02	7.65	1.239	270
36.544	21.26	28.22	0.06	7.69	1.239	270
36.576	20.87	27.82	0.02	7.65	1.239	270
36.608	21.28	28.23	0.03	7.66	1.239	270
36.640	21.95	28.90	0.05	7.69	1.239	270
36.672	20.91	27.86	0.01	7.64	1.239	270
36.704	22.11	29.06	0.00	7.63	1.239	270
36.736	22.14	29.09	-0.01	7.62	1.239	270
36.768	21.84	28.79	0.04	7.67	1.239	270
36.800	21.08	28.03	0.07	7.70	1.239	270
36.832	21.29	28.24	0.03	7.66	1.239	270
36.864	22.19	29.14	0.00	7.63	1.239	270
36.896	22.55	29.50	-0.04	7.59	1.239	270
36.928	22.40	29.35	-0.02	7.61	1.239	270
36.960	22.52	29.47	-0.01	7.63	1.239	270
36.992	22.29	29.24	-0.02	7.61	1.239	270
37.024	22.27	29.22	0.00	7.63	1.239	270
37.056	22.39	29.34	-0.03	7.60	1.239	270
37.088	22.39	29.34	0.00	7.64	1.239	270
37.120	21.80	28.75	0.02	7.65	1.239	270
37.152	22.19	29.14	-0.03	7.60	1.239	270
37.184	22.25	29.20	0.00	7.63	1.239	270
37.216	22.08	29.03	-0.00	7.63	1.239	270
37.248	21.44	28.39	0.04	7.67	1.239	270
37.280	21.82	28.77	0.02	7.65	1.239	270
37.312	21.60	28.55	0.04	7.67	1.239	270
37.344	21.09	28.04	0.03	7.66	1.239	270
37.376	21.74	28.69	0.03	7.67	1.239	270
37.408	20.53	27.48	0.06	7.69	1.239	270
37.440	21.42	28.38	0.04	7.67	1.239	270
37.472	22.04	28.99	-0.02	7.61	1.239	270
37.504	22.16	29.11	-0.00	7.63	1.239	270
37.536	22.21	29.16	-0.04	7.59	1.239	270
37.568	22.04	28.99	0.00	7.63	1.239	270
37.600	22.06	29.01	0.01	7.64	1.239	270
37.632	21.66	28.61	0.00	7.64	1.239	270
37.664	21.65	28.60	0.04	7.67	1.239	270
37.696	21.78	28.73	-0.03	7.60	1.239	270
37.728	22.38	29.33	0.00	7.64	1.239	270
37.760	21.17	28.13	0.07	7.70	1.239	270
37.792	21.35	28.30	0.01	7.64	1.239	270
37.824	21.48	28.43	0.03	7.66	1.239	270
37.856	21.87	28.82	0.01	7.64	1.239	270
37.888	21.33	28.28	0.08	7.71	1.239	270
37.920	20.94	27.89	0.06	7.69	1.239	270
37.952	21.68	28.63	0.01	7.64	1.239	270
37.984	21.42	28.38	0.05	7.69	1.239	270
38.016	20.67	27.62	0.03	7.66	1.239	270
38.048	21.34	28.29	0.04	7.67	1.239	270
38.080	21.13	28.08	0.07	7.70	1.239	270
38.112	21.02	27.97	0.04	7.67	1.239	270
38.144	21.45	28.40	0.03	7.67	1.239	270
38.176	21.10	28.05	-0.00	7.63	1.239	270
38.208	21.90	28.85	0.03	7.67	1.243	271
38.240	21.71	28.66	0.02	7.65	1.243	271
38.272	21.19	28.14	0.05	7.69	1.243	271
38.304	21.48	28.43	0.03	7.66	1.243	271
38.336	21.32	28.27	-0.01	7.62	1.243	271
38.368	21.58	28.53	0.04	7.67	1.243	271
38.400	22.03	28.98	0.02	7.65	1.243	271
38.432	21.05	28.00	0.05	7.68	1.243	271
38.464	20.68	27.63	0.07	7.70	1.243	271
38.496	21.40	28.35	-0.01	7.62	1.243	271
38.528	22.13	29.08	0.02	7.65	1.243	271
38.560	21.89	28.84	-0.01	7.63	1.243	271
38.592	22.02	28.97	-0.00	7.63	1.243	271
38.624	21.87	28.82	-0.00	7.63	1.243	271
38.656	22.02	28.97	-0.02	7.61	1.239	270
38.688	22.27	29.22	0.02	7.65	1.239	270
38.720	22.29	29.24	-0.01	7.63	1.239	270
38.752	21.83	28.78	0.02	7.65	1.239	270
38.784	21.44	28.39	0.02	7.65	1.239	270
38.816	22.20	29.15	-0.03	7.60	1.239	270
38.848	22.18	29.13	0.01	7.64	1.239	270
38.880	21.65	28.60	0.06	7.69	1.239	270
38.912	21.00	27.95	0.04	7.67	1.239	270
38.944	21.16	28.11	0.03	7.66	1.239	270
38.976	21.96	28.91	-0.02	7.62	1.239	270
39.008	21.96	28.91	0.04	7.68	1.239	270
39.040	21.45	28.40	0.00	7.64	1.239	270
39.072	21.87	28.82	-0.00	7.63	1.239	270
39.104	22.00	28.95	-0.01	7.62	1.239	270
39.136	22.41	29.36	-0.03	7.60	1.239	270
39.168	22.30	29.25	0.01	7.64	1.239	270
39.200	22.39	29.34	-0.01	7.62	1.239	270
39.232	22.33	29.28	-0.02	7.62	1.239	270
39.264	22.14	29.09	0.02	7.65	1.239	270
39.296	22.12	29.08	-0.02	7.61	1.239	270
39.328	22.17	29.12	0.03	7.66	1.239	270
39.360	21.55	28.50	0.02	7.65	1.239	270
39.392	21.84	28.79	0.01	7.64	1.239	270
39.424	21.93	28.88	0.00	7.63	1.239	270
39.456	21.83	28.78	-0.02	7.61	1.239	270
39.488	22.08	29.03	0.02	7.65	1.239	270
39.520	21.74	28.69	-0.01	7.62	1.239	270
39.552	22.41	29.36	-0.01	7.62	1.239	270
39.584	22.03	28.98	-0.00	7.63	1.239	270
39.616	22.30	29.25	-0.02	7.61	1.239	270
39.648	22.26	29.21	0.02	7.65	1.239	270
39.680	21.60	28.55	0.03	7.66	1.239	270
39.712	21.40	28.35	0.06	7.69	1.239	270
39.744	20.95	27.90	0.03	7.67	1.239	270
39.776	21.61	28.56	0.00	7.63	1.239	270
39.808	21.78	28.73	0.03	7.67	1.239	270
39.840	21.74	28.69	0.01	7.64	1.239	270
39.872	21.69	28.64	0.02	7.65	1.239	270
39.904	21.71	28.66	0.03	7.66	1.239	270
39.936	21.34	28.29	0.00	7.63	1.239	270
39.968	21.72	28.67	0.05	7.68	1.239	270
40.000	21.48	28.43	0.01	7.64	1.239	270
40.032	21.74	28.69	0.01	7.64	1.239	270
40.064	21.46	28.41	0.01	7.64	1.243	271
40.096	21.78	28.73	-0.00	7.63	1.243	271
40.128	21.36	28.31	0.05	7.68	1.243	271
40.160	21.79	28.74	-0.02	7.61	1.243	271
40.192	22.20	29.15	0.01	7.64	1.243	271
40.224	21.60	28.55	0.02	7.65	1.243	271
40.256	21.97	28.92	0.00	7.64	1.243	271
40.288	21.97	28.92	0.02	7.65	1.243	271
40.320	22.05	29.00	0.00	7.63	1.243	271
40.352	21.71	28.66	0.02	7.65	1.243	271
40.384	21.51	28.46	0.04	7.67	1.243	271
40.416	21.19	28.14	0.04	7.67	1.243	271
40.448	21.13	28.08	0.06	7.69	1.243	271
40.480	21.60	28.55	-0.01	7.62	1.243	271
40.512	21.81	28.77	0.01	7.64	1.243	271
40.544	21.46	28.41	0.01	7.64	1.234	269
40.576	21.59	28.54	0.02	7.65	1.234	269
40.608	21.59	28.54	0.04	7.68	1.234	269
40.640	21.64	28.59	0.00	7.63	1.234	269
40.672	21.78	28.73	0.02	7.65	1.234	269
40.704	21.59	28.54	-0.01	7.62	1.234	269
40.736	22.20	29.15	-0.01	7.62	1.234	269
40.768	22.11	29.06	0.01	7.64	1.234	269
40.800	22.05	29.00	-0.02	7.62	1.234	269
40.832	21.83	28.78	0.03	7.66	1.234	269
40.864	20.60	27.55	0.05	7.68	1.234	269
40.896	20.98	27.93	0.04	7.67	1.234	269
40.928	21.39	28.34	0.03	7.66	1.234	269
40.960	22.05	29.00	-0.03	7.60	1.234	269
40.992	22.12	29.07	-0.01	7.62	1.239	270
41.024	22.24	29.19	-0.03	7.60	1.239	270
41.056	22.53	29.48	-0.02	7.61	1.239	270
41.088	22.54	29.49	-0.00	7.63	1.239	270
41.120	22.64	29.59	-0.04	7.59	1.239	270
41.152	22.44	29.39	-0.02	7.61	1.239	270
41.184	22.46	29.41	-0.03	7.60	1.239	270
41.216	22.33	29.28	-0.02	7.61	1.239	270
41.248	22.50	29.45	0.00	7.63	1.239	270
41.280	22.27	29.22	-0.04	7.59	1.239	270
41.312	22.48	29.43	-0.02	7.61	1.239	270
41.344	22.30	29.25	-0.04	7.59	1.239	270
41.376	22.43	29.38	-0.01	7.63	1.239	270
41.408	21.58	28.53	0.03	7.66	1.239	270
41.440	22.24	29.19	-0.03	7.60	1.239	270
41.472	22.11	29.06	-0.01	7.62	1.234	269
41.504	22.14	29.09	-0.03	7.60	1.234	269
41.536	22.01	28.96	-0.02	7.62	1.234	269
41.568	22.36	29.32	0.00	7.63	1.234	269
41.600	22.32	29.28	-0.03	7.60	1.234	269
41.632	22.29	29.24	-0.01	7.62	1.234	269
41.664	22.12	29.07	-0.03	7.60	1.234	269
41.696	22.37	29.33	-0.00	7.63	1.234	269
41.728	21.85	28.80	0.03	7.66	1.234	269
41.760	21.73	28.68	-0.00	7.63	1.234	269
41.792	21.61	28.57	0.02	7.65	1.234	269
41.824	21.56	28.51	0.01	7.64	1.234	269
41.856	21.48	28.43	0.02	7.65	1.234	269
41.888	21.57	28.52	0.03	7.66	1.234	269
41.920	21.64	28.59	-0.01	7.62	1.234	269
41.952	21.51	28.46	0.03	7.66	1.239	270
41.984	21.59	28.54	-0.01	7.62	1.239	270
42.016	21.40	28.35	0.03	7.66	1.239	270
42.048	21.22	28.18	0.06	7.69	1.239	270
42.080	21.24	28.19	0.00	7.64	1.239	270
42.112	21.82	28.78	0.01	7.64	1.239	270
42.144	21.79	28.74	-0.01	7.62	1.239	270
42.176	21.81	28.76	0.02	7.65	1.239	270
42.208	21.91	28.86	0.02	7.65	1.239	270
42.240	21.75	28.70	-0.01	7.62	1.239	270
42.272	21.96	28.92	0.03	7.66	1.239	270
42.304	21.38	28.33	0.00	7.64	1.239	270
42.336	21.25	28.20	0.05	7.69	1.239	270
42.368	21.18	28.13	0.04	7.67	1.239	270
42.400	21.52	28.48	-0.00	7.63	1.239	270
42.432	21.58	28.53	0.01	7.64	1.239	270
42.464	21.58	28.53	-0.01	7.62	1.239	270
42.496	21.45	28.40	0.02	7.65	1.239	270
42.528	21.73	28.68	0.03	7.66	1.239	270
42.560	21.52	28.47	0.02	7.65	1.239	270
42.592	21.57	28.52	0.04	7.67	1.239	270
42.624	21.24	28.19	0.01	7.64	1.239	270
42.656	21.19	28.14	0.05	7.68	1.239	270
42.688	21.11	28.07	0.04	7.68	1.239	270
42.720	21.11	28.06	0.02	7.65	1.239	270
42.752	21.32	28.28	0.03	7.66	1.239	270
42.784	21.27	28.22	0.01	7.64	1.239	270
42.816	21.05	28.00	0.04	7.67	1.239	270
42.848	21.63	28.58	0.00	7.64	1.239	270
42.880	21.77	28.72	-0.01	7.62	1.234	269
42.912	22.08	29.03	0.00	7.63	1.234	269
42.944	21.92	28.87	-0.02	7.61	1.234	269
42.976	21.71	28.66	0.02	7.65	1.234	269
43.008	21.80	28.75	0.01	7.64	1.234	269
43.040	21.89	28.84	0.00	7.63	1.234	269
43.072	21.62	28.57	0.02	7.65	1.234	269
43.104	21.74	28.69	-0.00	7.63	1.234	269
43.136	21.35	28.30	0.03	7.66	1.234	269
43.168	21.76	28.71	0.00	7.63	1.234	269
43.200	21.87	28.82	-0.01	7.62	1.234	269
43.232	22.12	29.07	-0.01	7.62	1.234	269
43.264	22.24	29.19	-0.03	7.60	1.234	269
43.296	22.14	29.09	-0.00	7.63	1.234	269
43.328	22.22	29.17	-0.02	7.61	1.234	269
43.360	22.23	29.18	-0.03	7.60	1.234	269
43.392	22.18	29.13	-0.01	7.62	1.234	269
43.424	22.11	29.06	-0.04	7.59	1.234	269
43.456	22.08	29.03	0.01	7.64	1.234	269
43.488	21.97	28.92	0.00	7.63	1.234	269
43.520	21.92	28.87	0.01	7.64	1.234	269
43.552	21.73	28.68	0.01	7.64	1.234	269
43.584	21.95	28.90	-0.01	7.62	1.234	269
43.616	21.44	28.39	0.04	7.67	1.234	269
43.648	21.54	28.49	0.02	7.65	1.234	269
43.680	21.79	28.74	-0.01	7.63	1.234	269
43.712	21.83	28.78	0.00	7.63	1.234	269
43.744	22.08	29.03	-0.02	7.61	1.234	269
43.776	22.15	29.10	0.00	7.64	1.234	269
43.808	21.94	28.89	-0.02	7.62	1.239	270
43.840	22.01	28.96	-0.01	7.62	1.239	270
43.872	21.70	28.65	0.00	7.63	1.239	270
43.904	21.88	28.83	-0.02	7.61	1.239	270
43.936	21.73	28.68	0.02	7.65	1.239	270
43.968	21.82	28.77	0.00	7.63	1.239	270
44.000	22.12	29.07	-0.01	7.62	1.239	270
44.032	22.16	29.12	-0.00	7.63	1.239	270
44.064	21.99	28.94	-0.03	7.60	1.239	270
44.096	22.10	29.05	0.00	7.64	1.239	270
44.128	22.08	29.03	-0.01	7.62	1.239	270
44.160	22.15	29.10	-0.01	7.62	1.239	270
44.192	22.13	29.08	-0.02	7.62	1.239	270
44.224	22.45	29.40	-0.04	7.59	1.239	270
44.256	22.19	29.14	-0.01	7.63	1.239	270
44.288	22.24	29.19	-0.03	7.60	1.234	269
44.320	22.24	29.19	-0.02	7.61	1.234	269
44.352	22.30	29.25	-0.02	7.61	1.234	269
44.384	22.31	29.26	-0.04	7.59	1.234	269
44.416	22.20	29.15	-0.01	7.62	1.234	269
44.448	22.47	29.42	-0.04	7.59	1.234	269
44.480	22.46	29.41	-0.03	7.60	1.234	269
44.512	22.38	29.33	-0.02	7.61	1.234	269
44.544	22.43	29.38	-0.04	7.59	1.234	269
44.576	22.29	29.24	-0.01	7.62	1.234	269
44.608	22.42	29.37	-0.04	7.59	1.234	269
44.640	22.53	29.48	-0.03	7.60	1.234	269
44.672	22.32	29.27	-0.02	7.62	1.234	269
44.704	22.14	29.09	-0.04	7.59	1.234	269
44.736	22.63	29.58	-0.01	7.62	1.234	269
44.768	22.36	29.32	-0.04	7.59	1.234	269
44.800	22.51	29.46	-0.03	7.60	1.234	269
44.832	22.27	29.22	-0.02	7.61	1.234	269
44.864	22.30	29.25	-0.04	7.59	1.234	269
44.896	22.21	29.16	-0.01	7.62	1.234	269
44.928	22.19	29.14	-0.03	7.60	1.234	269
44.960	22.33	29.28	-0.03	7.60	1.234	269
44.992	22.53	29.48	-0.02	7.61	1.234	269
45.024	22.36	29.31	-0.04	7.59	1.234	269
45.056	22.39	29.34	-0.01	7.63	1.234	269
45.088	22.30	29.25	-0.03	7.60	1.234	269
45.120	22.41	29.36	-0.02	7.61	1.234	269
45.152	22.27	29.22	-0.02	7.61	1.234	269
45.184	22.21	29.16	-0.03	7.60	1.234	269
45.216	22.10	29.05	0.00	7.63	1.234	269
45.248	22.01	28.96	-0.03	7.60	1.234	269
45.280	21.93	28.88	-0.02	7.61	1.234	269
45.312	22.24	29.19	-0.02	7.61	1.234	269
45.344	21.97	28.92	-0.03	7.60	1.234	269
45.376	22.12	29.07	0.00	7.63	1.234	269
45.408	21.88	28.83	-0.03	7.60	1.234	269
45.440	21.91	28.87	-0.02	7.61	1.234	269
45.472	22.26	29.21	-0.02	7.61	1.234	269
45.504	22.26	29.21	-0.03	7.60	1.234	269
45.536	22.11	29.06	0.00	7.63	1.234	269
45.568	22.22	29.17	-0.03	7.60	1.234	269
45.600	22.24	29.19	-0.02	7.61	1.234	269
45.632	22.05	29.00	-0.02	7.61	1.234	269
45.664	22.26	29.21	-0.03	7.60	1.234	269
45.696	22.15	29.10	0.01	7.64	1.234	269
45.728	22.01	28.97	-0.03	7.60	1.234	269
45.760	22.17	29.13	-0.02	7.61	1.234	269
45.792	22.11	29.06	-0.02	7.61	1.234	269
45.824	22.27	29.22	-0.04	7.59	1.234	269
45.856	22.18	29.13	-0.00	7.63	1.234	269
45.888	21.99	28.94	-0.02	7.61	1.234	269
45.920	22.27	29.22	-0.01	7.62	1.234	269
45.952	21.93	28.88	-0.01	7.62	1.234	269
45.984	22.09	29.04	-0.02	7.61	1.234	269
46.016	22.01	28.96	0.01	7.64	1.234	269
46.048	22.02	28.97	-0.02	7.62	1.234	269
46.080	22.09	29.04	-0.01	7.62	1.234	269
46.112	22.05	29.00	-0.01	7.63	1.234	269
46.144	22.26	29.21	-0.02	7.61	1.234	269
46.176	22.07	29.02	0.01	7.64	1.234	269
46.208	21.81	28.76	-0.01	7.62	1.234	269
46.240	21.81	28.76	-0.00	7.63	1.234	269
46.272	21.91	28.86	-0.01	7.63	1.234	269
46.304	21.92	28.88	-0.02	7.61	1.234	269
46.336	22.00	28.95	0.01	7.64	1.234	269
46.368	21.94	28.89	-0.03	7.60	1.234	269
46.400	22.17	29.12	-0.02	7.62	1.234	269
46.432	22.33	29.28	-0.01	7.62	1.234	269
46.464	22.05	29.00	-0.02	7.61	1.234	269
46.496	22.15	29.10	0.01	7.64	1.234	269
46.528	22.12	29.07	-0.02	7.61	1.234	269
46.560	22.24	29.19	-0.02	7.61	1.234	269
46.592	22.16	29.11	-0.02	7.61	1.234	269
46.624	22.25	29.20	-0.03	7.60	1.234	269
46.656	22.15	29.10	0.00	7.63	1.234	269
46.688	22.10	29.05	-0.03	7.60	1.234	269
46.720	22.15	29.10	-0.02	7.61	1.234	269
46.752	22.03	28.98	-0.01	7.62	1.234	269
46.784	22.01	28.96	-0.02	7.61	1.234	269
46.816	22.06	29.01	0.02	7.65	1.234	269
46.848	21.87	28.82	-0.02	7.62	1.234	269
46.880	22.02	28.97	0.00	7.63	1.234	269
46.912	21.82	28.77	-0.01	7.62	1.234	269
46.944	22.04	28.99	-0.02	7.61	1.234	269
46.976	21.93	28.88	0.02	7.65	1.234	269
47.008	21.87	28.82	-0.02	7.62	1.234	269
47.040	21.94	28.89	0.01	7.64	1.234	269
47.072	21.43	28.38	0.03	7.66	1.234	269
47.104	20.91	27.87	0.04	7.67	1.229	268
47.136	21.24	28.19	0.05	7.68	1.229	268
47.168	21.45	28.40	0.01	7.64	1.229	268
47.200	21.42	28.37	0.02	7.65	1.229	268
47.232	21.60	28.55	0.01	7.64	1.229	268
47.264	21.73	28.68	-0.01	7.62	1.229	268
47.296	21.76	28.71	0.02	7.65	1.229	268
47.328	21.89	28.84	-0.02	7.61	1.229	268
47.360	21.83	28.78	-0.01	7.62	1.229	268
47.392	22.13	29.08	-0.01	7.62	1.229	268
47.424	21.90	28.85	-0.01	7.62	1.229	268
47.456	21.91	28.86	0.01	7.64	1.229	268
47.488	21.95	28.90	-0.02	7.61	1.229	268
47.520	22.04	28.99	-0.01	7.62	1.229	268
47.552	22.14	29.09	-0.02	7.61	1.234	269
47.584	22.04	28.99	-0.02	7.61	1.234	269
47.616	22.14	29.09	0.00	7.64	1.234	269
47.648	22.00	28.95	-0.04	7.59	1.234	269
47.680	22.19	29.14	-0.01	7.62	1.234	269
47.712	22.09	29.04	-0.01	7.62	1.234	269
47.744	22.02	28.98	-0.02	7.61	1.234	269
47.776	22.13	29.08	0.00	7.63	1.234	269
47.808	22.09	29.04	-0.03	7.60	1.234	269
47.840	22.13	29.08	-0.02	7.62	1.234	269
47.872	22.21	29.16	-0.02	7.61	1.234	269
47.904	22.42	29.37	-0.03	7.60	1.234	269
47.936	22.15	29.10	-0.00	7.63	1.234	269
47.968	22.31	29.26	-0.04	7.59	1.234	269
48.000	22.22	29.17	-0.02	7.62	1.234	269
48.032	22.23	29.18	-0.02	7.61	1.234	269
48.064	22.05	29.00	-0.02	7.61	1.234	269
48.096	22.17	29.12	0.01	7.64	1.234	269
48.128	22.35	29.30	-0.03	7.60	1.234	269
48.160	22.08	29.03	-0.01	7.62	1.234	269
48.192	22.14	29.09	-0.02	7.61	1.234	269
48.224	22.31	29.26	-0.02	7.61	1.234	269
48.256	22.19	29.14	0.00	7.63	1.234	269
48.288	22.22	29.17	-0.03	7.60	1.234	269
48.320	22.08	29.03	-0.01	7.62	1.234	269
48.352	22.26	29.21	-0.02	7.61	1.234	269
48.384	21.96	28.91	-0.01	7.62	1.234	269
48.416	22.24	29.19	0.01	7.64	1.234	269
48.448	21.91	28.86	-0.04	7.59	1.234	269
48.480	22.16	29.12	-0.01	7.62	1.234	269
48.512	22.23	29.18	-0.03	7.60	1.234	269
48.544	22.17	29.12	-0.02	7.62	1.234	269
48.576	22.29	29.24	0.00	7.63	1.234	269
48.608	22.26	29.21	-0.03	7.60	1.234	269
48.640	22.13	29.08	-0.01	7.63	1.234	269
48.672	22.14	29.09	-0.02	7.61	1.234	269
48.704	21.93	28.88	-0.01	7.62	1.234	269
48.736	21.76	28.71	0.02	7.65	1.234	269
48.768	21.73	28.68	-0.01	7.62	1.234	269
48.800	21.24	28.19	0.03	7.66	1.234	269
48.832	21.22	28.18	0.01	7.64	1.234	269
48.864	21.53	28.48	0.02	7.65	1.234	269
48.896	21.54	28.49	0.03	7.66	1.234	269
48.928	21.79	28.74	-0.01	7.62	1.234	269
48.960	21.79	28.74	0.01	7.64	1.234	269
48.992	21.94	28.89	-0.01	7.62	1.234	269
49.024	21.91	28.86	0.00	7.63	1.234	269
49.056	22.00	28.95	0.02	7.65	1.234	269
49.088	21.79	28.74	-0.01	7.62	1.234	269
49.120	21.64	28.59	0.01	7.64	1.234	269
49.152	21.56	28.51	-0.01	7.62	1.234	269
49.184	21.77	28.72	0.01	7.64	1.234	269
49.216	21.62	28.57	0.02	7.65	1.234	269
49.248	21.88	28.83	-0.02	7.61	1.234	269
49.280	21.79	28.74	-0.00	7.63	1.234	269
49.312	21.88	28.83	-0.02	7.61	1.234	269
49.344	21.98	28.93	-0.01	7.62	1.234	269
49.376	22.03	28.98	0.00	7.63	1.234	269
49.408	22.09	29.04	-0.03	7.60	1.234	269
49.440	22.29	29.24	-0.01	7.62	1.234	269
49.472	22.26	29.21	-0.03	7.60	1.234	269
49.504	22.13	29.08	-0.01	7.62	1.234	269
49.536	22.04	28.99	0.00	7.63	1.234	269
49.568	21.97	28.92	-0.03	7.60	1.234	269
49.600	22.22	29.17	-0.01	7.62	1.234	269
49.632	22.07	29.02	-0.04	7.59	1.234	269
49.664	22.02	28.97	-0.01	7.62	1.234	269
49.696	22.20	29.15	-0.01	7.62	1.234	269
49.728	22.24	29.19	-0.03	7.60	1.234	269
49.760	22.15	29.10	-0.01	7.62	1.234	269
49.792	22.16	29.11	-0.03	7.60	1.234	269
49.824	22.20	29.15	-0.01	7.62	1.234	269
49.856	22.32	29.27	-0.01	7.62	1.234	269
49.888	22.19	29.14	-0.03	7.60	1.234	269
49.920	22.09	29.04	-0.01	7.62	1.234	269
49.952	22.26	29.21	-0.04	7.59	1.234	269
49.984	22.25	29.20	-0.01	7.62	1.234	269
50.016	22.21	29.16	-0.01	7.62	1.234	269
50.048	22.21	29.16	-0.02	7.61	1.234	269
50.080	22.11	29.06	-0.01	7.63	1.234	269
50.112	22.06	29.01	-0.03	7.60	1.234	269
50.144	21.98	28.93	0.01	7.64	1.234	269
50.176	21.73	28.68	0.02	7.65	1.234	269
50.208	21.65	28.60	0.00	7.64	1.234	269
50.240	21.27	28.22	0.02	7.65	1.234	269
50.272	21.19	28.14	0.01	7.64	1.234	269
50.304	21.38	28.33	0.05	7.68	1.234	269
50.336	21.09	28.04	0.05	7.68	1.234	269
50.368	21.05	28.00	0.03	7.66	1.234	269
50.400	21.10	28.05	0.04	7.67	1.234	269
50.432	20.97	27.92	0.01	7.64	1.234	269
50.464	21.46	28.41	0.04	7.67	1.234	269
50.496	21.33	28.28	0.02	7.65	1.234	269
50.528	21.32	28.27	0.01	7.64	1.234	269
50.560	21.31	28.27	0.02	7.65	1.234	269
50.592	21.04	27.99	0.01	7.64	1.234	269
50.624	21.06	28.01	0.05	7.68	1.234	269
50.656	20.99	27.94	0.04	7.67	1.234	269
50.688	20.89	27.84	0.03	7.66	1.234	269
50.720	21.23	28.18	0.02	7.65	1.234	269
50.752	21.24	28.19	-0.00	7.63	1.234	269
50.784	21.52	28.48	0.04	7.67	1.234	269
50.816	21.48	28.43	0.02	7.65	1.234	269
50.848	21.35	28.30	0.02	7.65	1.220	266
50.880	21.24	28.19	0.03	7.67	1.220	266
50.912	21.16	28.12	0.02	7.65	1.220	266
50.944	21.40	28.35	0.03	7.66	1.220	266
50.976	21.53	28.48	-0.00	7.63	1.220	266
51.008	21.72	28.67	-0.01	7.63	1.220	266
51.040	21.84	28.79	-0.00	7.63	1.220	266
51.072	21.82	28.77	-0.02	7.61	1.220	266
51.104	21.92	28.87	0.01	7.64	1.220	266
51.136	21.85	28.80	-0.02	7.61	1.220	266
51.168	21.96	28.91	-0.01	7.62	1.220	266
51.200	21.74	28.69	-0.00	7.63	1.220	266
51.232	21.69	28.64	-0.02	7.61	1.220	266
51.264	21.86	28.81	0.02	7.65	1.220	266
51.296	21.82	28.77	-0.01	7.62	1.225	267
51.328	21.73	28.68	-0.00	7.63	1.225	267
51.360	21.75	28.70	0.00	7.63	1.225	267
51.392	21.79	28.74	-0.02	7.62	1.225	267
51.424	21.81	28.77	0.02	7.65	1.225	267
51.456	21.64	28.59	-0.01	7.62	1.225	267
51.488	21.83	28.78	-0.00	7.63	1.225	267
51.520	21.79	28.74	0.00	7.63	1.225	267
51.552	21.65	28.60	-0.01	7.62	1.225	267
51.584	21.75	28.70	0.02	7.65	1.225	267
51.616	21.63	28.58	-0.02	7.62	1.225	267
51.648	21.73	28.68	0.00	7.63	1.225	267
51.680	21.57	28.53	0.00	7.64	1.225	267
51.712	21.60	28.55	-0.01	7.62	1.225	267
51.744	21.74	28.69	0.02	7.65	1.225	267
51.776	21.94	28.89	-0.01	7.62	1.229	268
51.808	21.75	28.70	0.00	7.64	1.229	268
51.840	21.82	28.77	0.00	7.63	1.229	268
51.872	21.65	28.60	-0.01	7.63	1.229	268
51.904	21.78	28.73	0.03	7.66	1.229	268
51.936	21.91	28.87	-0.01	7.62	1.229	268
51.968	21.60	28.55	0.01	7.64	1.229	268
52.000	21.60	28.55	0.00	7.63	1.229	268
52.032	21.64	28.59	0.00	7.63	1.229	268
52.064	21.52	28.47	0.03	7.66	1.229	268
52.096	21.62	28.57	-0.01	7.62	1.229	268
52.128	21.39	28.34	0.01	7.64	1.229	268
52.160	21.76	28.71	0.00	7.63	1.229	268
52.192	21.67	28.62	-0.00	7.63	1.229	268
52.224	21.71	28.66	0.03	7.66	1.229	268
52.256	21.82	28.77	-0.01	7.62	1.229	268
52.288	21.75	28.70	0.02	7.65	1.229	268
52.320	21.56	28.51	0.01	7.64	1.229	268
52.352	21.58	28.53	0.02	7.65	1.229	268
52.384	21.47	28.43	0.04	7.67	1.229	268
52.416	21.62	28.57	0.01	7.64	1.229	268
52.448	21.40	28.35	0.03	7.66	1.229	268
52.480	21.40	28.35	0.02	7.65	1.229	268
52.512	21.43	28.38	0.02	7.65	1.229	268
52.544	21.41	28.36	0.04	7.67	1.229	268
52.576	21.30	28.25	0.00	7.63	1.229	268
52.608	21.37	28.32	0.02	7.65	1.229	268
52.640	21.73	28.68	-0.00	7.63	1.229	268
52.672	21.79	28.74	0.00	7.63	1.229	268
52.704	21.80	28.75	0.03	7.66	1.239	270
52.736	21.72	28.67	-0.01	7.63	1.239	270
52.768	21.65	28.60	0.02	7.65	1.239	270
52.800	21.48	28.43	0.00	7.63	1.239	270
52.832	21.71	28.66	0.01	7.64	1.239	270
52.864	21.46	28.41	0.04	7.68	1.239	270
52.896	21.43	28.38	0.01	7.64	1.239	270
52.928	21.44	28.39	0.03	7.67	1.239	270
52.960	21.35	28.30	0.03	7.66	1.239	270
52.992	20.23	27.18	0.07	7.70	1.239	270
53.024	20.55	27.50	0.08	7.71	1.239	270
53.056	20.67	27.62	0.04	7.67	1.239	270
53.088	20.76	27.72	0.05	7.68	1.239	270
53.120	20.81	27.76	0.03	7.66	1.239	270
53.152	20.76	27.71	0.04	7.67	1.239	270
53.184	21.05	28.00	0.06	7.69	1.234	269
53.216	21.19	28.14	0.03	7.66	1.234	269
53.248	21.05	28.00	0.05	7.68	1.234	269
53.280	21.04	27.99	0.04	7.67	1.234	269
53.312	20.78	27.73	0.06	7.69	1.234	269
53.344	20.67	27.63	0.07	7.70	1.234	269
53.376	20.98	27.93	0.04	7.68	1.234	269
53.408	20.62	27.57	0.07	7.70	1.234	269
53.440	20.88	27.83	0.04	7.67	1.234	269
53.472	20.80	27.75	0.05	7.68	1.234	269
53.504	20.85	27.80	0.07	7.70	1.234	269
53.536	20.74	27.69	0.03	7.66	1.234	269
53.568	20.88	27.83	0.05	7.68	1.234	269
53.600	20.95	27.90	0.03	7.66	1.234	269
53.632	21.07	28.02	0.04	7.68	1.234	269
53.664	20.85	27.80	0.05	7.68	1.234	269
53.696	21.03	27.98	0.02	7.65	1.234	269
53.728	21.22	28.17	0.04	7.67	1.234	269
53.760	21.22	28.17	0.02	7.65	1.234	269
53.792	21.19	28.14	0.04	7.67	1.234	269
53.824	21.20	28.15	0.05	7.68	1.234	269
53.856	21.21	28.16	0.02	7.65	1.234	269
53.888	21.19	28.14	0.03	7.66	1.234	269
53.920	21.36	28.32	0.00	7.63	1.234	269
53.952	21.50	28.45	0.02	7.65	1.234	269
53.984	21.37	28.33	0.03	7.66	1.234	269
54.016	21.51	28.47	0.00	7.63	1.234	269
54.048	21.50	28.45	0.02	7.65	1.234	269
54.080	21.56	28.51	-0.00	7.63	1.234	269
54.112	21.52	28.47	0.02	7.65	1.234	269
54.144	21.36	28.31	0.02	7.65	1.234	269
54.176	21.51	28.47	0.00	7.63	1.234	269
54.208	21.53	28.48	0.02	7.65	1.234	269
54.240	21.30	28.25	-0.00	7.63	1.234	269
54.272	21.37	28.32	0.03	7.66	1.234	269
54.304	21.49	28.44	0.04	7.67	1.234	269
54.336	21.46	28.42	0.01	7.64	1.234	269
54.368	21.49	28.44	0.03	7.66	1.234	269
54.400	21.55	28.50	-0.00	7.63	1.234	269
54.432	21.47	28.42	0.03	7.66	1.234	269
54.464	21.29	28.24	0.03	7.66	1.234	269
54.496	21.43	28.38	0.01	7.64	1.234	269
54.528	21.29	28.24	0.02	7.65	1.234	269
54.560	21.34	28.29	-0.00	7.63	1.234	269
54.592	21.46	28.41	0.03	7.66	1.229	268
54.624	21.26	28.21	0.03	7.66	1.229	268
54.656	21.45	28.40	0.01	7.64	1.229	268
54.688	21.65	28.60	0.02	7.65	1.229	268
54.720	21.40	28.35	-0.00	7.63	1.229	268
54.752	21.49	28.44	0.03	7.66	1.229	268
54.784	21.42	28.38	0.03	7.66	1.229	268
54.816	21.53	28.48	0.01	7.64	1.229	268
54.848	21.42	28.38	0.02	7.65	1.229	268
54.880	21.34	28.29	-0.00	7.63	1.229	268
54.912	21.50	28.45	0.03	7.66	1.229	268
54.944	21.29	28.24	0.03	7.66	1.229	268
54.976	21.49	28.44	0.02	7.65	1.229	268
55.008	21.36	28.31	0.02	7.65	1.229	268
55.040	21.44	28.39	-0.00	7.63	1.234	269
55.072	21.36	28.31	0.03	7.66	1.234	269
55.104	21.40	28.35	0.03	7.66	1.234	269
55.136	21.41	28.36	0.02	7.65	1.234	269
55.168	21.38	28.33	0.03	7.66	1.234	269
55.200	21.41	28.36	0.00	7.64	1.234	269
55.232	21.18	28.13	0.03	7.67	1.234	269
55.264	21.33	28.28	0.03	7.66	1.234	269
55.296	21.39	28.34	0.02	7.65	1.234	269
55.328	21.38	28.33	0.03	7.66	1.234	269
55.360	21.34	28.29	0.00	7.64	1.234	269
55.392	21.30	28.25	0.04	7.67	1.234	269
55.424	21.27	28.22	0.03	7.66	1.234	269
55.456	21.22	28.17	0.03	7.66	1.234	269
55.488	21.04	27.99	0.03	7.67	1.234	269
55.520	21.25	28.20	0.01	7.64	1.234	269
55.552	21.03	27.98	0.05	7.68	1.234	269
55.584	20.93	27.88	0.03	7.67	1.234	269
55.616	21.01	27.96	0.03	7.67	1.234	269
55.648	21.09	28.04	0.04	7.67	1.234	269
55.680	21.05	28.00	0.02	7.65	1.234	269
55.712	20.99	27.94	0.06	7.69	1.234	269
55.744	20.91	27.86	0.04	7.67	1.234	269
55.776	21.02	27.97	0.04	7.67	1.234	269
55.808	21.16	28.12	0.04	7.67	1.234	269
55.840	20.95	27.90	0.03	7.66	1.234	269
55.872	21.07	28.02	0.06	7.69	1.234	269
55.904	20.87	27.82	0.04	7.67	1.234	269
55.936	20.85	27.80	0.04	7.67	1.234	269
55.968	21.01	27.97	0.04	7.67	1.234	269
56.000	20.98	27.93	0.02	7.65	1.234	269
56.032	21.02	27.97	0.05	7.69	1.234	269
56.064	21.14	28.09	0.03	7.66	1.234	269
56.096	21.12	28.07	0.03	7.66	1.234	269
56.128	21.13	28.08	0.04	7.67	1.234	269
56.160	21.20	28.15	0.02	7.65	1.234	269
56.192	21.15	28.10	0.05	7.68	1.234	269
56.224	21.11	28.06	0.03	7.66	1.234	269
56.256	21.19	28.14	0.03	7.66	1.234	269
56.288	21.26	28.21	0.04	7.67	1.234	269
56.320	21.21	28.16	0.01	7.64	1.234	269
56.352	21.24	28.19	0.05	7.68	1.234	269
56.384	21.21	28.16	0.03	7.66	1.234	269
56.416	21.00	27.95	0.03	7.66	1.234	269
56.448	21.13	28.08	0.03	7.66	1.234	269
56.480	21.32	28.27	0.02	7.65	1.234	269
56.512	21.16	28.11	0.05	7.68	1.234	269
56.544	21.18	28.13	0.02	7.65	1.234	269
56.576	20.95	27.90	0.03	7.67	1.234	269
56.608	21.26	28.21	0.03	7.66	1.234	269
56.640	21.06	28.01	0.02	7.65	1.234	269
56.672	21.23	28.18	0.05	7.69	1.234	269
56.704	21.02	27.97	0.02	7.65	1.234	269
56.736	21.18	28.13	0.03	7.66	1.234	269
56.768	21.20	28.15	0.03	7.67	1.234	269
56.800	20.99	27.94	0.02	7.65	1.234	269
56.832	21.11	28.06	0.06	7.69	1.234	269
56.864	21.13	28.08	0.03	7.66	1.234	269
56.896	21.19	28.14	0.04	7.67	1.234	269
56.928	21.15	28.10	0.04	7.67	1.234	269
56.960	21.11	28.07	0.02	7.65	1.234	269
56.992	21.33	28.28	0.04	7.67	1.234	269
57.024	21.51	28.47	0.00	7.63	1.234	269
57.056	21.33	28.28	0.02	7.65	1.234	269
57.088	21.45	28.40	0.02	7.65	1.234	269
57.120	21.69	28.64	-0.00	7.63	1.234	269
57.152	21.56	28.51	0.03	7.67	1.234	269
57.184	21.50	28.45	0.00	7.63	1.234	269
57.216	21.51	28.46	0.02	7.65	1.234	269
57.248	21.73	28.68	0.02	7.65	1.234	269
57.280	21.54	28.49	0.00	7.64	1.234	269
57.312	21.59	28.54	0.04	7.67	1.234	269
57.344	21.62	28.58	0.00	7.63	1.234	269
57.376	21.42	28.37	0.02	7.65	1.234	269
57.408	21.34	28.29	0.02	7.65	1.234	269
57.440	21.31	28.27	0.01	7.64	1.234	269
57.472	21.48	28.43	0.04	7.68	1.234	269
57.504	21.31	28.26	0.00	7.64	1.234	269
57.536	21.32	28.27	0.02	7.65	1.234	269
57.568	21.33	28.28	0.03	7.66	1.234	269
57.600	21.43	28.38	0.01	7.64	1.234	269
57.632	21.34	28.29	0.04	7.68	1.234	269
57.664	21.35	28.30	0.01	7.64	1.234	269
57.696	21.20	28.15	0.03	7.66	1.234	269
57.728	21.17	28.12	0.02	7.65	1.234	269
57.760	21.59	28.54	0.02	7.65	1.234	269
57.792	21.37	28.32	0.05	7.68	1.234	269
57.824	21.49	28.44	0.01	7.64	1.234	269
57.856	21.31	28.26	0.02	7.65	1.234	269
57.888	21.35	28.30	0.02	7.65	1.234	269
57.920	21.40	28.35	0.01	7.64	1.234	269
57.952	21.13	28.08	0.05	7.68	1.234	269
57.984	21.29	28.24	0.01	7.64	1.234	269
58.016	17.91	24.86	0.02	7.65	1.234	269
58.048	-4.55	2.40	0.01	7.64	1.234	269
58.080	-7.66	-0.71	0.01	7.64	1.234	269
58.112	0.11	7.06	0.04	7.67	1.234	269
58.144	7.58	14.53	-0.01	7.63	1.234	269
58.176	3.01	9.97	0.02	7.65	1.234	269
58.208	-1.25	5.70	0.00	7.63	1.234	269
58.240	-0.94	6.01	-0.00	7.63	1.234	269
58.272	2.50	9.45	0.02	7.65	1.234	269
58.304	3.26	10.21	-0.02	7.61	1.234	269
58.336	0.81	7.76	-0.00	7.63	0.537	117
58.368	0.02	6.97	-0.01	7.62	0.537	117
58.400	1.36	8.31	-0.01	7.62	0.537	117
58.432	2.10	9.05	0.01	7.64	0.537	117
58.464	1.52	8.47	-0.03	7.60	0.537	117
58.496	0.87	7.82	-0.01	7.63	0.537	117
58.528	1.05	8.00	-0.02	7.62	0.537	117
58.560	1.56	8.51	-0.02	7.62	0.537	117
58.592	1.58	8.53	0.01	7.64	0.537	117
58.624	1.19	8.14	-0.03	7.60	0.537	117
58.656	1.16	8.11	-0.02	7.62	0.537	117
58.688	1.37	8.32	-0.02	7.61	0.537	117
58.720	1.49	8.44	-0.02	7.61	0.537	117
58.752	1.33	8.28	0.00	7.63	0.537	117
58.784	1.26	8.21	-0.03	7.60	0.000	0
58.816	1.35	8.30	-0.01	7.62	0.000	0
58.848	1.41	8.36	-0.03	7.60	0.000	0
58.880	1.39	8.34	-0.02	7.61	0.000	0
58.912	1.31	8.26	0.00	7.63	0.000	0
58.944	1.35	8.30	-0.04	7.59	0.000	0
58.976	1.37	8.33	-0.02	7.61	0.000	0
59.008	1.40	8.35	-0.03	7.60	0.000	0
59.040	1.34	8.29	-0.03	7.60	0.000	0
59.072	1.37	8.33	-0.01	7.62	0.000	0
59.104	1.37	8.32	-0.04	7.59	0.000	0
59.136	1.39	8.34	-0.02	7.61	0.000	0
59.168	1.38	8.33	-0.03	7.60	0.000	0
59.200	1.37	8.32	-0.03	7.60	0.000	0
59.232	1.39	8.34	-0.01	7.62	0.000	0
59.264	1.39	8.34	-0.04	7.59	0.000	0
59.296	1.41	8.36	-0.02	7.61	0.000	0
59.328	1.38	8.33	-0.04	7.59	0.000	0
59.360	1.40	8.35	-0.03	7.60	0.000	0
59.392	1.39	8.34	-0.01	7.62	0.000	0
59.424	1.39	8.34	-0.05	7.59	0.000	0
59.456	1.35	8.30	-0.02	7.61	0.000	0
59.488	1.35	8.30	-0.04	7.59	0.000	0
59.520	1.35	8.30	-0.03	7.60	0.000	0
59.552	1.34	8.29	-0.01	7.62	0.000	0
59.584	1.35	8.30	-0.05	7.58	0.000	0
