Tempo(s)    P0(KPa) P0+Coluna(KPa)  P1(KPa) P1+Coluna(KPa)  Vazao(L/min)    Pulsos
0.000	-0.19	7.14	-0.01	7.84	0.000	0
0.032	-0.27	7.06	-0.01	7.84	0.000	0
0.064	-0.22	7.12	-0.00	7.85	0.000	0
0.096	0.02	7.35	-0.02	7.83	0.000	0
0.128	0.05	7.38	-0.05	7.80	0.000	0
0.160	0.12	7.45	-0.03	7.82	0.000	0
0.192	0.06	7.39	-0.02	7.83	0.000	0
0.224	-0.07	7.27	-0.01	7.83	0.000	0
0.256	-0.07	7.26	0.02	7.87	0.000	0
0.288	-0.11	7.22	-0.00	7.85	0.000	0
0.320	-0.08	7.25	-0.03	7.82	0.000	0
0.352	0.12	7.45	-0.01	7.84	0.000	0
0.384	-0.19	7.14	0.03	7.88	0.000	0
0.416	-0.00	7.33	0.03	7.88	0.000	0
0.448	-0.21	7.12	0.04	7.89	0.000	0
0.480	-0.42	6.91	0.02	7.87	0.000	0
0.512	-0.14	7.20	0.06	7.90	0.000	0
0.544	-0.37	6.96	0.01	7.86	0.000	0
0.576	-0.06	7.28	0.03	7.88	0.000	0
0.608	-0.29	7.04	0.03	7.88	0.000	0
0.640	-0.38	6.95	0.02	7.87	0.000	0
0.672	-0.42	6.91	-0.02	7.83	0.000	0
0.704	-0.10	7.24	-0.05	7.80	0.000	0
0.736	-0.21	7.12	0.01	7.86	0.000	0
0.768	-0.49	6.84	0.03	7.88	0.000	0
0.800	-0.63	6.70	-0.00	7.85	0.000	0
0.832	-0.49	6.84	-0.01	7.83	0.000	0
0.864	-0.66	6.68	-0.04	7.81	0.000	0
0.896	-0.64	6.69	0.03	7.88	0.000	0
0.928	-0.71	6.63	-0.00	7.85	0.000	0
0.960	-0.68	6.65	-0.01	7.83	0.000	0
0.992	-0.72	6.61	-0.01	7.84	0.000	0
1.024	-0.73	6.60	-0.03	7.82	0.000	0
1.056	-0.64	6.69	0.00	7.85	0.000	0
1.088	-0.63	6.70	-0.01	7.84	0.000	0
1.120	-0.70	6.63	-0.00	7.85	0.000	0
1.152	-0.78	6.55	0.00	7.85	0.000	0
1.184	-0.76	6.57	-0.03	7.82	0.000	0
1.216	-0.63	6.70	0.00	7.85	0.000	0
1.248	-0.53	6.81	-0.02	7.83	0.000	0
1.280	-0.56	6.77	-0.03	7.82	0.000	0
1.312	-0.50	6.83	-0.02	7.83	0.000	0
1.344	-0.60	6.73	-0.04	7.81	0.000	0
1.376	-0.68	6.66	0.03	7.88	0.000	0
1.408	-0.74	6.60	-0.03	7.82	0.000	0
1.440	-0.66	6.67	-0.03	7.82	0.000	0
1.472	-0.73	6.60	-0.02	7.83	0.000	0
1.504	-0.72	6.61	-0.05	7.80	0.000	0
1.536	-0.64	6.69	-0.03	7.82	0.000	0
1.568	-0.58	6.75	-0.04	7.80	0.000	0
1.600	-0.61	6.73	-0.05	7.79	0.000	0
1.632	-0.61	6.72	-0.04	7.81	0.000	0
1.664	-0.64	6.69	-0.05	7.80	0.000	0
1.696	-0.68	6.65	-0.03	7.82	0.000	0
1.728	-0.38	6.95	-0.03	7.82	0.000	0
1.760	-0.33	7.01	-0.04	7.81	0.000	0
1.792	-0.25	7.08	-0.01	7.84	0.000	0
1.824	-0.43	6.91	-0.01	7.84	0.000	0
1.856	-0.37	6.97	0.04	7.88	0.000	0
1.888	-0.44	6.90	0.01	7.86	0.000	0
1.920	-0.29	7.04	-0.03	7.82	0.000	0
1.952	-0.15	7.18	-0.03	7.82	0.000	0
1.984	-0.16	7.17	-0.04	7.80	0.000	0
2.016	0.47	7.80	-0.00	7.85	0.000	0
2.048	21.31	28.64	-0.03	7.82	0.000	0
2.080	21.78	29.11	-0.07	7.78	0.000	0
2.112	20.53	27.86	-0.05	7.80	0.133	29
2.144	21.15	28.48	-0.07	7.78	0.133	29
2.176	22.05	29.39	-0.06	7.79	0.133	29
2.208	21.68	29.01	-0.04	7.80	0.133	29
2.240	21.44	28.77	-0.04	7.81	0.133	29
2.272	21.13	28.47	-0.06	7.79	0.133	29
2.304	21.69	29.02	-0.08	7.77	0.133	29
2.336	22.08	29.41	-0.06	7.79	0.133	29
2.368	22.10	29.43	-0.05	7.80	0.133	29
2.400	21.52	28.85	-0.04	7.81	0.133	29
2.432	21.37	28.71	-0.01	7.84	0.133	29
2.464	21.96	29.30	-0.06	7.79	0.133	29
2.496	21.67	29.01	-0.04	7.81	0.133	29
2.528	21.50	28.83	-0.02	7.83	0.133	29
2.560	21.43	28.76	-0.04	7.80	0.133	29
2.592	21.39	28.73	-0.03	7.82	1.239	270
2.624	20.81	28.14	-0.02	7.83	1.239	270
2.656	20.53	27.86	-0.03	7.82	1.239	270
2.688	21.34	28.68	-0.03	7.82	1.239	270
2.720	20.68	28.01	-0.05	7.80	1.239	270
2.752	20.89	28.23	-0.04	7.81	1.239	270
2.784	20.91	28.25	-0.05	7.80	1.239	270
2.816	20.54	27.87	-0.03	7.82	1.239	270
2.848	21.07	28.40	-0.01	7.84	1.239	270
2.880	21.15	28.48	-0.04	7.81	1.239	270
2.912	20.88	28.22	-0.04	7.81	1.239	270
2.944	20.60	27.94	-0.02	7.83	1.239	270
2.976	21.32	28.65	-0.03	7.82	1.239	270
3.008	21.09	28.42	-0.02	7.83	1.239	270
3.040	21.59	28.92	-0.05	7.80	1.248	272
3.072	21.17	28.51	-0.03	7.82	1.248	272
3.104	21.47	28.81	-0.07	7.78	1.248	272
3.136	22.09	29.43	-0.06	7.79	1.248	272
3.168	22.14	29.48	-0.04	7.81	1.248	272
3.200	22.09	29.43	-0.07	7.78	1.248	272
3.232	21.87	29.21	-0.04	7.81	1.248	272
3.264	22.02	29.36	-0.08	7.77	1.248	272
3.296	22.19	29.52	-0.06	7.78	1.248	272
3.328	22.10	29.43	-0.05	7.80	1.248	272
3.360	22.53	29.87	-0.09	7.76	1.248	272
3.392	21.96	29.29	-0.06	7.79	1.248	272
3.424	22.19	29.52	-0.08	7.77	1.248	272
3.456	22.15	29.49	-0.06	7.78	1.248	272
3.488	21.55	28.88	-0.04	7.80	1.248	272
3.520	21.71	29.04	-0.07	7.78	1.252	273
3.552	21.36	28.69	-0.05	7.80	1.252	273
3.584	21.13	28.46	-0.06	7.79	1.252	273
3.616	21.67	29.00	-0.05	7.80	1.252	273
3.648	21.82	29.15	-0.04	7.81	1.252	273
3.680	21.97	29.30	-0.07	7.78	1.252	273
3.712	21.91	29.24	-0.04	7.81	1.252	273
3.744	21.17	28.50	-0.03	7.82	1.252	273
3.776	21.33	28.67	-0.02	7.83	1.252	273
3.808	21.24	28.57	0.00	7.85	1.252	273
3.840	21.00	28.33	-0.02	7.83	1.252	273
3.872	20.79	28.13	-0.03	7.82	1.252	273
3.904	21.76	29.09	-0.03	7.82	1.252	273
3.936	21.48	28.81	0.00	7.85	1.252	273
3.968	21.91	29.24	-0.01	7.84	1.252	273
4.000	20.90	28.23	-0.02	7.83	1.252	273
4.032	21.08	28.41	-0.00	7.85	1.252	273
4.064	21.44	28.78	-0.03	7.82	1.252	273
4.096	21.00	28.34	-0.00	7.84	1.252	273
4.128	21.72	29.05	0.03	7.88	1.252	273
4.160	20.99	28.32	-0.02	7.83	1.252	273
4.192	20.86	28.19	0.02	7.87	1.252	273
4.224	21.34	28.68	-0.02	7.83	1.252	273
4.256	20.88	28.22	-0.03	7.82	1.252	273
4.288	21.87	29.21	-0.03	7.82	1.252	273
4.320	22.24	29.57	-0.06	7.78	1.252	273
4.352	21.52	28.85	0.01	7.86	1.252	273
4.384	20.72	28.05	-0.02	7.83	1.252	273
4.416	21.42	28.75	-0.04	7.81	1.252	273
4.448	21.66	29.00	-0.01	7.84	1.257	274
4.480	21.49	28.82	-0.03	7.82	1.257	274
4.512	21.17	28.51	-0.03	7.82	1.257	274
4.544	21.74	29.07	-0.03	7.82	1.257	274
4.576	21.51	28.84	-0.00	7.85	1.257	274
4.608	21.79	29.13	0.02	7.87	1.257	274
4.640	21.83	29.17	-0.03	7.82	1.257	274
4.672	21.69	29.02	-0.01	7.84	1.257	274
4.704	21.97	29.30	-0.00	7.85	1.257	274
4.736	21.54	28.87	0.03	7.88	1.257	274
4.768	20.88	28.22	0.06	7.91	1.257	274
4.800	20.49	27.82	0.03	7.88	1.257	274
4.832	21.17	28.50	0.02	7.87	1.257	274
4.864	22.01	29.35	-0.00	7.85	1.257	274
4.896	21.24	28.58	-0.01	7.84	1.257	274
4.928	20.94	28.27	0.04	7.89	1.252	273
4.960	21.37	28.70	-0.03	7.82	1.252	273
4.992	22.04	29.38	-0.03	7.82	1.252	273
5.024	21.61	28.95	0.00	7.85	1.252	273
5.056	21.09	28.43	-0.01	7.84	1.252	273
5.088	20.97	28.30	0.04	7.89	1.252	273
5.120	20.74	28.08	-0.01	7.83	1.252	273
5.152	20.87	28.21	-0.01	7.84	1.252	273
5.184	21.03	28.36	-0.03	7.82	1.252	273
5.216	21.49	28.82	-0.02	7.83	1.252	273
5.248	21.20	28.54	0.02	7.87	1.252	273
5.280	20.73	28.06	0.02	7.87	1.252	273
5.312	21.21	28.55	0.01	7.85	1.252	273
5.344	21.17	28.50	0.01	7.86	1.252	273
5.376	21.29	28.62	-0.02	7.83	1.248	272
5.408	21.57	28.90	0.01	7.86	1.248	272
5.440	21.76	29.09	-0.03	7.82	1.248	272
5.472	21.94	29.27	-0.03	7.82	1.248	272
5.504	22.16	29.50	-0.02	7.83	1.248	272
5.536	22.15	29.49	-0.03	7.82	1.248	272
5.568	22.57	29.90	-0.01	7.83	1.248	272
5.600	22.27	29.60	-0.03	7.82	1.248	272
5.632	21.92	29.25	-0.01	7.84	1.248	272
5.664	21.73	29.07	0.00	7.85	1.248	272
5.696	21.76	29.09	-0.01	7.84	1.248	272
5.728	21.25	28.58	0.01	7.86	1.248	272
5.760	21.93	29.27	-0.04	7.81	1.248	272
5.792	22.18	29.51	-0.03	7.82	1.248	272
5.824	22.06	29.40	-0.03	7.82	1.248	272
5.856	21.64	28.97	-0.04	7.81	1.234	269
5.888	21.52	28.85	-0.01	7.84	1.234	269
5.920	21.59	28.92	-0.02	7.83	1.234	269
5.952	21.57	28.90	0.02	7.87	1.234	269
5.984	20.44	27.77	0.04	7.89	1.234	269
6.016	20.78	28.12	0.02	7.87	1.234	269
6.048	21.39	28.72	0.03	7.88	1.234	269
6.080	21.46	28.79	0.00	7.85	1.234	269
6.112	21.88	29.21	0.00	7.85	1.234	269
6.144	21.67	29.00	0.06	7.91	1.234	269
6.176	20.96	28.29	0.02	7.87	1.234	269
6.208	21.70	29.03	0.03	7.88	1.234	269
6.240	21.79	29.12	-0.01	7.84	1.234	269
6.272	22.41	29.74	-0.02	7.83	1.234	269
6.304	22.18	29.51	-0.01	7.84	1.234	269
6.336	22.11	29.44	-0.01	7.84	1.243	271
6.368	21.70	29.03	0.02	7.87	1.243	271
6.400	21.95	29.29	-0.00	7.85	1.243	271
6.432	22.33	29.67	-0.00	7.85	1.243	271
6.464	22.24	29.57	-0.01	7.84	1.243	271
6.496	21.87	29.20	-0.04	7.81	1.243	271
6.528	22.21	29.54	-0.01	7.84	1.243	271
6.560	22.25	29.58	-0.03	7.82	1.243	271
6.592	22.12	29.45	-0.04	7.81	1.243	271
6.624	22.47	29.80	-0.02	7.83	1.243	271
6.656	21.79	29.12	-0.03	7.82	1.243	271
6.688	21.43	28.77	0.01	7.86	1.243	271
6.720	21.71	29.04	-0.02	7.83	1.243	271
6.752	21.65	28.98	-0.03	7.82	1.243	271
6.784	21.82	29.15	-0.02	7.83	1.248	272
6.816	21.78	29.12	-0.03	7.82	1.248	272
6.848	21.81	29.14	-0.01	7.84	1.248	272
6.880	21.83	29.17	-0.01	7.83	1.248	272
6.912	21.82	29.15	-0.02	7.83	1.248	272
6.944	21.79	29.12	-0.05	7.80	1.248	272
6.976	21.94	29.28	-0.05	7.80	1.248	272
7.008	21.53	28.87	-0.01	7.84	1.248	272
7.040	21.49	28.82	-0.04	7.81	1.248	272
7.072	21.99	29.33	-0.07	7.78	1.248	272
7.104	22.48	29.81	-0.05	7.80	1.248	272
7.136	22.70	30.03	-0.10	7.75	1.248	272
7.168	22.80	30.13	-0.07	7.78	1.248	272
7.200	22.42	29.75	-0.07	7.78	1.248	272
7.232	22.26	29.59	-0.09	7.76	1.248	272
7.264	22.36	29.69	-0.06	7.79	1.248	272
7.296	22.19	29.52	-0.07	7.78	1.248	272
7.328	21.77	29.10	-0.03	7.82	1.248	272
7.360	21.28	28.61	0.01	7.86	1.248	272
7.392	21.47	28.80	-0.05	7.79	1.248	272
7.424	21.94	29.28	-0.03	7.82	1.248	272
7.456	21.54	28.87	-0.06	7.79	1.248	272
7.488	21.32	28.65	0.00	7.85	1.248	272
7.520	21.54	28.88	-0.03	7.82	1.248	272
7.552	21.42	28.75	-0.07	7.78	1.248	272
7.584	21.34	28.67	-0.05	7.80	1.248	272
7.616	21.40	28.73	-0.08	7.77	1.248	272
7.648	21.98	29.31	-0.09	7.76	1.248	272
7.680	22.56	29.89	-0.08	7.77	1.248	272
7.712	22.16	29.49	-0.10	7.74	1.248	272
7.744	22.13	29.46	-0.08	7.77	1.243	271
7.776	22.31	29.64	-0.09	7.76	1.243	271
7.808	22.38	29.72	-0.05	7.80	1.243	271
7.840	21.53	28.86	0.02	7.87	1.243	271
7.872	20.57	27.90	-0.01	7.84	1.243	271
7.904	22.13	29.46	-0.03	7.82	1.243	271
7.936	21.23	28.56	-0.08	7.77	1.243	271
7.968	22.50	29.83	-0.08	7.77	1.243	271
8.000	22.26	29.59	-0.06	7.79	1.243	271
8.032	22.24	29.57	-0.07	7.78	1.243	271
8.064	21.96	29.29	-0.04	7.81	1.243	271
8.096	21.25	28.58	-0.06	7.79	1.243	271
8.128	21.23	28.57	-0.05	7.80	1.243	271
8.160	21.73	29.07	-0.05	7.80	1.243	271
8.192	21.68	29.01	-0.07	7.78	1.257	274
8.224	21.24	28.57	-0.04	7.81	1.257	274
8.256	20.87	28.20	-0.08	7.77	1.257	274
8.288	21.31	28.64	-0.06	7.78	1.257	274
8.320	22.07	29.40	-0.06	7.79	1.257	274
8.352	21.81	29.14	-0.08	7.77	1.257	274
8.384	21.71	29.04	-0.08	7.77	1.257	274
8.416	22.23	29.56	-0.10	7.75	1.257	274
8.448	22.10	29.44	-0.09	7.76	1.257	274
8.480	22.23	29.56	-0.08	7.77	1.257	274
8.512	22.49	29.82	-0.10	7.74	1.257	274
8.544	22.27	29.60	-0.08	7.77	1.257	274
8.576	22.42	29.75	-0.10	7.75	1.257	274
8.608	22.45	29.78	-0.10	7.75	1.257	274
8.640	22.80	30.14	-0.08	7.77	1.257	274
8.672	22.72	30.05	-0.12	7.73	1.252	273
8.704	22.84	30.17	-0.09	7.76	1.252	273
8.736	22.83	30.17	-0.10	7.74	1.252	273
8.768	22.56	29.89	-0.10	7.74	1.252	273
8.800	22.80	30.14	-0.08	7.77	1.252	273
8.832	22.78	30.11	-0.12	7.73	1.252	273
8.864	22.56	29.90	-0.10	7.75	1.252	273
8.896	22.36	29.70	-0.11	7.74	1.252	273
8.928	22.62	29.95	-0.10	7.75	1.252	273
8.960	22.42	29.75	-0.08	7.77	1.252	273
8.992	22.35	29.68	-0.12	7.73	1.252	273
9.024	22.69	30.02	-0.10	7.75	1.252	273
9.056	21.82	29.15	-0.11	7.74	1.252	273
9.088	22.16	29.49	-0.11	7.74	1.252	273
9.120	22.08	29.42	-0.08	7.77	1.257	274
9.152	22.37	29.70	-0.11	7.73	1.257	274
9.184	22.12	29.45	-0.10	7.75	1.257	274
9.216	22.29	29.62	-0.10	7.74	1.257	274
9.248	22.27	29.60	-0.11	7.74	1.257	274
9.280	22.68	30.02	-0.09	7.76	1.257	274
9.312	22.87	30.20	-0.12	7.73	1.257	274
9.344	22.74	30.07	-0.10	7.75	1.257	274
9.376	23.04	30.37	-0.11	7.74	1.257	274
9.408	23.09	30.42	-0.10	7.75	1.257	274
9.440	22.98	30.31	-0.09	7.76	1.257	274
9.472	22.78	30.11	-0.12	7.73	1.257	274
9.504	23.22	30.55	-0.10	7.75	1.257	274
9.536	23.36	30.69	-0.11	7.74	1.257	274
9.568	23.09	30.42	-0.11	7.74	1.257	274
9.600	22.74	30.07	-0.09	7.76	1.257	274
9.632	22.72	30.05	-0.11	7.73	1.257	274
9.664	22.38	29.72	-0.10	7.75	1.257	274
9.696	22.53	29.86	-0.10	7.74	1.257	274
9.728	22.50	29.84	-0.10	7.75	1.257	274
9.760	22.40	29.73	-0.08	7.77	1.257	274
9.792	21.98	29.32	-0.11	7.74	1.257	274
9.824	21.92	29.25	-0.09	7.76	1.257	274
9.856	22.37	29.70	-0.10	7.74	1.257	274
9.888	22.13	29.46	-0.10	7.75	1.257	274
9.920	22.48	29.82	-0.08	7.77	1.257	274
9.952	22.30	29.63	-0.11	7.74	1.257	274
9.984	22.44	29.77	-0.10	7.75	1.257	274
10.016	22.41	29.74	-0.11	7.74	1.257	274
10.048	22.46	29.79	-0.10	7.74	1.257	274
10.080	22.48	29.82	-0.09	7.76	1.257	274
10.112	22.93	30.27	-0.12	7.73	1.257	274
10.144	22.85	30.18	-0.09	7.76	1.257	274
10.176	22.79	30.12	-0.10	7.75	1.257	274
10.208	23.11	30.44	-0.10	7.75	1.257	274
10.240	23.00	30.33	-0.08	7.77	1.257	274
10.272	22.77	30.10	-0.12	7.73	1.257	274
10.304	22.97	30.31	-0.09	7.76	1.257	274
10.336	23.00	30.33	-0.10	7.75	1.257	274
10.368	22.03	29.37	-0.08	7.77	1.257	274
10.400	22.48	29.82	-0.06	7.79	1.257	274
10.432	22.11	29.45	-0.09	7.76	1.257	274
10.464	21.89	29.22	-0.06	7.79	1.257	274
10.496	22.05	29.38	-0.08	7.77	1.257	274
10.528	21.53	28.86	-0.07	7.78	1.257	274
10.560	21.79	29.13	-0.06	7.79	1.257	274
10.592	21.57	28.90	-0.09	7.76	1.257	274
10.624	21.61	28.94	-0.07	7.78	1.257	274
10.656	21.79	29.12	-0.09	7.75	1.257	274
10.688	22.11	29.44	-0.09	7.76	1.257	274
10.720	22.56	29.89	-0.07	7.78	1.257	274
10.752	22.49	29.82	-0.10	7.75	1.257	274
10.784	22.22	29.55	-0.08	7.77	1.257	274
10.816	22.40	29.74	-0.10	7.75	1.257	274
10.848	22.77	30.11	-0.09	7.76	1.257	274
10.880	22.78	30.11	-0.07	7.78	1.257	274
10.912	22.99	30.33	-0.10	7.74	1.257	274
10.944	22.92	30.25	-0.08	7.77	1.257	274
10.976	22.72	30.05	-0.10	7.75	1.257	274
11.008	22.84	30.18	-0.09	7.76	1.257	274
11.040	22.74	30.07	-0.07	7.78	1.257	274
11.072	22.90	30.23	-0.10	7.75	1.257	274
11.104	22.98	30.31	-0.08	7.77	1.257	274
11.136	22.67	30.00	-0.10	7.75	1.257	274
11.168	22.63	29.96	-0.08	7.77	1.257	274
11.200	22.64	29.97	-0.06	7.79	1.257	274
11.232	22.54	29.88	-0.09	7.76	1.257	274
11.264	22.18	29.51	-0.08	7.77	1.257	274
11.296	22.18	29.52	-0.09	7.75	1.257	274
11.328	22.56	29.89	-0.08	7.77	1.257	274
11.360	22.23	29.57	-0.06	7.79	1.257	274
11.392	22.24	29.57	-0.08	7.77	1.257	274
11.424	21.80	29.13	-0.06	7.79	1.257	274
11.456	21.80	29.14	-0.08	7.77	1.257	274
11.488	22.06	29.39	-0.06	7.79	1.248	272
11.520	22.01	29.34	-0.05	7.80	1.248	272
11.552	21.81	29.14	-0.07	7.78	1.248	272
11.584	22.01	29.34	-0.05	7.80	1.248	272
11.616	22.13	29.46	-0.07	7.78	1.248	272
11.648	21.94	29.28	-0.04	7.80	1.248	272
11.680	22.29	29.62	-0.05	7.80	1.248	272
11.712	22.43	29.76	-0.07	7.78	1.248	272
11.744	22.36	29.70	-0.05	7.80	1.248	272
11.776	22.53	29.86	-0.08	7.77	1.248	272
11.808	22.81	30.14	-0.05	7.80	1.248	272
11.840	22.69	30.02	-0.05	7.80	1.248	272
11.872	22.20	29.54	-0.06	7.79	1.248	272
11.904	22.42	29.75	-0.05	7.80	1.248	272
11.936	22.09	29.43	-0.07	7.78	1.243	271
11.968	21.99	29.32	-0.04	7.81	1.243	271
12.000	21.55	28.88	-0.04	7.81	1.243	271
12.032	21.54	28.88	-0.05	7.80	1.243	271
12.064	21.64	28.97	-0.04	7.81	1.243	271
12.096	21.57	28.91	-0.05	7.79	1.243	271
12.128	21.70	29.03	-0.03	7.82	1.243	271
12.160	21.35	28.68	-0.03	7.82	1.243	271
12.192	21.64	28.97	-0.03	7.82	1.243	271
12.224	21.77	29.11	-0.02	7.83	1.243	271
12.256	21.48	28.82	-0.05	7.80	1.243	271
12.288	21.86	29.19	-0.03	7.82	1.243	271
12.320	22.05	29.38	-0.03	7.82	1.243	271
12.352	21.98	29.31	-0.04	7.81	1.243	271
12.384	22.37	29.70	-0.03	7.82	1.243	271
12.416	22.21	29.54	-0.05	7.80	1.252	273
12.448	22.37	29.70	-0.01	7.84	1.252	273
12.480	22.01	29.34	-0.02	7.83	1.252	273
12.512	22.11	29.44	-0.02	7.83	1.252	273
12.544	22.37	29.71	-0.02	7.83	1.252	273
12.576	22.36	29.70	-0.04	7.81	1.252	273
12.608	21.97	29.30	-0.01	7.84	1.252	273
12.640	22.44	29.78	-0.03	7.82	1.252	273
12.672	22.34	29.67	-0.04	7.80	1.252	273
12.704	22.03	29.37	-0.04	7.81	1.252	273
12.736	21.65	28.98	-0.06	7.79	1.252	273
12.768	21.82	29.15	-0.02	7.83	1.252	273
12.800	21.96	29.29	-0.03	7.82	1.252	273
12.832	21.64	28.98	-0.04	7.81	1.252	273
12.864	21.49	28.83	-0.03	7.82	1.252	273
12.896	21.69	29.03	-0.05	7.80	1.252	273
12.928	21.60	28.93	-0.01	7.84	1.252	273
12.960	21.23	28.57	-0.03	7.82	1.252	273
12.992	21.46	28.79	-0.02	7.83	1.252	273
13.024	22.09	29.42	-0.03	7.82	1.252	273
13.056	22.24	29.57	-0.04	7.80	1.252	273
13.088	21.99	29.32	-0.01	7.84	1.252	273
13.120	22.33	29.67	-0.02	7.83	1.252	273
13.152	22.08	29.42	-0.02	7.83	1.252	273
13.184	22.19	29.53	-0.03	7.82	1.252	273
13.216	22.29	29.63	-0.04	7.81	1.252	273
13.248	22.25	29.58	-0.00	7.84	1.252	273
13.280	22.14	29.48	-0.03	7.82	1.252	273
13.312	22.22	29.56	-0.03	7.82	1.252	273
13.344	22.32	29.66	-0.03	7.82	1.252	273
13.376	21.79	29.12	-0.04	7.81	1.252	273
13.408	22.11	29.44	-0.01	7.84	1.252	273
13.440	22.01	29.34	-0.04	7.81	1.252	273
13.472	21.73	29.06	-0.03	7.82	1.252	273
13.504	21.81	29.14	-0.03	7.82	1.252	273
13.536	21.70	29.03	-0.03	7.82	1.252	273
13.568	21.27	28.60	0.00	7.85	1.252	273
13.600	21.04	28.37	-0.03	7.82	1.252	273
13.632	21.15	28.48	-0.02	7.83	1.252	273
13.664	21.54	28.87	-0.03	7.82	1.252	273
13.696	22.25	29.59	-0.04	7.81	1.252	273
13.728	21.83	29.16	-0.01	7.84	1.252	273
13.760	21.81	29.14	-0.04	7.81	1.252	273
13.792	21.90	29.23	-0.03	7.82	1.252	273
13.824	21.84	29.17	-0.03	7.82	1.257	274
13.856	22.08	29.41	-0.04	7.81	1.257	274
13.888	22.44	29.77	-0.01	7.83	1.257	274
13.920	21.94	29.27	-0.04	7.81	1.257	274
13.952	22.33	29.66	-0.03	7.82	1.257	274
13.984	22.34	29.68	-0.04	7.81	1.257	274
14.016	22.60	29.93	-0.05	7.80	1.257	274
14.048	22.23	29.56	-0.01	7.83	1.257	274
14.080	22.21	29.54	-0.05	7.80	1.257	274
14.112	22.24	29.58	-0.03	7.82	1.257	274
14.144	21.71	29.04	-0.03	7.82	1.257	274
14.176	22.31	29.64	-0.04	7.81	1.257	274
14.208	22.38	29.72	-0.02	7.83	1.257	274
14.240	21.87	29.20	-0.05	7.80	1.257	274
14.272	21.98	29.31	-0.04	7.81	1.257	274
14.304	21.73	29.07	-0.05	7.80	1.257	274
14.336	21.63	28.96	-0.05	7.80	1.257	274
14.368	21.53	28.87	-0.02	7.83	1.257	274
14.400	21.56	28.89	-0.06	7.79	1.257	274
14.432	21.81	29.14	-0.03	7.82	1.257	274
14.464	21.86	29.19	-0.04	7.80	1.257	274
14.496	22.08	29.42	-0.05	7.80	1.257	274
14.528	22.09	29.42	-0.02	7.83	1.257	274
14.560	22.08	29.41	-0.06	7.79	1.257	274
14.592	22.21	29.54	-0.04	7.81	1.257	274
14.624	22.37	29.70	-0.05	7.80	1.257	274
14.656	22.46	29.79	-0.05	7.80	1.257	274
14.688	22.75	30.09	-0.03	7.82	1.257	274
14.720	22.36	29.69	-0.06	7.79	1.257	274
14.752	22.75	30.08	-0.04	7.80	1.261	275
14.784	22.56	29.89	-0.05	7.80	1.261	275
14.816	22.58	29.92	-0.04	7.81	1.261	275
14.848	21.91	29.24	-0.01	7.83	1.261	275
14.880	22.08	29.41	-0.04	7.81	1.261	275
14.912	22.01	29.34	-0.03	7.82	1.261	275
14.944	21.95	29.28	-0.04	7.81	1.261	275
14.976	22.10	29.43	-0.04	7.81	1.261	275
15.008	21.96	29.29	-0.02	7.83	1.261	275
15.040	21.94	29.28	-0.06	7.79	1.261	275
15.072	22.14	29.48	-0.04	7.81	1.261	275
15.104	22.02	29.35	-0.05	7.80	1.261	275
15.136	21.87	29.20	-0.05	7.80	1.261	275
15.168	21.86	29.19	-0.03	7.82	1.261	275
15.200	21.86	29.19	-0.06	7.79	1.261	275
15.232	21.83	29.17	-0.04	7.81	1.243	271
15.264	21.66	29.00	-0.06	7.79	1.243	271
15.296	22.19	29.53	-0.05	7.80	1.243	271
15.328	22.03	29.37	-0.03	7.82	1.243	271
15.360	22.80	30.13	-0.06	7.79	1.243	271
15.392	22.53	29.86	-0.04	7.81	1.243	271
15.424	22.56	29.89	-0.06	7.79	1.243	271
15.456	22.43	29.76	-0.04	7.81	1.243	271
15.488	22.43	29.76	-0.03	7.82	1.243	271
15.520	22.79	30.12	-0.05	7.79	1.243	271
15.552	22.41	29.74	-0.04	7.81	1.243	271
15.584	22.79	30.12	-0.05	7.80	1.243	271
15.616	22.58	29.91	-0.03	7.82	1.243	271
15.648	22.38	29.71	-0.02	7.83	1.243	271
15.680	22.06	29.39	-0.05	7.80	1.248	272
15.712	22.03	29.36	-0.02	7.83	1.248	272
15.744	21.84	29.17	-0.03	7.82	1.248	272
15.776	21.66	28.99	-0.01	7.83	1.248	272
15.808	21.63	28.96	-0.01	7.84	1.248	272
15.840	21.89	29.22	-0.03	7.82	1.248	272
15.872	21.74	29.08	-0.03	7.82	1.248	272
15.904	21.71	29.04	-0.05	7.80	1.248	272
15.936	21.54	28.88	-0.03	7.82	1.248	272
15.968	22.05	29.39	-0.02	7.83	1.248	272
16.000	22.06	29.39	-0.04	7.80	1.248	272
16.032	21.82	29.15	-0.03	7.82	1.248	272
16.064	21.99	29.32	-0.05	7.80	1.248	272
16.096	21.81	29.14	-0.03	7.82	1.248	272
16.128	22.10	29.43	-0.02	7.83	1.248	272
16.160	22.47	29.80	-0.05	7.80	1.248	272
16.192	22.37	29.71	-0.03	7.82	1.248	272
16.224	22.67	30.00	-0.05	7.80	1.248	272
16.256	22.42	29.75	-0.03	7.82	1.248	272
16.288	22.56	29.89	-0.02	7.83	1.248	272
16.320	22.46	29.79	-0.04	7.81	1.248	272
16.352	22.53	29.86	-0.02	7.83	1.248	272
16.384	22.57	29.90	-0.04	7.81	1.248	272
16.416	21.74	29.07	-0.00	7.84	1.248	272
16.448	21.69	29.02	-0.00	7.84	1.248	272
16.480	21.63	28.96	-0.02	7.83	1.248	272
16.512	21.51	28.84	0.00	7.85	1.248	272
16.544	21.72	29.05	-0.03	7.82	1.248	272
16.576	21.02	28.35	-0.00	7.85	1.248	272
16.608	21.53	28.86	-0.01	7.83	1.248	272
16.640	21.75	29.08	-0.03	7.82	1.252	273
16.672	21.78	29.11	-0.02	7.83	1.252	273
16.704	21.53	28.87	-0.04	7.80	1.252	273
16.736	21.68	29.01	-0.02	7.83	1.252	273
16.768	21.81	29.15	-0.01	7.83	1.252	273
16.800	22.19	29.52	-0.03	7.82	1.252	273
16.832	22.51	29.84	-0.03	7.82	1.252	273
16.864	22.28	29.62	-0.06	7.79	1.252	273
16.896	22.43	29.76	-0.03	7.82	1.252	273
16.928	22.52	29.86	-0.04	7.81	1.252	273
16.960	22.46	29.79	-0.05	7.80	1.252	273
16.992	22.39	29.72	-0.04	7.81	1.252	273
17.024	22.41	29.74	-0.06	7.79	1.252	273
17.056	22.57	29.90	-0.03	7.82	1.252	273
17.088	22.54	29.87	-0.03	7.82	1.252	273
17.120	22.68	30.01	-0.04	7.80	1.252	273
17.152	22.23	29.57	-0.03	7.82	1.252	273
17.184	22.04	29.38	-0.05	7.80	1.252	273
17.216	21.79	29.12	-0.02	7.83	1.252	273
17.248	21.75	29.09	-0.03	7.82	1.252	273
17.280	21.87	29.21	-0.03	7.82	1.252	273
17.312	21.85	29.18	-0.02	7.83	1.252	273
17.344	21.67	29.00	-0.04	7.80	1.252	273
17.376	21.75	29.08	-0.01	7.84	1.252	273
17.408	21.70	29.03	-0.02	7.83	1.252	273
17.440	21.36	28.69	-0.01	7.83	1.252	273
17.472	21.77	29.10	-0.02	7.83	1.252	273
17.504	21.63	28.96	-0.03	7.82	1.252	273
17.536	21.61	28.94	0.00	7.85	1.252	273
17.568	21.97	29.31	-0.01	7.84	1.257	274
17.600	22.04	29.37	-0.02	7.83	1.257	274
17.632	21.94	29.28	-0.01	7.84	1.257	274
17.664	21.99	29.33	-0.03	7.82	1.257	274
17.696	22.18	29.52	-0.00	7.85	1.257	274
17.728	22.25	29.58	-0.04	7.81	1.257	274
17.760	22.59	29.92	-0.03	7.82	1.257	274
17.792	22.35	29.68	-0.03	7.82	1.257	274
17.824	22.29	29.62	-0.05	7.80	1.257	274
17.856	22.57	29.91	-0.02	7.83	1.257	274
17.888	22.49	29.82	-0.04	7.81	1.257	274
17.920	22.30	29.63	-0.04	7.81	1.257	274
17.952	22.71	30.04	-0.04	7.81	1.257	274
17.984	22.08	29.42	-0.06	7.79	1.257	274
18.016	22.00	29.33	-0.03	7.82	1.257	274
18.048	22.12	29.45	-0.05	7.79	1.257	274
18.080	22.22	29.55	-0.04	7.81	1.257	274
18.112	21.74	29.08	-0.04	7.80	1.257	274
18.144	22.41	29.74	-0.06	7.79	1.257	274
18.176	21.97	29.30	-0.03	7.82	1.257	274
18.208	22.17	29.50	-0.05	7.80	1.257	274
18.240	22.59	29.92	-0.05	7.80	1.257	274
18.272	22.80	30.13	-0.05	7.80	1.257	274
18.304	22.84	30.17	-0.06	7.79	1.257	274
18.336	22.49	29.82	-0.03	7.82	1.257	274
18.368	22.74	30.08	-0.06	7.79	1.257	274
18.400	22.51	29.84	-0.05	7.80	1.257	274
18.432	22.95	30.28	-0.05	7.80	1.257	274
18.464	23.16	30.49	-0.06	7.79	1.257	274
18.496	22.69	30.02	-0.03	7.82	1.252	273
18.528	22.77	30.10	-0.06	7.79	1.252	273
18.560	22.75	30.08	-0.04	7.81	1.252	273
18.592	22.44	29.78	-0.04	7.81	1.252	273
18.624	22.58	29.91	-0.05	7.80	1.252	273
18.656	22.78	30.11	-0.02	7.83	1.252	273
18.688	22.08	29.41	-0.05	7.80	1.252	273
18.720	22.08	29.41	-0.04	7.81	1.252	273
18.752	21.97	29.30	-0.04	7.81	1.252	273
18.784	22.41	29.74	-0.05	7.80	1.252	273
18.816	22.15	29.48	-0.02	7.83	1.252	273
18.848	22.26	29.59	-0.05	7.80	1.252	273
18.880	21.85	29.18	-0.04	7.81	1.252	273
18.912	22.13	29.46	-0.04	7.81	1.252	273
18.944	22.43	29.77	-0.04	7.81	1.252	273
18.976	22.65	29.98	-0.01	7.83	1.252	273
19.008	22.37	29.70	-0.05	7.80	1.252	273
19.040	22.37	29.70	-0.03	7.82	1.252	273
19.072	22.72	30.05	-0.04	7.81	1.252	273
19.104	22.61	29.94	-0.04	7.81	1.252	273
19.136	23.02	30.35	-0.01	7.83	1.252	273
19.168	22.83	30.16	-0.05	7.80	1.252	273
19.200	23.23	30.56	-0.03	7.82	1.252	273
19.232	22.68	30.01	-0.04	7.81	1.252	273
19.264	22.60	29.93	-0.03	7.82	1.252	273
19.296	22.59	29.92	-0.01	7.83	1.252	273
19.328	22.44	29.77	-0.05	7.80	1.252	273
19.360	21.86	29.20	-0.03	7.82	1.252	273
19.392	22.61	29.94	-0.04	7.81	1.252	273
19.424	22.18	29.52	-0.03	7.82	1.257	274
19.456	21.96	29.29	-0.01	7.84	1.257	274
19.488	22.31	29.64	-0.04	7.81	1.257	274
19.520	22.38	29.72	-0.02	7.83	1.257	274
19.552	21.90	29.23	-0.03	7.82	1.257	274
19.584	22.12	29.45	-0.02	7.83	1.257	274
19.616	22.11	29.44	-0.01	7.84	1.257	274
19.648	22.45	29.78	-0.03	7.82	1.257	274
19.680	22.37	29.70	-0.02	7.83	1.257	274
19.712	22.59	29.92	-0.03	7.82	1.257	274
19.744	22.47	29.80	-0.01	7.84	1.257	274
19.776	22.59	29.93	0.00	7.85	1.257	274
19.808	22.81	30.14	-0.03	7.82	1.257	274
19.840	22.95	30.29	-0.01	7.84	1.257	274
19.872	22.99	30.33	-0.02	7.83	1.257	274
19.904	22.56	29.89	-0.00	7.85	1.257	274
19.936	22.42	29.75	0.01	7.85	1.257	274
19.968	22.44	29.78	-0.02	7.83	1.257	274
20.000	22.21	29.54	0.00	7.85	1.257	274
20.032	22.48	29.81	-0.01	7.83	1.257	274
20.064	22.21	29.54	0.00	7.85	1.257	274
20.096	22.48	29.81	0.01	7.86	1.257	274
20.128	22.28	29.61	-0.00	7.85	1.257	274
20.160	22.14	29.47	0.01	7.86	1.257	274
20.192	21.65	28.98	-0.01	7.84	1.257	274
20.224	21.78	29.11	0.02	7.87	1.257	274
20.256	21.74	29.08	0.02	7.87	1.257	274
20.288	21.59	28.92	-0.00	7.84	1.257	274
20.320	22.43	29.76	0.01	7.86	1.257	274
20.352	21.73	29.07	-0.01	7.84	1.257	274
20.384	21.90	29.23	0.02	7.87	1.257	274
20.416	22.19	29.52	0.02	7.87	1.257	274
20.448	22.35	29.69	0.00	7.85	1.257	274
20.480	22.24	29.57	0.01	7.86	1.257	274
20.512	22.47	29.81	-0.01	7.84	1.257	274
20.544	22.27	29.60	0.02	7.87	1.257	274
20.576	22.34	29.68	0.02	7.87	1.257	274
20.608	22.62	29.95	0.01	7.85	1.257	274
20.640	22.48	29.81	0.01	7.86	1.257	274
20.672	22.60	29.93	-0.01	7.84	1.257	274
20.704	21.94	29.27	0.03	7.88	1.257	274
20.736	22.44	29.78	0.01	7.86	1.257	274
20.768	21.57	28.91	0.01	7.86	1.257	274
20.800	22.84	30.17	0.02	7.87	1.257	274
20.832	22.48	29.81	-0.00	7.85	1.252	273
20.864	22.28	29.61	0.04	7.88	1.252	273
20.896	22.23	29.56	0.02	7.87	1.252	273
20.928	21.95	29.28	0.02	7.87	1.252	273
20.960	22.15	29.48	0.02	7.87	1.252	273
20.992	22.54	29.88	0.00	7.85	1.252	273
21.024	22.05	29.38	0.03	7.88	1.252	273
21.056	21.96	29.29	0.01	7.86	1.252	273
21.088	22.75	30.08	0.02	7.87	1.252	273
21.120	22.97	30.30	0.01	7.86	1.252	273
21.152	22.62	29.95	0.02	7.87	1.252	273
21.184	22.62	29.95	0.04	7.89	1.252	273
21.216	22.74	30.08	0.02	7.87	1.252	273
21.248	22.73	30.07	0.01	7.86	1.252	273
21.280	22.75	30.08	0.01	7.86	1.252	273
21.312	22.95	30.29	0.00	7.85	1.257	274
21.344	22.99	30.32	0.04	7.89	1.257	274
21.376	22.95	30.28	-0.01	7.84	1.257	274
21.408	22.99	30.33	0.01	7.85	1.257	274
21.440	22.82	30.15	0.00	7.85	1.257	274
21.472	22.97	30.30	-0.00	7.85	1.257	274
21.504	22.63	29.97	0.02	7.87	1.257	274
21.536	22.76	30.09	-0.01	7.83	1.257	274
21.568	22.63	29.96	-0.00	7.85	1.257	274
21.600	22.58	29.91	-0.00	7.85	1.257	274
21.632	22.34	29.68	-0.01	7.84	1.257	274
21.664	22.11	29.45	0.02	7.87	1.257	274
21.696	22.40	29.74	-0.02	7.83	1.257	274
21.728	22.35	29.68	-0.00	7.85	1.257	274
21.760	22.16	29.49	-0.01	7.84	1.257	274
21.792	22.09	29.42	-0.01	7.84	1.257	274
21.824	22.48	29.81	0.01	7.86	1.257	274
21.856	22.62	29.95	-0.02	7.83	1.257	274
21.888	22.40	29.73	0.00	7.85	1.257	274
21.920	22.47	29.80	-0.01	7.84	1.257	274
21.952	22.61	29.94	-0.00	7.84	1.257	274
21.984	22.77	30.10	0.01	7.86	1.257	274
22.016	23.34	30.67	-0.02	7.83	1.257	274
22.048	22.78	30.11	0.01	7.86	1.257	274
22.080	22.87	30.21	-0.01	7.84	1.257	274
22.112	23.28	30.61	0.01	7.85	1.257	274
22.144	22.72	30.05	0.02	7.87	1.257	274
22.176	23.09	30.43	-0.01	7.84	1.257	274
22.208	22.80	30.13	0.01	7.86	1.257	274
22.240	22.32	29.65	-0.01	7.84	1.257	274
22.272	22.49	29.82	0.01	7.86	1.257	274
22.304	22.35	29.68	0.02	7.87	1.257	274
22.336	22.42	29.76	0.01	7.85	1.257	274
22.368	22.45	29.78	0.02	7.87	1.257	274
22.400	22.54	29.88	-0.01	7.84	1.257	274
22.432	22.14	29.48	0.02	7.87	1.257	274
22.464	22.40	29.73	0.02	7.87	1.257	274
22.496	22.35	29.69	0.01	7.86	1.257	274
22.528	22.20	29.53	0.02	7.87	1.257	274
22.560	22.33	29.67	-0.01	7.84	1.257	274
22.592	22.65	29.98	0.03	7.88	1.257	274
22.624	22.73	30.06	0.03	7.88	1.257	274
22.656	22.23	29.56	0.02	7.87	1.257	274
22.688	23.09	30.42	0.02	7.87	1.257	274
22.720	23.28	30.62	-0.01	7.84	1.252	273
22.752	22.98	30.32	0.03	7.88	1.252	273
22.784	23.43	30.77	0.02	7.87	1.252	273
22.816	23.01	30.34	0.02	7.87	1.252	273
22.848	22.84	30.18	0.02	7.87	1.252	273
22.880	22.83	30.16	0.00	7.85	1.252	273
22.912	22.49	29.82	0.04	7.89	1.252	273
22.944	22.67	30.00	0.02	7.87	1.252	273
22.976	22.80	30.13	0.02	7.87	1.252	273
23.008	22.81	30.14	0.02	7.87	1.252	273
23.040	22.56	29.89	0.01	7.86	1.252	273
23.072	22.23	29.56	0.05	7.90	1.252	273
23.104	22.50	29.83	0.00	7.85	1.252	273
23.136	22.39	29.72	0.02	7.87	1.252	273
23.168	22.54	29.87	0.02	7.87	1.257	274
23.200	22.65	29.99	-0.00	7.85	1.257	274
23.232	22.34	29.67	0.02	7.87	1.257	274
23.264	22.49	29.82	-0.05	7.80	1.257	274
23.296	22.62	29.95	-0.05	7.80	1.257	274
23.328	22.51	29.84	-0.05	7.80	1.257	274
23.360	22.69	30.02	-0.06	7.79	1.257	274
23.392	22.58	29.91	-0.03	7.82	1.257	274
23.424	22.91	30.24	-0.06	7.79	1.257	274
23.456	23.27	30.60	-0.05	7.80	1.257	274
23.488	22.94	30.28	-0.05	7.80	1.257	274
23.520	22.71	30.04	-0.06	7.79	1.257	274
23.552	22.91	30.24	-0.03	7.82	1.257	274
23.584	22.87	30.21	-0.06	7.79	1.257	274
23.616	22.49	29.83	-0.05	7.80	1.257	274
23.648	22.88	30.21	-0.06	7.79	1.257	274
23.680	23.06	30.39	-0.05	7.79	1.257	274
23.712	22.74	30.08	-0.03	7.82	1.257	274
23.744	22.57	29.90	-0.06	7.79	1.257	274
23.776	22.26	29.60	-0.05	7.80	1.257	274
23.808	22.17	29.50	-0.05	7.80	1.257	274
23.840	21.90	29.23	-0.05	7.80	1.257	274
23.872	21.85	29.19	-0.03	7.82	1.257	274
23.904	22.26	29.60	-0.06	7.78	1.257	274
23.936	22.15	29.48	-0.04	7.80	1.257	274
23.968	22.41	29.74	-0.06	7.79	1.257	274
24.000	22.51	29.84	-0.05	7.80	1.257	274
24.032	22.30	29.63	-0.03	7.82	1.257	274
24.064	22.30	29.63	-0.06	7.79	1.257	274
24.096	22.51	29.84	-0.04	7.80	1.257	274
24.128	22.46	29.79	-0.06	7.79	1.257	274
24.160	22.43	29.76	-0.05	7.80	1.257	274
24.192	22.89	30.22	-0.03	7.82	1.257	274
24.224	23.02	30.35	-0.06	7.79	1.257	274
24.256	23.09	30.42	-0.04	7.81	1.257	274
24.288	22.79	30.12	-0.06	7.79	1.257	274
24.320	22.69	30.03	-0.04	7.81	1.257	274
24.352	22.96	30.29	-0.03	7.82	1.257	274
24.384	23.08	30.41	-0.05	7.80	1.257	274
24.416	22.56	29.89	-0.04	7.81	1.257	274
24.448	22.60	29.93	-0.06	7.79	1.257	274
24.480	22.24	29.57	-0.03	7.82	1.257	274
24.512	22.27	29.61	-0.03	7.82	1.257	274
24.544	22.37	29.70	-0.06	7.79	1.257	274
24.576	22.64	29.98	-0.04	7.81	1.257	274
24.608	22.30	29.63	-0.06	7.79	1.257	274
24.640	22.46	29.79	-0.03	7.82	1.257	274
24.672	22.47	29.80	-0.03	7.82	1.257	274
24.704	22.10	29.44	-0.05	7.80	1.257	274
24.736	22.22	29.56	-0.04	7.80	1.257	274
24.768	22.22	29.55	-0.06	7.79	1.257	274
24.800	22.07	29.40	-0.03	7.82	1.257	274
24.832	22.51	29.84	-0.04	7.81	1.257	274
24.864	22.65	29.98	-0.05	7.80	1.257	274
24.896	22.86	30.19	-0.04	7.81	1.257	274
24.928	22.88	30.21	-0.06	7.79	1.257	274
24.960	22.77	30.10	-0.03	7.82	1.257	274
24.992	22.44	29.77	-0.04	7.80	1.257	274
25.024	22.69	30.02	-0.04	7.81	1.257	274
25.056	22.77	30.10	-0.04	7.81	1.257	274
25.088	22.72	30.05	-0.05	7.80	1.257	274
25.120	22.81	30.14	-0.02	7.83	1.257	274
25.152	23.00	30.34	-0.04	7.80	1.257	274
25.184	22.45	29.78	-0.04	7.81	1.257	274
25.216	22.91	30.24	-0.04	7.81	1.257	274
25.248	22.69	30.02	-0.05	7.80	1.257	274
25.280	22.05	29.38	-0.02	7.83	1.257	274
25.312	22.35	29.68	-0.04	7.81	1.257	274
25.344	22.16	29.50	-0.04	7.81	1.257	274
25.376	22.16	29.49	-0.04	7.81	1.257	274
25.408	22.20	29.53	-0.04	7.80	1.257	274
25.440	21.73	29.06	-0.00	7.84	1.257	274
25.472	21.97	29.30	-0.02	7.83	1.257	274
25.504	22.31	29.64	-0.01	7.83	1.257	274
25.536	22.31	29.64	-0.02	7.83	1.257	274
25.568	22.74	30.07	-0.04	7.81	1.257	274
25.600	22.54	29.88	-0.00	7.84	1.257	274
25.632	22.11	29.44	-0.04	7.81	1.257	274
25.664	22.75	30.08	-0.03	7.82	1.257	274
25.696	22.62	29.95	-0.03	7.82	1.257	274
25.728	22.74	30.08	-0.03	7.82	1.257	274
25.760	22.59	29.92	-0.01	7.84	1.257	274
25.792	22.87	30.20	-0.04	7.80	1.257	274
25.824	22.82	30.15	-0.03	7.82	1.257	274
25.856	22.79	30.12	-0.04	7.81	1.257	274
25.888	22.60	29.94	-0.03	7.82	1.257	274
25.920	22.66	30.00	-0.01	7.84	1.257	274
25.952	22.50	29.83	-0.05	7.80	1.257	274
25.984	22.04	29.37	-0.03	7.82	1.257	274
26.016	21.85	29.19	-0.04	7.81	1.257	274
26.048	22.23	29.56	-0.03	7.82	1.257	274
26.080	21.95	29.28	-0.02	7.83	1.257	274
26.112	22.11	29.44	-0.04	7.81	1.257	274
26.144	22.06	29.39	-0.03	7.82	1.257	274
26.176	22.16	29.49	-0.04	7.81	1.257	274
26.208	21.96	29.30	-0.03	7.82	1.257	274
26.240	22.19	29.52	-0.02	7.83	1.257	274
26.272	22.33	29.67	-0.04	7.80	1.257	274
26.304	22.45	29.78	-0.03	7.82	1.257	274
26.336	22.15	29.48	-0.05	7.80	1.257	274
26.368	22.47	29.81	-0.03	7.82	1.257	274
26.400	22.45	29.79	-0.02	7.83	1.257	274
26.432	22.64	29.98	-0.05	7.80	1.257	274
26.464	22.54	29.87	-0.02	7.83	1.257	274
26.496	22.71	30.04	-0.04	7.81	1.257	274
26.528	22.86	30.19	-0.03	7.82	1.257	274
26.560	22.50	29.83	-0.03	7.82	1.257	274
26.592	22.17	29.51	-0.04	7.81	1.257	274
26.624	22.46	29.79	-0.03	7.82	1.257	274
26.656	21.93	29.27	-0.05	7.80	1.257	274
26.688	21.71	29.05	-0.03	7.82	1.257	274
26.720	22.09	29.42	-0.02	7.83	1.257	274
26.752	21.88	29.21	-0.04	7.81	1.257	274
26.784	22.07	29.41	-0.02	7.83	1.257	274
26.816	22.14	29.47	-0.05	7.80	1.257	274
26.848	22.10	29.43	-0.01	7.83	1.257	274
26.880	21.75	29.08	-0.02	7.83	1.257	274
26.912	22.09	29.42	-0.04	7.81	1.252	273
26.944	22.46	29.79	-0.03	7.82	1.252	273
26.976	22.44	29.77	-0.05	7.80	1.252	273
27.008	22.24	29.57	-0.02	7.83	1.252	273
27.040	22.69	30.03	-0.03	7.82	1.252	273
27.072	22.48	29.82	-0.04	7.81	1.252	273
27.104	22.77	30.10	-0.03	7.82	1.252	273
27.136	22.92	30.26	-0.05	7.80	1.252	273
27.168	22.57	29.91	-0.02	7.83	1.252	273
27.200	22.91	30.24	-0.03	7.82	1.252	273
27.232	22.79	30.12	-0.04	7.81	1.252	273
27.264	22.10	29.43	-0.03	7.82	1.252	273
27.296	22.04	29.37	-0.05	7.80	1.252	273
27.328	21.82	29.15	-0.01	7.84	1.252	273
27.360	21.80	29.13	-0.04	7.81	1.252	273
27.392	22.02	29.35	-0.03	7.82	1.257	274
27.424	22.56	29.89	-0.03	7.82	1.257	274
27.456	22.23	29.56	-0.04	7.80	1.257	274
27.488	22.24	29.58	-0.01	7.84	1.257	274
27.520	21.93	29.27	-0.04	7.81	1.257	274
27.552	22.26	29.59	-0.03	7.82	1.257	274
27.584	21.84	29.18	-0.03	7.82	1.257	274
27.616	22.29	29.63	-0.04	7.81	1.257	274
27.648	22.01	29.35	-0.01	7.84	1.257	274
27.680	22.90	30.23	-0.04	7.80	1.257	274
27.712	23.00	30.33	-0.03	7.82	1.257	274
27.744	22.79	30.13	-0.03	7.82	1.257	274
27.776	23.01	30.34	-0.03	7.82	1.257	274
27.808	22.81	30.14	-0.01	7.84	1.257	274
27.840	22.76	30.10	-0.05	7.80	1.257	274
27.872	22.64	29.97	-0.02	7.83	1.257	274
27.904	23.08	30.41	-0.03	7.82	1.257	274
27.936	22.94	30.27	-0.03	7.82	1.257	274
27.968	22.50	29.83	-0.01	7.84	1.257	274
28.000	22.83	30.17	-0.04	7.81	1.257	274
28.032	22.34	29.67	-0.02	7.83	1.257	274
28.064	21.89	29.22	-0.03	7.82	1.257	274
28.096	22.02	29.35	-0.03	7.82	1.257	274
28.128	22.13	29.47	-0.00	7.85	1.257	274
28.160	21.92	29.25	-0.04	7.81	1.257	274
28.192	21.97	29.30	-0.02	7.83	1.257	274
28.224	22.03	29.37	-0.03	7.82	1.257	274
28.256	22.23	29.56	-0.02	7.83	1.257	274
28.288	21.89	29.22	-0.00	7.85	1.257	274
28.320	22.35	29.68	-0.03	7.82	1.257	274
28.352	22.43	29.76	-0.01	7.84	1.257	274
28.384	22.32	29.65	-0.04	7.81	1.257	274
28.416	22.65	29.99	-0.01	7.84	1.257	274
28.448	22.55	29.88	0.01	7.86	1.257	274
28.480	22.89	30.23	-0.04	7.81	1.257	274
28.512	22.51	29.84	-0.02	7.83	1.257	274
28.544	22.73	30.07	-0.04	7.80	1.257	274
28.576	22.84	30.18	-0.03	7.82	1.257	274
28.608	22.62	29.96	-0.02	7.83	1.257	274
28.640	22.37	29.71	-0.04	7.81	1.257	274
28.672	22.63	29.97	-0.02	7.83	1.257	274
28.704	22.40	29.73	-0.05	7.80	1.257	274
28.736	22.56	29.89	-0.01	7.83	1.257	274
28.768	22.07	29.40	-0.02	7.83	1.257	274
28.800	22.18	29.51	-0.03	7.82	1.257	274
28.832	21.38	28.72	-0.01	7.84	1.257	274
28.864	22.11	29.45	-0.04	7.80	1.257	274
28.896	22.26	29.60	-0.01	7.84	1.257	274
28.928	21.78	29.12	-0.01	7.84	1.257	274
28.960	21.90	29.23	-0.03	7.82	1.257	274
28.992	22.02	29.35	-0.02	7.83	1.257	274
29.024	22.05	29.39	-0.04	7.80	1.257	274
29.056	22.36	29.70	-0.01	7.84	1.257	274
29.088	22.37	29.70	-0.02	7.83	1.257	274
29.120	22.55	29.89	-0.03	7.82	1.257	274
29.152	22.57	29.90	-0.03	7.82	1.257	274
29.184	22.54	29.88	-0.04	7.81	1.257	274
29.216	22.71	30.04	-0.01	7.84	1.257	274
29.248	22.92	30.25	-0.03	7.82	1.257	274
29.280	22.70	30.04	-0.03	7.82	1.257	274
29.312	22.53	29.86	-0.02	7.83	1.257	274
29.344	22.60	29.93	-0.03	7.82	1.257	274
29.376	22.51	29.84	0.01	7.85	1.257	274
29.408	22.18	29.51	-0.02	7.83	1.257	274
29.440	22.19	29.53	0.01	7.86	1.257	274
29.472	22.26	29.59	-0.00	7.84	1.257	274
29.504	22.43	29.76	-0.03	7.82	1.257	274
29.536	21.79	29.12	-0.00	7.85	1.257	274
29.568	22.04	29.37	-0.03	7.82	1.257	274
29.600	22.22	29.55	-0.02	7.83	1.257	274
29.632	21.95	29.28	-0.02	7.83	1.257	274
29.664	22.31	29.64	-0.02	7.83	1.257	274
29.696	22.53	29.86	0.00	7.85	1.257	274
29.728	22.20	29.54	-0.03	7.82	1.257	274
29.760	22.40	29.74	-0.01	7.84	1.257	274
29.792	22.42	29.76	-0.01	7.84	1.257	274
29.824	22.29	29.62	-0.00	7.85	1.257	274
29.856	22.67	30.01	0.04	7.89	1.257	274
29.888	22.78	30.12	-0.02	7.83	1.257	274
29.920	22.41	29.74	-0.00	7.85	1.257	274
29.952	22.71	30.04	-0.01	7.84	1.257	274
29.984	22.78	30.12	0.00	7.85	1.257	274
30.016	22.26	29.59	0.02	7.87	1.257	274
30.048	22.75	30.08	-0.00	7.84	1.257	274
30.080	22.12	29.45	0.01	7.86	1.257	274
30.112	22.11	29.45	-0.00	7.85	1.257	274
30.144	22.49	29.82	0.01	7.86	1.257	274
30.176	22.00	29.33	0.01	7.85	1.257	274
30.208	21.91	29.24	-0.02	7.83	1.257	274
30.240	22.12	29.46	-0.00	7.85	1.257	274
30.272	22.39	29.72	-0.02	7.83	1.257	274
30.304	22.30	29.64	-0.01	7.84	1.257	274
30.336	21.82	29.15	0.00	7.85	1.257	274
30.368	22.08	29.41	-0.02	7.83	1.257	274
30.400	21.95	29.28	-0.00	7.85	1.257	274
30.432	22.23	29.57	-0.02	7.83	1.257	274
30.464	22.18	29.51	-0.00	7.85	1.257	274
30.496	21.92	29.25	0.00	7.85	1.257	274
30.528	22.80	30.14	-0.01	7.84	1.257	274
30.560	22.56	29.89	0.00	7.85	1.257	274
30.592	23.04	30.38	-0.02	7.83	1.257	274
30.624	22.66	29.99	0.01	7.86	1.257	274
30.656	22.53	29.86	0.01	7.86	1.252	273
30.688	22.81	30.14	-0.00	7.84	1.252	273
30.720	22.52	29.85	-0.00	7.85	1.252	273
30.752	22.56	29.89	-0.03	7.82	1.252	273
30.784	22.51	29.84	0.01	7.85	1.252	273
30.816	22.53	29.86	-0.00	7.84	1.252	273
30.848	22.16	29.49	-0.01	7.84	1.252	273
30.880	21.90	29.24	-0.00	7.84	1.252	273
30.912	22.04	29.37	-0.03	7.82	1.252	273
30.944	22.21	29.55	0.01	7.86	1.252	273
30.976	22.03	29.36	-0.01	7.84	1.252	273
31.008	22.25	29.58	-0.01	7.84	1.252	273
31.040	22.44	29.77	-0.01	7.84	1.252	273
31.072	21.81	29.14	-0.02	7.83	1.252	273
31.104	22.12	29.46	0.01	7.86	1.252	273
31.136	21.95	29.28	-0.01	7.84	1.257	274
31.168	22.28	29.62	-0.00	7.85	1.257	274
31.200	21.96	29.29	-0.01	7.84	1.257	274
31.232	22.66	30.00	-0.01	7.84	1.257	274
31.264	22.75	30.09	0.02	7.87	1.257	274
31.296	22.56	29.89	-0.01	7.84	1.257	274
31.328	22.32	29.65	-0.00	7.84	1.257	274
31.360	22.52	29.86	-0.01	7.84	1.257	274
31.392	22.62	29.96	-0.01	7.84	1.257	274
31.424	22.65	29.98	0.02	7.87	1.257	274
31.456	22.69	30.03	-0.02	7.83	1.257	274
31.488	22.22	29.55	-0.00	7.85	1.257	274
31.520	22.74	30.07	-0.00	7.84	1.257	274
31.552	22.35	29.68	-0.00	7.84	1.257	274
31.584	21.87	29.21	0.01	7.86	1.257	274
31.616	22.06	29.39	-0.02	7.83	1.261	275
31.648	22.34	29.67	0.01	7.85	1.261	275
31.680	21.73	29.07	-0.01	7.84	1.261	275
31.712	22.27	29.60	0.00	7.85	1.261	275
31.744	21.73	29.06	0.02	7.87	1.261	275
31.776	21.86	29.19	-0.01	7.84	1.261	275
31.808	22.06	29.39	0.01	7.86	1.261	275
31.840	21.89	29.23	-0.01	7.84	1.261	275
31.872	22.10	29.43	0.00	7.85	1.261	275
31.904	21.89	29.23	0.02	7.87	1.261	275
31.936	22.43	29.76	-0.01	7.84	1.261	275
31.968	22.28	29.61	0.01	7.86	1.261	275
32.000	22.53	29.87	-0.01	7.84	1.261	275
32.032	22.38	29.72	0.00	7.85	1.261	275
32.064	22.60	29.93	0.01	7.86	1.252	273
32.096	22.48	29.82	-0.01	7.83	1.252	273
32.128	22.64	29.98	0.00	7.85	1.252	273
32.160	22.45	29.78	-0.02	7.83	1.252	273
32.192	22.45	29.78	0.01	7.86	1.252	273
32.224	22.65	29.98	0.01	7.86	1.252	273
32.256	22.63	29.96	-0.00	7.84	1.252	273
32.288	22.47	29.80	0.00	7.85	1.252	273
32.320	22.40	29.73	-0.01	7.83	1.252	273
32.352	21.98	29.31	0.01	7.86	1.252	273
32.384	21.52	28.85	0.01	7.86	1.252	273
32.416	21.70	29.03	0.00	7.85	1.252	273
32.448	22.36	29.70	0.01	7.85	1.252	273
32.480	22.02	29.36	-0.01	7.84	1.252	273
32.512	21.78	29.11	0.03	7.88	1.252	273
32.544	22.24	29.58	0.01	7.86	1.257	274
32.576	21.86	29.19	0.00	7.85	1.257	274
32.608	21.94	29.28	-0.01	7.84	1.257	274
32.640	22.27	29.60	-0.02	7.83	1.257	274
32.672	22.09	29.42	0.02	7.87	1.257	274
32.704	22.11	29.44	-0.01	7.84	1.257	274
32.736	22.38	29.71	-0.01	7.84	1.257	274
32.768	22.64	29.97	-0.01	7.84	1.257	274
32.800	22.68	30.01	-0.02	7.83	1.257	274
32.832	22.55	29.88	0.01	7.86	1.257	274
32.864	22.47	29.81	-0.01	7.83	1.257	274
32.896	22.71	30.04	-0.01	7.84	1.257	274
32.928	22.71	30.04	-0.01	7.84	1.257	274
32.960	22.52	29.85	-0.01	7.84	1.257	274
32.992	22.69	30.02	0.01	7.86	1.257	274
33.024	22.59	29.92	-0.01	7.84	1.257	274
33.056	22.52	29.86	-0.00	7.85	1.257	274
33.088	22.84	30.17	-0.01	7.84	1.257	274
33.120	22.47	29.80	-0.01	7.84	1.257	274
33.152	22.14	29.48	0.02	7.87	1.257	274
33.184	21.99	29.32	-0.01	7.83	1.257	274
33.216	21.84	29.17	0.01	7.85	1.257	274
33.248	22.08	29.42	-0.01	7.84	1.257	274
33.280	21.98	29.32	-0.00	7.84	1.257	274
33.312	22.35	29.69	0.02	7.87	1.257	274
33.344	21.80	29.13	-0.01	7.83	1.257	274
33.376	22.44	29.78	0.00	7.85	1.257	274
33.408	22.62	29.95	-0.01	7.84	1.257	274
33.440	22.58	29.92	-0.00	7.84	1.257	274
33.472	22.75	30.08	0.01	7.86	1.257	274
33.504	22.38	29.72	-0.02	7.83	1.257	274
33.536	22.51	29.85	0.00	7.85	1.257	274
33.568	22.58	29.92	-0.01	7.84	1.257	274
33.600	22.88	30.22	-0.00	7.85	1.257	274
33.632	22.94	30.27	0.01	7.86	1.257	274
33.664	22.96	30.30	-0.02	7.83	1.257	274
33.696	22.56	29.90	0.01	7.85	1.257	274
33.728	22.69	30.02	-0.02	7.83	1.257	274
33.760	23.00	30.33	0.00	7.85	1.257	274
33.792	22.44	29.77	0.01	7.86	1.257	274
33.824	22.14	29.48	-0.01	7.83	1.257	274
33.856	22.41	29.74	0.00	7.85	1.257	274
33.888	22.28	29.62	-0.02	7.83	1.257	274
33.920	22.09	29.42	-0.00	7.85	1.257	274
33.952	22.23	29.57	-0.00	7.85	1.266	276
33.984	22.50	29.83	-0.02	7.83	1.266	276
34.016	22.09	29.42	-0.01	7.84	1.266	276
34.048	21.87	29.21	-0.03	7.82	1.266	276
34.080	22.02	29.35	0.00	7.85	1.266	276
34.112	22.49	29.82	-0.00	7.85	1.266	276
34.144	22.37	29.70	-0.02	7.83	1.266	276
34.176	22.25	29.58	-0.01	7.84	1.266	276
34.208	22.20	29.53	-0.03	7.82	1.266	276
34.240	22.74	30.07	-0.00	7.85	1.266	276
34.272	22.79	30.12	-0.01	7.84	1.266	276
34.304	22.95	30.29	-0.01	7.83	1.266	276
34.336	22.77	30.10	-0.01	7.84	1.266	276
34.368	22.95	30.28	-0.03	7.82	1.266	276
34.400	22.70	30.03	0.00	7.85	1.261	275
34.432	22.76	30.09	-0.01	7.84	1.261	275
34.464	22.66	29.99	-0.01	7.83	1.261	275
34.496	22.85	30.18	-0.02	7.83	1.261	275
34.528	22.63	29.96	-0.03	7.82	1.261	275
34.560	22.87	30.21	0.01	7.85	1.261	275
34.592	22.89	30.22	-0.02	7.83	1.261	275
34.624	22.41	29.75	-0.02	7.83	1.261	275
34.656	22.32	29.65	-0.02	7.83	1.261	275
34.688	21.97	29.30	-0.03	7.82	1.261	275
34.720	21.87	29.21	0.00	7.85	1.261	275
34.752	22.16	29.49	-0.02	7.83	1.261	275
34.784	21.96	29.29	-0.01	7.83	1.261	275
34.816	21.79	29.12	-0.02	7.83	1.261	275
34.848	22.03	29.36	-0.03	7.82	1.261	275
34.880	22.55	29.88	0.00	7.85	1.261	275
34.912	22.31	29.64	-0.03	7.82	1.261	275
34.944	22.57	29.90	-0.01	7.83	1.261	275
34.976	22.69	30.03	-0.03	7.82	1.261	275
35.008	22.68	30.01	-0.03	7.82	1.261	275
35.040	22.27	29.60	-0.00	7.85	1.261	275
35.072	22.65	29.98	-0.04	7.81	1.261	275
35.104	23.01	30.34	-0.02	7.83	1.261	275
35.136	22.88	30.22	-0.03	7.82	1.261	275
35.168	22.97	30.30	-0.02	7.83	1.261	275
35.200	22.88	30.22	-0.00	7.85	1.261	275
35.232	22.80	30.13	-0.03	7.82	1.261	275
35.264	22.81	30.14	-0.01	7.83	1.261	275
35.296	23.05	30.38	-0.03	7.82	1.261	275
35.328	22.61	29.94	-0.02	7.83	1.261	275
35.360	22.48	29.81	-0.00	7.85	1.261	275
35.392	22.42	29.75	-0.03	7.82	1.261	275
35.424	21.92	29.26	-0.01	7.83	1.261	275
35.456	22.26	29.59	-0.03	7.82	1.261	275
35.488	22.87	30.20	-0.02	7.83	1.261	275
35.520	22.35	29.68	-0.00	7.85	1.261	275
35.552	22.47	29.80	-0.03	7.82	1.261	275
35.584	22.05	29.38	-0.01	7.84	1.261	275
35.616	21.95	29.28	-0.03	7.82	1.261	275
35.648	22.29	29.63	-0.01	7.84	1.261	275
35.680	22.74	30.07	-0.00	7.85	1.261	275
35.712	22.17	29.50	-0.03	7.82	1.261	275
35.744	22.64	29.97	-0.02	7.83	1.261	275
35.776	23.10	30.43	-0.04	7.81	1.261	275
35.808	22.88	30.21	-0.01	7.84	1.257	274
35.840	22.87	30.20	-0.01	7.84	1.257	274
35.872	22.84	30.18	-0.03	7.82	1.257	274
35.904	22.96	30.29	-0.01	7.83	1.257	274
35.936	22.95	30.29	-0.04	7.81	1.257	274
35.968	23.17	30.51	-0.01	7.83	1.257	274
36.000	23.06	30.39	-0.01	7.84	1.257	274
36.032	22.75	30.08	-0.03	7.82	1.257	274
36.064	22.76	30.09	-0.01	7.83	1.257	274
36.096	23.17	30.50	-0.04	7.81	1.257	274
36.128	22.54	29.88	-0.00	7.84	1.257	274
36.160	22.77	30.11	-0.01	7.84	1.257	274
36.192	22.53	29.86	-0.02	7.83	1.257	274
36.224	22.77	30.11	-0.01	7.83	1.257	274
36.256	22.75	30.08	-0.03	7.82	1.257	274
36.288	23.00	30.33	-0.00	7.85	1.266	276
36.320	22.53	29.86	-0.01	7.84	1.266	276
36.352	22.50	29.84	-0.02	7.83	1.266	276
36.384	22.68	30.02	-0.01	7.83	1.266	276
36.416	22.38	29.72	-0.03	7.82	1.266	276
36.448	22.37	29.70	-0.00	7.85	1.266	276
36.480	22.15	29.48	-0.01	7.83	1.266	276
36.512	22.51	29.84	-0.02	7.83	1.266	276
36.544	22.52	29.85	-0.02	7.83	1.266	276
36.576	22.48	29.81	-0.03	7.82	1.266	276
36.608	22.36	29.70	-0.00	7.85	1.266	276
36.640	22.08	29.42	-0.02	7.83	1.266	276
36.672	22.84	30.17	-0.02	7.83	1.266	276
36.704	22.97	30.30	-0.02	7.83	1.266	276
36.736	22.86	30.19	-0.03	7.82	1.266	276
36.768	22.83	30.16	0.00	7.85	1.261	275
36.800	22.76	30.09	-0.03	7.82	1.261	275
36.832	23.02	30.35	-0.02	7.83	1.261	275
36.864	22.77	30.11	-0.02	7.83	1.261	275
36.896	22.71	30.04	-0.03	7.82	1.261	275
36.928	22.83	30.16	-0.00	7.85	1.261	275
36.960	23.00	30.33	-0.03	7.82	1.261	275
36.992	22.51	29.84	-0.02	7.83	1.261	275
37.024	22.50	29.83	-0.02	7.83	1.261	275
37.056	22.06	29.40	-0.02	7.83	1.261	275
37.088	22.56	29.89	0.00	7.85	1.261	275
37.120	22.13	29.46	-0.03	7.82	1.261	275
37.152	21.84	29.17	-0.01	7.83	1.261	275
37.184	21.87	29.20	-0.02	7.83	1.261	275
37.216	21.99	29.33	-0.02	7.83	1.261	275
37.248	22.22	29.56	0.00	7.85	1.261	275
37.280	22.23	29.56	-0.03	7.82	1.261	275
37.312	22.33	29.66	-0.01	7.84	1.261	275
37.344	22.41	29.74	-0.02	7.83	1.261	275
37.376	22.96	30.29	-0.02	7.83	1.261	275
37.408	22.56	29.89	0.00	7.85	1.261	275
37.440	22.91	30.24	-0.03	7.82	1.261	275
37.472	22.92	30.25	-0.01	7.83	1.261	275
37.504	22.82	30.15	-0.02	7.83	1.261	275
37.536	22.96	30.30	-0.02	7.83	1.261	275
37.568	23.18	30.52	0.00	7.85	1.261	275
37.600	22.64	29.97	-0.03	7.82	1.261	275
37.632	22.76	30.10	-0.01	7.84	1.261	275
37.664	22.68	30.02	-0.03	7.82	1.261	275
37.696	22.76	30.09	-0.02	7.83	1.257	274
37.728	22.71	30.04	-0.00	7.85	1.257	274
37.760	22.64	29.97	-0.03	7.82	1.257	274
37.792	22.62	29.95	-0.01	7.83	1.257	274
37.824	22.29	29.62	-0.03	7.82	1.257	274
37.856	22.74	30.08	-0.02	7.83	1.257	274
37.888	22.33	29.66	0.00	7.85	1.257	274
37.920	22.07	29.41	-0.03	7.82	1.257	274
37.952	22.59	29.93	-0.01	7.84	1.257	274
37.984	22.33	29.67	-0.03	7.82	1.257	274
38.016	21.75	29.08	-0.02	7.83	1.257	274
38.048	22.14	29.47	-0.00	7.85	1.257	274
38.080	22.11	29.44	-0.03	7.82	1.257	274
38.112	22.54	29.87	-0.02	7.83	1.257	274
38.144	22.64	29.98	-0.03	7.82	1.261	275
38.176	22.69	30.03	-0.01	7.83	1.261	275
38.208	22.87	30.20	-0.00	7.84	1.261	275
38.240	23.05	30.38	-0.04	7.81	1.261	275
38.272	22.77	30.10	-0.02	7.83	1.261	275
38.304	22.50	29.84	-0.04	7.81	1.261	275
38.336	23.07	30.41	-0.01	7.83	1.261	275
38.368	22.52	29.86	-0.01	7.83	1.261	275
38.400	22.67	30.00	-0.03	7.82	1.261	275
38.432	22.68	30.01	-0.02	7.83	1.261	275
38.464	22.83	30.17	-0.04	7.81	1.261	275
38.496	22.63	29.97	-0.01	7.83	1.261	275
38.528	22.56	29.89	-0.01	7.84	1.261	275
38.560	22.73	30.06	-0.03	7.82	1.261	275
38.592	22.37	29.70	-0.01	7.84	1.261	275
38.624	22.58	29.92	-0.04	7.81	1.257	274
38.656	22.70	30.03	-0.02	7.83	1.257	274
38.688	22.26	29.59	-0.02	7.83	1.257	274
38.720	22.37	29.71	-0.03	7.82	1.257	274
38.752	22.60	29.94	-0.02	7.83	1.257	274
38.784	21.96	29.29	-0.04	7.81	1.257	274
38.816	22.41	29.74	-0.01	7.84	1.257	274
38.848	22.19	29.53	-0.02	7.83	1.257	274
38.880	22.49	29.82	-0.03	7.82	1.257	274
38.912	22.45	29.78	-0.03	7.82	1.257	274
38.944	22.49	29.83	-0.05	7.80	1.257	274
38.976	22.55	29.88	-0.01	7.84	1.257	274
39.008	22.87	30.20	-0.02	7.83	1.257	274
39.040	22.87	30.20	-0.03	7.82	1.257	274
39.072	22.92	30.25	-0.02	7.83	1.257	274
39.104	23.23	30.57	-0.04	7.81	1.261	275
39.136	23.00	30.34	-0.01	7.84	1.261	275
39.168	22.65	29.98	-0.02	7.83	1.261	275
39.200	22.79	30.13	-0.03	7.82	1.261	275
39.232	23.04	30.38	-0.02	7.83	1.261	275
39.264	22.78	30.11	-0.04	7.81	1.261	275
39.296	22.58	29.92	-0.01	7.84	1.261	275
39.328	22.92	30.25	-0.02	7.83	1.261	275
39.360	22.63	29.96	-0.03	7.82	1.261	275
39.392	22.14	29.48	-0.02	7.83	1.261	275
39.424	22.13	29.47	-0.04	7.81	1.261	275
39.456	22.52	29.85	-0.01	7.84	1.261	275
39.488	21.87	29.20	-0.02	7.83	1.261	275
39.520	22.39	29.73	-0.02	7.83	1.261	275
39.552	22.66	29.99	-0.02	7.83	1.261	275
39.584	22.52	29.85	-0.04	7.81	1.261	275
39.616	22.28	29.61	-0.00	7.85	1.261	275
39.648	22.62	29.95	-0.02	7.83	1.261	275
39.680	22.58	29.92	-0.03	7.82	1.261	275
39.712	22.71	30.04	-0.02	7.83	1.261	275
39.744	23.05	30.39	-0.04	7.81	1.261	275
39.776	23.37	30.70	-0.00	7.85	1.261	275
39.808	23.08	30.41	-0.03	7.82	1.261	275
39.840	23.03	30.36	-0.02	7.83	1.261	275
39.872	22.87	30.20	-0.02	7.83	1.261	275
39.904	23.04	30.37	-0.03	7.82	1.261	275
39.936	22.82	30.15	-0.00	7.85	1.261	275
39.968	22.67	30.00	-0.03	7.82	1.261	275
40.000	23.13	30.46	-0.03	7.82	1.261	275
40.032	22.74	30.07	-0.02	7.83	1.257	274
40.064	22.11	29.44	-0.03	7.82	1.257	274
40.096	22.46	29.79	-0.00	7.85	1.257	274
40.128	22.44	29.78	-0.04	7.81	1.257	274
40.160	22.41	29.74	-0.02	7.83	1.257	274
40.192	22.03	29.36	-0.02	7.83	1.257	274
40.224	22.72	30.05	-0.03	7.82	1.257	274
40.256	22.41	29.75	-0.00	7.85	1.257	274
40.288	22.19	29.52	-0.03	7.82	1.257	274
40.320	22.30	29.64	-0.02	7.83	1.257	274
40.352	22.43	29.77	-0.03	7.82	1.257	274
40.384	22.22	29.55	-0.03	7.82	1.257	274
40.416	22.73	30.06	-0.00	7.85	1.257	274
40.448	22.40	29.74	-0.04	7.81	1.257	274
40.480	22.93	30.26	-0.02	7.83	1.257	274
40.512	23.18	30.51	-0.03	7.82	1.261	275
40.544	22.90	30.23	-0.03	7.82	1.261	275
40.576	22.91	30.24	-0.00	7.85	1.261	275
40.608	23.06	30.39	-0.03	7.82	1.261	275
40.640	22.99	30.32	-0.02	7.83	1.261	275
40.672	22.53	29.87	-0.02	7.83	1.261	275
40.704	22.81	30.14	-0.03	7.82	1.261	275
40.736	22.75	30.09	-0.00	7.85	1.261	275
40.768	22.80	30.13	-0.03	7.82	1.261	275
40.800	22.61	29.94	-0.02	7.83	1.261	275
40.832	22.29	29.62	-0.02	7.83	1.261	275
40.864	22.55	29.88	-0.02	7.83	1.261	275
40.896	22.34	29.67	-0.00	7.85	1.261	275
40.928	21.92	29.25	-0.03	7.82	1.261	275
40.960	22.08	29.41	-0.02	7.83	1.261	275
40.992	22.16	29.49	-0.02	7.83	1.261	275
41.024	22.33	29.66	-0.02	7.83	1.261	275
41.056	22.21	29.55	0.00	7.85	1.261	275
41.088	22.42	29.75	-0.04	7.81	1.261	275
41.120	22.77	30.10	-0.02	7.83	1.261	275
41.152	22.29	29.62	-0.03	7.82	1.261	275
41.184	22.93	30.26	-0.02	7.83	1.261	275
41.216	22.68	30.01	-0.00	7.85	1.261	275
41.248	22.68	30.02	-0.03	7.82	1.261	275
41.280	22.69	30.02	-0.01	7.83	1.261	275
41.312	23.12	30.46	-0.02	7.83	1.261	275
41.344	23.14	30.47	-0.02	7.83	1.261	275
41.376	22.69	30.03	-0.00	7.85	1.261	275
41.408	22.63	29.97	-0.03	7.82	1.261	275
41.440	22.89	30.23	-0.01	7.84	1.257	274
41.472	22.27	29.61	-0.02	7.83	1.257	274
41.504	22.61	29.94	-0.02	7.83	1.257	274
41.536	22.25	29.58	0.00	7.85	1.257	274
41.568	22.06	29.39	-0.03	7.82	1.257	274
41.600	22.36	29.70	-0.01	7.84	1.257	274
41.632	22.20	29.53	-0.02	7.83	1.257	274
41.664	22.25	29.59	-0.01	7.84	1.257	274
41.696	22.16	29.49	0.00	7.85	1.257	274
41.728	22.13	29.47	-0.03	7.82	1.257	274
41.760	22.60	29.93	-0.01	7.84	1.257	274
41.792	22.63	29.96	-0.03	7.82	1.257	274
41.824	22.27	29.60	-0.01	7.83	1.257	274
41.856	22.51	29.84	-0.00	7.84	1.257	274
41.888	23.09	30.42	-0.04	7.81	1.261	275
41.920	22.70	30.03	-0.02	7.83	1.261	275
41.952	22.76	30.09	-0.03	7.82	1.261	275
41.984	22.88	30.21	-0.02	7.83	1.261	275
42.016	22.82	30.15	-0.01	7.84	1.261	275
42.048	22.85	30.18	-0.04	7.81	1.261	275
42.080	22.67	30.00	-0.02	7.83	1.261	275
42.112	22.69	30.02	-0.04	7.81	1.261	275
42.144	22.68	30.02	-0.02	7.83	1.261	275
42.176	22.52	29.85	-0.01	7.84	1.261	275
42.208	22.37	29.71	-0.04	7.81	1.261	275
42.240	22.21	29.54	-0.02	7.83	1.261	275
42.272	22.21	29.54	-0.04	7.81	1.261	275
42.304	22.43	29.77	-0.02	7.83	1.261	275
42.336	22.62	29.95	-0.01	7.84	1.261	275
42.368	22.08	29.42	-0.03	7.82	1.261	275
42.400	22.26	29.59	-0.02	7.83	1.261	275
42.432	22.53	29.86	-0.04	7.81	1.261	275
42.464	22.18	29.51	-0.01	7.83	1.261	275
42.496	22.01	29.34	-0.01	7.84	1.261	275
42.528	22.45	29.79	-0.03	7.82	1.261	275
42.560	22.26	29.59	-0.01	7.84	1.261	275
42.592	22.91	30.24	-0.04	7.81	1.261	275
42.624	22.73	30.07	-0.01	7.83	1.261	275
42.656	22.45	29.78	-0.00	7.85	1.261	275
42.688	22.95	30.29	-0.03	7.82	1.261	275
42.720	22.77	30.11	-0.01	7.84	1.261	275
42.752	22.95	30.28	-0.03	7.82	1.261	275
42.784	22.99	30.33	-0.01	7.84	1.261	275
42.816	22.24	29.57	-0.00	7.85	1.261	275
42.848	22.62	29.95	-0.03	7.82	1.257	274
42.880	22.56	29.90	-0.01	7.84	1.257	274
42.912	22.93	30.27	-0.03	7.82	1.257	274
42.944	22.62	29.95	-0.01	7.84	1.257	274
42.976	22.31	29.64	-0.00	7.85	1.257	274
43.008	22.53	29.87	-0.02	7.83	1.257	274
43.040	22.07	29.41	-0.01	7.84	1.257	274
43.072	22.55	29.88	-0.03	7.82	1.257	274
43.104	22.21	29.54	-0.01	7.84	1.257	274
43.136	21.98	29.31	-0.00	7.84	1.257	274
43.168	22.01	29.34	-0.02	7.83	1.257	274
43.200	21.95	29.28	-0.01	7.84	1.257	274
43.232	22.14	29.48	-0.03	7.82	1.257	274
43.264	22.45	29.78	-0.01	7.84	1.257	274
43.296	22.04	29.37	-0.00	7.84	1.261	275
43.328	22.16	29.50	-0.02	7.83	1.261	275
43.360	22.96	30.29	-0.01	7.84	1.261	275
43.392	22.76	30.09	-0.03	7.82	1.261	275
43.424	22.67	30.00	-0.00	7.85	1.261	275
43.456	22.86	30.19	-0.00	7.85	1.261	275
43.488	22.96	30.29	-0.02	7.83	1.261	275
43.520	22.60	29.94	-0.01	7.84	1.261	275
43.552	22.80	30.13	-0.03	7.82	1.261	275
43.584	23.33	30.66	0.00	7.85	1.261	275
43.616	22.66	29.99	-0.00	7.85	1.261	275
43.648	22.89	30.22	-0.01	7.84	1.261	275
43.680	22.69	30.02	-0.00	7.84	1.261	275
43.712	23.12	30.45	-0.03	7.82	1.261	275
43.744	22.23	29.56	0.01	7.86	1.261	275
43.776	22.26	29.59	-0.00	7.85	1.261	275
43.808	22.39	29.73	-0.01	7.84	1.261	275
43.840	22.38	29.71	-0.00	7.85	1.261	275
43.872	22.03	29.37	-0.02	7.83	1.261	275
43.904	22.09	29.42	0.01	7.86	1.261	275
43.936	22.05	29.39	-0.00	7.85	1.261	275
43.968	22.44	29.77	-0.01	7.83	1.261	275
44.000	21.99	29.33	-0.00	7.85	1.261	275
44.032	22.01	29.34	-0.03	7.82	1.261	275
44.064	22.42	29.75	-0.00	7.85	1.261	275
44.096	22.27	29.60	-0.00	7.84	1.261	275
44.128	22.59	29.92	-0.01	7.83	1.261	275
44.160	22.62	29.96	-0.01	7.84	1.261	275
44.192	22.68	30.01	-0.03	7.82	1.261	275
44.224	22.51	29.84	0.00	7.85	1.261	275
44.256	22.75	30.08	-0.00	7.85	1.261	275
44.288	22.94	30.27	-0.01	7.84	1.261	275
44.320	22.85	30.19	-0.00	7.85	1.261	275
44.352	23.05	30.38	-0.03	7.82	1.261	275
44.384	22.68	30.02	0.01	7.86	1.261	275
44.416	22.10	29.43	-0.01	7.84	1.261	275
44.448	22.52	29.85	-0.01	7.84	1.261	275
44.480	22.51	29.84	-0.00	7.85	1.261	275
44.512	22.44	29.77	-0.02	7.83	1.261	275
44.544	22.10	29.43	0.01	7.86	1.261	275
44.576	22.44	29.78	-0.00	7.84	1.261	275
44.608	21.84	29.17	-0.01	7.84	1.261	275
44.640	22.13	29.47	-0.01	7.84	1.261	275
44.672	22.03	29.36	-0.03	7.82	1.261	275
44.704	21.66	28.99	0.01	7.85	1.261	275
44.736	22.14	29.48	-0.01	7.84	1.261	275
44.768	22.27	29.60	-0.01	7.84	1.261	275
44.800	22.41	29.75	-0.00	7.85	1.261	275
44.832	22.53	29.87	-0.02	7.83	1.261	275
44.864	22.47	29.80	0.01	7.86	1.261	275
44.896	22.86	30.19	-0.00	7.84	1.261	275
44.928	22.58	29.91	-0.01	7.84	1.261	275
44.960	22.63	29.96	-0.01	7.84	1.261	275
44.992	22.54	29.87	-0.02	7.83	1.261	275
45.024	22.66	30.00	0.01	7.86	1.261	275
45.056	22.88	30.21	-0.01	7.84	1.261	275
45.088	22.81	30.14	-0.01	7.84	1.261	275
45.120	22.60	29.93	-0.01	7.84	1.261	275
45.152	22.83	30.17	-0.02	7.83	1.261	275
45.184	22.17	29.50	0.02	7.87	1.261	275
45.216	22.24	29.58	-0.01	7.84	1.261	275
45.248	22.21	29.54	-0.00	7.84	1.261	275
45.280	22.39	29.73	-0.00	7.84	1.261	275
45.312	22.25	29.58	-0.01	7.83	1.261	275
45.344	21.95	29.29	0.02	7.87	1.261	275
45.376	22.04	29.37	-0.01	7.84	1.261	275
45.408	21.78	29.12	-0.00	7.85	1.261	275
45.440	22.52	29.85	-0.00	7.85	1.261	275
45.472	22.22	29.56	-0.01	7.84	1.261	275
45.504	22.13	29.46	0.02	7.87	1.261	275
45.536	22.29	29.63	-0.00	7.84	1.261	275
45.568	22.29	29.62	-0.00	7.85	1.261	275
45.600	22.45	29.78	-0.00	7.85	1.261	275
45.632	22.54	29.87	-0.00	7.85	1.257	274
45.664	22.36	29.69	0.02	7.87	1.257	274
45.696	22.40	29.73	-0.01	7.84	1.257	274
45.728	22.86	30.19	0.00	7.85	1.257	274
45.760	22.65	29.98	0.00	7.85	1.257	274
45.792	22.80	30.14	-0.00	7.85	1.257	274
45.824	22.66	30.00	0.02	7.87	1.257	274
45.856	22.64	29.97	-0.01	7.84	1.257	274
45.888	22.42	29.75	0.01	7.86	1.257	274
45.920	22.66	29.99	-0.00	7.85	1.257	274
45.952	22.42	29.75	0.00	7.85	1.257	274
45.984	22.03	29.36	0.03	7.88	1.257	274
46.016	22.51	29.84	-0.00	7.84	1.257	274
46.048	21.89	29.23	0.01	7.85	1.257	274
46.080	21.93	29.27	0.00	7.85	1.257	274
46.112	21.82	29.15	0.00	7.85	1.261	275
46.144	21.89	29.23	0.03	7.88	1.261	275
46.176	22.13	29.47	-0.00	7.85	1.261	275
46.208	22.23	29.56	0.01	7.86	1.261	275
46.240	22.29	29.62	-0.00	7.85	1.261	275
46.272	22.11	29.44	0.01	7.85	1.261	275
46.304	22.02	29.35	0.02	7.87	1.261	275
46.336	22.72	30.05	-0.01	7.84	1.261	275
46.368	22.54	29.87	0.01	7.86	1.261	275
46.400	22.53	29.87	-0.00	7.85	1.261	275
46.432	22.95	30.29	0.00	7.85	1.261	275
46.464	22.81	30.15	0.03	7.88	1.261	275
46.496	22.54	29.87	-0.01	7.84	1.261	275
46.528	22.61	29.94	0.01	7.86	1.261	275
46.560	22.72	30.05	-0.00	7.85	1.261	275
46.592	22.68	30.02	-0.00	7.85	1.257	274
46.624	22.51	29.84	0.02	7.87	1.257	274
46.656	22.46	29.79	-0.01	7.84	1.257	274
46.688	22.57	29.90	0.01	7.85	1.257	274
46.720	22.51	29.85	-0.00	7.84	1.257	274
46.752	22.29	29.63	0.00	7.85	1.257	274
46.784	22.26	29.60	0.02	7.87	1.257	274
46.816	22.53	29.86	-0.01	7.84	1.257	274
46.848	21.74	29.08	0.00	7.85	1.257	274
46.880	21.98	29.31	-0.01	7.84	1.257	274
46.912	22.30	29.63	-0.00	7.85	1.257	274
46.944	21.88	29.21	0.02	7.87	1.257	274
46.976	22.28	29.61	-0.01	7.84	1.257	274
47.008	22.28	29.61	0.00	7.85	1.257	274
47.040	22.18	29.51	-0.00	7.84	1.261	275
47.072	22.10	29.44	0.01	7.86	1.261	275
47.104	22.51	29.84	0.02	7.87	1.261	275
47.136	22.74	30.08	-0.01	7.84	1.261	275
47.168	22.49	29.82	0.01	7.86	1.261	275
47.200	22.34	29.68	-0.00	7.84	1.261	275
47.232	22.45	29.78	0.01	7.86	1.261	275
47.264	22.88	30.22	0.02	7.87	1.261	275
47.296	22.92	30.25	-0.00	7.84	1.261	275
47.328	22.88	30.21	0.01	7.86	1.261	275
47.360	23.03	30.36	-0.00	7.84	1.261	275
47.392	22.64	29.97	0.02	7.87	1.261	275
47.424	22.02	29.35	0.03	7.88	1.261	275
47.456	22.42	29.75	-0.00	7.85	1.261	275
47.488	22.35	29.68	0.02	7.87	1.261	275
47.520	21.85	29.18	-0.00	7.85	1.261	275
47.552	21.76	29.09	0.02	7.87	1.261	275
47.584	22.38	29.72	0.03	7.88	1.261	275
47.616	22.09	29.43	0.01	7.85	1.261	275
47.648	22.49	29.82	0.02	7.87	1.261	275
47.680	22.14	29.47	0.01	7.85	1.261	275
47.712	22.33	29.66	0.02	7.87	1.261	275
47.744	22.10	29.43	0.03	7.88	1.261	275
47.776	22.41	29.75	0.00	7.85	1.261	275
47.808	22.40	29.73	0.02	7.87	1.261	275
47.840	22.28	29.61	0.01	7.85	1.261	275
47.872	22.07	29.40	0.02	7.87	1.261	275
47.904	22.60	29.93	0.03	7.88	1.261	275
47.936	22.42	29.75	0.01	7.85	1.261	275
47.968	22.56	29.89	0.02	7.87	1.261	275
48.000	22.67	30.00	-0.00	7.85	1.261	275
48.032	22.79	30.12	0.03	7.88	1.261	275
48.064	22.66	29.99	0.03	7.88	1.261	275
48.096	22.74	30.07	0.01	7.86	1.261	275
48.128	22.58	29.91	0.02	7.87	1.261	275
48.160	22.55	29.88	-0.00	7.85	1.261	275
48.192	22.56	29.89	0.03	7.88	1.261	275
48.224	22.17	29.50	0.02	7.87	1.261	275
48.256	22.18	29.52	0.00	7.85	1.261	275
48.288	22.87	30.21	0.02	7.87	1.261	275
48.320	22.56	29.89	-0.01	7.84	1.261	275
48.352	22.19	29.53	0.02	7.87	1.261	275
48.384	22.08	29.42	0.02	7.87	1.261	275
48.416	21.89	29.22	0.01	7.86	1.261	275
48.448	22.24	29.57	0.02	7.87	1.261	275
48.480	21.87	29.20	-0.00	7.85	1.261	275
48.512	21.38	28.71	0.03	7.88	1.261	275
48.544	22.26	29.59	0.02	7.87	1.261	275
48.576	22.41	29.75	0.01	7.86	1.261	275
48.608	22.18	29.52	0.02	7.87	1.261	275
48.640	22.40	29.73	-0.00	7.84	1.261	275
48.672	22.33	29.66	0.03	7.88	1.261	275
48.704	22.62	29.95	0.02	7.87	1.261	275
48.736	22.28	29.61	0.01	7.86	1.261	275
48.768	22.36	29.70	0.02	7.87	1.261	275
48.800	22.86	30.19	0.00	7.85	1.261	275
48.832	22.50	29.83	0.04	7.89	1.261	275
48.864	23.12	30.46	0.02	7.87	1.261	275
48.896	22.57	29.90	0.02	7.87	1.261	275
48.928	22.55	29.88	0.03	7.88	1.261	275
48.960	22.32	29.66	0.01	7.86	1.261	275
48.992	22.60	29.93	0.04	7.89	1.261	275
49.024	22.32	29.65	0.03	7.88	1.261	275
49.056	22.47	29.80	0.02	7.87	1.261	275
49.088	22.67	30.00	0.02	7.87	1.261	275
49.120	22.27	29.60	0.01	7.86	1.261	275
49.152	22.03	29.36	0.04	7.89	1.261	275
49.184	22.27	29.60	0.02	7.87	1.261	275
49.216	22.02	29.35	0.03	7.88	1.261	275
49.248	21.88	29.21	0.02	7.87	1.261	275
49.280	22.18	29.52	0.01	7.86	1.261	275
49.312	22.25	29.58	0.04	7.89	1.261	275
49.344	22.15	29.48	0.02	7.87	1.261	275
49.376	21.96	29.29	0.02	7.87	1.261	275
49.408	22.04	29.37	0.02	7.87	1.257	274
49.440	21.95	29.29	0.01	7.86	1.257	274
49.472	22.84	30.17	0.04	7.89	1.257	274
49.504	22.60	29.93	0.01	7.86	1.257	274
49.536	22.79	30.12	0.02	7.87	1.257	274
49.568	22.76	30.09	0.02	7.87	1.257	274
49.600	22.84	30.17	0.01	7.86	1.257	274
49.632	22.56	29.90	0.04	7.89	1.257	274
49.664	22.59	29.92	0.01	7.86	1.257	274
49.696	22.42	29.75	0.02	7.87	1.257	274
49.728	22.24	29.57	0.02	7.87	1.257	274
49.760	22.60	29.93	0.02	7.87	1.257	274
49.792	22.71	30.04	0.05	7.89	1.257	274
49.824	22.45	29.78	0.01	7.86	1.257	274
49.856	22.29	29.63	0.03	7.88	1.261	275
49.888	22.79	30.12	0.02	7.87	1.261	275
49.920	22.06	29.39	0.02	7.87	1.261	275
49.952	22.37	29.70	0.04	7.89	1.261	275
49.984	21.90	29.23	0.01	7.86	1.261	275
50.016	21.80	29.13	0.02	7.87	1.261	275
50.048	21.98	29.32	0.01	7.86	1.261	275
50.080	22.16	29.49	0.01	7.86	1.261	275
50.112	22.22	29.55	0.03	7.88	1.261	275
50.144	22.15	29.48	-0.00	7.85	1.261	275
50.176	22.49	29.83	0.02	7.87	1.261	275
50.208	22.29	29.62	0.01	7.85	1.261	275
50.240	22.26	29.59	0.01	7.86	1.261	275
50.272	22.33	29.67	0.03	7.88	1.261	275
50.304	22.64	29.98	-0.00	7.85	1.261	275
50.336	22.48	29.82	0.01	7.86	1.261	275
50.368	22.84	30.17	-0.00	7.85	1.261	275
50.400	22.65	29.98	0.01	7.86	1.261	275
50.432	22.81	30.14	0.03	7.88	1.261	275
50.464	22.81	30.15	-0.00	7.85	1.261	275
50.496	22.76	30.10	0.02	7.87	1.261	275
50.528	22.65	29.98	-0.00	7.85	1.261	275
50.560	22.61	29.94	0.01	7.86	1.261	275
50.592	22.52	29.85	0.03	7.88	1.261	275
50.624	22.09	29.42	-0.00	7.85	1.261	275
50.656	22.59	29.93	0.01	7.86	1.261	275
50.688	22.33	29.66	-0.01	7.84	1.261	275
50.720	21.85	29.19	0.02	7.87	1.261	275
50.752	22.09	29.42	0.02	7.87	1.261	275
50.784	22.30	29.63	-0.01	7.84	1.261	275
50.816	22.02	29.36	0.01	7.86	1.261	275
50.848	22.27	29.60	-0.01	7.84	1.261	275
50.880	21.85	29.18	0.01	7.85	1.261	275
50.912	22.07	29.40	0.02	7.87	1.261	275
50.944	22.06	29.39	-0.00	7.85	1.261	275
50.976	21.79	29.12	0.01	7.86	1.261	275
51.008	21.75	29.09	0.01	7.85	1.261	275
51.040	22.13	29.46	0.06	7.90	1.261	275
51.072	22.47	29.81	0.05	7.89	1.261	275
51.104	22.43	29.77	0.03	7.88	1.261	275
51.136	22.53	29.86	0.04	7.89	1.261	275
51.168	22.59	29.93	0.02	7.87	1.261	275
51.200	22.55	29.88	0.03	7.88	1.261	275
51.232	22.37	29.70	0.03	7.88	1.261	275
51.264	22.88	30.21	0.01	7.86	1.257	274
51.296	22.67	30.00	0.00	7.85	1.257	274
51.328	22.53	29.86	-0.01	7.84	1.257	274
51.360	22.28	29.61	0.02	7.87	1.257	274
51.392	22.55	29.88	0.00	7.85	1.257	274
51.424	22.21	29.54	-0.00	7.84	1.257	274
51.456	22.43	29.77	0.00	7.85	1.257	274
51.488	22.46	29.79	-0.01	7.83	1.257	274
51.520	22.04	29.38	0.02	7.87	1.257	274
51.552	22.04	29.37	0.00	7.85	1.257	274
51.584	22.21	29.54	-0.00	7.85	1.257	274
51.616	22.00	29.33	-0.00	7.85	1.257	274
51.648	21.89	29.22	-0.01	7.83	1.257	274
51.680	22.04	29.37	0.02	7.87	1.257	274
51.712	22.27	29.60	-0.01	7.84	1.257	274
51.744	21.62	28.95	-0.00	7.85	1.257	274
51.776	21.83	29.17	0.00	7.85	1.257	274
51.808	22.01	29.35	-0.01	7.84	1.257	274
51.840	22.63	29.96	0.02	7.87	1.257	274
51.872	22.64	29.97	-0.01	7.84	1.257	274
51.904	22.40	29.73	0.00	7.85	1.257	274
51.936	22.50	29.83	-0.00	7.84	1.257	274
51.968	22.68	30.01	-0.01	7.84	1.257	274
52.000	22.46	29.79	0.02	7.87	1.257	274
52.032	22.43	29.77	-0.00	7.84	1.257	274
52.064	22.50	29.83	0.01	7.86	1.257	274
52.096	22.77	30.10	0.00	7.85	1.257	274
52.128	22.44	29.77	0.00	7.85	1.257	274
52.160	22.27	29.60	0.03	7.88	1.257	274
52.192	22.41	29.74	-0.00	7.85	1.261	275
52.224	22.36	29.69	0.01	7.86	1.261	275
52.256	22.28	29.62	0.01	7.86	1.261	275
52.288	22.43	29.76	0.01	7.85	1.261	275
52.320	21.89	29.22	0.04	7.88	1.261	275
52.352	21.98	29.31	-0.00	7.85	1.261	275
52.384	22.30	29.63	0.01	7.86	1.261	275
52.416	21.82	29.15	0.01	7.86	1.261	275
52.448	22.23	29.57	0.01	7.86	1.261	275
52.480	21.84	29.17	0.04	7.88	1.261	275
52.512	21.77	29.10	-0.00	7.85	1.261	275
52.544	22.66	29.99	0.02	7.87	1.261	275
52.576	22.12	29.45	0.01	7.85	1.261	275
52.608	21.85	29.19	0.02	7.87	1.261	275
52.640	22.01	29.34	0.04	7.88	1.261	275
52.672	22.39	29.72	-0.00	7.85	1.261	275
52.704	22.39	29.73	0.02	7.87	1.261	275
52.736	22.43	29.77	0.02	7.87	1.261	275
52.768	22.61	29.94	0.03	7.88	1.261	275
52.800	22.56	29.90	0.04	7.89	1.261	275
52.832	22.69	30.02	0.01	7.86	1.261	275
52.864	22.66	29.99	0.04	7.89	1.261	275
52.896	22.79	30.12	0.01	7.86	1.261	275
52.928	22.40	29.73	0.02	7.87	1.261	275
52.960	22.67	30.00	0.04	7.89	1.261	275
52.992	22.08	29.41	0.02	7.87	1.261	275
53.024	22.32	29.65	0.03	7.88	1.261	275
53.056	21.85	29.18	0.00	7.85	1.261	275
53.088	21.86	29.19	0.03	7.88	1.261	275
53.120	21.95	29.29	0.03	7.88	1.261	275
53.152	21.80	29.13	0.01	7.86	1.261	275
53.184	21.98	29.32	0.01	7.86	1.261	275
53.216	21.76	29.09	-0.01	7.84	1.261	275
53.248	21.76	29.10	0.02	7.87	1.261	275
53.280	22.22	29.55	0.02	7.87	1.261	275
53.312	22.42	29.75	0.01	7.85	1.261	275
53.344	21.90	29.24	0.02	7.87	1.261	275
53.376	22.20	29.53	-0.01	7.84	1.261	275
53.408	22.44	29.78	0.02	7.87	1.261	275
53.440	22.33	29.66	0.02	7.87	1.261	275
53.472	22.23	29.56	0.00	7.85	1.261	275
53.504	22.49	29.82	0.01	7.86	1.261	275
53.536	22.68	30.01	-0.01	7.84	1.261	275
53.568	22.61	29.94	0.02	7.87	1.261	275
53.600	22.42	29.75	0.01	7.86	1.257	274
53.632	22.35	29.69	0.00	7.85	1.257	274
53.664	22.58	29.91	0.02	7.87	1.257	274
53.696	22.73	30.07	-0.00	7.84	1.257	274
53.728	22.15	29.49	0.03	7.88	1.257	274
53.760	22.39	29.72	0.01	7.86	1.257	274
53.792	22.26	29.59	0.01	7.86	1.257	274
53.824	22.02	29.35	0.01	7.86	1.257	274
53.856	21.81	29.15	0.00	7.85	1.257	274
53.888	21.76	29.09	0.03	7.88	1.257	274
53.920	21.98	29.32	0.01	7.85	1.257	274
53.952	22.32	29.65	0.01	7.86	1.257	274
53.984	21.52	28.85	0.01	7.86	1.257	274
54.016	21.64	28.97	0.00	7.85	1.257	274
54.048	21.56	28.89	0.03	7.88	1.257	274
54.080	22.16	29.49	0.01	7.85	1.257	274
54.112	21.89	29.23	0.01	7.86	1.257	274
54.144	22.01	29.35	0.01	7.85	1.257	274
54.176	22.02	29.35	0.01	7.85	1.257	274
54.208	22.64	29.98	0.03	7.88	1.257	274
54.240	22.47	29.80	-0.00	7.85	1.257	274
54.272	22.46	29.79	0.02	7.87	1.257	274
54.304	22.54	29.87	0.01	7.85	1.257	274
54.336	22.18	29.51	0.01	7.86	1.257	274
54.368	22.46	29.80	0.04	7.88	1.257	274
54.400	22.60	29.94	-0.00	7.85	1.257	274
54.432	22.57	29.91	0.02	7.87	1.257	274
54.464	22.19	29.53	0.01	7.85	1.257	274
54.496	22.24	29.57	0.01	7.86	1.257	274
54.528	21.65	28.98	0.04	7.88	1.261	275
54.560	22.36	29.69	-0.00	7.85	1.261	275
54.592	22.11	29.44	0.02	7.87	1.261	275
54.624	22.03	29.36	0.00	7.85	1.261	275
54.656	21.90	29.23	0.01	7.86	1.261	275
54.688	21.73	29.06	0.03	7.88	1.261	275
54.720	21.88	29.22	0.00	7.85	1.261	275
54.752	21.87	29.20	0.02	7.87	1.261	275
54.784	21.59	28.92	0.01	7.86	1.261	275
54.816	21.77	29.10	0.02	7.87	1.261	275
54.848	21.99	29.33	0.04	7.89	1.261	275
54.880	21.82	29.15	-0.00	7.84	1.261	275
54.912	22.38	29.72	0.01	7.86	1.261	275
54.944	22.22	29.56	-0.01	7.84	1.261	275
54.976	22.17	29.50	0.01	7.86	1.261	275
55.008	22.52	29.85	0.02	7.87	1.257	274
55.040	22.77	30.10	-0.00	7.85	1.257	274
55.072	22.61	29.94	0.02	7.87	1.257	274
55.104	22.56	29.89	-0.00	7.85	1.257	274
55.136	22.53	29.86	0.02	7.87	1.257	274
55.168	22.36	29.69	0.03	7.88	1.257	274
55.200	22.52	29.85	0.01	7.86	1.257	274
55.232	22.36	29.69	0.03	7.88	1.257	274
55.264	22.20	29.54	0.01	7.86	1.257	274
55.296	22.38	29.71	0.04	7.89	1.257	274
55.328	22.44	29.78	0.02	7.87	1.257	274
55.360	21.48	28.82	-0.00	7.85	1.257	274
55.392	22.26	29.60	0.01	7.86	1.257	274
55.424	22.43	29.76	-0.01	7.84	1.257	274
55.456	22.24	29.57	0.01	7.86	1.257	274
55.488	22.17	29.50	0.01	7.86	1.261	275
55.520	22.00	29.34	0.00	7.85	1.261	275
55.552	21.75	29.08	0.01	7.86	1.261	275
55.584	21.75	29.08	-0.01	7.84	1.261	275
55.616	21.54	28.88	0.02	7.87	1.261	275
55.648	22.09	29.42	0.02	7.87	1.261	275
55.680	22.41	29.74	0.01	7.85	1.261	275
55.712	22.30	29.63	0.01	7.86	1.261	275
55.744	22.33	29.66	-0.00	7.84	1.261	275
55.776	22.36	29.69	0.03	7.88	1.261	275
55.808	22.49	29.83	0.01	7.86	1.261	275
55.840	22.15	29.48	0.01	7.85	1.261	275
55.872	21.93	29.26	0.02	7.87	1.261	275
55.904	22.37	29.70	0.01	7.85	1.261	275
55.936	22.31	29.64	0.04	7.89	1.266	276
55.968	22.64	29.97	0.02	7.87	1.266	276
56.000	22.77	30.10	0.03	7.88	1.266	276
56.032	22.51	29.84	0.03	7.88	1.266	276
56.064	22.41	29.74	0.01	7.86	1.266	276
56.096	22.04	29.38	0.05	7.90	1.266	276
56.128	22.30	29.63	0.03	7.88	1.266	276
56.160	22.12	29.46	0.03	7.88	1.266	276
56.192	22.44	29.78	0.03	7.88	1.266	276
56.224	21.91	29.24	0.02	7.87	1.266	276
56.256	21.96	29.29	0.05	7.90	1.266	276
56.288	21.79	29.12	0.02	7.87	1.266	276
56.320	22.34	29.67	0.03	7.88	1.266	276
56.352	21.78	29.11	0.03	7.88	1.266	276
56.384	22.21	29.54	0.02	7.87	1.266	276
56.416	22.12	29.45	0.05	7.90	1.261	275
56.448	22.03	29.36	0.02	7.87	1.261	275
56.480	21.77	29.10	0.04	7.89	1.261	275
56.512	22.22	29.55	0.03	7.88	1.261	275
56.544	21.76	29.09	0.03	7.88	1.261	275
56.576	22.15	29.48	0.03	7.88	1.261	275
56.608	22.42	29.75	-0.00	7.85	1.261	275
56.640	22.53	29.86	0.01	7.86	1.261	275
56.672	22.55	29.88	0.00	7.85	1.261	275
56.704	22.51	29.84	0.00	7.85	1.261	275
56.736	22.80	30.13	0.03	7.88	1.261	275
56.768	22.56	29.89	-0.01	7.84	1.261	275
56.800	22.44	29.78	0.00	7.85	1.261	275
56.832	22.66	29.99	-0.00	7.85	1.261	275
56.864	22.81	30.15	-0.00	7.85	1.261	275
56.896	22.89	30.23	0.02	7.87	1.266	276
56.928	22.61	29.94	-0.01	7.83	1.266	276
56.960	22.61	29.94	0.01	7.86	1.266	276
56.992	22.83	30.17	-0.00	7.85	1.266	276
57.024	22.80	30.13	0.00	7.85	1.266	276
57.056	22.89	30.22	0.02	7.87	1.266	276
57.088	23.21	30.55	-0.01	7.84	1.266	276
57.120	22.90	30.23	0.01	7.85	1.266	276
57.152	22.80	30.13	-0.00	7.85	1.266	276
57.184	22.84	30.17	0.01	7.85	1.266	276
57.216	22.71	30.05	0.03	7.88	1.266	276
57.248	22.63	29.96	-0.00	7.84	1.266	276
57.280	22.92	30.25	0.02	7.87	1.266	276
57.312	22.89	30.23	-0.00	7.85	1.266	276
57.344	22.91	30.24	0.01	7.86	1.275	278
57.376	22.81	30.15	0.02	7.87	1.275	278
57.408	22.34	29.67	-0.00	7.84	1.275	278
57.440	22.71	30.04	0.01	7.86	1.275	278
57.472	22.81	30.14	-0.00	7.85	1.275	278
57.504	22.35	29.69	0.01	7.86	1.275	278
57.536	22.25	29.59	0.03	7.88	1.275	278
57.568	22.52	29.85	-0.00	7.85	1.275	278
57.600	22.05	29.38	0.01	7.86	1.275	278
57.632	21.83	29.17	-0.00	7.84	1.275	278
57.664	21.97	29.31	0.01	7.86	1.275	278
57.696	22.16	29.49	0.03	7.88	1.275	278
57.728	22.48	29.82	0.00	7.85	1.275	278
57.760	22.33	29.67	0.02	7.87	1.275	278
57.792	22.41	29.74	-0.00	7.85	1.275	278
57.824	22.04	29.38	0.02	7.87	1.275	278
57.856	22.14	29.47	0.02	7.87	1.275	278
57.888	22.41	29.74	-0.00	7.85	1.275	278
57.920	22.42	29.76	0.01	7.85	1.275	278
57.952	21.81	29.15	-0.01	7.84	1.275	278
57.984	22.41	29.75	0.01	7.86	1.275	278
58.016	22.52	29.85	0.01	7.86	1.275	278
58.048	22.55	29.88	-0.01	7.84	1.275	278
58.080	22.59	29.92	0.01	7.85	1.275	278
58.112	22.67	30.00	-0.01	7.83	1.275	278
58.144	22.59	29.92	0.01	7.86	1.275	278
58.176	22.54	29.87	0.01	7.86	1.275	278
58.208	22.68	30.01	-0.00	7.85	1.275	278
58.240	22.57	29.90	0.01	7.86	1.275	278
58.272	22.61	29.94	-0.01	7.83	1.266	276
58.304	22.75	30.09	0.01	7.86	1.266	276
58.336	22.60	29.93	0.01	7.86	1.266	276
58.368	22.75	30.08	-0.00	7.84	1.266	276
58.400	22.74	30.07	0.01	7.86	1.266	276
58.432	22.42	29.75	-0.01	7.84	1.266	276
58.464	22.48	29.81	0.02	7.87	1.266	276
58.496	22.66	29.99	0.01	7.86	1.266	276
58.528	22.60	29.94	-0.00	7.84	1.266	276
58.560	22.17	29.50	0.01	7.85	1.266	276
58.592	22.36	29.69	-0.01	7.84	1.266	276
58.624	22.69	30.03	0.02	7.87	1.266	276
58.656	21.84	29.18	0.01	7.86	1.266	276
58.688	21.99	29.32	-0.00	7.85	1.266	276
58.720	22.52	29.85	0.01	7.86	1.266	276
58.752	22.26	29.59	-0.01	7.84	1.266	276
58.784	22.21	29.54	0.02	7.87	1.266	276
58.816	21.73	29.07	0.01	7.86	1.266	276
58.848	22.11	29.44	0.00	7.85	1.266	276
58.880	21.81	29.14	0.01	7.86	1.266	276
58.912	22.17	29.51	-0.01	7.84	1.266	276
58.944	22.19	29.52	0.02	7.87	1.266	276
58.976	22.56	29.89	0.01	7.86	1.266	276
59.008	22.28	29.62	0.01	7.86	1.266	276
59.040	22.35	29.68	0.01	7.86	1.266	276
59.072	22.17	29.50	-0.01	7.84	1.266	276
59.104	22.39	29.72	0.02	7.87	1.266	276
59.136	22.58	29.91	0.01	7.86	1.266	276
59.168	22.66	29.99	0.01	7.85	1.266	276
59.200	22.68	30.01	0.01	7.85	1.266	276
59.232	22.49	29.83	-0.01	7.84	1.271	277
59.264	22.56	29.89	0.03	7.88	1.271	277
59.296	22.58	29.92	0.01	7.86	1.271	277
59.328	22.63	29.96	0.01	7.86	1.271	277
59.360	22.32	29.66	0.01	7.85	1.271	277
59.392	23.03	30.36	-0.00	7.85	1.271	277
59.424	22.80	30.13	0.03	7.88	1.271	277
59.456	22.71	30.04	0.00	7.85	1.271	277
59.488	22.90	30.23	0.01	7.85	1.271	277
59.520	22.40	29.74	0.01	7.85	1.271	277
59.552	22.41	29.74	-0.00	7.84	1.271	277
59.584	22.69	30.02	0.03	7.88	1.271	277
59.616	22.73	30.06	0.00	7.85	1.271	277
59.648	22.22	29.55	0.01	7.86	1.271	277
59.680	22.77	30.10	0.01	7.85	1.271	277
59.712	22.34	29.68	0.00	7.85	1.271	277
59.744	22.26	29.59	0.03	7.88	1.271	277
59.776	22.43	29.76	-0.00	7.85	1.271	277
59.808	22.08	29.41	0.01	7.86	1.271	277
59.840	22.13	29.46	0.02	7.87	1.271	277
59.872	22.27	29.60	0.03	7.88	1.271	277
59.904	21.94	29.27	0.04	7.88	1.271	277
59.936	22.41	29.74	0.02	7.87	1.271	277
59.968	22.01	29.34	0.01	7.86	1.271	277
60.000	21.96	29.29	0.01	7.86	1.271	277
60.032	22.17	29.51	0.00	7.85	1.271	277
60.064	21.76	29.09	0.04	7.88	1.271	277
60.096	22.13	29.46	0.01	7.86	1.271	277
60.128	22.31	29.64	0.03	7.88	1.271	277
60.160	13.38	20.71	0.02	7.87	1.266	276
60.192	-0.87	6.46	0.02	7.87	1.266	276
60.224	-2.65	4.68	0.02	7.87	1.266	276
60.256	0.20	7.53	-0.01	7.84	1.266	276
60.288	3.44	10.77	-0.00	7.85	1.266	276
60.320	1.15	8.49	0.01	7.86	1.266	276
60.352	-1.98	5.35	-0.02	7.83	1.266	276
60.384	0.54	7.88	0.01	7.86	1.266	276
60.416	1.70	9.03	-0.02	7.83	1.266	276
60.448	0.53	7.87	-0.01	7.84	1.266	276
60.480	-0.30	7.03	-0.01	7.84	1.266	276
60.512	0.28	7.61	-0.01	7.84	1.266	276
60.544	0.98	8.31	0.01	7.86	1.266	276
60.576	0.58	7.92	-0.03	7.82	1.266	276
60.608	0.06	7.39	-0.00	7.85	1.266	276
60.640	0.32	7.65	-0.02	7.83	0.138	30
60.672	0.63	7.97	-0.01	7.83	0.138	30
60.704	0.49	7.82	0.01	7.85	0.138	30
60.736	0.26	7.59	-0.03	7.82	0.138	30
60.768	0.34	7.67	-0.01	7.84	0.138	30
60.800	0.51	7.84	-0.02	7.83	0.138	30
60.832	0.44	7.77	-0.01	7.84	0.138	30
60.864	0.34	7.68	0.01	7.85	0.138	30
60.896	0.35	7.68	-0.02	7.83	0.138	30
60.928	0.42	7.75	-0.01	7.84	0.138	30
60.960	0.59	7.92	-0.02	7.83	0.138	30
60.992	0.18	7.51	-0.01	7.84	0.138	30
61.024	0.24	7.58	0.01	7.86	0.138	30
61.056	0.37	7.71	-0.02	7.83	0.138	30
61.088	0.36	7.69	-0.01	7.84	0.000	0
61.120	0.48	7.81	-0.01	7.83	0.000	0
61.152	0.27	7.60	-0.01	7.84	0.000	0
61.184	0.42	7.75	0.01	7.86	0.000	0
61.216	0.31	7.64	-0.02	7.83	0.000	0
61.248	0.34	7.67	-0.00	7.85	0.000	0
61.280	0.31	7.64	-0.02	7.83	0.000	0
61.312	0.37	7.70	-0.00	7.84	0.000	0
61.344	0.42	7.75	0.01	7.86	0.000	0
61.376	0.34	7.67	-0.02	7.83	0.000	0
61.408	0.38	7.71	-0.00	7.85	0.000	0
61.440	0.31	7.64	-0.02	7.83	0.000	0
61.472	0.41	7.74	-0.00	7.85	0.000	0
61.504	0.29	7.62	0.01	7.86	0.000	0
61.536	0.46	7.79	-0.02	7.83	0.000	0
61.568	0.32	7.65	-0.00	7.85	0.000	0
61.600	0.43	7.77	-0.02	7.83	0.000	0
61.632	0.36	7.69	-0.00	7.85	0.000	0
61.664	0.37	7.70	0.01	7.85	0.000	0
61.696	0.38	7.71	-0.02	7.83	0.000	0
61.728	0.35	7.68	-0.00	7.85	0.000	0
61.760	0.41	7.75	-0.02	7.83	0.000	0
61.792	0.34	7.68	0.00	7.85	0.000	0
61.824	0.42	7.75	0.01	7.86	0.000	0
61.856	0.32	7.65	-0.01	7.84	0.000	0
61.888	0.41	7.74	0.00	7.85	0.000	0
61.920	0.35	7.68	-0.02	7.83	0.000	0
61.952	0.38	7.71	0.00	7.85	0.000	0
61.984	0.36	7.69	0.01	7.86	0.000	0
62.016	0.37	7.71	-0.01	7.84	0.000	0
62.048	0.37	7.70	0.01	7.85	0.000	0
62.080	0.36	7.69	-0.02	7.83	0.000	0
62.112	0.38	7.71	0.01	7.86	0.000	0
62.144	0.36	7.69	0.01	7.86	0.000	0
62.176	0.38	7.71	-0.01	7.84	0.000	0
