Tempo(s)    P0(KPa) P0+Coluna(KPa)  P1(KPa) P1+Coluna(KPa)  Vazao(L/min)    Pulsos
0.000	-0.17	7.34	0.00	7.76	0.000	0
0.032	-0.14	7.37	0.00	7.76	0.000	0
0.064	-0.13	7.38	0.01	7.77	0.000	0
0.096	-0.14	7.37	-0.02	7.74	0.000	0
0.128	-0.15	7.36	0.01	7.77	0.000	0
0.160	-0.14	7.37	-0.01	7.75	0.000	0
0.192	-0.13	7.38	-0.01	7.75	0.000	0
0.224	-0.14	7.37	0.01	7.77	0.000	0
0.256	-0.14	7.37	-0.02	7.74	0.000	0
0.288	-0.14	7.37	0.00	7.76	0.000	0
0.320	-0.14	7.37	-0.01	7.75	0.000	0
0.352	-0.14	7.37	-0.01	7.75	0.000	0
0.384	-0.14	7.37	0.02	7.77	0.000	0
0.416	-0.14	7.37	-0.02	7.74	0.000	0
0.448	-0.13	7.38	0.00	7.76	0.000	0
0.480	-0.15	7.36	-0.01	7.75	0.000	0
0.512	-0.15	7.36	-0.01	7.74	0.000	0
0.544	-0.15	7.36	0.01	7.77	0.000	0
0.576	-0.14	7.37	-0.02	7.74	0.000	0
0.608	-0.15	7.36	-0.00	7.76	0.000	0
0.640	-0.15	7.35	-0.01	7.75	0.000	0
0.672	-0.16	7.35	-0.02	7.74	0.000	0
0.704	-0.15	7.35	0.01	7.77	0.000	0
0.736	-0.16	7.34	-0.01	7.75	0.000	0
0.768	-0.16	7.35	-0.01	7.75	0.000	0
0.800	-0.16	7.34	-0.01	7.75	0.000	0
0.832	-0.16	7.34	-0.03	7.73	0.000	0
0.864	-0.18	7.33	0.01	7.77	0.000	0
0.896	-0.18	7.33	0.00	7.76	0.000	0
0.928	-0.19	7.32	-0.01	7.75	0.000	0
0.960	-0.17	7.34	0.01	7.76	0.000	0
0.992	-0.17	7.34	-0.02	7.74	0.000	0
1.024	-0.18	7.33	0.01	7.77	0.000	0
1.056	-0.19	7.32	0.01	7.76	0.000	0
1.088	-0.17	7.34	-0.01	7.75	0.000	0
1.120	-0.19	7.32	0.01	7.76	0.000	0
1.152	-0.20	7.30	-0.02	7.74	0.000	0
1.184	-0.18	7.33	0.01	7.77	0.000	0
1.216	-0.18	7.33	0.01	7.77	0.000	0
1.248	-0.19	7.32	-0.01	7.75	0.000	0
1.280	-0.18	7.33	0.00	7.76	0.000	0
1.312	-0.19	7.32	-0.01	7.74	0.000	0
1.344	-0.18	7.33	0.00	7.76	0.000	0
1.376	-0.20	7.31	0.01	7.77	0.000	0
1.408	-0.20	7.31	-0.01	7.75	0.000	0
1.440	-0.22	7.29	0.01	7.77	0.000	0
1.472	-0.20	7.31	-0.01	7.75	0.000	0
1.504	-0.20	7.31	-0.00	7.76	0.000	0
1.536	-0.21	7.30	0.02	7.77	0.000	0
1.568	-0.21	7.30	-0.02	7.74	0.000	0
1.600	-0.20	7.30	0.01	7.77	0.000	0
1.632	-0.21	7.30	0.00	7.76	0.000	0
1.664	9.84	17.35	-0.01	7.75	0.000	0
1.696	22.82	30.33	0.01	7.77	0.000	0
1.728	18.44	25.95	-0.02	7.74	0.000	0
1.760	17.78	25.29	-0.00	7.76	0.000	0
1.792	17.39	24.90	-0.01	7.75	0.000	0
1.824	17.59	25.10	-0.02	7.73	0.000	0
1.856	17.45	24.96	0.01	7.77	0.000	0
1.888	17.19	24.70	-0.02	7.74	0.000	0
1.920	17.31	24.82	-0.01	7.75	0.000	0
1.952	17.50	25.01	-0.01	7.75	0.000	0
1.984	17.34	24.85	-0.02	7.73	0.000	0
2.016	17.36	24.87	0.01	7.76	0.000	0
2.048	17.47	24.98	-0.01	7.75	0.000	0
2.080	17.45	24.96	-0.01	7.75	0.000	0
2.112	17.45	24.96	0.00	7.76	1.161	253
2.144	17.56	25.07	-0.03	7.73	1.161	253
2.176	17.53	25.04	0.01	7.76	1.161	253
2.208	17.46	24.97	0.00	7.76	1.161	253
2.240	17.51	25.02	-0.01	7.75	1.161	253
2.272	17.57	25.08	0.00	7.76	1.161	253
2.304	17.55	25.05	-0.03	7.73	1.161	253
2.336	17.69	25.20	0.00	7.76	1.161	253
2.368	17.50	25.01	0.01	7.76	1.161	253
2.400	17.78	25.29	-0.01	7.74	1.161	253
2.432	17.80	25.31	0.00	7.76	1.161	253
2.464	17.86	25.37	-0.02	7.74	1.161	253
2.496	17.96	25.47	-0.01	7.75	1.161	253
2.528	18.02	25.53	0.01	7.76	1.161	253
2.560	17.94	25.45	-0.02	7.74	1.161	253
2.592	17.78	25.29	0.00	7.76	1.257	274
2.624	17.97	25.48	-0.02	7.74	1.257	274
2.656	17.54	25.05	-0.01	7.75	1.257	274
2.688	17.74	25.25	0.01	7.77	1.257	274
2.720	17.90	25.41	-0.02	7.73	1.257	274
2.752	17.90	25.41	0.00	7.76	1.257	274
2.784	17.94	25.45	-0.01	7.74	1.257	274
2.816	17.83	25.34	-0.02	7.74	1.257	274
2.848	17.99	25.50	0.01	7.77	1.257	274
2.880	17.69	25.20	-0.02	7.74	1.257	274
2.912	18.05	25.56	-0.00	7.75	1.257	274
2.944	17.74	25.25	-0.01	7.75	1.257	274
2.976	18.18	25.69	-0.02	7.74	1.257	274
3.008	18.10	25.61	0.01	7.76	1.257	274
3.040	17.98	25.49	-0.02	7.74	1.257	274
3.072	17.96	25.47	-0.01	7.75	1.248	272
3.104	17.66	25.17	-0.01	7.75	1.248	272
3.136	17.91	25.42	-0.03	7.72	1.248	272
3.168	18.10	25.61	0.01	7.76	1.248	272
3.200	18.61	26.12	-0.01	7.75	1.248	272
3.232	18.72	26.23	-0.01	7.75	1.248	272
3.264	18.68	26.19	-0.01	7.75	1.248	272
3.296	18.52	26.03	-0.03	7.73	1.248	272
3.328	18.50	26.01	-0.00	7.76	1.248	272
3.360	18.75	26.26	0.00	7.76	1.248	272
3.392	18.82	26.33	-0.02	7.74	1.248	272
3.424	18.76	26.27	-0.01	7.75	1.248	272
3.456	19.19	26.70	-0.03	7.73	1.248	272
3.488	19.02	26.53	-0.01	7.75	1.248	272
3.520	18.72	26.23	-0.00	7.76	1.243	271
3.552	18.35	25.85	-0.02	7.74	1.243	271
3.584	18.37	25.88	-0.00	7.75	1.243	271
3.616	18.27	25.78	-0.02	7.73	1.243	271
3.648	18.52	26.03	-0.01	7.75	1.243	271
3.680	18.40	25.91	0.00	7.76	1.243	271
3.712	18.39	25.90	-0.03	7.73	1.243	271
3.744	18.27	25.78	-0.00	7.76	1.243	271
3.776	18.10	25.61	-0.02	7.74	1.243	271
3.808	18.20	25.71	-0.02	7.74	1.243	271
3.840	17.46	24.97	0.01	7.76	1.243	271
3.872	17.52	25.03	-0.03	7.73	1.243	271
3.904	17.38	24.89	-0.01	7.75	1.243	271
3.936	17.46	24.97	-0.01	7.74	1.243	271
3.968	17.27	24.78	-0.02	7.73	1.243	271
4.000	17.21	24.72	0.00	7.76	1.252	273
4.032	17.08	24.59	-0.03	7.73	1.252	273
4.064	17.09	24.60	-0.01	7.75	1.252	273
4.096	16.81	24.32	-0.02	7.74	1.252	273
4.128	17.04	24.55	-0.03	7.73	1.252	273
4.160	16.80	24.31	-0.00	7.76	1.252	273
4.192	17.00	24.50	-0.01	7.75	1.252	273
4.224	16.88	24.39	-0.01	7.75	1.252	273
4.256	17.22	24.73	-0.01	7.75	1.252	273
4.288	16.97	24.48	-0.04	7.72	1.252	273
4.320	17.22	24.73	-0.00	7.75	1.252	273
4.352	17.02	24.53	-0.01	7.75	1.252	273
4.384	17.36	24.87	-0.02	7.74	1.252	273
4.416	17.30	24.81	-0.01	7.75	1.252	273
4.448	17.75	25.26	-0.03	7.73	1.252	273
4.480	17.57	25.08	-0.01	7.75	1.252	273
4.512	17.78	25.29	-0.01	7.75	1.252	273
4.544	18.00	25.51	-0.02	7.74	1.252	273
4.576	17.92	25.43	-0.01	7.75	1.252	273
4.608	18.10	25.61	-0.03	7.73	1.252	273
4.640	18.02	25.53	-0.02	7.74	1.252	273
4.672	18.06	25.57	-0.00	7.76	1.252	273
4.704	18.08	25.59	-0.03	7.73	1.252	273
4.736	17.92	25.43	-0.01	7.75	1.252	273
4.768	17.87	25.38	-0.02	7.73	1.252	273
4.800	17.89	25.40	-0.02	7.74	1.252	273
4.832	17.67	25.18	-0.00	7.76	1.252	273
4.864	17.81	25.32	-0.04	7.72	1.252	273
4.896	17.65	25.16	-0.01	7.75	1.252	273
4.928	17.73	25.24	-0.02	7.73	1.248	272
4.960	17.70	25.21	-0.02	7.74	1.248	272
4.992	17.86	25.37	0.00	7.76	1.248	272
5.024	17.82	25.33	-0.03	7.73	1.248	272
5.056	17.46	24.97	-0.01	7.75	1.248	272
5.088	17.95	25.46	-0.02	7.74	1.248	272
5.120	17.85	25.36	-0.03	7.73	1.248	272
5.152	17.82	25.33	-0.00	7.76	1.248	272
5.184	17.82	25.33	-0.02	7.74	1.248	272
5.216	17.73	25.24	-0.02	7.74	1.248	272
5.248	17.71	25.22	-0.01	7.75	1.248	272
5.280	17.60	25.11	-0.04	7.72	1.248	272
5.312	17.95	25.46	-0.01	7.75	1.248	272
5.344	17.83	25.34	-0.01	7.74	1.248	272
5.376	17.74	25.25	-0.02	7.74	1.248	272
5.408	17.65	25.16	-0.01	7.75	1.239	270
5.440	17.45	24.96	-0.03	7.72	1.239	270
5.472	17.55	25.05	-0.01	7.75	1.239	270
5.504	17.43	24.94	-0.01	7.75	1.239	270
5.536	17.44	24.95	-0.02	7.73	1.239	270
5.568	17.47	24.98	-0.01	7.75	1.239	270
5.600	17.40	24.91	-0.03	7.72	1.239	270
5.632	17.24	24.75	-0.01	7.74	1.239	270
5.664	17.61	25.12	-0.01	7.75	1.239	270
5.696	17.41	24.92	-0.03	7.73	1.239	270
5.728	17.43	24.94	-0.01	7.75	1.239	270
5.760	17.14	24.65	-0.03	7.73	1.239	270
5.792	17.26	24.77	-0.02	7.74	1.239	270
5.824	17.59	25.10	-0.00	7.75	1.239	270
5.856	17.44	24.95	-0.04	7.72	1.248	272
5.888	17.46	24.97	-0.01	7.75	1.248	272
5.920	17.36	24.87	-0.02	7.73	1.248	272
5.952	17.41	24.92	-0.02	7.73	1.248	272
5.984	17.14	24.65	0.00	7.76	1.248	272
6.016	17.56	25.07	-0.03	7.73	1.248	272
6.048	17.35	24.86	-0.01	7.75	1.248	272
6.080	17.48	24.99	-0.02	7.74	1.248	272
6.112	17.26	24.77	-0.03	7.73	1.248	272
6.144	17.55	25.06	0.00	7.76	1.248	272
6.176	17.30	24.81	-0.02	7.74	1.248	272
6.208	17.42	24.93	-0.01	7.75	1.248	272
6.240	17.42	24.93	-0.02	7.74	1.248	272
6.272	17.37	24.88	-0.04	7.72	1.248	272
6.304	17.40	24.91	-0.00	7.75	1.248	272
6.336	17.26	24.77	-0.02	7.74	1.257	274
6.368	17.21	24.72	-0.01	7.74	1.257	274
6.400	17.31	24.82	-0.01	7.75	1.257	274
6.432	17.36	24.87	-0.04	7.72	1.257	274
6.464	17.40	24.91	-0.01	7.75	1.257	274
6.496	17.56	25.07	-0.01	7.75	1.257	274
6.528	17.48	24.99	-0.02	7.73	1.257	274
6.560	17.27	24.78	-0.01	7.75	1.257	274
6.592	17.55	25.06	-0.03	7.72	1.257	274
6.624	17.44	24.95	-0.01	7.74	1.257	274
6.656	17.40	24.91	-0.01	7.75	1.257	274
6.688	17.36	24.87	-0.03	7.73	1.257	274
6.720	17.52	25.03	-0.01	7.75	1.257	274
6.752	17.67	25.18	-0.03	7.72	1.257	274
6.784	17.50	25.00	-0.02	7.74	1.257	274
6.816	17.48	24.99	-0.00	7.75	1.252	273
6.848	17.35	24.86	-0.03	7.72	1.252	273
6.880	17.70	25.21	-0.01	7.75	1.252	273
6.912	17.19	24.70	-0.02	7.73	1.252	273
6.944	17.39	24.90	-0.02	7.73	1.252	273
6.976	17.27	24.78	-0.00	7.75	1.252	273
7.008	17.53	25.04	-0.03	7.73	1.252	273
7.040	17.16	24.67	-0.01	7.75	1.252	273
7.072	17.24	24.74	-0.02	7.74	1.252	273
7.104	17.19	24.70	-0.03	7.73	1.252	273
7.136	17.30	24.81	-0.01	7.75	1.252	273
7.168	17.06	24.57	-0.02	7.73	1.252	273
7.200	17.50	25.01	-0.01	7.74	1.252	273
7.232	17.22	24.73	-0.01	7.74	1.252	273
7.264	17.47	24.98	-0.04	7.72	1.252	273
7.296	17.53	25.04	-0.00	7.76	1.252	273
7.328	17.68	25.19	-0.01	7.74	1.252	273
7.360	17.71	25.22	-0.02	7.74	1.252	273
7.392	17.98	25.49	-0.01	7.74	1.252	273
7.424	17.84	25.35	-0.04	7.72	1.252	273
7.456	17.87	25.38	-0.01	7.75	1.252	273
7.488	17.58	25.09	-0.01	7.75	1.252	273
7.520	17.75	25.26	-0.02	7.74	1.252	273
7.552	17.51	25.02	-0.01	7.75	1.252	273
7.584	17.45	24.96	-0.04	7.72	1.252	273
7.616	17.57	25.08	-0.01	7.74	1.252	273
7.648	17.83	25.34	-0.00	7.75	1.252	273
7.680	17.74	25.25	-0.03	7.73	1.252	273
7.712	17.92	25.43	-0.01	7.75	1.252	273
7.744	17.64	25.15	-0.03	7.73	1.257	274
7.776	17.88	25.39	-0.03	7.73	1.257	274
7.808	17.42	24.93	-0.00	7.75	1.257	274
7.840	17.86	25.37	-0.04	7.72	1.257	274
7.872	17.65	25.16	-0.01	7.75	1.257	274
7.904	17.60	25.11	-0.02	7.74	1.257	274
7.936	17.70	25.21	-0.03	7.73	1.257	274
7.968	17.50	25.01	0.00	7.76	1.257	274
8.000	17.60	25.10	-0.03	7.73	1.257	274
8.032	17.68	25.19	-0.01	7.75	1.257	274
8.064	17.74	25.25	-0.02	7.74	1.257	274
8.096	17.85	25.35	-0.03	7.73	1.257	274
8.128	17.80	25.30	-0.00	7.76	1.257	274
8.160	17.94	25.45	-0.02	7.74	1.257	274
8.192	17.91	25.42	-0.01	7.75	1.261	275
8.224	17.84	25.35	-0.01	7.75	1.261	275
8.256	17.75	25.26	-0.04	7.72	1.261	275
8.288	17.80	25.31	-0.00	7.76	1.261	275
8.320	17.71	25.22	-0.01	7.74	1.261	275
8.352	18.19	25.70	-0.02	7.74	1.261	275
8.384	18.13	25.64	-0.01	7.75	1.261	275
8.416	18.11	25.62	-0.03	7.72	1.261	275
8.448	18.17	25.68	-0.01	7.75	1.261	275
8.480	18.02	25.53	-0.01	7.75	1.261	275
8.512	18.13	25.64	-0.02	7.73	1.261	275
8.544	18.25	25.76	-0.01	7.75	1.261	275
8.576	17.91	25.42	-0.02	7.74	1.261	275
8.608	18.27	25.78	-0.01	7.75	1.261	275
8.640	18.03	25.54	0.00	7.76	1.261	275
8.672	18.14	25.65	-0.03	7.73	1.252	273
8.704	18.19	25.70	-0.00	7.76	1.252	273
8.736	18.18	25.69	-0.02	7.74	1.252	273
8.768	18.26	25.77	-0.02	7.74	1.252	273
8.800	18.08	25.59	0.00	7.76	1.252	273
8.832	18.40	25.91	-0.03	7.73	1.252	273
8.864	18.32	25.83	-0.00	7.76	1.252	273
8.896	18.28	25.79	-0.02	7.74	1.252	273
8.928	18.14	25.65	-0.02	7.74	1.252	273
8.960	18.22	25.73	0.01	7.76	1.252	273
8.992	18.12	25.63	-0.02	7.74	1.252	273
9.024	18.19	25.69	-0.00	7.75	1.252	273
9.056	18.09	25.60	-0.01	7.75	1.252	273
9.088	18.15	25.66	-0.03	7.73	1.252	273
9.120	18.23	25.74	0.00	7.76	1.252	273
9.152	18.13	25.64	-0.01	7.74	1.261	275
9.184	18.11	25.62	-0.01	7.75	1.261	275
9.216	18.01	25.52	-0.01	7.75	1.261	275
9.248	18.03	25.54	-0.04	7.72	1.261	275
9.280	17.79	25.30	0.00	7.76	1.261	275
9.312	17.89	25.40	-0.01	7.75	1.261	275
9.344	17.84	25.35	-0.02	7.74	1.261	275
9.376	17.79	25.29	-0.01	7.75	1.261	275
9.408	18.15	25.65	-0.03	7.73	1.261	275
9.440	17.80	25.31	-0.01	7.75	1.261	275
9.472	17.81	25.32	-0.00	7.75	1.261	275
9.504	17.56	25.07	-0.02	7.74	1.261	275
9.536	17.59	25.09	-0.01	7.75	1.261	275
9.568	17.65	25.16	-0.03	7.73	1.261	275
9.600	17.44	24.95	-0.01	7.75	1.261	275
9.632	17.38	24.89	-0.00	7.76	1.261	275
9.664	17.29	24.80	-0.03	7.73	1.261	275
9.696	17.33	24.84	-0.00	7.75	1.261	275
9.728	16.86	24.37	-0.02	7.74	1.261	275
9.760	17.37	24.88	-0.01	7.74	1.261	275
9.792	17.59	25.10	0.01	7.77	1.261	275
9.824	17.59	25.10	-0.03	7.73	1.261	275
9.856	18.14	25.65	-0.01	7.75	1.261	275
9.888	17.94	25.45	-0.01	7.75	1.261	275
9.920	18.12	25.63	-0.02	7.74	1.261	275
9.952	18.05	25.56	0.01	7.76	1.261	275
9.984	17.90	25.41	-0.02	7.74	1.261	275
10.016	18.18	25.69	-0.01	7.75	1.261	275
10.048	17.86	25.37	-0.01	7.74	1.261	275
10.080	17.79	25.30	-0.03	7.73	1.261	275
10.112	17.77	25.28	0.00	7.76	1.261	275
10.144	17.53	25.04	-0.01	7.75	1.261	275
10.176	17.44	24.95	-0.01	7.75	1.261	275
10.208	17.75	25.25	-0.01	7.75	1.261	275
10.240	17.79	25.30	-0.04	7.72	1.261	275
10.272	17.75	25.26	0.00	7.76	1.261	275
10.304	17.52	25.03	-0.00	7.75	1.261	275
10.336	17.80	25.30	-0.01	7.74	1.261	275
10.368	17.59	25.09	-0.01	7.75	1.261	275
10.400	17.71	25.22	-0.03	7.73	1.261	275
10.432	17.84	25.35	-0.00	7.75	1.261	275
10.464	17.60	25.11	-0.00	7.75	1.261	275
10.496	17.69	25.19	-0.02	7.74	1.261	275
10.528	17.85	25.36	-0.01	7.75	1.261	275
10.560	17.71	25.22	-0.02	7.73	1.257	274
10.592	17.87	25.38	-0.01	7.75	1.257	274
10.624	17.89	25.40	0.00	7.76	1.257	274
10.656	17.49	24.99	-0.02	7.73	1.257	274
10.688	17.26	24.77	-0.00	7.76	1.257	274
10.720	17.40	24.91	-0.02	7.74	1.257	274
10.752	17.85	25.36	-0.02	7.74	1.257	274
10.784	17.40	24.91	0.01	7.77	1.257	274
10.816	17.63	25.14	-0.03	7.73	1.257	274
10.848	17.51	25.02	0.00	7.76	1.257	274
10.880	18.00	25.51	-0.01	7.74	1.257	274
10.912	17.85	25.36	-0.02	7.74	1.257	274
10.944	18.02	25.53	0.00	7.76	1.257	274
10.976	18.11	25.62	-0.02	7.74	1.257	274
11.008	17.88	25.39	-0.00	7.75	1.257	274
11.040	18.11	25.62	-0.01	7.75	1.257	274
11.072	17.75	25.26	-0.03	7.73	1.257	274
11.104	17.54	25.05	0.01	7.76	1.257	274
11.136	17.87	25.38	-0.02	7.74	1.257	274
11.168	17.77	25.28	-0.01	7.75	1.257	274
11.200	17.90	25.41	-0.01	7.75	1.257	274
11.232	17.92	25.43	-0.03	7.73	1.257	274
11.264	17.73	25.24	0.01	7.76	1.257	274
11.296	18.04	25.54	-0.01	7.75	1.257	274
11.328	17.80	25.31	-0.01	7.74	1.257	274
11.360	17.90	25.41	-0.00	7.75	1.257	274
11.392	17.69	25.19	-0.03	7.73	1.257	274
11.424	17.84	25.35	-0.00	7.76	1.257	274
11.456	17.82	25.33	-0.00	7.76	1.257	274
11.488	17.71	25.22	-0.01	7.75	1.261	275
11.520	17.84	25.35	-0.00	7.76	1.261	275
11.552	17.78	25.29	-0.02	7.73	1.261	275
11.584	17.99	25.49	-0.01	7.75	1.261	275
11.616	17.85	25.36	-0.00	7.76	1.261	275
11.648	17.93	25.44	-0.02	7.74	1.261	275
11.680	17.87	25.38	0.01	7.76	1.261	275
11.712	17.84	25.35	-0.01	7.74	1.261	275
11.744	17.76	25.27	-0.01	7.75	1.261	275
11.776	17.84	25.34	0.01	7.77	1.261	275
11.808	17.67	25.18	-0.02	7.74	1.261	275
11.840	17.63	25.14	0.01	7.76	1.261	275
11.872	17.72	25.23	-0.02	7.74	1.261	275
11.904	17.75	25.25	-0.01	7.74	1.261	275
11.936	17.77	25.28	0.01	7.77	1.261	275
11.968	17.55	25.06	-0.02	7.73	1.261	275
12.000	17.63	25.14	0.00	7.76	1.261	275
12.032	17.84	25.34	-0.01	7.75	1.261	275
12.064	17.93	25.44	-0.02	7.74	1.261	275
12.096	17.53	25.04	0.01	7.77	1.261	275
12.128	17.74	25.25	-0.01	7.75	1.261	275
12.160	17.54	25.04	0.00	7.76	1.261	275
12.192	17.59	25.10	-0.01	7.75	1.261	275
12.224	17.54	25.05	-0.02	7.74	1.261	275
12.256	17.48	24.99	0.01	7.77	1.261	275
12.288	17.64	25.15	-0.01	7.75	1.261	275
12.320	17.23	24.74	-0.00	7.75	1.261	275
12.352	17.58	25.09	-0.00	7.76	1.261	275
12.384	17.60	25.11	-0.02	7.74	1.261	275
12.416	17.68	25.19	0.01	7.77	1.261	275
12.448	17.55	25.06	-0.00	7.75	1.261	275
12.480	17.59	25.10	-0.01	7.75	1.261	275
12.512	17.27	24.78	0.00	7.76	1.261	275
12.544	17.36	24.87	-0.02	7.73	1.261	275
12.576	17.61	25.12	0.00	7.76	1.261	275
12.608	17.46	24.97	0.00	7.76	1.261	275
12.640	17.31	24.82	-0.01	7.74	1.261	275
12.672	17.31	24.82	0.00	7.76	1.261	275
12.704	17.57	25.08	-0.02	7.74	1.261	275
12.736	17.24	24.74	-0.00	7.75	1.261	275
12.768	17.44	24.95	0.01	7.76	1.261	275
12.800	17.23	24.74	-0.02	7.74	1.261	275
12.832	17.52	25.03	0.00	7.76	1.261	275
12.864	17.34	24.85	-0.02	7.74	1.261	275
12.896	17.18	24.69	-0.01	7.75	1.257	274
12.928	17.06	24.57	0.01	7.77	1.257	274
12.960	17.07	24.58	-0.02	7.74	1.257	274
12.992	17.22	24.73	0.01	7.76	1.257	274
13.024	17.12	24.63	-0.01	7.75	1.257	274
13.056	17.22	24.73	-0.01	7.75	1.257	274
13.088	17.11	24.62	0.02	7.77	1.257	274
13.120	17.09	24.60	-0.02	7.74	1.257	274
13.152	16.91	24.42	0.01	7.76	1.257	274
13.184	16.89	24.40	0.00	7.76	1.257	274
13.216	16.85	24.36	-0.01	7.75	1.257	274
13.248	16.95	24.45	0.02	7.77	1.257	274
13.280	16.81	24.32	-0.01	7.75	1.257	274
13.312	16.76	24.27	0.01	7.77	1.257	274
13.344	17.20	24.71	0.00	7.76	1.257	274
13.376	16.82	24.33	-0.02	7.74	1.257	274
13.408	16.82	24.33	0.02	7.78	1.257	274
13.440	16.90	24.41	0.00	7.76	1.257	274
13.472	16.73	24.24	0.00	7.76	1.257	274
13.504	16.97	24.48	0.00	7.76	1.257	274
13.536	16.83	24.34	-0.03	7.73	1.257	274
13.568	16.60	24.11	0.01	7.77	1.257	274
13.600	16.87	24.38	0.00	7.76	1.257	274
13.632	16.79	24.30	-0.00	7.76	1.257	274
13.664	16.76	24.27	0.01	7.77	1.257	274
13.696	16.57	24.08	-0.02	7.74	1.257	274
13.728	16.49	24.00	0.01	7.77	1.257	274
13.760	16.58	24.09	0.01	7.77	1.257	274
13.792	16.55	24.06	-0.01	7.75	1.257	274
13.824	16.81	24.32	0.02	7.77	1.257	274
13.856	16.76	24.27	-0.01	7.75	1.257	274
13.888	16.63	24.14	0.00	7.76	1.257	274
13.920	16.64	24.14	0.02	7.78	1.257	274
13.952	16.73	24.24	-0.01	7.75	1.257	274
13.984	16.71	24.22	0.01	7.77	1.257	274
14.016	17.16	24.67	-0.01	7.75	1.257	274
14.048	17.42	24.93	0.00	7.76	1.257	274
14.080	17.12	24.63	0.02	7.77	1.257	274
14.112	16.74	24.25	-0.01	7.75	1.257	274
14.144	16.88	24.39	0.01	7.77	1.257	274
14.176	16.71	24.22	-0.01	7.75	1.257	274
14.208	16.78	24.29	-0.00	7.75	1.257	274
14.240	16.80	24.31	0.02	7.78	1.257	274
14.272	16.72	24.23	-0.01	7.75	1.257	274
14.304	16.67	24.18	0.01	7.77	1.261	275
14.336	16.59	24.10	0.00	7.76	1.261	275
14.368	16.63	24.14	-0.01	7.75	1.261	275
14.400	16.98	24.49	0.01	7.77	1.261	275
14.432	16.85	24.35	-0.01	7.75	1.261	275
14.464	17.11	24.62	0.01	7.77	1.261	275
14.496	16.50	24.01	0.00	7.76	1.261	275
14.528	16.58	24.09	-0.02	7.74	1.261	275
14.560	16.34	23.85	0.02	7.77	1.261	275
14.592	17.01	24.52	0.00	7.76	1.261	275
14.624	17.10	24.61	0.00	7.76	1.261	275
14.656	16.76	24.27	0.01	7.76	1.261	275
14.688	16.68	24.19	-0.02	7.74	1.261	275
14.720	16.72	24.23	0.02	7.78	1.261	275
14.752	17.25	24.75	0.01	7.77	1.257	274
14.784	16.62	24.13	-0.00	7.76	1.257	274
14.816	17.04	24.55	0.01	7.77	1.257	274
14.848	17.19	24.70	-0.02	7.74	1.257	274
14.880	16.86	24.37	0.02	7.77	1.257	274
14.912	16.65	24.16	0.01	7.77	1.257	274
14.944	16.99	24.50	-0.00	7.76	1.257	274
14.976	16.79	24.29	0.02	7.78	1.257	274
15.008	16.49	24.00	-0.01	7.75	1.257	274
15.040	16.25	23.76	0.02	7.77	1.257	274
15.072	16.65	24.15	0.02	7.78	1.257	274
15.104	16.75	24.26	-0.00	7.76	1.257	274
15.136	16.77	24.28	0.01	7.77	1.257	274
15.168	16.55	24.06	-0.01	7.75	1.257	274
15.200	16.63	24.14	0.01	7.76	1.257	274
15.232	16.77	24.28	0.02	7.78	1.257	274
15.264	16.51	24.02	-0.02	7.74	1.257	274
15.296	16.50	24.01	0.01	7.77	1.257	274
15.328	16.58	24.09	-0.00	7.75	1.257	274
15.360	16.51	24.02	0.00	7.76	1.257	274
15.392	16.28	23.79	0.03	7.78	1.257	274
15.424	16.21	23.72	-0.01	7.75	1.257	274
15.456	16.25	23.76	0.02	7.78	1.257	274
15.488	16.18	23.69	0.01	7.77	1.257	274
15.520	16.35	23.86	-0.00	7.76	1.257	274
15.552	16.32	23.83	0.02	7.78	1.257	274
15.584	16.03	23.54	-0.01	7.75	1.257	274
15.616	16.39	23.90	0.02	7.78	1.257	274
15.648	16.23	23.74	0.01	7.77	1.257	274
15.680	16.23	23.74	-0.00	7.75	1.257	274
15.712	16.25	23.76	0.02	7.78	1.252	273
15.744	16.39	23.90	-0.00	7.76	1.252	273
15.776	16.45	23.96	0.01	7.77	1.252	273
15.808	16.70	24.21	0.00	7.76	1.252	273
15.840	16.94	24.45	-0.02	7.74	1.252	273
15.872	16.03	23.54	0.02	7.78	1.252	273
15.904	16.34	23.85	0.01	7.77	1.252	273
15.936	16.16	23.67	0.01	7.77	1.252	273
15.968	16.16	23.67	0.02	7.78	1.252	273
16.000	16.50	24.01	-0.02	7.74	1.252	273
16.032	16.23	23.74	0.02	7.78	1.252	273
16.064	16.24	23.75	0.02	7.78	1.252	273
16.096	16.30	23.81	0.00	7.76	1.252	273
16.128	16.27	23.78	0.02	7.78	1.252	273
16.160	16.52	24.03	-0.01	7.75	1.252	273
16.192	15.99	23.50	0.02	7.77	1.252	273
16.224	16.11	23.62	0.02	7.78	1.252	273
16.256	16.20	23.71	-0.00	7.76	1.252	273
16.288	16.75	24.26	0.01	7.76	1.252	273
16.320	16.47	23.98	-0.01	7.74	1.252	273
16.352	16.42	23.93	-0.00	7.76	1.252	273
16.384	16.43	23.94	0.02	7.78	1.252	273
16.416	16.36	23.87	-0.02	7.74	1.252	273
16.448	16.34	23.85	0.01	7.77	1.252	273
16.480	16.32	23.83	-0.01	7.75	1.252	273
16.512	16.44	23.95	-0.01	7.75	1.252	273
16.544	16.39	23.90	0.01	7.77	1.252	273
16.576	16.23	23.74	-0.02	7.74	1.252	273
16.608	16.79	24.30	0.01	7.77	1.252	273
16.640	16.53	24.04	-0.00	7.76	1.252	273
16.672	16.26	23.77	-0.01	7.75	1.252	273
16.704	16.09	23.60	0.02	7.77	1.252	273
16.736	16.83	24.34	-0.01	7.74	1.252	273
16.768	16.79	24.30	0.01	7.77	1.252	273
16.800	16.86	24.37	0.00	7.76	1.252	273
16.832	17.09	24.60	-0.02	7.74	1.252	273
16.864	16.98	24.49	0.02	7.78	1.252	273
16.896	17.01	24.52	-0.00	7.76	1.252	273
16.928	17.30	24.81	-0.00	7.76	1.252	273
16.960	17.01	24.52	0.01	7.76	1.252	273
16.992	16.87	24.38	-0.02	7.74	1.252	273
17.024	17.15	24.65	0.01	7.77	1.252	273
17.056	16.93	24.44	0.01	7.77	1.252	273
17.088	16.65	24.16	0.00	7.76	1.257	274
17.120	17.10	24.61	0.01	7.77	1.257	274
17.152	16.75	24.26	-0.02	7.74	1.257	274
17.184	16.72	24.23	0.01	7.77	1.257	274
17.216	16.83	24.34	0.01	7.77	1.257	274
17.248	16.75	24.25	-0.00	7.75	1.257	274
17.280	16.99	24.50	0.01	7.77	1.257	274
17.312	16.68	24.19	-0.01	7.75	1.257	274
17.344	17.08	24.59	0.01	7.77	1.257	274
17.376	16.85	24.36	0.02	7.77	1.257	274
17.408	16.86	24.37	-0.01	7.75	1.257	274
17.440	16.70	24.21	0.01	7.77	1.257	274
17.472	16.89	24.39	-0.01	7.75	1.257	274
17.504	16.92	24.43	-0.01	7.75	1.257	274
17.536	16.68	24.19	0.02	7.78	1.257	274
17.568	16.69	24.20	-0.02	7.74	1.257	274
17.600	16.90	24.41	0.01	7.77	1.257	274
17.632	16.72	24.23	-0.01	7.75	1.257	274
17.664	16.60	24.11	-0.01	7.75	1.257	274
17.696	16.71	24.22	0.02	7.77	1.257	274
17.728	16.81	24.32	-0.02	7.74	1.257	274
17.760	16.74	24.25	0.01	7.77	1.257	274
17.792	16.91	24.42	-0.00	7.76	1.257	274
17.824	16.74	24.24	-0.01	7.75	1.257	274
17.856	16.89	24.40	0.02	7.78	1.257	274
17.888	16.76	24.27	-0.01	7.75	1.257	274
17.920	16.76	24.27	0.01	7.77	1.257	274
17.952	16.29	23.80	0.00	7.76	1.257	274
17.984	15.88	23.39	-0.01	7.74	1.257	274
18.016	15.85	23.36	0.01	7.77	1.257	274
18.048	16.09	23.60	0.00	7.76	1.257	274
18.080	16.83	24.34	0.01	7.76	1.257	274
18.112	16.70	24.21	0.01	7.77	1.257	274
18.144	16.71	24.22	-0.02	7.74	1.257	274
18.176	16.51	24.02	0.01	7.77	1.257	274
18.208	16.46	23.97	0.00	7.76	1.257	274
18.240	16.67	24.18	0.00	7.76	1.257	274
18.272	17.03	24.54	0.01	7.77	1.257	274
18.304	16.87	24.38	-0.02	7.73	1.257	274
18.336	16.75	24.25	0.01	7.77	1.257	274
18.368	17.14	24.65	0.01	7.77	1.257	274
18.400	16.83	24.34	-0.01	7.75	1.257	274
18.432	16.67	24.18	0.01	7.77	1.257	274
18.464	16.61	24.12	-0.02	7.74	1.257	274
18.496	16.52	24.03	0.01	7.76	1.261	275
18.528	16.57	24.08	0.02	7.77	1.261	275
18.560	16.74	24.25	-0.01	7.75	1.261	275
18.592	16.93	24.44	0.01	7.77	1.261	275
18.624	16.36	23.87	-0.01	7.75	1.261	275
18.656	16.70	24.21	-0.00	7.76	1.261	275
18.688	16.85	24.36	0.02	7.77	1.261	275
18.720	16.67	24.18	-0.02	7.74	1.261	275
18.752	16.41	23.92	0.01	7.77	1.261	275
18.784	16.41	23.92	-0.01	7.75	1.261	275
18.816	16.55	24.06	-0.01	7.75	1.261	275
18.848	16.40	23.91	0.02	7.78	1.261	275
18.880	16.46	23.97	-0.02	7.74	1.261	275
18.912	17.03	24.54	0.01	7.77	1.261	275
18.944	16.44	23.94	0.00	7.76	1.261	275
18.976	17.14	24.64	-0.01	7.74	1.261	275
19.008	16.85	24.36	0.01	7.77	1.261	275
19.040	16.86	24.37	-0.01	7.75	1.261	275
19.072	16.95	24.46	0.01	7.76	1.261	275
19.104	16.89	24.40	0.00	7.76	1.261	275
19.136	16.82	24.33	-0.01	7.74	1.261	275
19.168	16.81	24.32	0.01	7.77	1.261	275
19.200	16.89	24.40	-0.01	7.75	1.261	275
19.232	16.89	24.40	0.01	7.76	1.261	275
19.264	16.96	24.47	0.00	7.76	1.261	275
19.296	16.75	24.26	-0.02	7.73	1.261	275
19.328	16.60	24.11	0.01	7.77	1.261	275
19.360	16.72	24.23	0.00	7.76	1.261	275
19.392	16.81	24.32	-0.00	7.76	1.261	275
19.424	16.28	23.79	0.01	7.76	1.261	275
19.456	15.86	23.37	-0.02	7.74	1.257	274
19.488	16.02	23.53	0.01	7.77	1.257	274
19.520	16.25	23.76	0.01	7.77	1.257	274
19.552	16.47	23.98	-0.00	7.75	1.257	274
19.584	15.59	23.10	0.01	7.77	1.257	274
19.616	15.65	23.16	-0.02	7.74	1.257	274
19.648	15.75	23.26	0.01	7.76	1.257	274
19.680	15.97	23.48	0.01	7.77	1.257	274
19.712	16.26	23.77	-0.01	7.75	1.257	274
19.744	16.64	24.15	0.01	7.77	1.257	274
19.776	16.59	24.10	-0.01	7.75	1.257	274
19.808	16.46	23.97	0.00	7.76	1.257	274
19.840	15.58	23.09	0.02	7.77	1.257	274
19.872	15.69	23.20	-0.02	7.74	1.257	274
19.904	15.56	23.07	0.01	7.77	1.261	275
19.936	15.52	23.03	-0.01	7.75	1.261	275
19.968	15.66	23.17	-0.01	7.75	1.261	275
20.000	15.76	23.27	0.02	7.78	1.261	275
20.032	15.34	22.84	-0.02	7.74	1.261	275
20.064	16.04	23.54	0.01	7.77	1.261	275
20.096	15.55	23.06	-0.01	7.75	1.261	275
20.128	15.45	22.96	-0.01	7.75	1.261	275
20.160	15.39	22.90	0.02	7.78	1.261	275
20.192	16.05	23.56	-0.01	7.75	1.261	275
20.224	15.73	23.24	0.01	7.77	1.261	275
20.256	16.02	23.53	0.00	7.76	1.261	275
20.288	16.28	23.79	-0.02	7.74	1.261	275
20.320	16.19	23.70	0.01	7.77	1.261	275
20.352	16.61	24.12	-0.00	7.76	1.261	275
20.384	16.16	23.67	0.00	7.76	1.257	274
20.416	16.20	23.71	0.00	7.76	1.257	274
20.448	16.31	23.82	-0.02	7.74	1.257	274
20.480	16.39	23.90	0.01	7.77	1.257	274
20.512	16.59	24.10	0.01	7.77	1.257	274
20.544	16.96	24.47	-0.00	7.75	1.257	274
20.576	16.92	24.43	0.01	7.77	1.257	274
20.608	16.62	24.13	-0.02	7.74	1.257	274
20.640	15.87	23.38	0.01	7.77	1.257	274
20.672	16.13	23.64	0.01	7.76	1.257	274
20.704	15.63	23.14	-0.01	7.75	1.257	274
20.736	15.74	23.25	0.01	7.77	1.257	274
20.768	15.90	23.40	-0.01	7.75	1.257	274
20.800	16.98	24.49	0.00	7.76	1.257	274
20.832	15.90	23.41	0.01	7.77	1.257	274
20.864	16.52	24.03	-0.01	7.74	1.257	274
20.896	16.59	24.10	0.01	7.77	1.257	274
20.928	16.80	24.30	-0.01	7.75	1.257	274
20.960	16.57	24.08	-0.01	7.75	1.257	274
20.992	16.53	24.04	0.02	7.77	1.257	274
21.024	16.62	24.13	-0.02	7.74	1.257	274
21.056	16.71	24.22	0.01	7.77	1.257	274
21.088	16.38	23.89	-0.01	7.75	1.257	274
21.120	16.78	24.29	-0.00	7.75	1.257	274
21.152	16.42	23.93	0.02	7.78	1.257	274
21.184	16.47	23.98	-0.01	7.74	1.257	274
21.216	16.39	23.90	0.01	7.77	1.257	274
21.248	16.56	24.07	-0.00	7.76	1.257	274
21.280	16.56	24.07	-0.01	7.75	1.257	274
21.312	16.52	24.03	0.01	7.77	1.257	274
21.344	17.02	24.53	-0.01	7.75	1.257	274
21.376	16.45	23.95	0.01	7.76	1.257	274
21.408	16.58	24.09	0.01	7.76	1.257	274
21.440	16.38	23.89	-0.02	7.73	1.257	274
21.472	16.10	23.61	0.02	7.77	1.257	274
21.504	16.88	24.39	0.00	7.76	1.257	274
21.536	16.59	24.10	0.00	7.76	1.257	274
21.568	16.92	24.43	0.00	7.76	1.257	274
21.600	16.96	24.47	-0.02	7.74	1.257	274
21.632	16.90	24.40	0.01	7.77	1.257	274
21.664	16.85	24.36	0.01	7.77	1.257	274
21.696	16.64	24.14	-0.01	7.75	1.257	274
21.728	16.76	24.27	0.01	7.77	1.257	274
21.760	16.99	24.50	-0.02	7.74	1.257	274
21.792	16.90	24.41	0.00	7.76	1.257	274
21.824	16.93	24.44	0.01	7.77	1.257	274
21.856	16.82	24.33	-0.01	7.74	1.257	274
21.888	16.89	24.39	0.01	7.76	1.257	274
21.920	16.91	24.42	-0.02	7.74	1.257	274
21.952	17.19	24.69	-0.01	7.75	1.257	274
21.984	17.02	24.53	0.01	7.77	1.257	274
22.016	16.78	24.29	-0.02	7.74	1.257	274
22.048	17.05	24.55	0.01	7.77	1.257	274
22.080	17.07	24.58	-0.01	7.75	1.257	274
22.112	16.95	24.45	-0.01	7.75	1.257	274
22.144	16.90	24.41	0.02	7.77	1.257	274
22.176	16.91	24.42	-0.02	7.74	1.257	274
22.208	16.67	24.18	0.01	7.77	1.257	274
22.240	16.75	24.25	-0.00	7.76	1.261	275
22.272	16.25	23.76	-0.01	7.75	1.261	275
22.304	16.32	23.83	0.02	7.78	1.261	275
22.336	16.45	23.96	-0.01	7.75	1.261	275
22.368	16.23	23.74	0.01	7.77	1.261	275
22.400	16.48	23.99	-0.00	7.76	1.261	275
22.432	17.14	24.65	-0.01	7.75	1.261	275
22.464	16.46	23.97	0.01	7.77	1.261	275
22.496	16.87	24.38	-0.00	7.76	1.261	275
22.528	17.14	24.65	0.00	7.76	1.261	275
22.560	16.56	24.07	0.01	7.77	1.261	275
22.592	16.38	23.89	-0.02	7.73	1.261	275
22.624	16.29	23.80	0.01	7.77	1.261	275
22.656	16.24	23.75	0.01	7.76	1.261	275
22.688	16.50	24.01	-0.00	7.76	1.261	275
22.720	16.41	23.92	0.01	7.77	1.261	275
22.752	16.58	24.09	-0.02	7.74	1.261	275
22.784	16.83	24.34	0.01	7.77	1.261	275
22.816	16.94	24.45	0.01	7.77	1.261	275
22.848	16.92	24.43	-0.01	7.75	1.261	275
22.880	16.97	24.48	0.01	7.77	1.261	275
22.912	17.00	24.50	-0.01	7.74	1.261	275
22.944	17.00	24.51	0.01	7.77	1.261	275
22.976	17.17	24.68	0.02	7.77	1.261	275
23.008	17.28	24.79	-0.01	7.75	1.261	275
23.040	16.90	24.40	0.01	7.77	1.261	275
23.072	17.08	24.59	-0.01	7.75	1.261	275
23.104	17.11	24.62	-0.00	7.76	1.261	275
23.136	17.16	24.67	0.02	7.77	1.261	275
23.168	17.22	24.73	-0.02	7.74	1.261	275
23.200	16.89	24.40	0.01	7.77	1.257	274
23.232	17.21	24.72	-0.01	7.75	1.257	274
23.264	17.33	24.84	-0.01	7.75	1.257	274
23.296	17.33	24.84	0.02	7.77	1.257	274
23.328	17.09	24.60	-0.02	7.74	1.257	274
23.360	16.93	24.44	0.01	7.77	1.257	274
23.392	17.03	24.54	-0.01	7.75	1.257	274
23.424	17.00	24.51	-0.01	7.75	1.257	274
23.456	17.24	24.75	0.02	7.77	1.257	274
23.488	17.07	24.58	-0.01	7.75	1.257	274
23.520	17.32	24.83	0.01	7.76	1.257	274
23.552	17.20	24.70	0.01	7.76	1.257	274
23.584	16.98	24.49	-0.02	7.74	1.257	274
23.616	17.31	24.82	0.02	7.77	1.257	274
23.648	17.20	24.70	-0.00	7.75	1.261	275
23.680	17.28	24.79	-0.00	7.76	1.261	275
23.712	17.12	24.63	0.01	7.77	1.261	275
23.744	15.43	22.94	-0.02	7.74	1.261	275
23.776	15.32	22.83	0.01	7.77	1.261	275
23.808	14.85	22.36	0.01	7.76	1.261	275
23.840	15.04	22.55	-0.01	7.75	1.261	275
23.872	14.89	22.40	0.01	7.76	1.261	275
23.904	15.04	22.55	-0.01	7.74	1.261	275
23.936	15.46	22.97	0.00	7.76	1.261	275
23.968	15.20	22.70	0.01	7.77	1.261	275
24.000	15.09	22.60	-0.01	7.75	1.261	275
24.032	15.60	23.11	0.01	7.77	1.261	275
24.064	15.84	23.35	-0.01	7.74	1.261	275
24.096	16.01	23.52	-0.00	7.75	1.261	275
24.128	15.93	23.44	0.01	7.77	1.261	275
24.160	15.99	23.50	-0.02	7.74	1.261	275
24.192	16.28	23.79	0.01	7.77	1.261	275
24.224	16.10	23.61	-0.01	7.75	1.261	275
24.256	16.02	23.53	-0.00	7.75	1.261	275
24.288	15.99	23.50	0.01	7.77	1.261	275
24.320	15.96	23.47	-0.02	7.74	1.261	275
24.352	15.96	23.47	0.01	7.77	1.261	275
24.384	15.69	23.20	-0.01	7.75	1.261	275
24.416	16.23	23.74	-0.01	7.75	1.261	275
24.448	16.34	23.85	0.02	7.77	1.261	275
24.480	16.31	23.82	-0.01	7.75	1.261	275
24.512	16.51	24.02	0.01	7.76	1.261	275
24.544	16.14	23.65	-0.01	7.75	1.261	275
24.576	16.21	23.72	-0.02	7.74	1.257	274
24.608	15.93	23.44	0.01	7.77	1.257	274
24.640	16.33	23.84	-0.00	7.75	1.257	274
24.672	16.38	23.89	0.00	7.76	1.257	274
24.704	16.34	23.85	0.00	7.76	1.257	274
24.736	16.40	23.91	-0.02	7.73	1.257	274
24.768	16.46	23.97	0.02	7.77	1.257	274
24.800	16.42	23.93	0.01	7.76	1.257	274
24.832	16.15	23.65	-0.01	7.75	1.257	274
24.864	16.13	23.64	0.01	7.76	1.257	274
24.896	16.36	23.87	-0.02	7.74	1.257	274
24.928	16.39	23.90	0.01	7.76	1.257	274
24.960	16.45	23.96	0.01	7.77	1.257	274
24.992	16.33	23.84	-0.01	7.75	1.257	274
25.024	16.42	23.93	0.01	7.77	1.257	274
25.056	16.72	24.23	-0.02	7.74	1.261	275
25.088	16.44	23.95	0.01	7.76	1.261	275
25.120	16.58	24.09	0.01	7.77	1.261	275
25.152	16.59	24.10	-0.01	7.75	1.261	275
25.184	16.75	24.26	0.01	7.77	1.261	275
25.216	16.57	24.08	-0.01	7.75	1.261	275
25.248	16.70	24.21	-0.01	7.75	1.261	275
25.280	16.43	23.94	0.01	7.77	1.261	275
25.312	16.40	23.90	-0.02	7.74	1.261	275
25.344	16.31	23.82	0.01	7.77	1.261	275
25.376	16.40	23.91	-0.00	7.75	1.261	275
25.408	16.21	23.72	-0.01	7.75	1.261	275
25.440	16.51	24.02	0.02	7.78	1.261	275
25.472	16.71	24.22	-0.02	7.74	1.261	275
25.504	16.65	24.15	0.01	7.77	1.261	275
25.536	16.47	23.98	-0.01	7.75	1.257	274
25.568	16.50	24.01	-0.01	7.75	1.257	274
25.600	16.79	24.30	0.01	7.77	1.257	274
25.632	16.40	23.91	-0.01	7.75	1.257	274
25.664	16.42	23.93	0.01	7.77	1.257	274
25.696	16.27	23.78	0.00	7.76	1.257	274
25.728	16.21	23.72	-0.02	7.74	1.257	274
25.760	16.13	23.64	0.01	7.77	1.257	274
25.792	16.07	23.58	0.00	7.76	1.257	274
25.824	15.95	23.46	0.00	7.76	1.257	274
25.856	16.12	23.63	0.00	7.76	1.257	274
25.888	16.17	23.68	-0.02	7.73	1.257	274
25.920	16.44	23.94	0.01	7.77	1.257	274
25.952	15.84	23.34	0.01	7.76	1.257	274
25.984	15.67	23.18	-0.01	7.75	1.261	275
26.016	15.81	23.32	0.01	7.77	1.261	275
26.048	15.55	23.06	-0.02	7.74	1.261	275
26.080	15.88	23.39	0.01	7.76	1.261	275
26.112	15.81	23.32	0.01	7.77	1.261	275
26.144	15.68	23.19	-0.01	7.75	1.261	275
26.176	15.91	23.42	0.01	7.77	1.261	275
26.208	15.87	23.38	-0.01	7.74	1.261	275
26.240	16.00	23.50	0.00	7.76	1.261	275
26.272	15.84	23.35	0.02	7.77	1.261	275
26.304	16.04	23.55	-0.01	7.74	1.261	275
26.336	15.88	23.39	0.01	7.77	1.261	275
26.368	16.07	23.58	-0.01	7.75	1.261	275
26.400	15.81	23.32	-0.00	7.76	1.261	275
26.432	15.88	23.39	0.02	7.78	1.261	275
26.464	15.74	23.25	-0.02	7.74	1.261	275
26.496	16.25	23.75	0.02	7.77	1.261	275
26.528	15.71	23.22	-0.00	7.76	1.261	275
26.560	16.18	23.69	-0.01	7.75	1.261	275
26.592	16.48	23.99	0.02	7.78	1.261	275
26.624	16.64	24.14	-0.01	7.75	1.261	275
26.656	16.46	23.97	0.01	7.77	1.261	275
26.688	16.29	23.80	-0.00	7.76	1.261	275
26.720	16.76	24.27	-0.01	7.74	1.261	275
26.752	16.59	24.10	0.02	7.78	1.261	275
26.784	16.74	24.25	0.00	7.76	1.261	275
26.816	16.28	23.79	0.00	7.76	1.261	275
26.848	16.54	24.05	0.01	7.76	1.261	275
26.880	16.57	24.08	-0.02	7.74	1.261	275
26.912	16.32	23.83	0.02	7.77	1.261	275
26.944	16.80	24.31	0.01	7.76	1.261	275
26.976	16.72	24.23	0.00	7.76	1.261	275
27.008	16.45	23.96	0.00	7.76	1.261	275
27.040	16.71	24.22	-0.02	7.74	1.261	275
27.072	16.70	24.20	0.01	7.77	1.261	275
27.104	16.69	24.20	0.01	7.77	1.261	275
27.136	16.93	24.44	-0.01	7.75	1.261	275
27.168	16.87	24.38	0.01	7.77	1.261	275
27.200	17.04	24.54	-0.02	7.74	1.261	275
27.232	16.79	24.30	0.01	7.77	1.261	275
27.264	17.13	24.64	0.01	7.77	1.261	275
27.296	17.14	24.65	-0.01	7.75	1.261	275
27.328	17.04	24.55	0.01	7.76	1.261	275
27.360	17.05	24.56	-0.02	7.74	1.261	275
27.392	17.01	24.52	-0.00	7.76	1.261	275
27.424	17.32	24.83	0.01	7.77	1.261	275
27.456	16.92	24.43	-0.01	7.74	1.261	275
27.488	17.28	24.79	0.01	7.77	1.261	275
27.520	17.40	24.90	-0.01	7.75	1.261	275
27.552	17.44	24.95	-0.00	7.75	1.261	275
27.584	17.26	24.77	0.02	7.78	1.261	275
27.616	17.25	24.76	-0.02	7.74	1.261	275
27.648	16.70	24.20	0.01	7.77	1.261	275
27.680	17.29	24.80	-0.01	7.75	1.261	275
27.712	17.12	24.63	-0.01	7.75	1.261	275
27.744	17.65	25.16	0.02	7.77	1.261	275
27.776	17.46	24.97	-0.01	7.74	1.261	275
27.808	17.52	25.03	0.01	7.77	1.261	275
27.840	17.28	24.79	-0.00	7.76	1.261	275
27.872	17.38	24.89	-0.02	7.74	1.261	275
27.904	16.86	24.37	0.02	7.77	1.261	275
27.936	17.17	24.68	-0.00	7.75	1.261	275
27.968	17.39	24.90	0.00	7.76	1.261	275
28.000	17.03	24.54	0.01	7.76	1.261	275
28.032	16.98	24.49	-0.02	7.73	1.261	275
28.064	16.76	24.27	0.01	7.77	1.261	275
28.096	16.86	24.37	0.01	7.76	1.261	275
28.128	17.56	25.07	-0.01	7.75	1.261	275
28.160	17.41	24.92	0.01	7.77	1.261	275
28.192	16.83	24.34	-0.02	7.74	1.261	275
28.224	17.05	24.56	0.01	7.77	1.261	275
28.256	17.18	24.69	0.01	7.77	1.261	275
28.288	16.89	24.40	-0.01	7.75	1.261	275
28.320	16.70	24.20	0.01	7.77	1.261	275
28.352	17.05	24.56	-0.02	7.74	1.261	275
28.384	16.89	24.40	0.01	7.76	1.261	275
28.416	16.74	24.25	0.01	7.77	1.261	275
28.448	16.75	24.26	-0.01	7.75	1.261	275
28.480	16.83	24.34	0.01	7.77	1.261	275
28.512	16.62	24.13	-0.01	7.75	1.261	275
28.544	16.91	24.42	0.00	7.76	1.261	275
28.576	16.42	23.93	0.01	7.77	1.261	275
28.608	16.91	24.42	-0.02	7.74	1.261	275
28.640	16.50	24.01	0.01	7.77	1.261	275
28.672	16.60	24.11	0.00	7.76	1.261	275
28.704	16.37	23.88	-0.01	7.75	1.261	275
28.736	16.54	24.05	0.02	7.78	1.261	275
28.768	16.66	24.17	-0.02	7.74	1.261	275
28.800	16.62	24.13	0.01	7.77	1.257	274
28.832	16.55	24.05	-0.00	7.76	1.257	274
28.864	16.86	24.37	-0.01	7.75	1.257	274
28.896	15.97	23.48	0.02	7.78	1.257	274
28.928	16.07	23.58	-0.01	7.75	1.257	274
28.960	16.04	23.55	0.01	7.77	1.257	274
28.992	16.24	23.75	0.01	7.77	1.257	274
29.024	16.01	23.52	-0.02	7.74	1.257	274
29.056	16.31	23.82	0.02	7.78	1.257	274
29.088	16.34	23.85	0.00	7.76	1.257	274
29.120	15.85	23.36	0.01	7.77	1.257	274
29.152	15.78	23.29	0.01	7.77	1.257	274
29.184	15.62	23.13	-0.02	7.74	1.257	274
29.216	15.75	23.26	0.02	7.77	1.257	274
29.248	15.65	23.16	0.01	7.77	1.257	274
29.280	15.97	23.48	0.00	7.76	1.257	274
29.312	15.84	23.35	0.01	7.77	1.257	274
29.344	15.92	23.43	-0.01	7.74	1.257	274
29.376	15.98	23.49	0.01	7.77	1.257	274
29.408	16.11	23.62	0.01	7.77	1.257	274
29.440	16.17	23.68	-0.00	7.75	1.257	274
29.472	15.95	23.46	0.01	7.77	1.257	274
29.504	15.95	23.46	-0.01	7.75	1.257	274
29.536	15.72	23.23	0.01	7.76	1.257	274
29.568	15.69	23.20	0.02	7.78	1.257	274
29.600	15.56	23.07	-0.01	7.75	1.257	274
29.632	15.47	22.98	0.01	7.77	1.257	274
29.664	15.32	22.83	-0.01	7.75	1.257	274
29.696	15.45	22.96	0.00	7.76	1.257	274
29.728	15.53	23.04	0.01	7.77	1.252	273
29.760	14.99	22.49	-0.01	7.75	1.252	273
29.792	14.57	22.08	0.02	7.77	1.252	273
29.824	14.59	22.10	-0.00	7.76	1.252	273
29.856	14.21	21.72	-0.00	7.75	1.252	273
29.888	14.69	22.19	0.02	7.78	1.252	273
29.920	14.78	22.29	-0.01	7.74	1.252	273
29.952	14.44	21.94	0.01	7.77	1.252	273
29.984	14.06	21.57	0.01	7.76	1.252	273
30.016	14.11	21.62	-0.01	7.75	1.252	273
30.048	14.14	21.65	0.02	7.78	1.252	273
30.080	14.19	21.70	-0.01	7.75	1.252	273
30.112	14.17	21.68	0.01	7.77	1.252	273
30.144	14.31	21.82	0.01	7.77	1.252	273
30.176	14.50	22.01	-0.01	7.75	1.252	273
30.208	14.44	21.95	0.02	7.78	1.248	272
30.240	14.54	22.05	0.01	7.77	1.248	272
30.272	14.95	22.46	0.01	7.76	1.248	272
30.304	14.51	22.02	0.01	7.77	1.248	272
30.336	14.52	22.03	-0.02	7.74	1.248	272
30.368	14.33	21.84	0.02	7.78	1.248	272
30.400	14.19	21.70	0.01	7.77	1.248	272
30.432	14.29	21.80	0.01	7.76	1.248	272
30.464	14.32	21.83	0.01	7.77	1.248	272
30.496	14.00	21.51	-0.01	7.75	1.248	272
30.528	14.66	22.17	0.01	7.77	1.248	272
30.560	14.63	22.14	0.02	7.78	1.248	272
30.592	15.86	23.37	-0.01	7.75	1.248	272
30.624	16.47	23.98	0.02	7.77	1.248	272
30.656	15.49	23.00	-0.01	7.75	1.248	272
30.688	15.45	22.96	0.01	7.77	1.252	273
30.720	15.40	22.90	0.02	7.78	1.252	273
30.752	15.15	22.66	-0.01	7.75	1.252	273
30.784	15.05	22.56	0.01	7.77	1.252	273
30.816	13.91	21.42	-0.00	7.75	1.252	273
30.848	14.65	22.16	0.00	7.76	1.252	273
30.880	14.25	21.76	0.02	7.78	1.252	273
30.912	14.47	21.98	-0.01	7.75	1.252	273
30.944	14.23	21.74	0.02	7.78	1.252	273
30.976	14.38	21.89	-0.00	7.76	1.252	273
31.008	14.01	21.52	-0.00	7.76	1.252	273
31.040	14.18	21.69	0.02	7.78	1.252	273
31.072	14.39	21.90	-0.01	7.75	1.252	273
31.104	14.30	21.80	0.02	7.78	1.252	273
31.136	14.20	21.70	0.01	7.76	1.243	271
31.168	14.05	21.55	-0.01	7.75	1.243	271
31.200	14.04	21.54	0.02	7.78	1.243	271
31.232	14.16	21.67	-0.00	7.75	1.243	271
31.264	14.15	21.65	0.02	7.77	1.243	271
31.296	14.02	21.53	0.01	7.77	1.243	271
31.328	14.16	21.67	-0.02	7.74	1.243	271
31.360	14.15	21.65	0.02	7.78	1.243	271
31.392	14.33	21.84	0.01	7.77	1.243	271
31.424	14.37	21.88	0.01	7.77	1.243	271
31.456	14.05	21.56	0.02	7.77	1.243	271
31.488	14.61	22.12	-0.01	7.75	1.243	271
31.520	14.72	22.23	0.02	7.78	1.243	271
31.552	14.64	22.15	0.02	7.77	1.243	271
31.584	14.20	21.71	0.00	7.76	1.243	271
31.616	14.64	22.14	0.02	7.78	1.252	273
31.648	14.18	21.69	-0.01	7.75	1.252	273
31.680	14.13	21.64	0.01	7.77	1.252	273
31.712	13.84	21.34	0.02	7.77	1.252	273
31.744	14.04	21.55	-0.00	7.76	1.252	273
31.776	14.27	21.78	0.02	7.78	1.252	273
31.808	13.86	21.37	-0.00	7.75	1.252	273
31.840	13.80	21.31	0.01	7.77	1.252	273
31.872	13.83	21.34	0.03	7.78	1.252	273
31.904	13.43	20.94	-0.01	7.75	1.252	273
31.936	13.62	21.13	0.02	7.78	1.252	273
31.968	13.63	21.14	0.00	7.76	1.252	273
32.000	13.49	21.00	0.00	7.76	1.252	273
32.032	14.12	21.63	0.02	7.78	1.252	273
32.064	13.65	21.16	-0.01	7.75	1.252	273
32.096	13.93	21.44	0.02	7.78	1.248	272
32.128	13.79	21.30	0.01	7.76	1.248	272
32.160	13.36	20.87	0.00	7.76	1.248	272
32.192	13.21	20.72	0.02	7.78	1.248	272
32.224	13.51	21.02	-0.01	7.75	1.248	272
32.256	13.02	20.53	0.02	7.77	1.248	272
32.288	13.46	20.97	0.01	7.77	1.248	272
32.320	13.24	20.75	-0.01	7.75	1.248	272
32.352	13.26	20.77	0.02	7.78	1.248	272
32.384	13.34	20.85	0.01	7.77	1.248	272
32.416	13.16	20.67	0.01	7.77	1.248	272
32.448	13.50	21.01	0.01	7.77	1.248	272
32.480	12.95	20.46	-0.01	7.75	1.248	272
32.512	13.38	20.89	0.02	7.78	1.248	272
32.544	13.00	20.51	0.01	7.77	1.248	272
32.576	13.44	20.95	0.01	7.76	1.248	272
32.608	13.32	20.83	0.02	7.77	1.248	272
32.640	13.58	21.09	-0.01	7.74	1.248	272
32.672	13.68	21.19	0.02	7.78	1.248	272
32.704	13.84	21.35	0.01	7.77	1.248	272
32.736	13.59	21.10	0.00	7.76	1.248	272
32.768	13.16	20.67	0.02	7.78	1.248	272
32.800	13.19	20.70	-0.01	7.75	1.248	272
32.832	12.98	20.49	0.01	7.77	1.248	272
32.864	13.73	21.24	0.02	7.78	1.248	272
32.896	13.93	21.44	-0.01	7.75	1.248	272
32.928	14.30	21.81	0.01	7.77	1.248	272
32.960	14.02	21.53	-0.00	7.76	1.248	272
32.992	14.18	21.69	0.00	7.76	1.248	272
33.024	14.09	21.60	0.02	7.78	1.248	272
33.056	13.51	21.02	-0.01	7.75	1.248	272
33.088	13.61	21.12	0.02	7.78	1.248	272
33.120	14.13	21.64	0.01	7.76	1.248	272
33.152	13.31	20.82	-0.00	7.76	1.248	272
33.184	12.65	20.16	0.03	7.78	1.248	272
33.216	12.37	19.88	-0.00	7.75	1.248	272
33.248	12.34	19.85	0.02	7.78	1.248	272
33.280	12.32	19.83	0.01	7.76	1.248	272
33.312	12.88	20.39	-0.01	7.75	1.248	272
33.344	12.44	19.95	0.02	7.78	1.248	272
33.376	12.66	20.17	0.00	7.76	1.248	272
33.408	12.54	20.05	0.01	7.77	1.248	272
33.440	12.84	20.34	0.01	7.77	1.248	272
33.472	12.55	20.06	-0.02	7.74	1.243	271
33.504	12.51	20.02	0.02	7.78	1.243	271
33.536	12.68	20.19	0.01	7.77	1.243	271
33.568	12.71	20.22	0.00	7.76	1.243	271
33.600	13.12	20.63	0.02	7.77	1.243	271
33.632	12.89	20.40	-0.01	7.75	1.243	271
33.664	13.16	20.67	0.01	7.77	1.243	271
33.696	13.19	20.70	0.02	7.78	1.243	271
33.728	13.69	21.19	0.00	7.76	1.243	271
33.760	13.16	20.67	0.02	7.78	1.243	271
33.792	13.55	21.05	-0.00	7.75	1.243	271
33.824	13.28	20.79	0.01	7.77	1.243	271
33.856	13.94	21.45	0.02	7.78	1.243	271
33.888	13.52	21.03	-0.01	7.75	1.243	271
33.920	13.80	21.31	0.01	7.77	1.243	271
33.952	13.44	20.94	0.00	7.76	1.248	272
33.984	13.06	20.57	0.01	7.76	1.248	272
34.016	12.99	20.50	0.02	7.78	1.248	272
34.048	13.16	20.67	-0.01	7.75	1.248	272
34.080	13.18	20.69	0.02	7.78	1.248	272
34.112	13.87	21.38	0.01	7.76	1.248	272
34.144	14.31	21.82	0.00	7.76	1.248	272
34.176	13.98	21.49	0.03	7.78	1.248	272
34.208	13.87	21.38	-0.00	7.76	1.248	272
34.240	14.08	21.59	0.02	7.77	1.248	272
34.272	14.04	21.55	0.01	7.77	1.248	272
34.304	13.98	21.49	-0.01	7.75	1.248	272
34.336	14.10	21.61	0.02	7.78	1.248	272
34.368	13.74	21.25	0.01	7.77	1.248	272
34.400	14.07	21.58	0.01	7.77	1.248	272
34.432	14.04	21.55	0.01	7.77	1.243	271
34.464	14.38	21.89	-0.01	7.74	1.243	271
34.496	14.50	22.00	0.02	7.77	1.243	271
34.528	14.16	21.67	0.02	7.77	1.243	271
34.560	14.55	22.06	0.00	7.76	1.243	271
34.592	14.71	22.22	0.02	7.78	1.243	271
34.624	14.60	22.11	-0.01	7.75	1.243	271
34.656	13.94	21.45	0.01	7.77	1.243	271
34.688	13.90	21.41	0.02	7.78	1.243	271
34.720	14.20	21.71	-0.00	7.76	1.243	271
34.752	14.19	21.70	0.02	7.77	1.243	271
34.784	14.67	22.18	-0.00	7.76	1.243	271
34.816	14.26	21.77	0.00	7.76	1.243	271
34.848	14.27	21.78	0.02	7.78	1.243	271
34.880	14.96	22.47	-0.01	7.75	1.243	271
34.912	14.96	22.47	0.02	7.78	1.243	271
34.944	14.87	22.38	0.00	7.76	1.243	271
34.976	15.06	22.57	-0.00	7.76	1.243	271
35.008	14.91	22.42	0.03	7.78	1.243	271
35.040	14.96	22.47	-0.01	7.75	1.243	271
35.072	14.51	22.02	0.02	7.77	1.243	271
35.104	15.54	23.05	0.01	7.77	1.243	271
35.136	16.04	23.55	-0.01	7.75	1.243	271
35.168	14.96	22.47	0.02	7.78	1.243	271
35.200	15.69	23.20	0.00	7.76	1.243	271
35.232	15.60	23.11	0.01	7.77	1.243	271
35.264	14.99	22.49	0.01	7.77	1.243	271
35.296	15.06	22.57	-0.01	7.74	1.243	271
35.328	15.61	23.12	0.02	7.77	1.243	271
35.360	16.03	23.54	0.02	7.77	1.248	272
35.392	15.62	23.13	0.01	7.76	1.248	272
35.424	15.28	22.79	0.02	7.77	1.248	272
35.456	15.61	23.12	-0.01	7.75	1.248	272
35.488	14.94	22.45	0.02	7.77	1.248	272
35.520	15.37	22.88	0.02	7.78	1.248	272
35.552	15.37	22.88	-0.00	7.75	1.248	272
35.584	15.70	23.20	0.01	7.77	1.248	272
35.616	14.86	22.37	-0.01	7.75	1.248	272
35.648	14.79	22.30	0.01	7.77	1.248	272
35.680	14.36	21.87	0.02	7.78	1.248	272
35.712	15.29	22.80	-0.01	7.75	1.248	272
35.744	14.90	22.40	0.02	7.78	1.248	272
35.776	15.19	22.70	-0.00	7.76	1.248	272
35.808	15.01	22.52	0.00	7.76	1.248	272
35.840	14.95	22.46	0.02	7.78	1.248	272
35.872	15.13	22.64	-0.01	7.75	1.248	272
35.904	15.78	23.29	0.02	7.77	1.248	272
35.936	15.40	22.91	0.01	7.77	1.248	272
35.968	14.99	22.50	-0.00	7.75	1.248	272
36.000	15.32	22.83	0.02	7.78	1.248	272
36.032	15.25	22.75	0.00	7.76	1.248	272
36.064	16.18	23.69	0.01	7.77	1.248	272
36.096	16.07	23.58	0.01	7.77	1.248	272
36.128	15.64	23.15	-0.02	7.74	1.248	272
36.160	15.62	23.13	0.02	7.78	1.248	272
36.192	15.44	22.94	0.01	7.77	1.248	272
36.224	15.61	23.12	0.00	7.76	1.248	272
36.256	15.37	22.88	0.01	7.77	1.248	272
36.288	15.52	23.03	-0.01	7.74	1.243	271
36.320	15.40	22.91	0.02	7.77	1.243	271
36.352	15.97	23.48	0.02	7.77	1.243	271
36.384	15.82	23.33	0.00	7.76	1.243	271
36.416	15.74	23.25	0.01	7.77	1.243	271
36.448	15.55	23.05	-0.01	7.75	1.243	271
36.480	15.60	23.11	0.01	7.77	1.243	271
36.512	15.68	23.19	0.02	7.78	1.243	271
36.544	15.85	23.36	-0.01	7.75	1.243	271
36.576	15.73	23.24	0.01	7.77	1.243	271
36.608	15.41	22.92	-0.00	7.76	1.243	271
36.640	15.69	23.20	0.00	7.76	1.243	271
36.672	15.73	23.24	0.02	7.78	1.243	271
36.704	15.82	23.33	-0.02	7.74	1.243	271
36.736	15.56	23.07	0.02	7.78	1.243	271
36.768	15.82	23.33	0.01	7.77	1.248	272
36.800	15.91	23.42	-0.00	7.75	1.248	272
36.832	15.86	23.37	0.02	7.78	1.248	272
36.864	15.84	23.35	0.00	7.76	1.248	272
36.896	15.50	23.00	0.01	7.77	1.248	272
36.928	15.36	22.87	0.01	7.77	1.248	272
36.960	15.94	23.44	-0.01	7.75	1.248	272
36.992	16.26	23.77	0.02	7.78	1.248	272
37.024	16.14	23.65	0.01	7.76	1.248	272
37.056	15.93	23.44	0.01	7.76	1.248	272
37.088	15.74	23.25	0.01	7.77	1.248	272
37.120	15.79	23.29	-0.02	7.74	1.248	272
37.152	15.51	23.02	0.02	7.78	1.248	272
37.184	15.49	23.00	0.02	7.78	1.248	272
37.216	15.51	23.02	0.00	7.76	1.248	272
37.248	15.56	23.07	0.02	7.78	1.248	272
37.280	15.41	22.92	-0.01	7.75	1.248	272
37.312	15.42	22.93	0.01	7.77	1.248	272
37.344	15.45	22.95	0.02	7.78	1.248	272
37.376	16.06	23.57	-0.01	7.75	1.248	272
37.408	15.84	23.35	0.02	7.77	1.248	272
37.440	15.73	23.24	0.00	7.76	1.248	272
37.472	16.13	23.64	0.01	7.76	1.248	272
37.504	16.06	23.57	0.02	7.78	1.248	272
37.536	16.54	24.05	-0.01	7.75	1.248	272
37.568	16.29	23.80	0.02	7.77	1.248	272
37.600	16.37	23.88	0.00	7.76	1.248	272
37.632	16.19	23.70	-0.00	7.75	1.248	272
37.664	16.59	24.10	0.02	7.78	1.248	272
37.696	16.82	24.33	-0.00	7.76	1.243	271
37.728	16.54	24.04	0.01	7.77	1.243	271
37.760	16.50	24.00	0.01	7.76	1.243	271
37.792	16.32	23.83	-0.01	7.75	1.243	271
37.824	16.40	23.91	0.02	7.78	1.243	271
37.856	16.59	24.10	0.01	7.77	1.243	271
37.888	16.49	24.00	0.01	7.77	1.243	271
37.920	16.68	24.19	0.01	7.77	1.243	271
37.952	16.35	23.86	-0.01	7.75	1.243	271
37.984	16.14	23.65	0.02	7.78	1.243	271
38.016	16.28	23.79	0.02	7.77	1.243	271
38.048	15.98	23.49	0.00	7.76	1.243	271
38.080	16.33	23.84	0.02	7.77	1.243	271
38.112	16.24	23.75	-0.01	7.75	1.243	271
38.144	16.38	23.89	0.01	7.77	1.243	271
38.176	16.36	23.87	0.02	7.78	1.248	272
38.208	16.50	24.01	-0.01	7.75	1.248	272
38.240	16.41	23.92	0.02	7.78	1.248	272
38.272	16.49	24.00	-0.00	7.75	1.248	272
38.304	16.59	24.10	0.01	7.77	1.248	272
38.336	16.22	23.73	0.02	7.78	1.248	272
38.368	16.27	23.78	-0.01	7.75	1.248	272
38.400	16.12	23.63	0.02	7.78	1.248	272
38.432	16.31	23.82	0.01	7.77	1.248	272
38.464	16.52	24.03	-0.01	7.75	1.248	272
38.496	16.78	24.29	0.03	7.79	1.248	272
38.528	16.68	24.19	-0.01	7.75	1.248	272
38.560	16.53	24.04	0.02	7.77	1.248	272
38.592	17.18	24.69	0.01	7.77	1.248	272
38.624	16.79	24.30	-0.01	7.75	1.248	272
38.656	17.00	24.51	0.02	7.78	1.248	272
38.688	16.89	24.40	0.01	7.77	1.248	272
38.720	16.98	24.49	0.01	7.77	1.248	272
38.752	17.15	24.66	0.01	7.77	1.248	272
38.784	16.80	24.31	-0.01	7.74	1.248	272
38.816	17.20	24.71	0.02	7.78	1.248	272
38.848	16.66	24.17	0.02	7.78	1.248	272
38.880	17.01	24.52	-0.01	7.75	1.248	272
38.912	18.09	25.60	-0.02	7.74	1.248	272
38.944	18.14	25.65	-0.04	7.72	1.248	272
38.976	18.02	25.53	-0.02	7.74	1.248	272
39.008	17.92	25.43	-0.01	7.74	1.248	272
39.040	18.19	25.70	-0.04	7.72	1.248	272
39.072	18.14	25.65	-0.01	7.75	1.248	272
39.104	18.25	25.75	-0.03	7.73	1.248	272
39.136	18.05	25.56	-0.03	7.73	1.248	272
39.168	18.32	25.83	-0.01	7.75	1.248	272
39.200	18.29	25.80	-0.05	7.71	1.248	272
39.232	18.49	26.00	-0.01	7.75	1.248	272
39.264	18.48	25.99	-0.03	7.73	1.248	272
39.296	18.47	25.98	-0.04	7.72	1.248	272
39.328	18.34	25.85	-0.01	7.75	1.248	272
39.360	18.41	25.92	-0.04	7.72	1.248	272
39.392	18.19	25.70	-0.02	7.74	1.248	272
39.424	18.05	25.56	-0.02	7.73	1.248	272
39.456	18.66	26.17	-0.04	7.72	1.248	272
39.488	18.42	25.93	-0.01	7.75	1.248	272
39.520	19.01	26.52	-0.02	7.73	1.248	272
39.552	18.71	26.22	-0.02	7.74	1.248	272
39.584	18.31	25.82	-0.02	7.74	1.243	271
39.616	18.83	26.34	-0.04	7.72	1.243	271
39.648	18.87	26.38	-0.01	7.75	1.243	271
39.680	18.71	26.22	-0.01	7.74	1.243	271
39.712	18.61	26.12	-0.03	7.73	1.243	271
39.744	18.16	25.67	-0.02	7.74	1.243	271
39.776	18.23	25.74	-0.04	7.72	1.243	271
39.808	18.34	25.85	-0.02	7.74	1.243	271
39.840	18.08	25.59	-0.01	7.75	1.243	271
39.872	18.42	25.93	-0.03	7.73	1.243	271
39.904	18.21	25.72	-0.01	7.74	1.243	271
39.936	18.24	25.74	-0.03	7.73	1.243	271
39.968	18.07	25.58	-0.03	7.73	1.243	271
40.000	17.95	25.46	-0.00	7.75	1.243	271
40.032	18.38	25.89	-0.04	7.72	1.243	271
40.064	18.69	26.20	-0.01	7.75	1.243	271
40.096	18.41	25.92	-0.03	7.73	1.243	271
40.128	18.66	26.17	-0.03	7.72	1.243	271
40.160	18.56	26.07	-0.01	7.75	1.243	271
40.192	18.78	26.29	-0.04	7.72	1.243	271
40.224	18.57	26.08	-0.02	7.74	1.243	271
40.256	19.21	26.72	-0.02	7.73	1.243	271
40.288	18.72	26.23	-0.04	7.72	1.243	271
40.320	18.63	26.14	-0.01	7.75	1.243	271
40.352	18.66	26.17	-0.03	7.73	1.243	271
40.384	18.50	26.01	-0.02	7.73	1.243	271
40.416	18.42	25.93	-0.02	7.74	1.243	271
40.448	18.53	26.04	-0.04	7.72	1.243	271
40.480	18.31	25.82	-0.01	7.75	1.243	271
40.512	18.55	26.06	-0.02	7.74	1.243	271
40.544	18.29	25.80	-0.03	7.73	1.243	271
40.576	18.34	25.85	-0.02	7.74	1.243	271
40.608	18.44	25.95	-0.04	7.72	1.243	271
40.640	18.32	25.83	-0.02	7.74	1.243	271
40.672	18.49	25.99	-0.01	7.74	1.243	271
40.704	18.16	25.67	-0.03	7.73	1.243	271
40.736	18.70	26.21	-0.02	7.74	1.243	271
40.768	18.46	25.97	-0.04	7.72	1.243	271
40.800	18.47	25.98	-0.02	7.74	1.243	271
40.832	18.46	25.97	-0.01	7.75	1.243	271
40.864	18.37	25.88	-0.04	7.72	1.243	271
40.896	18.22	25.73	-0.01	7.75	1.243	271
40.928	18.43	25.94	-0.03	7.73	1.243	271
40.960	18.00	25.51	-0.03	7.73	1.243	271
40.992	18.54	26.04	-0.00	7.76	1.243	271
41.024	18.36	25.87	-0.04	7.72	1.243	271
41.056	18.39	25.90	-0.02	7.74	1.243	271
41.088	18.43	25.94	-0.02	7.73	1.243	271
41.120	18.23	25.74	-0.03	7.72	1.243	271
41.152	18.42	25.93	0.00	7.76	1.243	271
41.184	18.20	25.71	-0.03	7.73	1.243	271
41.216	18.22	25.73	-0.02	7.74	1.243	271
41.248	18.12	25.63	-0.02	7.74	1.243	271
41.280	18.05	25.56	-0.04	7.72	1.243	271
41.312	18.12	25.63	-0.01	7.75	1.243	271
41.344	18.21	25.72	-0.02	7.74	1.243	271
41.376	18.11	25.62	-0.02	7.74	1.243	271
41.408	18.21	25.72	-0.02	7.74	1.243	271
41.440	18.16	25.67	-0.04	7.72	1.243	271
41.472	18.31	25.82	-0.01	7.75	1.243	271
41.504	18.11	25.62	-0.01	7.74	1.243	271
41.536	18.25	25.75	-0.03	7.73	1.243	271
41.568	18.04	25.55	-0.01	7.75	1.243	271
41.600	18.18	25.69	-0.03	7.72	1.243	271
41.632	17.87	25.38	-0.02	7.74	1.243	271
41.664	18.13	25.64	-0.01	7.75	1.243	271
41.696	18.05	25.55	-0.03	7.73	1.243	271
41.728	18.44	25.95	-0.01	7.74	1.243	271
41.760	18.36	25.87	-0.03	7.73	1.243	271
41.792	17.81	25.32	-0.02	7.74	1.243	271
41.824	18.13	25.64	-0.01	7.75	1.243	271
41.856	18.02	25.53	-0.04	7.72	1.243	271
41.888	17.84	25.35	-0.01	7.75	1.243	271
41.920	17.71	25.22	-0.02	7.74	1.243	271
41.952	18.00	25.51	-0.03	7.73	1.243	271
41.984	17.92	25.43	-0.01	7.75	1.243	271
42.016	17.88	25.39	-0.03	7.73	1.243	271
42.048	17.91	25.42	-0.01	7.75	1.243	271
42.080	17.87	25.38	-0.02	7.74	1.243	271
42.112	17.99	25.50	-0.03	7.72	1.243	271
42.144	17.69	25.20	-0.01	7.75	1.243	271
42.176	17.96	25.47	-0.03	7.73	1.243	271
42.208	17.77	25.28	-0.02	7.74	1.243	271
42.240	17.85	25.36	-0.01	7.74	1.243	271
42.272	18.00	25.51	-0.04	7.72	1.243	271
42.304	18.10	25.61	-0.01	7.75	1.243	271
42.336	18.42	25.93	-0.02	7.74	1.243	271
42.368	18.45	25.96	-0.02	7.74	1.243	271
42.400	18.19	25.70	-0.01	7.75	1.243	271
42.432	18.30	25.81	-0.04	7.72	1.243	271
42.464	18.00	25.51	-0.01	7.75	1.243	271
42.496	17.86	25.37	-0.01	7.75	1.243	271
42.528	18.02	25.53	-0.03	7.73	1.243	271
42.560	18.43	25.94	-0.01	7.75	1.243	271
42.592	18.14	25.65	-0.03	7.73	1.243	271
42.624	18.28	25.79	-0.02	7.74	1.243	271
42.656	18.26	25.77	-0.00	7.75	1.243	271
42.688	18.25	25.76	-0.03	7.73	1.243	271
42.720	18.19	25.70	-0.01	7.75	1.243	271
42.752	18.10	25.61	-0.03	7.73	1.243	271
42.784	18.32	25.83	-0.02	7.74	1.243	271
42.816	18.03	25.54	-0.01	7.75	1.243	271
42.848	18.44	25.94	-0.04	7.72	1.243	271
42.880	17.71	25.22	-0.01	7.75	1.243	271
42.912	17.99	25.50	-0.02	7.74	1.243	271
42.944	18.22	25.73	-0.03	7.73	1.243	271
42.976	17.80	25.31	-0.00	7.75	1.243	271
43.008	17.70	25.21	-0.03	7.73	1.243	271
43.040	17.70	25.20	-0.01	7.74	1.243	271
43.072	17.91	25.42	-0.02	7.74	1.243	271
43.104	18.02	25.53	-0.03	7.72	1.243	271
43.136	17.95	25.46	-0.01	7.75	1.243	271
43.168	18.19	25.69	-0.02	7.73	1.243	271
43.200	18.54	26.05	-0.01	7.75	1.243	271
43.232	18.06	25.57	-0.01	7.74	1.243	271
43.264	17.99	25.50	-0.04	7.72	1.243	271
43.296	18.40	25.91	-0.00	7.76	1.243	271
43.328	18.16	25.67	-0.01	7.74	1.243	271
43.360	18.07	25.58	-0.02	7.74	1.243	271
43.392	17.85	25.36	-0.01	7.75	1.243	271
43.424	17.88	25.39	-0.04	7.72	1.243	271
43.456	18.15	25.66	-0.01	7.75	1.243	271
43.488	17.90	25.41	-0.01	7.75	1.243	271
43.520	17.99	25.49	-0.02	7.74	1.243	271
43.552	17.94	25.45	-0.00	7.75	1.243	271
43.584	17.31	24.82	-0.03	7.73	1.243	271
43.616	17.61	25.12	-0.01	7.75	1.243	271
43.648	17.55	25.06	-0.00	7.75	1.243	271
43.680	17.58	25.09	-0.03	7.73	1.243	271
43.712	17.56	25.07	-0.00	7.75	1.243	271
43.744	17.93	25.44	-0.03	7.73	1.243	271
43.776	18.24	25.75	-0.01	7.74	1.248	272
43.808	17.95	25.46	-0.00	7.76	1.248	272
43.840	18.22	25.73	-0.03	7.73	1.248	272
43.872	18.19	25.70	-0.00	7.75	1.248	272
43.904	18.28	25.79	-0.03	7.73	1.248	272
43.936	18.64	26.15	-0.02	7.74	1.248	272
43.968	18.55	26.06	0.00	7.76	1.248	272
44.000	18.54	26.05	-0.03	7.72	1.248	272
44.032	18.53	26.04	-0.01	7.75	1.248	272
44.064	18.67	26.18	-0.02	7.74	1.248	272
44.096	18.28	25.79	-0.03	7.73	1.248	272
44.128	18.96	26.47	0.00	7.76	1.248	272
44.160	18.62	26.13	-0.02	7.74	1.248	272
44.192	18.65	26.16	-0.01	7.75	1.248	272
44.224	18.52	26.03	-0.01	7.74	1.248	272
44.256	18.41	25.92	-0.03	7.73	1.243	271
44.288	18.62	26.13	0.01	7.76	1.243	271
44.320	18.47	25.98	-0.01	7.75	1.243	271
44.352	18.12	25.63	-0.01	7.74	1.243	271
44.384	18.45	25.95	-0.01	7.75	1.243	271
44.416	18.58	26.09	-0.04	7.72	1.243	271
44.448	18.54	26.05	0.00	7.76	1.243	271
44.480	18.60	26.11	-0.00	7.76	1.243	271
44.512	18.40	25.90	-0.02	7.74	1.243	271
44.544	18.62	26.13	-0.00	7.76	1.243	271
44.576	18.21	25.72	-0.03	7.73	1.243	271
44.608	18.98	26.49	-0.00	7.75	1.243	271
44.640	19.03	26.54	-0.00	7.75	1.243	271
44.672	19.19	26.70	-0.02	7.74	1.243	271
44.704	18.90	26.41	-0.01	7.75	1.243	271
44.736	19.05	26.55	-0.02	7.73	1.248	272
44.768	18.80	26.31	-0.01	7.75	1.248	272
44.800	18.93	26.44	0.00	7.76	1.248	272
44.832	18.42	25.93	-0.03	7.73	1.248	272
44.864	18.53	26.04	-0.00	7.76	1.248	272
44.896	18.19	25.70	-0.02	7.74	1.248	272
44.928	18.25	25.76	-0.02	7.74	1.248	272
44.960	18.36	25.87	0.00	7.76	1.248	272
44.992	18.36	25.87	-0.02	7.73	1.248	272
45.024	18.49	26.00	-0.00	7.75	1.248	272
45.056	18.53	26.04	-0.01	7.74	1.248	272
45.088	18.45	25.96	-0.02	7.74	1.248	272
45.120	18.66	26.17	0.00	7.76	1.248	272
45.152	18.74	26.25	-0.02	7.74	1.248	272
45.184	18.65	26.16	-0.01	7.75	1.248	272
45.216	18.80	26.30	-0.01	7.75	1.248	272
45.248	18.23	25.74	-0.03	7.73	1.248	272
45.280	18.46	25.97	0.00	7.76	1.248	272
45.312	18.42	25.93	-0.01	7.75	1.248	272
45.344	18.55	26.06	-0.01	7.75	1.248	272
45.376	18.29	25.79	-0.00	7.75	1.248	272
45.408	18.28	25.79	-0.03	7.73	1.248	272
45.440	18.27	25.78	0.00	7.76	1.248	272
45.472	18.52	26.03	0.00	7.76	1.248	272
45.504	18.67	26.18	-0.01	7.74	1.248	272
45.536	18.53	26.04	0.00	7.76	1.248	272
45.568	18.47	25.98	-0.03	7.73	1.248	272
45.600	18.32	25.83	-0.00	7.76	1.248	272
45.632	18.55	26.06	0.00	7.76	1.248	272
45.664	18.31	25.82	-0.02	7.73	1.243	271
45.696	18.22	25.73	-0.00	7.76	1.243	271
45.728	18.55	26.06	-0.02	7.73	1.243	271
45.760	18.25	25.75	-0.01	7.75	1.243	271
45.792	18.29	25.80	0.01	7.76	1.243	271
45.824	18.34	25.85	-0.03	7.73	1.243	271
45.856	18.20	25.71	0.00	7.76	1.243	271
45.888	18.82	26.33	-0.01	7.75	1.243	271
45.920	18.61	26.12	-0.02	7.74	1.243	271
45.952	18.77	26.28	0.01	7.77	1.243	271
45.984	18.59	26.10	-0.02	7.74	1.243	271
46.016	18.45	25.95	-0.00	7.75	1.243	271
46.048	18.41	25.92	-0.01	7.75	1.243	271
46.080	18.91	26.42	-0.02	7.74	1.243	271
46.112	18.65	26.16	0.01	7.77	1.248	272
46.144	18.69	26.19	-0.01	7.74	1.248	272
46.176	18.56	26.07	-0.01	7.75	1.248	272
46.208	18.59	26.10	-0.01	7.75	1.248	272
46.240	18.71	26.22	-0.03	7.73	1.248	272
46.272	18.32	25.83	0.01	7.77	1.248	272
46.304	18.58	26.09	-0.01	7.75	1.248	272
46.336	18.25	25.76	-0.01	7.75	1.248	272
46.368	18.41	25.92	0.00	7.76	1.248	272
46.400	18.21	25.72	-0.03	7.73	1.248	272
46.432	18.58	26.09	0.00	7.76	1.248	272
46.464	18.53	26.04	-0.00	7.76	1.248	272
46.496	18.80	26.30	-0.01	7.74	1.248	272
46.528	18.95	26.45	-0.00	7.76	1.248	272
46.560	18.32	25.83	-0.02	7.74	1.248	272
46.592	18.32	25.83	-0.00	7.75	1.248	272
46.624	17.95	25.45	0.01	7.76	1.248	272
46.656	18.42	25.93	-0.02	7.74	1.248	272
46.688	18.36	25.87	0.00	7.76	1.248	272
46.720	18.54	26.05	-0.01	7.75	1.248	272
46.752	18.37	25.88	-0.01	7.75	1.248	272
46.784	18.41	25.92	0.01	7.77	1.248	272
46.816	18.45	25.96	-0.03	7.73	1.248	272
46.848	18.66	26.17	0.00	7.76	1.248	272
46.880	18.31	25.82	-0.01	7.75	1.248	272
46.912	18.71	26.22	-0.02	7.74	1.248	272
46.944	18.41	25.92	0.01	7.77	1.248	272
46.976	18.66	26.17	-0.02	7.74	1.248	272
47.008	18.28	25.79	0.00	7.76	1.248	272
47.040	18.45	25.96	-0.00	7.76	1.248	272
47.072	18.26	25.77	-0.02	7.74	1.243	271
47.104	18.43	25.94	0.01	7.77	1.243	271
47.136	18.39	25.90	-0.01	7.75	1.243	271
47.168	17.99	25.50	-0.00	7.76	1.243	271
47.200	18.08	25.59	0.00	7.76	1.243	271
47.232	18.20	25.70	-0.03	7.73	1.243	271
47.264	18.23	25.74	0.01	7.77	1.243	271
47.296	18.27	25.78	0.00	7.76	1.243	271
47.328	18.48	25.99	-0.01	7.75	1.243	271
47.360	18.45	25.96	0.00	7.76	1.243	271
47.392	18.48	25.99	-0.02	7.73	1.243	271
47.424	18.16	25.67	0.00	7.76	1.243	271
47.456	18.04	25.55	0.01	7.77	1.243	271
47.488	18.05	25.56	-0.02	7.74	1.243	271
47.520	18.47	25.98	0.01	7.76	1.243	271
47.552	18.23	25.74	-0.01	7.74	1.243	271
47.584	18.61	26.12	-0.01	7.75	1.243	271
47.616	18.31	25.82	0.01	7.77	1.243	271
47.648	18.94	26.45	-0.03	7.73	1.243	271
47.680	19.00	26.51	0.00	7.76	1.243	271
47.712	18.78	26.29	-0.01	7.75	1.243	271
47.744	18.87	26.38	-0.02	7.74	1.243	271
47.776	18.73	26.24	0.01	7.77	1.243	271
47.808	18.85	26.35	-0.02	7.74	1.243	271
47.840	18.64	26.15	-0.00	7.76	1.243	271
47.872	18.68	26.19	-0.00	7.75	1.243	271
47.904	18.61	26.12	-0.02	7.73	1.243	271
47.936	18.56	26.07	0.01	7.77	1.243	271
47.968	18.74	26.25	-0.01	7.75	1.243	271
48.000	18.71	26.22	-0.01	7.75	1.243	271
48.032	18.80	26.31	0.00	7.76	1.243	271
48.064	18.66	26.17	-0.03	7.73	1.243	271
48.096	18.71	26.22	0.01	7.76	1.243	271
48.128	18.76	26.27	0.00	7.76	1.243	271
48.160	18.74	26.24	-0.01	7.74	1.243	271
48.192	18.83	26.34	0.00	7.76	1.243	271
48.224	18.55	26.06	-0.02	7.74	1.243	271
48.256	19.04	26.55	-0.00	7.76	1.243	271
48.288	18.95	26.46	0.01	7.77	1.243	271
48.320	18.79	26.30	-0.02	7.74	1.243	271
48.352	18.93	26.44	0.00	7.76	1.243	271
48.384	18.95	26.46	-0.01	7.75	1.243	271
48.416	19.06	26.57	-0.01	7.75	1.243	271
48.448	19.01	26.52	0.01	7.77	1.243	271
48.480	19.28	26.79	-0.03	7.73	1.243	271
48.512	19.13	26.64	0.00	7.76	1.243	271
48.544	18.96	26.47	-0.01	7.75	1.243	271
48.576	19.04	26.55	-0.02	7.74	1.243	271
48.608	18.92	26.43	0.01	7.77	1.243	271
48.640	18.83	26.34	-0.02	7.74	1.243	271
48.672	18.82	26.33	0.00	7.76	1.243	271
48.704	18.78	26.29	-0.01	7.75	1.243	271
48.736	18.64	26.15	-0.03	7.73	1.243	271
48.768	18.71	26.22	0.01	7.77	1.243	271
48.800	18.36	25.87	-0.01	7.75	1.243	271
48.832	18.57	26.08	-0.01	7.75	1.243	271
48.864	18.78	26.29	-0.00	7.75	1.243	271
48.896	18.54	26.05	-0.03	7.73	1.243	271
48.928	18.73	26.24	0.00	7.76	1.243	271
48.960	18.78	26.29	0.00	7.76	1.243	271
48.992	18.86	26.37	-0.01	7.74	1.243	271
49.024	19.08	26.59	0.00	7.76	1.243	271
49.056	18.59	26.10	-0.02	7.74	1.243	271
49.088	18.79	26.29	-0.00	7.75	1.243	271
49.120	18.98	26.49	0.01	7.77	1.243	271
49.152	19.00	26.51	-0.02	7.74	1.243	271
49.184	18.74	26.25	0.01	7.76	1.243	271
49.216	18.99	26.50	-0.02	7.74	1.243	271
49.248	18.99	26.49	-0.01	7.75	1.243	271
49.280	19.00	26.51	0.01	7.77	1.243	271
49.312	18.75	26.26	-0.02	7.74	1.243	271
49.344	18.74	26.25	0.01	7.76	1.243	271
49.376	18.56	26.07	-0.00	7.75	1.243	271
49.408	18.59	26.10	-0.02	7.74	1.248	272
49.440	18.78	26.29	0.01	7.77	1.248	272
49.472	18.84	26.35	-0.01	7.75	1.248	272
49.504	18.92	26.43	-0.00	7.75	1.248	272
49.536	19.06	26.57	-0.00	7.75	1.248	272
49.568	18.95	26.46	-0.03	7.73	1.248	272
49.600	19.24	26.75	0.01	7.77	1.248	272
49.632	19.42	26.93	-0.00	7.75	1.248	272
49.664	18.51	26.02	-0.01	7.75	1.248	272
49.696	18.41	25.92	-0.00	7.75	1.248	272
49.728	18.42	25.93	-0.03	7.73	1.248	272
49.760	18.62	26.13	0.00	7.76	1.248	272
49.792	18.54	26.05	0.00	7.76	1.248	272
49.824	18.49	26.00	-0.01	7.74	1.248	272
49.856	18.62	26.13	0.01	7.76	1.239	270
49.888	18.37	25.88	-0.02	7.74	1.239	270
49.920	18.52	26.03	-0.01	7.75	1.239	270
49.952	18.34	25.85	0.01	7.77	1.239	270
49.984	18.12	25.63	-0.02	7.73	1.239	270
50.016	17.99	25.50	0.00	7.76	1.239	270
50.048	18.10	25.61	-0.01	7.75	1.239	270
50.080	17.85	25.36	-0.01	7.74	1.239	270
50.112	17.94	25.45	0.01	7.77	1.239	270
50.144	17.74	25.25	-0.02	7.74	1.239	270
50.176	17.89	25.40	0.00	7.76	1.239	270
50.208	18.09	25.60	-0.01	7.75	1.239	270
50.240	18.17	25.68	-0.02	7.73	1.239	270
50.272	18.20	25.71	0.01	7.77	1.239	270
50.304	18.22	25.73	-0.01	7.75	1.239	270
50.336	18.11	25.62	-0.00	7.75	1.243	271
50.368	18.20	25.70	-0.00	7.76	1.243	271
50.400	18.06	25.57	-0.03	7.73	1.243	271
50.432	18.40	25.91	0.00	7.76	1.243	271
50.464	18.53	26.04	0.00	7.76	1.243	271
50.496	18.44	25.95	-0.02	7.74	1.243	271
50.528	18.54	26.05	0.00	7.76	1.243	271
50.560	18.36	25.87	-0.02	7.74	1.243	271
50.592	18.53	26.04	-0.00	7.75	1.243	271
50.624	18.41	25.92	0.01	7.77	1.243	271
50.656	18.42	25.93	-0.02	7.74	1.243	271
50.688	18.72	26.23	0.00	7.76	1.243	271
50.720	18.70	26.20	-0.02	7.74	1.243	271
50.752	18.61	26.12	-0.01	7.75	1.243	271
50.784	18.58	26.09	0.01	7.77	1.243	271
50.816	18.82	26.33	-0.03	7.73	1.243	271
50.848	18.81	26.32	0.00	7.76	1.243	271
50.880	18.75	26.26	-0.01	7.75	1.243	271
50.912	18.69	26.20	-0.02	7.74	1.243	271
50.944	18.90	26.41	0.01	7.77	1.243	271
50.976	18.93	26.44	-0.01	7.74	1.243	271
51.008	18.83	26.34	-0.00	7.76	1.243	271
51.040	18.62	26.13	-0.01	7.75	1.243	271
51.072	18.63	26.14	-0.03	7.73	1.243	271
51.104	18.66	26.17	0.01	7.77	1.243	271
51.136	18.61	26.12	-0.01	7.75	1.243	271
51.168	18.81	26.32	-0.01	7.75	1.243	271
51.200	18.68	26.19	0.01	7.76	1.243	271
51.232	19.09	26.59	-0.03	7.73	1.243	271
51.264	18.93	26.44	-0.00	7.76	1.239	270
51.296	19.00	26.50	0.00	7.76	1.239	270
51.328	18.81	26.32	-0.02	7.74	1.239	270
51.360	19.10	26.61	0.00	7.76	1.239	270
51.392	19.00	26.51	-0.02	7.74	1.239	270
51.424	18.96	26.47	-0.01	7.75	1.239	270
51.456	18.70	26.21	0.00	7.76	1.239	270
51.488	19.07	26.58	-0.02	7.74	1.239	270
51.520	18.65	26.16	0.00	7.76	1.239	270
51.552	18.88	26.39	-0.01	7.75	1.239	270
51.584	18.79	26.30	-0.02	7.74	1.239	270
51.616	18.24	25.74	0.01	7.76	1.239	270
51.648	18.83	26.34	-0.02	7.74	1.239	270
51.680	18.48	25.99	0.00	7.76	1.239	270
51.712	18.66	26.17	-0.01	7.75	1.239	270
51.744	18.96	26.47	-0.02	7.73	1.243	271
51.776	18.62	26.13	0.01	7.77	1.243	271
51.808	18.68	26.19	-0.01	7.75	1.243	271
51.840	18.53	26.04	-0.01	7.75	1.243	271
51.872	18.81	26.32	-0.00	7.75	1.243	271
51.904	18.86	26.37	-0.03	7.73	1.243	271
51.936	18.62	26.13	0.01	7.76	1.243	271
51.968	19.13	26.64	0.00	7.76	1.243	271
52.000	18.77	26.28	-0.02	7.74	1.243	271
52.032	18.91	26.42	0.00	7.76	1.243	271
52.064	18.74	26.25	-0.02	7.74	1.243	271
52.096	18.70	26.21	-0.00	7.76	1.243	271
52.128	18.95	26.45	0.00	7.76	1.243	271
52.160	18.91	26.42	-0.02	7.74	1.243	271
52.192	18.70	26.21	0.00	7.76	1.243	271
52.224	18.82	26.33	-0.02	7.74	1.243	271
52.256	18.88	26.39	-0.01	7.74	1.243	271
52.288	18.82	26.33	0.01	7.77	1.243	271
52.320	18.99	26.50	-0.02	7.73	1.243	271
52.352	18.92	26.43	0.00	7.76	1.243	271
52.384	18.86	26.37	-0.01	7.75	1.243	271
52.416	18.62	26.13	-0.02	7.74	1.243	271
52.448	18.60	26.11	0.01	7.77	1.243	271
52.480	18.56	26.07	-0.02	7.74	1.243	271
52.512	18.56	26.07	0.00	7.76	1.243	271
52.544	18.60	26.11	-0.01	7.75	1.243	271
52.576	18.56	26.07	-0.03	7.73	1.243	271
52.608	18.76	26.27	0.00	7.76	1.243	271
52.640	18.85	26.36	-0.00	7.76	1.243	271
52.672	18.74	26.25	-0.01	7.75	1.243	271
52.704	18.77	26.28	0.00	7.76	1.243	271
52.736	18.57	26.08	-0.03	7.73	1.243	271
52.768	18.69	26.20	-0.00	7.76	1.243	271
52.800	18.77	26.28	0.00	7.76	1.243	271
52.832	18.71	26.22	-0.02	7.74	1.243	271
52.864	18.75	26.26	0.00	7.76	1.243	271
52.896	18.93	26.44	-0.02	7.74	1.243	271
52.928	18.82	26.33	-0.01	7.75	1.243	271
52.960	18.71	26.22	0.00	7.76	1.243	271
52.992	18.80	26.30	-0.02	7.73	1.243	271
53.024	18.59	26.10	0.00	7.76	1.243	271
53.056	18.78	26.29	-0.01	7.74	1.243	271
53.088	18.64	26.15	-0.01	7.75	1.243	271
53.120	18.80	26.31	0.01	7.77	1.243	271
53.152	18.85	26.36	-0.02	7.73	1.239	270
53.184	18.92	26.43	0.00	7.76	1.239	270
53.216	18.61	26.12	-0.01	7.75	1.239	270
53.248	18.83	26.34	-0.02	7.74	1.239	270
53.280	18.68	26.19	0.01	7.77	1.239	270
53.312	18.78	26.29	-0.01	7.75	1.239	270
53.344	18.97	26.48	-0.00	7.75	1.239	270
53.376	18.66	26.17	-0.00	7.75	1.239	270
53.408	18.81	26.32	-0.03	7.73	1.239	270
53.440	18.70	26.21	0.01	7.76	1.239	270
53.472	18.43	25.94	-0.00	7.76	1.239	270
53.504	18.51	26.02	-0.01	7.75	1.239	270
53.536	18.08	25.59	0.00	7.76	1.239	270
53.568	18.14	25.65	-0.03	7.73	1.239	270
53.600	18.37	25.88	0.00	7.76	1.243	271
53.632	18.47	25.98	0.00	7.76	1.243	271
53.664	18.32	25.83	-0.02	7.74	1.243	271
53.696	18.31	25.82	0.00	7.76	1.243	271
53.728	18.16	25.67	-0.02	7.74	1.243	271
53.760	18.28	25.79	-0.01	7.75	1.243	271
53.792	18.04	25.54	0.01	7.77	1.243	271
53.824	18.38	25.89	-0.02	7.73	1.243	271
53.856	18.35	25.86	0.00	7.76	1.243	271
53.888	18.31	25.82	-0.01	7.74	1.243	271
53.920	18.42	25.93	-0.01	7.75	1.243	271
53.952	18.28	25.79	0.01	7.77	1.243	271
53.984	18.63	26.14	-0.03	7.73	1.243	271
54.016	18.43	25.94	-0.00	7.76	1.243	271
54.048	17.96	25.47	-0.01	7.75	1.243	271
54.080	18.47	25.98	-0.02	7.74	1.243	271
54.112	18.48	25.99	0.01	7.77	1.243	271
54.144	18.36	25.87	-0.02	7.74	1.243	271
54.176	18.34	25.85	-0.00	7.75	1.243	271
54.208	18.26	25.77	-0.00	7.75	1.243	271
54.240	18.20	25.71	-0.03	7.73	1.243	271
54.272	18.28	25.79	0.01	7.76	1.243	271
54.304	18.64	26.15	-0.01	7.75	1.243	271
54.336	18.77	26.28	-0.01	7.75	1.243	271
54.368	19.02	26.53	0.00	7.76	1.243	271
54.400	18.63	26.14	-0.03	7.73	1.243	271
54.432	18.69	26.20	0.00	7.76	1.243	271
54.464	18.47	25.98	0.00	7.76	1.243	271
54.496	18.43	25.94	-0.02	7.74	1.243	271
54.528	18.30	25.81	0.00	7.76	1.243	271
54.560	18.25	25.76	-0.02	7.74	1.243	271
54.592	18.51	26.02	-0.00	7.76	1.243	271
54.624	18.42	25.93	0.01	7.77	1.243	271
54.656	18.61	26.12	-0.02	7.74	1.243	271
54.688	18.61	26.12	0.01	7.76	1.243	271
54.720	18.63	26.14	-0.01	7.74	1.243	271
54.752	18.63	26.14	-0.01	7.75	1.243	271
54.784	18.65	26.16	0.01	7.76	1.243	271
54.816	18.79	26.30	-0.03	7.73	1.243	271
54.848	18.74	26.25	-0.00	7.76	1.243	271
54.880	18.32	25.83	-0.01	7.75	1.243	271
54.912	18.42	25.93	-0.02	7.74	1.243	271
54.944	18.26	25.77	0.01	7.77	1.243	271
54.976	18.32	25.83	-0.02	7.74	1.243	271
55.008	18.04	25.55	-0.01	7.75	1.239	270
55.040	18.56	26.07	-0.00	7.76	1.239	270
55.072	18.80	26.31	-0.03	7.73	1.239	270
55.104	18.60	26.10	0.01	7.77	1.239	270
55.136	18.69	26.20	-0.01	7.75	1.239	270
55.168	18.57	26.08	-0.01	7.75	1.239	270
55.200	18.54	26.05	-0.00	7.75	1.239	270
55.232	18.46	25.97	-0.03	7.73	1.239	270
55.264	18.41	25.92	0.01	7.77	1.239	270
55.296	18.62	26.13	0.00	7.76	1.239	270
55.328	18.74	26.25	-0.01	7.74	1.239	270
55.360	18.58	26.09	0.00	7.76	1.239	270
55.392	18.81	26.32	-0.02	7.74	1.239	270
55.424	18.69	26.20	-0.01	7.75	1.239	270
55.456	18.81	26.32	0.01	7.76	1.239	270
55.488	18.50	26.01	-0.02	7.74	1.239	270
55.520	18.78	26.29	0.00	7.76	1.239	270
55.552	18.71	26.22	-0.02	7.74	1.239	270
55.584	19.00	26.51	-0.01	7.75	1.239	270
55.616	18.93	26.44	0.01	7.76	1.239	270
55.648	18.94	26.45	-0.03	7.73	1.239	270
55.680	18.95	26.46	0.00	7.76	1.239	270
55.712	18.97	26.48	-0.01	7.74	1.239	270
55.744	18.89	26.40	-0.02	7.74	1.239	270
55.776	18.97	26.48	0.01	7.76	1.239	270
55.808	18.65	26.16	-0.02	7.74	1.239	270
55.840	18.96	26.47	-0.00	7.76	1.239	270
55.872	18.65	26.16	-0.01	7.75	1.239	270
55.904	18.67	26.18	-0.02	7.73	1.239	270
55.936	19.01	26.52	0.01	7.77	1.239	270
55.968	18.63	26.14	-0.01	7.75	1.248	272
56.000	18.91	26.42	-0.01	7.75	1.248	272
56.032	18.81	26.32	0.00	7.76	1.248	272
56.064	19.08	26.59	-0.03	7.73	1.248	272
56.096	18.83	26.34	0.01	7.77	1.248	272
56.128	18.72	26.23	-0.00	7.75	1.248	272
56.160	18.86	26.37	-0.01	7.75	1.248	272
56.192	18.82	26.33	0.00	7.76	1.248	272
56.224	18.66	26.17	-0.03	7.73	1.248	272
56.256	19.02	26.53	-0.00	7.75	1.248	272
56.288	18.94	26.45	0.00	7.76	1.248	272
56.320	18.85	26.36	-0.02	7.74	1.248	272
56.352	19.09	26.60	-0.00	7.76	1.248	272
56.384	18.92	26.43	-0.02	7.73	1.248	272
56.416	19.13	26.64	-0.01	7.75	1.243	271
56.448	18.89	26.40	0.01	7.76	1.243	271
56.480	18.85	26.36	-0.03	7.73	1.243	271
56.512	18.96	26.47	0.00	7.76	1.243	271
56.544	18.97	26.48	-0.02	7.74	1.243	271
56.576	18.97	26.48	-0.01	7.74	1.243	271
56.608	18.92	26.43	0.01	7.77	1.243	271
56.640	19.16	26.67	-0.03	7.73	1.243	271
56.672	19.07	26.58	0.00	7.76	1.243	271
56.704	18.93	26.44	-0.01	7.75	1.243	271
56.736	19.23	26.74	-0.02	7.74	1.243	271
56.768	19.10	26.60	0.01	7.77	1.243	271
56.800	19.14	26.65	-0.02	7.74	1.243	271
56.832	19.02	26.53	-0.01	7.75	1.243	271
56.864	18.94	26.45	-0.01	7.75	1.243	271
56.896	18.96	26.47	-0.03	7.73	1.243	271
56.928	19.06	26.57	0.01	7.77	1.243	271
56.960	19.01	26.52	-0.00	7.75	1.243	271
56.992	18.99	26.50	-0.01	7.74	1.243	271
57.024	19.20	26.71	-0.00	7.75	1.243	271
57.056	18.90	26.41	-0.03	7.73	1.243	271
57.088	18.96	26.47	-0.01	7.75	1.243	271
57.120	18.89	26.39	-0.00	7.75	1.243	271
57.152	19.11	26.62	-0.02	7.74	1.243	271
57.184	18.98	26.49	0.00	7.76	1.243	271
57.216	19.38	26.89	-0.02	7.73	1.243	271
57.248	18.86	26.37	-0.01	7.75	1.243	271
57.280	19.22	26.73	0.00	7.76	1.243	271
57.312	19.10	26.60	-0.02	7.73	1.243	271
57.344	19.12	26.63	-0.00	7.76	1.243	271
57.376	19.39	26.89	-0.02	7.74	1.243	271
57.408	18.90	26.41	-0.02	7.74	1.243	271
57.440	19.12	26.63	0.01	7.77	1.243	271
57.472	19.12	26.63	-0.03	7.73	1.243	271
57.504	19.43	26.94	0.00	7.76	1.243	271
57.536	19.14	26.64	-0.01	7.75	1.243	271
57.568	19.22	26.73	-0.02	7.74	1.243	271
57.600	19.21	26.72	0.01	7.76	1.243	271
57.632	19.30	26.81	-0.02	7.74	1.243	271
57.664	19.14	26.65	-0.00	7.75	1.243	271
57.696	19.63	27.14	-0.01	7.75	1.243	271
57.728	19.16	26.67	-0.02	7.73	1.243	271
57.760	19.14	26.65	0.01	7.76	1.243	271
57.792	19.12	26.63	-0.01	7.74	1.243	271
57.824	19.19	26.70	-0.01	7.75	1.243	271
57.856	19.14	26.65	-0.01	7.75	1.243	271
57.888	19.07	26.58	-0.03	7.73	1.243	271
57.920	18.82	26.33	-0.00	7.76	1.243	271
57.952	19.06	26.57	-0.00	7.76	1.243	271
57.984	19.14	26.65	-0.01	7.75	1.243	271
58.016	19.01	26.52	0.00	7.76	1.243	271
58.048	19.24	26.74	-0.02	7.73	1.243	271
58.080	19.04	26.55	-0.01	7.75	1.243	271
58.112	19.06	26.57	0.00	7.76	1.243	271
58.144	18.76	26.27	-0.02	7.74	1.243	271
58.176	19.37	26.88	0.00	7.76	1.243	271
58.208	19.02	26.53	-0.02	7.74	1.243	271
58.240	19.31	26.82	-0.02	7.74	1.243	271
58.272	19.09	26.60	0.00	7.76	1.243	271
58.304	19.15	26.66	-0.03	7.73	1.243	271
58.336	19.09	26.60	-0.00	7.76	1.243	271
58.368	19.20	26.71	-0.01	7.75	1.243	271
58.400	18.75	26.25	-0.02	7.74	1.243	271
58.432	19.00	26.51	0.01	7.76	1.243	271
58.464	18.97	26.48	-0.02	7.74	1.243	271
58.496	19.15	26.66	-0.01	7.75	1.243	271
58.528	19.26	26.77	-0.01	7.75	1.243	271
58.560	19.15	26.66	-0.03	7.73	1.243	271
58.592	18.95	26.46	0.01	7.77	1.243	271
58.624	18.99	26.50	-0.01	7.75	1.243	271
58.656	19.04	26.55	-0.01	7.75	1.243	271
58.688	19.03	26.54	-0.00	7.75	1.243	271
58.720	19.12	26.63	-0.03	7.73	1.243	271
58.752	19.04	26.55	0.00	7.76	1.243	271
58.784	19.08	26.59	-0.00	7.75	1.243	271
58.816	19.08	26.59	-0.02	7.74	1.243	271
58.848	19.03	26.54	-0.00	7.75	1.243	271
58.880	19.05	26.56	-0.03	7.73	1.243	271
58.912	19.08	26.59	-0.00	7.76	1.243	271
58.944	19.13	26.64	-0.00	7.76	1.243	271
58.976	19.28	26.79	-0.02	7.74	1.243	271
59.008	19.07	26.58	0.00	7.76	1.243	271
59.040	19.07	26.58	-0.03	7.73	1.243	271
59.072	19.21	26.72	-0.01	7.75	1.243	271
59.104	19.22	26.73	0.01	7.77	1.243	271
59.136	19.10	26.61	-0.03	7.73	1.243	271
59.168	19.38	26.89	-0.00	7.75	1.243	271
59.200	19.40	26.91	-0.01	7.75	1.243	271
59.232	19.37	26.88	-0.02	7.74	1.243	271
59.264	19.44	26.95	0.00	7.76	1.243	271
59.296	19.18	26.69	-0.03	7.73	1.243	271
59.328	19.44	26.95	-0.00	7.75	1.243	271
59.360	19.32	26.83	-0.01	7.75	1.243	271
59.392	19.61	27.12	-0.02	7.73	1.243	271
59.424	19.45	26.96	0.01	7.76	1.243	271
59.456	19.62	27.13	-0.02	7.74	1.243	271
59.488	19.43	26.94	-0.01	7.75	1.243	271
59.520	19.28	26.79	-0.01	7.75	1.243	271
59.552	19.68	27.19	-0.03	7.73	1.243	271
59.584	19.30	26.81	0.00	7.76	1.243	271
59.616	19.52	27.03	-0.00	7.75	1.243	271
59.648	19.35	26.86	-0.01	7.74	1.243	271
59.680	19.73	27.24	-0.00	7.75	1.243	271
59.712	19.40	26.91	-0.03	7.73	1.243	271
59.744	19.48	26.99	-0.01	7.75	1.243	271
59.776	19.50	27.01	0.00	7.76	1.243	271
59.808	19.42	26.93	-0.02	7.73	1.243	271
59.840	19.57	27.08	-0.00	7.75	1.243	271
59.872	19.39	26.90	-0.02	7.74	1.243	271
59.904	19.62	27.13	-0.01	7.75	1.243	271
59.936	19.61	27.12	0.00	7.76	1.243	271
59.968	19.17	26.68	-0.03	7.73	1.243	271
60.000	19.32	26.83	-0.00	7.75	1.243	271
60.032	19.58	27.09	-0.02	7.74	1.243	271
60.064	19.45	26.96	-0.02	7.74	1.243	271
60.096	19.32	26.83	0.01	7.77	1.243	271
60.128	19.63	27.14	-0.03	7.73	1.243	271
60.160	19.48	26.99	-0.00	7.75	1.243	271
60.192	19.54	27.05	-0.01	7.75	1.243	271
60.224	19.67	27.18	-0.02	7.74	1.243	271
60.256	19.42	26.93	0.00	7.76	1.243	271
60.288	19.37	26.88	-0.02	7.74	1.243	271
60.320	19.43	26.94	-0.01	7.75	1.243	271
60.352	19.35	26.86	-0.01	7.75	1.243	271
60.384	19.45	26.96	-0.03	7.73	1.243	271
60.416	19.61	27.12	0.00	7.76	1.243	271
60.448	19.21	26.72	-0.00	7.75	1.243	271
60.480	19.65	27.16	-0.02	7.74	1.243	271
60.512	19.45	26.95	-0.00	7.75	1.243	271
60.544	19.75	27.26	-0.03	7.73	1.243	271
60.576	19.27	26.78	-0.00	7.75	1.243	271
60.608	19.56	27.07	0.00	7.76	1.243	271
60.640	19.37	26.88	-0.02	7.74	1.243	271
60.672	19.47	26.98	-0.00	7.76	1.243	271
60.704	19.58	27.09	-0.02	7.74	1.243	271
60.736	19.55	27.06	-0.01	7.75	1.243	271
60.768	19.69	27.20	0.00	7.76	1.243	271
60.800	19.57	27.08	-0.03	7.73	1.243	271
60.832	19.40	26.91	-0.00	7.75	1.243	271
60.864	19.52	27.03	-0.02	7.74	1.243	271
60.896	19.38	26.89	-0.02	7.74	1.243	271
60.928	19.42	26.93	0.00	7.76	1.243	271
60.960	19.52	27.03	-0.03	7.73	1.243	271
60.992	19.58	27.09	-0.01	7.75	1.243	271
61.024	19.44	26.95	-0.01	7.75	1.243	271
61.056	19.29	26.80	-0.03	7.73	1.243	271
61.088	19.71	27.22	0.01	7.76	1.243	271
61.120	19.56	27.07	-0.01	7.75	1.243	271
61.152	19.40	26.91	-0.01	7.75	1.243	271
61.184	19.39	26.90	-0.01	7.75	1.243	271
61.216	19.49	26.99	-0.03	7.72	1.243	271
61.248	19.45	26.95	-0.00	7.76	1.243	271
61.280	19.42	26.93	-0.01	7.75	1.243	271
61.312	19.38	26.89	-0.02	7.74	1.243	271
61.344	19.45	26.95	-0.00	7.76	1.243	271
61.376	19.66	27.17	-0.03	7.73	1.243	271
61.408	19.60	27.11	-0.01	7.75	1.243	271
61.440	19.29	26.80	0.00	7.76	1.243	271
61.472	19.56	27.07	-0.02	7.73	1.243	271
61.504	19.42	26.93	0.00	7.76	1.243	271
61.536	19.44	26.95	-0.02	7.74	1.243	271
61.568	19.68	27.19	-0.02	7.74	1.243	271
61.600	19.40	26.90	0.01	7.76	1.243	271
61.632	19.55	27.06	-0.03	7.73	1.243	271
61.664	19.46	26.97	-0.01	7.75	1.243	271
61.696	19.45	26.96	-0.02	7.74	1.243	271
61.728	19.62	27.13	-0.02	7.74	1.243	271
61.760	19.39	26.90	0.00	7.76	1.243	271
61.792	19.19	26.70	-0.02	7.74	1.243	271
61.824	19.45	26.95	-0.01	7.75	1.243	271
61.856	19.63	27.14	-0.01	7.74	1.243	271
61.888	19.50	27.00	-0.03	7.73	1.243	271
61.920	19.65	27.16	0.01	7.76	1.243	271
61.952	19.34	26.85	-0.01	7.75	1.243	271
61.984	19.30	26.81	-0.01	7.74	1.243	271
62.016	19.26	26.77	-0.01	7.75	1.243	271
62.048	19.51	27.02	-0.03	7.73	1.243	271
62.080	19.47	26.98	0.00	7.76	1.243	271
62.112	19.49	27.00	-0.01	7.75	1.243	271
62.144	19.39	26.90	-0.02	7.74	1.243	271
62.176	19.34	26.85	-0.01	7.75	1.243	271
62.208	19.46	26.97	-0.02	7.74	1.243	271
62.240	19.59	27.10	-0.01	7.75	1.243	271
62.272	19.23	26.74	0.00	7.76	1.243	271
62.304	19.58	27.09	-0.03	7.73	1.243	271
62.336	19.42	26.93	-0.00	7.75	1.243	271
62.368	19.65	27.16	-0.02	7.74	1.243	271
62.400	19.46	26.97	-0.01	7.74	1.243	271
62.432	19.39	26.90	0.01	7.77	1.243	271
62.464	19.53	27.04	-0.03	7.73	1.243	271
62.496	19.26	26.77	0.00	7.76	1.243	271
62.528	19.51	27.02	-0.01	7.74	1.243	271
62.560	19.47	26.98	-0.02	7.73	1.243	271
62.592	19.59	27.10	0.01	7.76	1.243	271
62.624	19.42	26.93	-0.01	7.74	1.243	271
62.656	19.66	27.17	-0.01	7.75	1.243	271
62.688	19.55	27.06	-0.01	7.75	1.243	271
62.720	19.40	26.91	-0.03	7.72	1.243	271
62.752	19.45	26.96	0.01	7.77	1.243	271
62.784	19.53	27.04	-0.00	7.75	1.243	271
62.816	19.50	27.01	-0.01	7.74	1.243	271
62.848	19.62	27.13	-0.00	7.75	1.243	271
62.880	19.48	26.99	-0.03	7.73	1.243	271
62.912	19.48	26.99	-0.00	7.75	1.243	271
62.944	19.55	27.06	-0.00	7.76	1.243	271
62.976	19.58	27.09	-0.03	7.73	1.248	272
63.008	3.06	10.57	-0.02	7.74	1.248	272
63.040	-7.69	-0.18	-0.03	7.73	1.248	272
63.072	-5.86	1.64	-0.01	7.75	1.248	272
63.104	2.55	10.06	0.02	7.77	1.248	272
63.136	3.85	11.36	-0.05	7.71	1.248	272
63.168	0.16	7.67	0.00	7.76	1.248	272
63.200	-2.57	4.94	-0.03	7.72	1.248	272
63.232	-0.76	6.75	-0.04	7.72	1.248	272
63.264	1.63	9.14	-0.01	7.75	1.248	272
63.296	0.97	8.48	-0.04	7.72	1.248	272
63.328	-0.56	6.94	-0.03	7.73	1.248	272
63.360	-0.90	6.60	-0.03	7.73	1.248	272
63.392	0.25	7.76	-0.05	7.71	1.248	272
63.424	0.75	8.26	-0.01	7.74	1.248	272
63.456	0.15	7.66	-0.03	7.73	0.170	37
63.488	-0.43	7.08	-0.03	7.72	0.170	37
63.520	-0.19	7.32	-0.03	7.73	0.170	37
63.552	0.31	7.82	-0.05	7.71	0.170	37
63.584	0.29	7.80	-0.02	7.74	0.170	37
63.616	-0.07	7.44	-0.02	7.74	0.170	37
63.648	-0.17	7.34	-0.03	7.72	0.170	37
63.680	0.06	7.57	-0.02	7.74	0.170	37
63.712	0.20	7.70	-0.04	7.72	0.170	37
63.744	0.07	7.58	-0.02	7.74	0.170	37
63.776	-0.06	7.45	-0.01	7.75	0.170	37
63.808	-0.00	7.51	-0.04	7.72	0.170	37
63.840	0.10	7.61	-0.02	7.74	0.170	37
63.872	0.08	7.59	-0.04	7.72	0.170	37
63.904	-0.00	7.51	-0.04	7.72	0.000	0
63.936	-0.00	7.50	-0.01	7.75	0.000	0
63.968	0.04	7.55	-0.04	7.71	0.000	0
64.000	0.06	7.57	-0.02	7.74	0.000	0
64.032	0.04	7.55	-0.03	7.73	0.000	0
64.064	0.02	7.53	-0.04	7.71	0.000	0
64.096	0.03	7.54	-0.01	7.74	0.000	0
64.128	0.04	7.54	-0.03	7.73	0.000	0
64.160	0.04	7.54	-0.03	7.73	0.000	0
64.192	0.04	7.55	-0.03	7.73	0.000	0
64.224	0.03	7.54	-0.05	7.71	0.000	0
64.256	0.02	7.53	-0.02	7.74	0.000	0
64.288	0.03	7.54	-0.02	7.74	0.000	0
64.320	0.04	7.55	-0.03	7.73	0.000	0
64.352	0.04	7.55	-0.02	7.74	0.000	0
64.384	0.02	7.53	-0.05	7.71	0.000	0
64.416	0.03	7.54	-0.02	7.73	0.000	0
64.448	0.04	7.55	-0.02	7.74	0.000	0
64.480	0.05	7.55	-0.04	7.72	0.000	0
64.512	0.03	7.54	-0.02	7.74	0.000	0
64.544	0.02	7.53	-0.04	7.72	0.000	0
64.576	0.03	7.54	-0.03	7.73	0.000	0
64.608	0.04	7.55	-0.01	7.75	0.000	0
64.640	0.03	7.54	-0.05	7.71	0.000	0
64.672	0.02	7.53	-0.02	7.74	0.000	0
64.704	0.03	7.54	-0.03	7.72	0.000	0
64.736	0.04	7.55	-0.04	7.72	0.000	0
64.768	0.03	7.54	-0.01	7.75	0.000	0
64.800	0.02	7.53	-0.04	7.72	0.000	0
64.832	0.04	7.54	-0.02	7.73	0.000	0
64.864	0.04	7.55	-0.03	7.73	0.000	0
64.896	0.03	7.54	-0.05	7.71	0.000	0
64.928	0.02	7.53	-0.01	7.74	0.000	0
64.960	0.03	7.54	-0.03	7.73	0.000	0
64.992	0.04	7.55	-0.03	7.73	0.000	0
65.024	0.02	7.53	-0.02	7.74	0.000	0
65.056	0.05	7.56	-0.05	7.71	0.000	0
65.088	0.01	7.52	-0.02	7.74	0.000	0
65.120	0.05	7.55	-0.02	7.74	0.000	0
