Tempo(s)    P0(KPa) P0+Coluna(KPa)  P1(KPa) P1+Coluna(KPa)  Vazao(L/min)    Pulsos
0.000	-0.42	0.42	0.02	7.80	0.000	0
0.032	-0.43	0.42	-0.01	7.78	0.000	0
0.064	-0.61	0.23	0.02	7.81	0.000	0
0.096	-0.63	0.22	0.02	7.81	0.000	0
0.128	-0.73	0.12	0.00	7.79	0.000	0
0.160	-0.76	0.08	0.02	7.81	0.000	0
0.192	-0.69	0.16	0.00	7.79	0.000	0
0.224	-0.63	0.21	0.03	7.81	0.000	0
0.256	-0.49	0.35	0.03	7.82	0.000	0
0.288	-0.55	0.30	0.01	7.79	0.000	0
0.320	-0.85	-0.00	0.02	7.81	0.000	0
0.352	-0.79	0.05	0.01	7.80	0.000	0
0.384	-0.91	-0.06	0.03	7.81	0.000	0
0.416	-1.22	-0.37	0.02	7.80	0.000	0
0.448	-1.29	-0.45	-0.00	7.78	0.000	0
0.480	-1.30	-0.45	0.01	7.80	0.000	0
0.512	-1.31	-0.47	-0.00	7.78	0.000	0
0.544	-1.34	-0.49	0.01	7.80	0.000	0
0.576	-1.28	-0.44	0.03	7.81	0.000	0
0.608	-1.24	-0.39	0.00	7.79	0.000	0
0.640	-1.12	-0.28	0.02	7.80	0.000	0
0.672	-1.17	-0.32	0.01	7.79	0.000	0
0.704	-1.04	-0.19	0.01	7.80	0.000	0
0.736	-0.88	-0.03	0.03	7.81	0.000	0
0.768	-0.89	-0.05	-0.01	7.78	0.000	0
0.800	-0.90	-0.06	0.01	7.80	0.000	0
0.832	-0.94	-0.10	-0.01	7.78	0.000	0
0.864	-0.95	-0.10	0.01	7.80	0.000	0
0.896	-0.93	-0.08	0.02	7.80	0.000	0
0.928	-0.88	-0.03	-0.01	7.78	0.000	0
0.960	-0.79	0.06	0.01	7.80	0.000	0
0.992	-0.62	0.22	-0.00	7.78	0.000	0
1.024	-0.52	0.32	0.01	7.79	0.000	0
1.056	-0.41	0.44	0.03	7.81	0.000	0
1.088	-0.36	0.49	-0.01	7.78	0.000	0
1.120	-0.37	0.47	0.01	7.80	0.000	0
1.152	-0.34	0.50	0.00	7.79	0.000	0
1.184	-0.44	0.41	0.01	7.79	0.000	0
1.216	-0.48	0.37	0.03	7.81	0.000	0
1.248	-0.46	0.39	-0.01	7.78	0.000	0
1.280	-0.44	0.40	0.01	7.80	0.000	0
1.312	-0.45	0.39	0.00	7.79	0.000	0
1.344	-0.56	0.29	0.01	7.79	0.000	0
1.376	-0.65	0.20	0.03	7.82	0.000	0
1.408	-0.61	0.23	-0.01	7.78	0.000	0
1.440	-0.61	0.24	0.01	7.80	0.000	0
1.472	-0.66	0.18	-0.00	7.78	0.000	0
1.504	-0.73	0.12	0.01	7.80	0.000	0
1.536	-0.74	0.10	0.03	7.82	0.000	0
1.568	-0.84	0.00	-0.00	7.78	0.000	0
1.600	-0.93	-0.09	0.02	7.81	0.000	0
1.632	-0.93	-0.09	0.01	7.79	0.000	0
1.664	-0.85	-0.01	0.02	7.80	0.000	0
1.696	-1.06	-0.22	0.04	7.82	0.000	0
1.728	-0.90	-0.06	-0.00	7.78	0.000	0
1.760	-0.85	-0.00	0.02	7.81	0.000	0
1.792	-0.77	0.08	0.01	7.79	0.000	0
1.824	-0.77	0.08	0.01	7.80	0.000	0
1.856	-0.72	0.12	0.04	7.82	0.000	0
1.888	-0.69	0.15	-0.00	7.78	0.000	0
1.920	-0.52	0.33	0.02	7.80	0.000	0
1.952	-0.36	0.49	-0.00	7.78	0.000	0
1.984	-0.32	0.52	0.01	7.79	0.000	0
2.016	-0.34	0.50	0.03	7.82	0.000	0
2.048	-0.38	0.47	-0.01	7.78	0.000	0
2.080	-0.41	0.43	0.02	7.80	0.000	0
2.112	-0.44	0.40	0.00	7.79	0.000	0
2.144	-0.49	0.35	0.01	7.79	0.000	0
2.176	-0.56	0.29	0.03	7.82	0.000	0
2.208	-0.60	0.25	-0.01	7.78	0.000	0
2.240	-0.57	0.28	0.02	7.80	0.000	0
2.272	-0.58	0.27	0.00	7.79	0.000	0
2.304	-0.58	0.26	0.00	7.79	0.000	0
2.336	-0.60	0.25	0.03	7.81	0.000	0
2.368	-0.56	0.28	-0.00	7.78	0.000	0
2.400	-0.54	0.30	0.01	7.80	0.000	0
2.432	-0.50	0.34	0.00	7.79	0.000	0
2.464	-0.51	0.34	0.00	7.79	0.000	0
2.496	-0.51	0.33	0.04	7.82	0.000	0
2.528	-0.53	0.31	-0.00	7.78	0.000	0
2.560	-0.59	0.25	0.02	7.80	0.000	0
2.592	-0.65	0.20	0.01	7.79	0.000	0
2.624	-0.67	0.17	0.00	7.79	0.000	0
2.656	-0.67	0.18	0.03	7.81	0.000	0
2.688	-0.66	0.19	0.01	7.79	0.000	0
2.720	-0.67	0.17	0.01	7.80	0.000	0
2.752	-0.66	0.18	0.00	7.79	0.000	0
2.784	-0.64	0.21	-0.00	7.78	0.000	0
2.816	-0.65	0.20	0.03	7.81	0.000	0
2.848	-0.69	0.16	0.01	7.79	0.000	0
2.880	-0.72	0.13	0.01	7.80	0.000	0
2.912	-0.71	0.13	0.01	7.80	0.000	0
2.944	-0.70	0.14	0.00	7.79	0.000	0
2.976	-0.69	0.15	0.03	7.82	0.000	0
3.008	-0.74	0.10	0.01	7.80	0.000	0
3.040	-0.73	0.12	0.01	7.80	0.000	0
3.072	-0.70	0.14	0.01	7.79	0.000	0
3.104	-0.65	0.20	-0.00	7.78	0.000	0
3.136	-0.61	0.24	0.03	7.81	0.000	0
3.168	-0.53	0.32	0.01	7.80	0.000	0
3.200	-0.47	0.38	0.01	7.79	0.000	0
3.232	-0.51	0.33	0.01	7.80	0.000	0
3.264	-0.55	0.29	-0.01	7.78	0.000	0
3.296	-0.47	0.38	0.03	7.81	0.000	0
3.328	-0.32	0.52	0.01	7.80	0.000	0
3.360	-0.38	0.47	0.01	7.80	0.000	0
3.392	-0.35	0.50	0.02	7.80	0.000	0
3.424	-0.39	0.45	0.00	7.79	0.000	0
3.456	-0.36	0.48	0.04	7.82	0.000	0
3.488	-0.40	0.45	0.03	7.81	0.000	0
3.520	-0.34	0.51	0.01	7.80	0.000	0
3.552	-0.08	0.77	0.01	7.80	0.000	0
3.584	0.05	0.89	-0.01	7.78	0.000	0
3.616	-0.02	0.82	0.03	7.82	0.000	0
3.648	0.04	0.88	0.01	7.80	0.000	0
3.680	0.65	1.49	-0.03	7.76	0.000	0
3.712	1.71	2.55	-0.01	7.77	0.000	0
3.744	1.88	2.73	-0.04	7.75	0.000	0
3.776	1.81	2.65	-0.00	7.78	0.000	0
3.808	2.00	2.84	-0.01	7.77	0.000	0
3.840	2.07	2.91	-0.03	7.76	0.000	0
3.872	1.86	2.70	-0.01	7.78	0.000	0
3.904	1.74	2.58	-0.02	7.76	0.000	0
3.936	1.60	2.44	-0.00	7.78	0.000	0
3.968	3.85	4.69	-0.02	7.77	0.000	0
4.000	16.05	16.90	-0.03	7.75	0.000	0
4.032	25.74	26.58	-0.03	7.76	0.000	0
4.064	20.90	21.74	-0.03	7.75	0.000	0
4.096	14.90	15.75	-0.02	7.77	0.000	0
4.128	16.27	17.12	-0.00	7.78	0.000	0
4.160	18.80	19.65	-0.03	7.76	0.000	0
4.192	19.15	20.00	-0.02	7.77	0.000	0
4.224	17.74	18.58	-0.03	7.75	0.000	0
4.256	17.55	18.39	-0.01	7.78	0.000	0
4.288	17.46	18.31	-0.01	7.77	0.000	0
4.320	18.44	19.29	-0.03	7.75	0.000	0
4.352	18.15	19.00	-0.01	7.77	0.000	0
4.384	17.68	18.53	-0.03	7.76	0.000	0
4.416	17.47	18.31	0.00	7.79	0.000	0
4.448	17.25	18.10	0.01	7.79	1.183	258
4.480	17.51	18.35	-0.03	7.76	1.183	258
4.512	18.46	19.31	-0.01	7.77	1.183	258
4.544	18.14	18.98	-0.03	7.75	1.183	258
4.576	18.29	19.14	-0.02	7.76	1.183	258
4.608	18.31	19.16	-0.03	7.75	1.183	258
4.640	20.57	21.41	-0.09	7.69	1.183	258
4.672	20.45	21.29	-0.07	7.72	1.183	258
4.704	20.49	21.33	-0.08	7.70	1.183	258
4.736	20.65	21.50	-0.09	7.70	1.183	258
4.768	20.33	21.18	-0.05	7.74	1.183	258
4.800	20.09	20.93	-0.07	7.72	1.183	258
4.832	19.06	19.90	-0.04	7.75	1.183	258
4.864	18.80	19.65	-0.04	7.74	1.183	258
4.896	17.87	18.72	-0.01	7.78	1.248	272
4.928	17.00	17.85	0.02	7.80	1.248	272
4.960	16.96	17.80	-0.02	7.77	1.248	272
4.992	16.91	17.75	0.01	7.79	1.248	272
5.024	16.96	17.81	-0.01	7.78	1.248	272
5.056	17.08	17.93	-0.01	7.78	1.248	272
5.088	17.32	18.17	0.02	7.81	1.248	272
5.120	17.56	18.40	-0.02	7.77	1.248	272
5.152	17.28	18.13	0.00	7.79	1.248	272
5.184	17.02	17.86	-0.00	7.78	1.248	272
5.216	17.12	17.96	-0.02	7.77	1.248	272
5.248	17.29	18.14	0.01	7.80	1.248	272
5.280	17.43	18.28	-0.01	7.78	1.248	272
5.312	19.45	20.29	-0.05	7.74	1.248	272
5.344	19.77	20.62	-0.05	7.73	1.248	272
5.376	19.76	20.60	-0.07	7.72	1.248	272
5.408	19.72	20.56	-0.04	7.74	1.248	272
5.440	20.10	20.94	-0.05	7.73	1.248	272
5.472	19.68	20.53	-0.05	7.73	1.248	272
5.504	19.59	20.43	-0.05	7.74	1.248	272
5.536	20.22	21.07	-0.09	7.70	1.248	272
5.568	20.59	21.43	-0.06	7.73	1.248	272
5.600	20.44	21.29	-0.06	7.73	1.248	272
5.632	20.27	21.12	-0.07	7.72	1.248	272
5.664	20.06	20.90	-0.05	7.73	1.248	272
5.696	20.27	21.11	-0.08	7.70	1.248	272
5.728	20.19	21.03	-0.05	7.74	1.248	272
5.760	20.09	20.93	-0.06	7.73	1.248	272
5.792	20.24	21.08	-0.07	7.72	1.248	272
5.824	19.99	20.83	-0.05	7.74	1.248	272
5.856	20.14	20.99	-0.08	7.70	1.252	273
5.888	20.01	20.86	-0.06	7.73	1.252	273
5.920	20.22	21.06	-0.05	7.74	1.252	273
5.952	19.74	20.58	-0.07	7.72	1.252	273
5.984	19.82	20.66	-0.05	7.74	1.252	273
6.016	19.55	20.40	-0.06	7.73	1.252	273
6.048	19.72	20.56	-0.04	7.75	1.252	273
6.080	18.81	19.66	-0.01	7.78	1.252	273
6.112	19.00	19.84	-0.05	7.74	1.252	273
6.144	19.24	20.09	-0.03	7.75	1.252	273
6.176	19.36	20.21	-0.05	7.74	1.252	273
6.208	18.38	19.23	-0.03	7.76	1.252	273
6.240	19.41	20.26	-0.04	7.75	1.252	273
6.272	20.07	20.92	-0.07	7.72	1.252	273
6.304	18.27	19.12	-0.02	7.76	1.252	273
6.336	17.85	18.69	-0.02	7.77	1.252	273
6.368	18.61	19.45	-0.03	7.75	1.252	273
6.400	18.01	18.85	0.02	7.80	1.252	273
6.432	16.60	17.45	-0.00	7.78	1.252	273
6.464	18.02	18.87	-0.02	7.77	1.252	273
6.496	19.60	20.45	-0.06	7.73	1.252	273
6.528	19.91	20.75	-0.06	7.72	1.252	273
6.560	19.93	20.78	-0.05	7.74	1.252	273
6.592	20.17	21.02	-0.08	7.70	1.252	273
6.624	20.36	21.20	-0.06	7.72	1.252	273
6.656	20.15	20.99	-0.06	7.72	1.252	273
6.688	20.63	21.48	-0.08	7.70	1.252	273
6.720	20.47	21.31	-0.05	7.74	1.252	273
6.752	20.26	21.10	-0.08	7.70	1.252	273
6.784	19.91	20.76	-0.05	7.74	1.252	273
6.816	19.76	20.60	-0.05	7.73	1.252	273
6.848	19.40	20.24	-0.05	7.73	1.252	273
6.880	19.70	20.55	-0.02	7.76	1.252	273
6.912	19.40	20.24	-0.06	7.73	1.252	273
6.944	18.93	19.78	-0.03	7.75	1.252	273
6.976	19.48	20.32	-0.05	7.74	1.252	273
7.008	19.88	20.72	-0.06	7.72	1.252	273
7.040	19.68	20.53	-0.03	7.76	1.252	273
7.072	19.70	20.55	-0.06	7.73	1.252	273
7.104	19.23	20.07	-0.05	7.74	1.252	273
7.136	19.63	20.47	-0.05	7.73	1.252	273
7.168	19.28	20.13	-0.09	7.70	1.252	273
7.200	20.44	21.29	-0.05	7.73	1.252	273
7.232	20.72	21.57	-0.08	7.71	1.252	273
7.264	20.58	21.42	-0.07	7.72	1.252	273
7.296	20.76	21.61	-0.08	7.71	1.252	273
7.328	20.20	21.04	-0.08	7.70	1.252	273
7.360	19.90	20.75	-0.05	7.74	1.252	273
7.392	19.82	20.67	-0.05	7.73	1.252	273
7.424	20.11	20.95	-0.07	7.72	1.252	273
7.456	19.86	20.70	-0.05	7.74	1.252	273
7.488	19.26	20.10	-0.02	7.77	1.252	273
7.520	16.55	17.39	0.03	7.81	1.252	273
7.552	16.41	17.25	0.01	7.79	1.252	273
7.584	16.72	17.57	0.01	7.80	1.252	273
7.616	16.51	17.35	0.01	7.80	1.252	273
7.648	16.51	17.35	-0.01	7.77	1.252	273
7.680	16.38	17.23	0.02	7.81	1.252	273
7.712	16.67	17.51	-0.03	7.75	1.252	273
7.744	18.98	19.83	-0.04	7.75	1.252	273
7.776	18.04	18.88	-0.02	7.77	1.252	273
7.808	16.19	17.03	-0.01	7.78	1.252	273
7.840	16.26	17.11	0.02	7.81	1.252	273
7.872	16.12	16.96	0.02	7.80	1.252	273
7.904	16.20	17.04	-0.01	7.77	1.252	273
7.936	19.64	20.49	-0.05	7.73	1.252	273
7.968	19.78	20.63	-0.08	7.70	1.252	273
8.000	19.65	20.49	-0.05	7.74	1.252	273
8.032	19.59	20.43	-0.04	7.74	1.252	273
8.064	19.59	20.43	-0.07	7.71	1.252	273
8.096	19.67	20.51	-0.05	7.74	1.252	273
8.128	19.49	20.33	-0.07	7.72	1.252	273
8.160	19.81	20.65	-0.05	7.73	1.252	273
8.192	19.83	20.67	-0.04	7.74	1.257	274
8.224	19.55	20.40	-0.07	7.72	1.257	274
8.256	19.46	20.30	-0.04	7.75	1.257	274
8.288	19.21	20.05	-0.06	7.73	1.257	274
8.320	19.12	19.97	-0.05	7.74	1.257	274
8.352	19.16	20.00	-0.03	7.75	1.257	274
8.384	19.10	19.94	-0.06	7.72	1.257	274
8.416	19.17	20.01	-0.04	7.75	1.257	274
8.448	19.21	20.05	-0.05	7.73	1.257	274
8.480	19.21	20.05	-0.04	7.74	1.257	274
8.512	19.01	19.86	-0.02	7.77	1.257	274
8.544	18.83	19.67	-0.05	7.73	1.257	274
8.576	18.93	19.78	-0.03	7.75	1.257	274
8.608	18.76	19.60	-0.04	7.75	1.257	274
8.640	18.14	18.99	-0.00	7.78	1.252	273
8.672	17.26	18.10	0.01	7.80	1.252	273
8.704	16.94	17.79	-0.03	7.76	1.252	273
8.736	17.59	18.43	-0.01	7.78	1.252	273
8.768	17.78	18.62	-0.03	7.76	1.252	273
8.800	17.79	18.64	-0.02	7.77	1.252	273
8.832	17.54	18.38	0.00	7.79	1.252	273
8.864	17.28	18.13	-0.02	7.76	1.252	273
8.896	17.02	17.87	0.01	7.79	1.252	273
8.928	17.26	18.10	-0.01	7.77	1.252	273
8.960	17.15	18.00	-0.01	7.78	1.252	273
8.992	17.52	18.37	0.01	7.79	1.252	273
9.024	17.30	18.14	-0.02	7.77	1.252	273
9.056	16.96	17.80	0.00	7.79	1.252	273
9.088	17.09	17.93	-0.01	7.77	1.252	273
9.120	17.24	18.09	-0.00	7.78	1.257	274
9.152	17.00	17.84	0.02	7.81	1.257	274
9.184	16.86	17.70	-0.01	7.77	1.257	274
9.216	16.91	17.75	0.01	7.79	1.257	274
9.248	17.17	18.02	-0.01	7.78	1.257	274
9.280	16.97	17.82	-0.01	7.78	1.257	274
9.312	16.79	17.64	0.02	7.81	1.257	274
9.344	16.79	17.63	-0.01	7.78	1.257	274
9.376	17.09	17.94	0.01	7.79	1.257	274
9.408	17.23	18.07	-0.00	7.78	1.257	274
9.440	17.07	17.91	-0.01	7.78	1.257	274
9.472	16.78	17.63	0.02	7.80	1.257	274
9.504	16.87	17.72	-0.00	7.78	1.257	274
9.536	16.91	17.76	0.00	7.79	1.257	274
9.568	16.95	17.79	0.00	7.79	1.257	274
9.600	17.08	17.92	-0.01	7.77	1.252	273
9.632	17.10	17.94	0.02	7.80	1.252	273
9.664	16.78	17.62	0.00	7.79	1.252	273
9.696	16.55	17.39	0.00	7.79	1.252	273
9.728	16.64	17.48	0.00	7.79	1.252	273
9.760	16.83	17.67	-0.01	7.77	1.252	273
9.792	16.90	17.74	0.02	7.80	1.252	273
9.824	16.81	17.66	0.01	7.79	1.252	273
9.856	16.95	17.79	0.00	7.79	1.252	273
9.888	17.05	17.90	0.01	7.80	1.252	273
9.920	16.92	17.76	-0.01	7.77	1.252	273
9.952	16.72	17.57	0.02	7.81	1.252	273
9.984	16.77	17.61	0.01	7.80	1.252	273
10.016	16.94	17.78	0.00	7.79	1.252	273
10.048	16.96	17.80	0.01	7.80	1.257	274
10.080	16.84	17.68	-0.01	7.78	1.257	274
10.112	16.79	17.64	0.01	7.80	1.257	274
10.144	16.84	17.68	0.01	7.80	1.257	274
10.176	16.89	17.73	0.00	7.79	1.257	274
10.208	17.00	17.84	0.01	7.80	1.257	274
10.240	17.06	17.90	-0.01	7.78	1.257	274
10.272	16.90	17.74	0.02	7.80	1.257	274
10.304	16.88	17.72	0.02	7.80	1.257	274
10.336	17.04	17.88	0.00	7.79	1.257	274
10.368	17.10	17.95	0.02	7.80	1.257	274
10.400	17.00	17.84	-0.00	7.78	1.257	274
10.432	16.86	17.70	0.01	7.80	1.257	274
10.464	17.00	17.85	0.02	7.81	1.257	274
10.496	17.06	17.91	-0.00	7.78	1.257	274
10.528	17.06	17.91	0.02	7.80	1.252	273
10.560	17.07	17.91	-0.01	7.78	1.252	273
10.592	17.01	17.86	0.01	7.80	1.252	273
10.624	16.85	17.69	0.02	7.81	1.252	273
10.656	16.85	17.70	-0.00	7.78	1.252	273
10.688	16.90	17.74	0.01	7.80	1.252	273
10.720	16.80	17.64	-0.00	7.78	1.252	273
10.752	16.59	17.44	0.01	7.79	1.252	273
10.784	16.73	17.57	0.03	7.81	1.252	273
10.816	16.95	17.79	-0.01	7.78	1.252	273
10.848	16.93	17.77	0.01	7.80	1.252	273
10.880	16.80	17.64	0.00	7.79	1.252	273
10.912	16.75	17.60	0.00	7.79	1.252	273
10.944	16.66	17.50	0.03	7.81	1.252	273
10.976	16.55	17.39	-0.01	7.77	1.252	273
11.008	16.67	17.52	0.02	7.80	1.252	273
11.040	16.73	17.58	0.00	7.79	1.252	273
11.072	16.69	17.53	0.00	7.79	1.252	273
11.104	16.60	17.45	0.03	7.81	1.252	273
11.136	16.53	17.38	-0.01	7.78	1.252	273
11.168	16.51	17.35	0.02	7.80	1.252	273
11.200	16.54	17.38	0.00	7.79	1.252	273
11.232	16.60	17.44	0.00	7.79	1.252	273
11.264	16.67	17.51	0.03	7.82	1.252	273
11.296	16.74	17.59	-0.01	7.78	1.252	273
11.328	16.70	17.54	0.01	7.80	1.252	273
11.360	16.61	17.45	0.00	7.79	1.252	273
11.392	16.61	17.46	0.00	7.79	1.252	273
11.424	16.71	17.55	0.03	7.81	1.252	273
11.456	16.70	17.54	0.00	7.79	1.252	273
11.488	16.65	17.50	0.01	7.80	1.252	273
11.520	16.67	17.52	0.01	7.79	1.252	273
11.552	16.69	17.54	-0.00	7.78	1.252	273
11.584	16.62	17.46	0.03	7.81	1.252	273
11.616	16.62	17.46	0.01	7.79	1.252	273
11.648	16.71	17.55	0.01	7.80	1.252	273
11.680	16.65	17.49	0.01	7.79	1.252	273
11.712	16.59	17.43	-0.00	7.78	1.252	273
11.744	16.71	17.55	0.03	7.81	1.252	273
11.776	16.89	17.73	0.01	7.80	1.252	273
11.808	16.77	17.61	0.01	7.80	1.252	273
11.840	16.63	17.48	0.02	7.80	1.252	273
11.872	16.76	17.61	-0.01	7.78	1.252	273
11.904	16.80	17.65	0.03	7.81	1.252	273
11.936	16.67	17.52	0.01	7.80	1.252	273
11.968	16.79	17.63	0.01	7.80	1.252	273
12.000	16.85	17.70	0.01	7.80	1.252	273
12.032	16.72	17.57	-0.01	7.78	1.252	273
12.064	16.63	17.47	0.03	7.81	1.252	273
12.096	16.77	17.62	0.02	7.81	1.252	273
12.128	16.78	17.62	0.01	7.79	1.252	273
12.160	16.72	17.57	0.02	7.80	1.252	273
12.192	16.65	17.50	-0.01	7.78	1.252	273
12.224	16.70	17.54	0.02	7.81	1.252	273
12.256	16.75	17.60	0.02	7.81	1.252	273
12.288	16.81	17.66	0.01	7.79	1.252	273
12.320	16.82	17.67	0.02	7.81	1.252	273
12.352	16.88	17.72	-0.00	7.78	1.252	273
12.384	16.86	17.71	0.03	7.81	1.261	275
12.416	16.73	17.57	0.02	7.80	1.261	275
12.448	16.74	17.58	0.01	7.80	1.261	275
12.480	16.71	17.56	0.02	7.81	1.261	275
12.512	16.69	17.54	-0.00	7.78	1.261	275
12.544	16.71	17.55	0.02	7.81	1.261	275
12.576	16.75	17.59	0.03	7.81	1.261	275
12.608	16.66	17.51	0.01	7.79	1.261	275
12.640	16.60	17.44	0.03	7.82	1.261	275
12.672	16.60	17.44	-0.00	7.78	1.261	275
12.704	16.72	17.56	0.03	7.81	1.261	275
12.736	16.69	17.53	0.03	7.82	1.261	275
12.768	16.66	17.50	0.01	7.79	1.261	275
12.800	16.69	17.53	0.03	7.81	1.261	275
12.832	16.68	17.53	0.01	7.79	1.261	275
12.864	16.62	17.47	0.02	7.80	1.257	274
12.896	16.54	17.38	0.03	7.82	1.257	274
12.928	16.56	17.41	0.00	7.79	1.257	274
12.960	16.61	17.46	0.03	7.81	1.257	274
12.992	16.57	17.42	0.01	7.79	1.257	274
13.024	16.60	17.44	0.02	7.81	1.257	274
13.056	16.56	17.41	0.03	7.82	1.257	274
13.088	16.46	17.31	0.01	7.79	1.257	274
13.120	16.52	17.37	0.03	7.82	1.257	274
13.152	16.48	17.33	0.01	7.80	1.257	274
13.184	16.43	17.28	0.02	7.80	1.257	274
13.216	16.55	17.40	0.04	7.82	1.257	274
13.248	16.57	17.42	0.00	7.79	1.257	274
13.280	16.42	17.27	0.03	7.82	1.257	274
13.312	16.35	17.19	0.01	7.80	1.257	274
13.344	16.40	17.24	0.01	7.80	1.257	274
13.376	16.54	17.38	0.03	7.82	1.257	274
13.408	16.68	17.53	-0.01	7.78	1.257	274
13.440	16.75	17.59	0.02	7.81	1.257	274
13.472	16.60	17.45	0.01	7.80	1.257	274
13.504	16.52	17.37	0.01	7.80	1.257	274
13.536	16.54	17.39	0.04	7.82	1.257	274
13.568	16.52	17.37	-0.00	7.78	1.257	274
13.600	16.37	17.22	0.02	7.81	1.257	274
13.632	16.36	17.20	0.01	7.79	1.257	274
13.664	16.61	17.45	0.01	7.80	1.257	274
13.696	16.67	17.52	0.03	7.82	1.257	274
13.728	16.70	17.54	-0.01	7.78	1.257	274
13.760	16.66	17.51	0.02	7.81	1.257	274
13.792	16.49	17.34	0.01	7.79	1.257	274
13.824	16.49	17.34	0.01	7.80	1.257	274
13.856	16.68	17.53	0.03	7.82	1.257	274
13.888	16.77	17.61	0.00	7.79	1.257	274
13.920	16.59	17.43	0.03	7.81	1.257	274
13.952	16.40	17.24	0.01	7.80	1.257	274
13.984	16.32	17.16	0.01	7.80	1.257	274
14.016	16.46	17.31	0.04	7.83	1.257	274
14.048	16.51	17.35	0.01	7.79	1.257	274
14.080	16.37	17.21	0.03	7.82	1.257	274
14.112	16.15	17.00	0.02	7.81	1.257	274
14.144	16.34	17.18	0.01	7.80	1.257	274
14.176	16.48	17.32	0.04	7.83	1.257	274
14.208	16.28	17.12	0.02	7.81	1.257	274
14.240	15.97	16.82	0.04	7.83	1.257	274
14.272	16.19	17.03	0.03	7.81	1.261	275
14.304	16.30	17.14	0.02	7.80	1.261	275
14.336	16.42	17.27	0.04	7.83	1.261	275
14.368	16.49	17.33	0.01	7.80	1.261	275
14.400	16.41	17.26	0.03	7.82	1.261	275
14.432	16.24	17.08	0.03	7.82	1.261	275
14.464	16.30	17.15	0.01	7.80	1.261	275
14.496	16.31	17.16	0.05	7.83	1.261	275
14.528	16.20	17.04	0.02	7.81	1.261	275
14.560	16.05	16.89	0.04	7.83	1.261	275
14.592	15.87	16.71	0.04	7.82	1.261	275
14.624	16.31	17.16	0.01	7.80	1.261	275
14.656	16.45	17.30	0.05	7.83	1.261	275
14.688	16.28	17.12	0.02	7.81	1.261	275
14.720	16.11	16.95	0.03	7.81	1.261	275
14.752	16.29	17.13	0.03	7.81	1.252	273
14.784	16.53	17.38	0.00	7.79	1.252	273
14.816	16.42	17.26	0.04	7.82	1.252	273
14.848	16.29	17.13	0.02	7.81	1.252	273
14.880	16.41	17.26	0.03	7.82	1.252	273
14.912	16.43	17.27	0.03	7.81	1.252	273
14.944	16.35	17.19	0.00	7.79	1.252	273
14.976	16.42	17.27	0.03	7.82	1.252	273
15.008	16.51	17.35	0.02	7.80	1.252	273
15.040	16.56	17.41	0.02	7.80	1.252	273
15.072	16.42	17.27	0.02	7.81	1.252	273
15.104	16.45	17.29	0.00	7.79	1.252	273
15.136	16.54	17.38	0.03	7.82	1.252	273
15.168	16.49	17.33	0.02	7.81	1.252	273
15.200	16.41	17.25	0.01	7.80	1.257	274
15.232	16.39	17.23	0.02	7.81	1.257	274
15.264	16.44	17.28	-0.01	7.78	1.257	274
15.296	16.48	17.33	0.03	7.82	1.257	274
15.328	16.60	17.45	0.02	7.81	1.257	274
15.360	16.57	17.42	0.01	7.80	1.257	274
15.392	16.44	17.29	0.02	7.81	1.257	274
15.424	16.42	17.26	-0.01	7.78	1.257	274
15.456	16.40	17.24	0.03	7.81	1.257	274
15.488	16.41	17.25	0.02	7.81	1.257	274
15.520	16.38	17.22	0.01	7.80	1.257	274
15.552	16.39	17.24	0.03	7.81	1.257	274
15.584	16.51	17.36	0.00	7.79	1.257	274
15.616	16.57	17.41	0.03	7.82	1.257	274
15.648	16.57	17.42	0.02	7.81	1.257	274
15.680	16.42	17.26	0.01	7.80	1.239	270
15.712	16.47	17.31	0.03	7.82	1.239	270
15.744	16.36	17.21	0.00	7.79	1.239	270
15.776	16.36	17.21	0.03	7.82	1.239	270
15.808	16.41	17.26	0.03	7.82	1.239	270
15.840	16.43	17.27	0.01	7.80	1.239	270
15.872	16.22	17.07	0.04	7.82	1.239	270
15.904	16.22	17.07	0.01	7.80	1.239	270
15.936	16.33	17.18	0.03	7.81	1.239	270
15.968	16.47	17.32	0.03	7.82	1.239	270
16.000	16.33	17.18	0.01	7.80	1.239	270
16.032	16.26	17.11	0.03	7.82	1.239	270
16.064	16.35	17.19	0.01	7.79	1.239	270
16.096	16.37	17.22	0.03	7.81	1.239	270
16.128	16.37	17.21	0.03	7.82	1.248	272
16.160	16.42	17.27	0.01	7.80	1.248	272
16.192	16.29	17.14	0.03	7.82	1.248	272
16.224	16.37	17.22	0.01	7.80	1.248	272
16.256	16.43	17.28	0.03	7.81	1.248	272
16.288	16.52	17.36	0.03	7.82	1.248	272
16.320	16.50	17.34	0.01	7.79	1.248	272
16.352	16.49	17.33	0.03	7.82	1.248	272
16.384	16.52	17.37	0.01	7.79	1.248	272
16.416	16.53	17.37	0.03	7.82	1.248	272
16.448	16.37	17.21	0.04	7.82	1.248	272
16.480	16.29	17.14	0.01	7.79	1.248	272
16.512	16.36	17.20	0.03	7.82	1.248	272
16.544	16.56	17.40	0.01	7.80	1.248	272
16.576	16.60	17.45	0.02	7.81	1.248	272
16.608	16.60	17.45	0.04	7.82	1.252	273
16.640	16.33	17.17	0.01	7.79	1.252	273
16.672	16.16	17.00	0.03	7.82	1.252	273
16.704	16.28	17.12	0.01	7.80	1.252	273
16.736	16.37	17.22	0.02	7.80	1.252	273
16.768	16.34	17.19	0.04	7.83	1.252	273
16.800	16.28	17.12	0.01	7.80	1.252	273
16.832	16.16	17.01	0.04	7.82	1.252	273
16.864	16.16	17.01	0.01	7.80	1.252	273
16.896	16.26	17.10	0.02	7.80	1.252	273
16.928	16.28	17.13	0.04	7.82	1.252	273
16.960	16.24	17.08	0.00	7.79	1.252	273
16.992	16.26	17.11	0.03	7.81	1.252	273
17.024	16.34	17.19	0.01	7.80	1.252	273
17.056	16.34	17.18	0.01	7.80	1.252	273
17.088	16.21	17.06	0.04	7.83	1.257	274
17.120	16.25	17.09	0.00	7.79	1.257	274
17.152	16.48	17.33	0.03	7.81	1.257	274
17.184	16.34	17.18	0.02	7.80	1.257	274
17.216	16.24	17.08	0.01	7.80	1.257	274
17.248	16.41	17.26	0.04	7.82	1.257	274
17.280	16.41	17.26	0.01	7.79	1.257	274
17.312	16.31	17.15	0.03	7.82	1.257	274
17.344	16.25	17.09	0.03	7.81	1.257	274
17.376	16.09	16.94	0.02	7.80	1.257	274
17.408	16.19	17.03	0.04	7.83	1.257	274
17.440	16.15	17.00	0.01	7.80	1.257	274
17.472	16.28	17.12	0.03	7.81	1.257	274
17.504	16.50	17.34	0.02	7.81	1.257	274
17.536	16.44	17.28	0.01	7.79	1.252	273
17.568	16.33	17.17	0.04	7.82	1.252	273
17.600	16.32	17.17	0.01	7.80	1.252	273
17.632	16.36	17.21	0.03	7.81	1.252	273
17.664	16.32	17.17	0.02	7.81	1.252	273
17.696	16.42	17.26	0.00	7.79	1.252	273
17.728	16.42	17.27	0.03	7.82	1.252	273
17.760	16.34	17.19	0.02	7.81	1.252	273
17.792	16.24	17.09	0.03	7.81	1.252	273
17.824	16.24	17.09	0.03	7.81	1.252	273
17.856	16.22	17.06	0.00	7.79	1.252	273
17.888	16.26	17.10	0.04	7.83	1.252	273
17.920	16.15	16.99	0.03	7.81	1.252	273
17.952	16.34	17.18	0.02	7.80	1.252	273
17.984	16.56	17.40	0.03	7.81	1.252	273
18.016	16.48	17.33	-0.00	7.78	1.257	274
18.048	16.26	17.10	0.04	7.82	1.257	274
18.080	16.35	17.19	0.03	7.82	1.257	274
18.112	16.39	17.24	0.02	7.80	1.257	274
18.144	16.35	17.20	0.03	7.82	1.257	274
18.176	16.49	17.33	0.00	7.79	1.257	274
18.208	16.51	17.35	0.03	7.82	1.257	274
18.240	16.44	17.28	0.03	7.82	1.257	274
18.272	16.39	17.23	0.02	7.80	1.257	274
18.304	16.42	17.26	0.03	7.82	1.257	274
18.336	16.41	17.26	0.00	7.79	1.257	274
18.368	16.33	17.18	0.03	7.82	1.257	274
18.400	16.12	16.96	0.03	7.82	1.257	274
18.432	16.31	17.15	0.02	7.80	1.257	274
18.464	16.41	17.26	0.03	7.82	1.257	274
18.496	16.31	17.15	0.01	7.80	1.257	274
18.528	16.16	17.00	0.03	7.82	1.257	274
18.560	16.20	17.04	0.03	7.82	1.257	274
18.592	16.37	17.21	0.01	7.79	1.257	274
18.624	16.52	17.37	0.03	7.81	1.257	274
18.656	16.46	17.30	0.01	7.79	1.257	274
18.688	16.34	17.18	0.03	7.81	1.257	274
18.720	16.30	17.14	0.04	7.82	1.257	274
18.752	16.35	17.19	0.01	7.79	1.257	274
18.784	16.38	17.23	0.03	7.82	1.257	274
18.816	16.51	17.35	0.01	7.80	1.257	274
18.848	16.41	17.25	0.02	7.81	1.257	274
18.880	16.19	17.04	0.04	7.83	1.257	274
18.912	16.24	17.08	0.01	7.79	1.257	274
18.944	16.46	17.31	0.03	7.82	1.252	273
18.976	16.49	17.33	0.02	7.80	1.252	273
19.008	16.48	17.32	0.02	7.81	1.252	273
19.040	16.27	17.12	0.04	7.83	1.252	273
19.072	16.25	17.10	0.01	7.79	1.252	273
19.104	16.26	17.11	0.04	7.82	1.252	273
19.136	16.39	17.24	0.02	7.80	1.252	273
19.168	16.50	17.34	0.02	7.80	1.252	273
19.200	16.30	17.14	0.05	7.83	1.252	273
19.232	16.18	17.02	0.01	7.79	1.252	273
19.264	16.35	17.19	0.03	7.82	1.252	273
19.296	16.37	17.21	0.02	7.80	1.252	273
19.328	16.36	17.21	0.01	7.80	1.252	273
19.360	16.29	17.14	0.05	7.83	1.252	273
19.392	16.39	17.23	0.01	7.80	1.252	273
19.424	16.56	17.40	0.03	7.81	1.257	274
19.456	16.52	17.37	0.03	7.81	1.257	274
19.488	16.41	17.25	0.01	7.80	1.257	274
19.520	16.38	17.23	0.04	7.83	1.257	274
19.552	16.55	17.39	0.02	7.81	1.257	274
19.584	16.37	17.21	0.03	7.81	1.257	274
19.616	16.45	17.29	0.03	7.81	1.257	274
19.648	16.43	17.27	0.01	7.80	1.257	274
19.680	16.22	17.07	0.04	7.83	1.257	274
19.712	16.32	17.17	0.03	7.81	1.257	274
19.744	16.47	17.32	0.03	7.81	1.257	274
19.776	16.45	17.30	0.03	7.82	1.257	274
19.808	16.34	17.18	0.00	7.79	1.257	274
19.840	16.30	17.15	0.04	7.82	1.257	274
19.872	16.41	17.26	0.03	7.82	1.261	275
19.904	16.50	17.34	0.02	7.81	1.261	275
19.936	16.39	17.24	0.03	7.82	1.261	275
19.968	16.36	17.21	0.00	7.79	1.261	275
20.000	16.44	17.28	0.04	7.82	1.261	275
20.032	16.45	17.29	0.03	7.81	1.261	275
20.064	16.49	17.34	0.02	7.80	1.261	275
20.096	16.53	17.37	0.03	7.81	1.261	275
20.128	16.42	17.27	0.01	7.79	1.261	275
20.160	16.33	17.17	0.04	7.82	1.261	275
20.192	16.44	17.29	0.03	7.82	1.261	275
20.224	16.50	17.35	0.02	7.80	1.261	275
20.256	16.47	17.32	0.04	7.82	1.261	275
20.288	16.36	17.20	0.01	7.80	1.261	275
20.320	16.39	17.23	0.03	7.82	1.261	275
20.352	16.56	17.41	0.04	7.82	1.257	274
20.384	16.66	17.51	0.01	7.80	1.257	274
20.416	16.62	17.47	0.03	7.82	1.257	274
20.448	16.58	17.42	0.01	7.80	1.257	274
20.480	16.58	17.42	0.03	7.82	1.257	274
20.512	16.44	17.29	0.04	7.83	1.257	274
20.544	16.42	17.27	0.01	7.80	1.257	274
20.576	16.42	17.27	0.04	7.82	1.257	274
20.608	16.44	17.29	0.02	7.80	1.257	274
20.640	16.30	17.14	0.03	7.82	1.257	274
20.672	16.14	16.98	0.04	7.83	1.257	274
20.704	16.18	17.02	0.01	7.80	1.257	274
20.736	16.20	17.05	0.04	7.82	1.257	274
20.768	16.28	17.13	0.02	7.80	1.257	274
20.800	16.29	17.14	0.03	7.81	1.257	274
20.832	16.44	17.28	0.05	7.83	1.257	274
20.864	16.57	17.42	0.01	7.79	1.257	274
20.896	16.34	17.19	0.04	7.82	1.257	274
20.928	16.23	17.08	0.02	7.80	1.257	274
20.960	16.31	17.15	0.03	7.81	1.257	274
20.992	16.33	17.17	0.04	7.83	1.257	274
21.024	16.35	17.20	0.01	7.80	1.257	274
21.056	16.40	17.25	0.04	7.82	1.257	274
21.088	16.45	17.30	0.03	7.81	1.257	274
21.120	16.40	17.25	0.02	7.80	1.257	274
21.152	16.41	17.25	0.05	7.83	1.257	274
21.184	16.40	17.25	0.01	7.80	1.257	274
21.216	16.42	17.27	0.03	7.82	1.257	274
21.248	16.33	17.18	0.02	7.81	1.257	274
21.280	16.32	17.17	0.02	7.80	1.257	274
21.312	16.64	17.49	0.04	7.83	1.257	274
21.344	16.64	17.48	0.02	7.81	1.257	274
21.376	16.34	17.18	0.03	7.82	1.257	274
21.408	16.31	17.15	0.03	7.81	1.257	274
21.440	16.47	17.32	0.01	7.79	1.257	274
21.472	16.45	17.29	0.04	7.83	1.257	274
21.504	16.34	17.19	0.03	7.81	1.257	274
21.536	16.45	17.30	0.03	7.82	1.257	274
21.568	16.41	17.25	0.04	7.82	1.257	274
21.600	16.26	17.10	0.01	7.80	1.257	274
21.632	16.39	17.24	0.04	7.82	1.257	274
21.664	16.45	17.29	0.03	7.82	1.257	274
21.696	16.37	17.22	0.03	7.81	1.257	274
21.728	16.36	17.20	0.04	7.82	1.257	274
21.760	16.38	17.22	0.01	7.79	1.257	274
21.792	16.41	17.26	0.04	7.83	1.257	274
21.824	16.48	17.33	0.03	7.82	1.257	274
21.856	16.32	17.17	0.02	7.81	1.257	274
21.888	16.20	17.04	0.04	7.82	1.257	274
21.920	16.38	17.22	0.01	7.79	1.257	274
21.952	16.45	17.29	0.04	7.83	1.257	274
21.984	16.50	17.35	0.03	7.82	1.257	274
22.016	16.54	17.38	0.02	7.81	1.257	274
22.048	16.53	17.38	0.03	7.82	1.257	274
22.080	16.49	17.33	0.01	7.80	1.257	274
22.112	16.49	17.34	0.03	7.82	1.257	274
22.144	16.40	17.25	0.03	7.82	1.257	274
22.176	16.52	17.36	0.02	7.80	1.257	274
22.208	16.39	17.23	0.04	7.82	1.257	274
22.240	16.36	17.20	0.02	7.80	1.261	275
22.272	16.48	17.33	0.03	7.82	1.261	275
22.304	16.52	17.37	0.04	7.82	1.261	275
22.336	16.40	17.24	0.01	7.80	1.261	275
22.368	16.34	17.18	0.04	7.82	1.261	275
22.400	16.39	17.24	0.02	7.80	1.261	275
22.432	16.35	17.20	0.03	7.81	1.261	275
22.464	16.56	17.41	0.04	7.83	1.261	275
22.496	16.55	17.39	0.01	7.80	1.261	275
22.528	16.37	17.21	0.04	7.82	1.261	275
22.560	16.25	17.09	0.02	7.81	1.261	275
22.592	16.30	17.15	0.03	7.82	1.261	275
22.624	16.37	17.22	0.05	7.84	1.261	275
22.656	16.39	17.23	0.01	7.80	1.261	275
22.688	16.21	17.05	0.04	7.82	1.252	273
22.720	16.26	17.11	0.02	7.81	1.252	273
22.752	16.34	17.18	0.03	7.82	1.252	273
22.784	16.38	17.22	0.05	7.83	1.252	273
22.816	16.40	17.25	0.01	7.80	1.252	273
22.848	16.41	17.26	0.04	7.82	1.252	273
22.880	16.48	17.32	0.02	7.81	1.252	273
22.912	16.30	17.15	0.02	7.81	1.252	273
22.944	16.35	17.20	0.05	7.83	1.252	273
22.976	16.39	17.23	0.02	7.80	1.252	273
23.008	16.42	17.27	0.04	7.83	1.252	273
23.040	16.33	17.18	0.03	7.81	1.252	273
23.072	16.34	17.18	0.02	7.81	1.252	273
23.104	16.31	17.15	0.05	7.83	1.252	273
23.136	16.24	17.09	0.02	7.81	1.252	273
23.168	16.11	16.95	0.04	7.83	1.243	271
23.200	16.19	17.04	0.04	7.82	1.243	271
23.232	16.41	17.26	0.02	7.80	1.243	271
23.264	16.31	17.15	0.05	7.83	1.243	271
23.296	16.26	17.10	0.03	7.82	1.243	271
23.328	16.30	17.15	0.04	7.82	1.243	271
23.360	16.18	17.02	0.03	7.82	1.243	271
23.392	16.31	17.15	0.01	7.80	1.243	271
23.424	16.28	17.13	0.04	7.83	1.243	271
23.456	16.51	17.36	0.03	7.82	1.243	271
23.488	16.48	17.33	0.03	7.81	1.243	271
23.520	16.41	17.25	0.03	7.81	1.243	271
23.552	16.43	17.27	0.00	7.79	1.243	271
23.584	16.50	17.34	0.04	7.82	1.243	271
23.616	16.57	17.41	0.03	7.81	1.243	271
23.648	16.44	17.29	0.02	7.80	1.243	271
23.680	16.44	17.28	0.03	7.82	1.243	271
23.712	16.57	17.42	0.00	7.79	1.243	271
23.744	16.59	17.44	0.04	7.82	1.243	271
23.776	16.62	17.46	0.04	7.82	1.243	271
23.808	16.49	17.33	0.03	7.81	1.243	271
23.840	16.39	17.24	0.04	7.83	1.243	271
23.872	16.26	17.10	0.02	7.80	1.243	271
23.904	16.30	17.14	0.04	7.83	1.243	271
23.936	16.56	17.41	0.04	7.83	1.243	271
23.968	16.53	17.37	0.03	7.81	1.243	271
24.000	16.44	17.28	0.04	7.83	1.243	271
24.032	16.39	17.24	0.02	7.80	1.243	271
24.064	16.47	17.32	0.04	7.82	1.243	271
24.096	16.34	17.18	0.04	7.83	1.252	273
24.128	16.35	17.19	0.02	7.80	1.252	273
24.160	16.58	17.42	0.04	7.83	1.252	273
24.192	16.55	17.39	0.03	7.81	1.252	273
24.224	16.29	17.14	0.04	7.83	1.252	273
24.256	16.25	17.09	0.04	7.83	1.252	273
24.288	16.47	17.31	0.02	7.80	1.252	273
24.320	16.49	17.33	0.05	7.83	1.252	273
24.352	16.36	17.20	0.03	7.81	1.252	273
24.384	16.40	17.24	0.04	7.83	1.252	273
24.416	16.37	17.22	0.05	7.84	1.252	273
24.448	16.25	17.10	0.02	7.81	1.252	273
24.480	16.46	17.31	0.05	7.83	1.252	273
24.512	16.49	17.33	0.03	7.82	1.252	273
24.544	16.37	17.22	0.04	7.82	1.252	273
24.576	16.21	17.05	0.05	7.84	1.257	274
24.608	16.23	17.07	0.01	7.80	1.257	274
24.640	16.55	17.39	0.04	7.82	1.257	274
24.672	16.66	17.50	0.02	7.81	1.257	274
24.704	16.66	17.50	0.02	7.81	1.257	274
24.736	16.49	17.33	0.05	7.83	1.257	274
24.768	16.44	17.29	0.01	7.80	1.257	274
24.800	16.59	17.43	0.04	7.82	1.257	274
24.832	16.49	17.33	0.02	7.81	1.257	274
24.864	16.49	17.33	0.03	7.81	1.257	274
24.896	16.56	17.41	0.05	7.84	1.257	274
24.928	16.44	17.29	0.02	7.80	1.257	274
24.960	16.34	17.19	0.04	7.82	1.257	274
24.992	16.16	17.01	0.03	7.82	1.257	274
25.024	16.28	17.12	0.02	7.80	1.252	273
25.056	16.46	17.30	0.05	7.84	1.252	273
25.088	16.32	17.17	0.03	7.81	1.252	273
25.120	16.35	17.20	0.04	7.83	1.252	273
25.152	16.40	17.25	0.04	7.82	1.252	273
25.184	16.33	17.17	0.02	7.80	1.252	273
25.216	16.13	16.97	0.06	7.84	1.252	273
25.248	16.11	16.95	0.04	7.82	1.252	273
25.280	16.21	17.06	0.04	7.83	1.252	273
25.312	16.15	16.99	0.05	7.83	1.252	273
25.344	16.31	17.15	0.03	7.81	1.252	273
25.376	16.21	17.05	0.06	7.84	1.252	273
25.408	16.15	16.99	0.05	7.83	1.252	273
25.440	16.07	16.92	0.04	7.83	1.252	273
25.472	16.17	17.02	0.05	7.84	1.252	273
25.504	16.23	17.08	0.02	7.81	1.257	274
25.536	16.17	17.02	0.06	7.84	1.257	274
25.568	16.05	16.90	0.05	7.83	1.257	274
25.600	16.04	16.88	0.04	7.82	1.257	274
25.632	16.24	17.09	0.05	7.83	1.257	274
25.664	16.25	17.09	0.02	7.80	1.257	274
25.696	16.19	17.04	0.05	7.84	1.257	274
25.728	16.21	17.05	0.05	7.83	1.257	274
25.760	16.46	17.30	0.03	7.82	1.257	274
25.792	16.16	17.00	0.05	7.84	1.257	274
25.824	16.22	17.07	0.03	7.81	1.257	274
25.856	16.36	17.21	0.05	7.84	1.257	274
25.888	16.31	17.15	0.05	7.83	1.257	274
25.920	16.15	17.00	0.03	7.82	1.257	274
25.952	16.29	17.13	0.05	7.83	1.257	274
25.984	16.45	17.29	0.03	7.81	1.252	273
26.016	16.34	17.19	0.05	7.83	1.252	273
26.048	16.06	16.90	0.05	7.83	1.252	273
26.080	16.31	17.16	0.02	7.81	1.252	273
26.112	16.42	17.27	0.05	7.84	1.252	273
26.144	16.39	17.24	0.03	7.82	1.252	273
26.176	16.21	17.05	0.04	7.82	1.252	273
26.208	16.16	17.00	0.05	7.84	1.252	273
26.240	16.31	17.15	0.02	7.81	1.252	273
26.272	16.31	17.15	0.05	7.84	1.252	273
26.304	16.33	17.18	0.03	7.81	1.252	273
26.336	16.50	17.35	0.04	7.83	1.252	273
26.368	16.22	17.06	0.06	7.84	1.252	273
26.400	16.26	17.11	0.02	7.80	1.252	273
26.432	16.26	17.11	0.05	7.83	1.257	274
26.464	16.23	17.07	0.03	7.81	1.257	274
26.496	16.19	17.03	0.03	7.82	1.257	274
26.528	16.40	17.24	0.05	7.84	1.257	274
26.560	16.48	17.33	0.02	7.80	1.257	274
26.592	16.43	17.27	0.04	7.83	1.257	274
26.624	16.33	17.17	0.03	7.82	1.257	274
26.656	16.39	17.23	0.02	7.81	1.257	274
26.688	16.58	17.43	0.05	7.84	1.257	274
26.720	16.46	17.31	0.01	7.80	1.257	274
26.752	16.49	17.34	0.04	7.82	1.257	274
26.784	16.52	17.37	0.03	7.81	1.257	274
26.816	16.47	17.32	0.02	7.80	1.257	274
26.848	16.46	17.30	0.05	7.83	1.257	274
26.880	16.49	17.33	0.02	7.80	1.257	274
26.912	16.44	17.28	0.03	7.82	1.257	274
26.944	16.54	17.38	0.03	7.81	1.257	274
26.976	16.51	17.36	0.01	7.79	1.257	274
27.008	16.46	17.30	0.04	7.83	1.257	274
27.040	16.59	17.44	0.02	7.81	1.257	274
27.072	16.62	17.47	0.03	7.81	1.257	274
27.104	16.56	17.40	0.03	7.82	1.257	274
27.136	16.53	17.38	0.01	7.79	1.257	274
27.168	16.55	17.40	0.04	7.83	1.257	274
27.200	16.52	17.37	0.03	7.82	1.257	274
27.232	16.59	17.43	0.03	7.82	1.257	274
27.264	16.59	17.43	0.03	7.82	1.257	274
27.296	16.56	17.40	0.00	7.79	1.257	274
27.328	16.45	17.29	0.04	7.83	1.257	274
27.360	16.48	17.32	0.03	7.82	1.257	274
27.392	16.50	17.34	0.02	7.81	1.252	273
27.424	16.50	17.35	0.03	7.82	1.252	273
27.456	16.45	17.29	0.01	7.79	1.252	273
27.488	16.48	17.33	0.04	7.83	1.252	273
27.520	16.66	17.50	0.03	7.82	1.252	273
27.552	16.69	17.53	0.02	7.80	1.252	273
27.584	16.53	17.37	0.04	7.82	1.252	273
27.616	16.37	17.21	0.01	7.80	1.252	273
27.648	16.51	17.36	0.04	7.82	1.252	273
27.680	16.61	17.45	0.04	7.83	1.252	273
27.712	16.57	17.42	0.02	7.80	1.252	273
27.744	16.67	17.52	0.03	7.82	1.252	273
27.776	16.69	17.53	0.01	7.80	1.252	273
27.808	16.56	17.41	0.03	7.82	1.252	273
27.840	16.51	17.35	0.04	7.83	1.252	273
27.872	16.62	17.47	0.01	7.80	1.252	273
27.904	16.63	17.47	0.04	7.82	1.252	273
27.936	16.42	17.27	0.01	7.80	1.252	273
27.968	16.40	17.25	0.03	7.81	1.252	273
28.000	16.62	17.46	0.04	7.83	1.252	273
28.032	16.60	17.44	0.01	7.79	1.252	273
28.064	16.47	17.32	0.04	7.82	1.252	273
28.096	16.50	17.34	0.02	7.80	1.252	273
28.128	16.61	17.45	0.03	7.81	1.252	273
28.160	16.59	17.43	0.05	7.83	1.252	273
28.192	16.52	17.37	0.01	7.80	1.252	273
28.224	16.64	17.48	0.04	7.82	1.252	273
28.256	16.67	17.51	0.02	7.81	1.252	273
28.288	16.50	17.34	0.02	7.81	1.252	273
28.320	16.39	17.23	0.05	7.83	1.261	275
28.352	16.50	17.35	0.01	7.80	1.261	275
28.384	16.59	17.43	0.04	7.82	1.261	275
28.416	16.50	17.34	0.03	7.81	1.261	275
28.448	16.55	17.39	0.03	7.81	1.261	275
28.480	16.57	17.42	0.05	7.83	1.261	275
28.512	16.59	17.43	0.01	7.80	1.261	275
28.544	16.50	17.34	0.04	7.82	1.261	275
28.576	16.45	17.29	0.03	7.81	1.261	275
28.608	16.59	17.44	0.02	7.80	1.261	275
28.640	16.66	17.50	0.05	7.83	1.261	275
28.672	16.63	17.48	0.02	7.80	1.261	275
28.704	16.58	17.43	0.03	7.82	1.261	275
28.736	16.61	17.46	0.03	7.82	1.261	275
28.768	16.56	17.41	0.02	7.80	1.257	274
28.800	16.49	17.33	0.04	7.83	1.257	274
28.832	16.47	17.32	0.02	7.81	1.257	274
28.864	16.47	17.31	0.03	7.82	1.257	274
28.896	16.33	17.17	0.03	7.82	1.257	274
28.928	16.54	17.39	0.01	7.80	1.257	274
28.960	16.77	17.61	0.05	7.83	1.257	274
28.992	16.63	17.48	0.03	7.82	1.257	274
29.024	16.39	17.24	0.03	7.82	1.257	274
29.056	16.42	17.27	0.03	7.82	1.257	274
29.088	16.59	17.43	0.01	7.80	1.257	274
29.120	16.52	17.36	0.05	7.83	1.257	274
29.152	16.39	17.23	0.03	7.82	1.257	274
29.184	16.53	17.38	0.03	7.82	1.257	274
29.216	16.57	17.42	0.03	7.82	1.257	274
29.248	16.40	17.25	0.01	7.79	1.257	274
29.280	16.46	17.31	0.05	7.83	1.257	274
29.312	16.47	17.32	0.04	7.82	1.257	274
29.344	16.49	17.33	0.03	7.82	1.257	274
29.376	16.40	17.25	0.04	7.82	1.257	274
29.408	16.52	17.37	0.01	7.80	1.257	274
29.440	16.62	17.47	0.04	7.83	1.257	274
29.472	16.47	17.31	0.04	7.83	1.257	274
29.504	16.30	17.15	0.02	7.81	1.257	274
29.536	16.31	17.15	0.04	7.82	1.257	274
29.568	16.44	17.29	0.02	7.80	1.257	274
29.600	16.53	17.37	0.04	7.83	1.257	274
29.632	16.60	17.44	0.04	7.82	1.257	274
29.664	16.57	17.41	0.02	7.81	1.257	274
29.696	16.47	17.32	0.04	7.83	1.257	274
29.728	16.38	17.23	0.02	7.80	1.261	275
29.760	16.34	17.18	0.04	7.82	1.261	275
29.792	16.34	17.19	0.04	7.83	1.261	275
29.824	16.35	17.19	0.02	7.80	1.261	275
29.856	16.26	17.11	0.04	7.83	1.261	275
29.888	16.39	17.23	0.02	7.81	1.261	275
29.920	16.45	17.30	0.03	7.82	1.261	275
29.952	16.43	17.28	0.05	7.83	1.261	275
29.984	16.29	17.13	0.02	7.80	1.261	275
30.016	16.39	17.23	0.04	7.83	1.261	275
30.048	16.39	17.23	0.02	7.81	1.261	275
30.080	16.37	17.21	0.03	7.82	1.261	275
30.112	16.45	17.29	0.05	7.83	1.261	275
30.144	16.42	17.27	0.01	7.80	1.261	275
30.176	16.29	17.13	0.04	7.83	1.257	274
30.208	16.29	17.13	0.03	7.81	1.257	274
30.240	16.26	17.10	0.04	7.82	1.257	274
30.272	16.39	17.24	0.05	7.84	1.257	274
30.304	16.41	17.25	0.01	7.80	1.257	274
30.336	16.34	17.19	0.04	7.83	1.257	274
30.368	16.40	17.24	0.03	7.81	1.257	274
30.400	16.42	17.26	0.03	7.82	1.257	274
30.432	16.41	17.25	0.05	7.84	1.257	274
30.464	16.28	17.12	0.01	7.80	1.257	274
30.496	16.26	17.11	0.04	7.83	1.257	274
30.528	16.45	17.29	0.03	7.81	1.257	274
30.560	16.54	17.39	0.03	7.81	1.257	274
30.592	16.59	17.43	0.05	7.84	1.257	274
30.624	16.67	17.52	0.02	7.80	1.257	274
30.656	16.55	17.39	0.04	7.82	1.257	274
30.688	16.51	17.36	0.03	7.82	1.257	274
30.720	16.55	17.39	0.03	7.82	1.257	274
30.752	16.56	17.41	0.05	7.84	1.257	274
30.784	16.48	17.33	0.02	7.81	1.257	274
30.816	16.51	17.35	0.04	7.83	1.257	274
30.848	16.55	17.39	0.03	7.82	1.257	274
30.880	16.53	17.38	0.02	7.81	1.257	274
30.912	16.60	17.45	0.05	7.84	1.257	274
30.944	16.58	17.43	0.03	7.81	1.257	274
30.976	16.55	17.39	0.04	7.83	1.257	274
31.008	16.63	17.47	0.03	7.82	1.257	274
31.040	16.65	17.50	0.02	7.81	1.257	274
31.072	16.63	17.47	0.05	7.84	1.257	274
31.104	16.53	17.37	0.03	7.82	1.257	274
31.136	16.56	17.41	0.04	7.83	1.257	274
31.168	16.54	17.39	0.03	7.82	1.257	274
31.200	16.59	17.43	0.01	7.80	1.257	274
31.232	16.65	17.50	0.05	7.83	1.257	274
31.264	16.62	17.47	0.03	7.82	1.257	274
31.296	16.53	17.37	0.04	7.82	1.257	274
31.328	16.57	17.41	0.03	7.82	1.257	274
31.360	16.56	17.40	0.01	7.80	1.257	274
31.392	16.45	17.29	0.05	7.83	1.257	274
31.424	16.39	17.24	0.04	7.82	1.257	274
31.456	16.55	17.39	0.03	7.82	1.257	274
31.488	16.55	17.39	0.04	7.83	1.257	274
31.520	16.54	17.38	0.01	7.80	1.257	274
31.552	16.56	17.41	0.04	7.83	1.257	274
31.584	16.53	17.37	0.04	7.82	1.257	274
31.616	16.53	17.37	0.03	7.82	1.257	274
31.648	16.56	17.41	0.04	7.83	1.257	274
31.680	16.51	17.35	0.02	7.80	1.257	274
31.712	16.48	17.33	0.04	7.83	1.257	274
31.744	16.29	17.13	0.04	7.83	1.257	274
31.776	16.38	17.22	0.03	7.81	1.257	274
31.808	16.58	17.43	0.05	7.83	1.257	274
31.840	16.63	17.47	0.01	7.80	1.257	274
31.872	16.44	17.28	0.04	7.83	1.257	274
31.904	16.31	17.16	0.04	7.83	1.257	274
31.936	16.53	17.38	0.02	7.81	1.257	274
31.968	16.58	17.43	0.04	7.83	1.257	274
32.000	16.52	17.36	0.02	7.80	1.257	274
32.032	16.60	17.44	0.04	7.83	1.257	274
32.064	16.62	17.47	0.04	7.83	1.261	275
32.096	16.64	17.48	0.02	7.81	1.261	275
32.128	16.60	17.44	0.04	7.82	1.261	275
32.160	16.47	17.31	0.02	7.81	1.261	275
32.192	16.54	17.38	0.04	7.83	1.261	275
32.224	16.46	17.30	0.05	7.83	1.261	275
32.256	16.45	17.30	0.02	7.81	1.261	275
32.288	16.56	17.40	0.04	7.83	1.261	275
32.320	16.59	17.43	0.02	7.81	1.261	275
32.352	16.62	17.46	0.04	7.82	1.261	275
32.384	16.46	17.30	0.05	7.84	1.261	275
32.416	16.42	17.27	0.02	7.80	1.261	275
32.448	16.50	17.34	0.05	7.83	1.261	275
32.480	16.60	17.44	0.03	7.81	1.261	275
32.512	16.71	17.56	0.04	7.82	1.257	274
32.544	16.64	17.48	0.05	7.83	1.257	274
32.576	16.52	17.37	0.01	7.80	1.257	274
32.608	16.59	17.43	0.04	7.83	1.257	274
32.640	16.58	17.42	0.02	7.81	1.257	274
32.672	16.51	17.35	0.03	7.82	1.257	274
32.704	16.39	17.23	0.04	7.83	1.257	274
32.736	16.59	17.43	0.01	7.80	1.257	274
32.768	16.71	17.55	0.04	7.83	1.257	274
32.800	16.69	17.54	0.03	7.81	1.257	274
32.832	16.54	17.38	0.03	7.82	1.257	274
32.864	16.45	17.30	0.05	7.83	1.257	274
32.896	16.56	17.40	0.01	7.80	1.257	274
32.928	16.52	17.37	0.04	7.83	1.257	274
32.960	16.61	17.46	0.03	7.81	1.257	274
32.992	16.50	17.34	0.03	7.81	1.261	275
33.024	16.46	17.31	0.05	7.84	1.261	275
33.056	16.58	17.42	0.01	7.80	1.261	275
33.088	16.62	17.47	0.04	7.82	1.261	275
33.120	16.51	17.36	0.03	7.81	1.261	275
33.152	16.49	17.33	0.02	7.81	1.261	275
33.184	16.39	17.24	0.05	7.83	1.261	275
33.216	16.47	17.31	0.02	7.81	1.261	275
33.248	16.70	17.55	0.03	7.82	1.261	275
33.280	16.60	17.44	0.03	7.82	1.261	275
33.312	16.40	17.25	0.02	7.80	1.261	275
33.344	16.34	17.18	0.05	7.83	1.261	275
33.376	16.47	17.31	0.03	7.81	1.261	275
33.408	16.53	17.37	0.04	7.82	1.261	275
33.440	16.70	17.55	0.04	7.82	1.261	275
33.472	16.66	17.51	0.02	7.80	1.257	274
33.504	16.36	17.20	0.05	7.84	1.257	274
33.536	16.31	17.15	0.04	7.82	1.257	274
33.568	16.49	17.34	0.04	7.82	1.257	274
33.600	16.44	17.28	0.04	7.82	1.257	274
33.632	16.43	17.27	0.01	7.80	1.257	274
33.664	16.45	17.29	0.05	7.83	1.257	274
33.696	16.58	17.42	0.04	7.82	1.257	274
33.728	16.54	17.38	0.03	7.82	1.257	274
33.760	16.40	17.24	0.03	7.82	1.257	274
33.792	16.42	17.27	0.01	7.80	1.257	274
33.824	16.59	17.43	0.05	7.83	1.257	274
33.856	16.49	17.33	0.04	7.83	1.257	274
33.888	16.43	17.28	0.03	7.82	1.257	274
33.920	16.49	17.34	0.04	7.82	1.261	275
33.952	16.53	17.37	0.01	7.80	1.261	275
33.984	16.46	17.30	0.04	7.83	1.261	275
34.016	16.51	17.35	0.04	7.82	1.261	275
34.048	16.52	17.37	0.03	7.81	1.261	275
34.080	16.47	17.31	0.04	7.83	1.261	275
34.112	16.39	17.23	0.01	7.80	1.261	275
34.144	16.47	17.32	0.04	7.83	1.261	275
34.176	16.64	17.49	0.04	7.83	1.261	275
34.208	16.66	17.50	-0.08	7.71	1.261	275
34.240	23.74	24.59	-0.13	7.66	1.261	275
34.272	23.51	24.36	-0.14	7.65	1.261	275
34.304	23.57	24.42	-0.14	7.65	1.261	275
34.336	23.76	24.60	-0.12	7.67	1.261	275
34.368	23.61	24.45	-0.15	7.63	1.261	275
34.400	23.66	24.51	-0.12	7.66	1.257	274
34.432	23.83	24.67	-0.14	7.65	1.257	274
34.464	23.72	24.57	-0.14	7.64	1.257	274
34.496	23.73	24.58	-0.11	7.67	1.257	274
34.528	23.78	24.63	-0.15	7.63	1.257	274
34.560	23.77	24.62	-0.13	7.66	1.257	274
34.592	23.69	24.53	-0.14	7.64	1.257	274
34.624	23.64	24.48	-0.14	7.64	1.257	274
34.656	23.75	24.59	-0.11	7.67	1.257	274
34.688	23.84	24.68	-0.15	7.64	1.257	274
34.720	23.74	24.59	-0.13	7.65	1.257	274
34.752	23.60	24.45	-0.14	7.65	1.257	274
34.784	23.74	24.58	-0.15	7.64	1.257	274
34.816	23.89	24.74	-0.11	7.67	1.257	274
34.848	23.76	24.60	-0.14	7.64	1.257	274
34.880	23.73	24.58	-0.13	7.65	1.261	275
34.912	23.73	24.58	-0.13	7.65	1.261	275
34.944	23.77	24.62	-0.15	7.64	1.261	275
34.976	23.83	24.67	-0.12	7.67	1.261	275
35.008	23.73	24.57	-0.14	7.65	1.261	275
35.040	23.79	24.64	-0.14	7.65	1.261	275
35.072	23.77	24.62	-0.13	7.65	1.261	275
35.104	23.76	24.60	-0.16	7.63	1.261	275
35.136	23.79	24.63	-0.12	7.66	1.261	275
35.168	23.81	24.65	-0.13	7.65	1.261	275
35.200	23.74	24.58	-0.14	7.65	1.261	275
35.232	23.61	24.45	-0.12	7.66	1.261	275
35.264	23.68	24.53	-0.16	7.63	1.261	275
35.296	23.70	24.55	-0.12	7.66	1.261	275
35.328	23.75	24.59	-0.13	7.65	1.261	275
35.360	23.77	24.61	-0.14	7.65	1.261	275
35.392	23.66	24.51	-0.13	7.66	1.261	275
35.424	23.62	24.47	-0.16	7.63	1.261	275
35.456	23.70	24.55	-0.12	7.66	1.261	275
35.488	23.83	24.67	-0.13	7.66	1.261	275
35.520	23.78	24.63	-0.14	7.64	1.261	275
35.552	23.65	24.49	-0.12	7.66	1.261	275
35.584	23.58	24.42	-0.15	7.64	1.261	275
35.616	23.75	24.60	-0.13	7.66	1.261	275
35.648	23.87	24.71	-0.12	7.66	1.261	275
35.680	23.86	24.71	-0.14	7.64	1.261	275
35.712	23.75	24.59	-0.12	7.66	1.261	275
35.744	23.69	24.53	-0.15	7.64	1.261	275
35.776	23.63	24.47	-0.13	7.66	1.261	275
35.808	23.67	24.51	-0.12	7.67	1.257	274
35.840	23.76	24.61	-0.15	7.64	1.257	274
35.872	23.84	24.69	-0.13	7.66	1.257	274
35.904	23.81	24.65	-0.15	7.64	1.257	274
35.936	23.63	24.48	-0.13	7.65	1.257	274
35.968	23.66	24.51	-0.12	7.67	1.257	274
36.000	23.78	24.62	-0.15	7.64	1.257	274
36.032	23.68	24.53	-0.12	7.66	1.257	274
36.064	23.61	24.45	-0.14	7.64	1.257	274
36.096	23.78	24.62	-0.14	7.65	1.257	274
36.128	23.87	24.72	-0.12	7.67	1.257	274
36.160	23.81	24.65	-0.15	7.64	1.257	274
36.192	23.63	24.47	-0.12	7.66	1.257	274
36.224	23.57	24.41	-0.14	7.65	1.257	274
36.256	23.67	24.51	-0.14	7.65	1.257	274
36.288	23.75	24.59	-0.12	7.67	1.257	274
36.320	23.69	24.53	-0.15	7.63	1.257	274
36.352	23.67	24.51	-0.12	7.66	1.257	274
36.384	23.71	24.55	-0.14	7.65	1.257	274
36.416	23.69	24.53	-0.14	7.65	1.257	274
36.448	23.59	24.44	-0.12	7.67	1.257	274
36.480	23.68	24.52	-0.15	7.64	1.257	274
36.512	23.70	24.54	-0.13	7.66	1.257	274
36.544	23.59	24.43	-0.14	7.65	1.257	274
36.576	23.66	24.50	-0.15	7.64	1.257	274
36.608	23.85	24.70	-0.12	7.67	1.257	274
36.640	23.81	24.65	-0.14	7.64	1.257	274
36.672	23.63	24.48	-0.13	7.65	1.257	274
36.704	23.61	24.45	-0.14	7.65	1.257	274
36.736	23.63	24.48	-0.15	7.64	1.257	274
36.768	23.76	24.60	-0.12	7.67	1.257	274
36.800	23.82	24.66	-0.14	7.65	1.257	274
36.832	23.77	24.62	-0.13	7.65	1.257	274
36.864	23.62	24.46	-0.13	7.66	1.257	274
36.896	23.60	24.44	-0.15	7.63	1.257	274
36.928	23.74	24.59	-0.12	7.67	1.257	274
36.960	23.81	24.66	-0.13	7.65	1.257	274
36.992	23.65	24.49	-0.14	7.65	1.257	274
37.024	23.60	24.45	-0.13	7.65	1.257	274
37.056	23.72	24.57	-0.16	7.63	1.257	274
37.088	23.80	24.65	-0.12	7.66	1.257	274
37.120	23.65	24.50	-0.13	7.66	1.257	274
37.152	23.71	24.55	-0.15	7.64	1.257	274
37.184	23.75	24.59	-0.13	7.66	1.257	274
37.216	23.68	24.52	-0.15	7.64	1.252	273
37.248	23.80	24.65	-0.12	7.66	1.252	273
37.280	23.78	24.63	-0.13	7.66	1.252	273
37.312	23.62	24.46	-0.14	7.64	1.252	273
37.344	23.58	24.42	-0.12	7.66	1.252	273
37.376	23.56	24.40	-0.15	7.64	1.252	273
37.408	23.76	24.60	-0.13	7.66	1.252	273
37.440	23.77	24.62	-0.12	7.67	1.252	273
37.472	23.61	24.46	-0.15	7.64	1.252	273
37.504	23.57	24.41	-0.12	7.66	1.252	273
37.536	23.65	24.49	-0.14	7.64	1.252	273
37.568	23.72	24.57	-0.13	7.66	1.252	273
37.600	23.65	24.50	-0.12	7.67	1.252	273
37.632	23.67	24.51	-0.15	7.64	1.252	273
37.664	23.66	24.50	-0.12	7.66	1.257	274
37.696	23.66	24.50	-0.14	7.64	1.257	274
37.728	23.80	24.64	-0.13	7.65	1.257	274
37.760	23.84	24.69	-0.12	7.67	1.257	274
37.792	23.80	24.65	-0.15	7.63	1.257	274
37.824	23.79	24.63	-0.12	7.66	1.257	274
37.856	23.72	24.57	-0.14	7.65	1.257	274
37.888	23.74	24.59	-0.13	7.65	1.257	274
37.920	23.66	24.50	-0.11	7.67	1.257	274
37.952	23.52	24.37	-0.15	7.63	1.257	274
37.984	23.66	24.51	-0.13	7.66	1.257	274
38.016	23.82	24.67	-0.13	7.65	1.257	274
38.048	23.81	24.65	-0.14	7.64	1.257	274
38.080	23.61	24.45	-0.12	7.67	1.257	274
38.112	23.55	24.39	-0.15	7.63	1.257	274
38.144	23.61	24.45	-0.12	7.66	1.252	273
38.176	23.72	24.57	-0.13	7.65	1.252	273
38.208	23.82	24.66	-0.14	7.65	1.252	273
38.240	23.82	24.67	-0.11	7.68	1.252	273
38.272	23.78	24.62	-0.15	7.64	1.252	273
38.304	23.70	24.54	-0.13	7.66	1.252	273
38.336	23.74	24.59	-0.13	7.65	1.252	273
38.368	23.72	24.57	-0.14	7.64	1.252	273
38.400	23.67	24.52	-0.12	7.67	1.252	273
38.432	23.63	24.47	-0.14	7.65	1.252	273
38.464	23.72	24.57	-0.13	7.66	1.252	273
38.496	23.85	24.70	-0.13	7.66	1.252	273
38.528	23.79	24.63	-0.15	7.64	1.252	273
38.560	23.72	24.57	-0.12	7.67	1.252	273
38.592	23.72	24.57	-0.13	7.65	1.252	273
38.624	23.78	24.63	-0.13	7.65	1.252	273
38.656	23.72	24.56	-0.12	7.66	1.252	273
38.688	23.76	24.61	-0.15	7.63	1.252	273
38.720	23.84	24.68	-0.12	7.67	1.252	273
38.752	23.70	24.54	-0.13	7.66	1.252	273
38.784	23.62	24.47	-0.14	7.65	1.252	273
38.816	23.73	24.57	-0.13	7.66	1.252	273
38.848	23.76	24.61	-0.15	7.64	1.252	273
38.880	23.77	24.61	-0.12	7.67	1.252	273
38.912	23.76	24.61	-0.12	7.66	1.252	273
38.944	23.76	24.60	-0.14	7.65	1.252	273
38.976	23.76	24.60	-0.12	7.67	1.252	273
39.008	23.71	24.55	-0.15	7.64	1.252	273
39.040	23.70	24.55	-0.12	7.66	1.252	273
39.072	23.72	24.56	-0.12	7.67	1.257	274
39.104	23.67	24.52	-0.14	7.64	1.257	274
39.136	23.60	24.44	-0.12	7.67	1.257	274
39.168	23.74	24.59	-0.15	7.64	1.257	274
39.200	23.76	24.61	-0.12	7.66	1.257	274
39.232	23.61	24.45	-0.12	7.67	1.257	274
39.264	23.59	24.44	-0.14	7.64	1.257	274
39.296	23.70	24.54	-0.12	7.67	1.257	274
39.328	23.78	24.62	-0.14	7.64	1.257	274
39.360	23.74	24.59	-0.13	7.66	1.257	274
39.392	23.65	24.49	-0.12	7.67	1.257	274
39.424	23.65	24.49	-0.15	7.64	1.257	274
39.456	23.74	24.58	-0.12	7.67	1.257	274
39.488	23.78	24.63	-0.14	7.65	1.257	274
39.520	23.67	24.52	-0.13	7.66	1.257	274
39.552	23.58	24.42	-0.11	7.67	1.257	274
39.584	23.73	24.57	-0.15	7.64	1.257	274
39.616	23.71	24.55	-0.12	7.67	1.257	274
39.648	23.61	24.45	-0.14	7.65	1.257	274
39.680	23.70	24.55	-0.13	7.66	1.257	274
39.712	23.77	24.62	-0.11	7.67	1.257	274
39.744	23.80	24.65	-0.15	7.64	1.257	274
39.776	23.75	24.59	-0.12	7.67	1.257	274
39.808	23.64	24.49	-0.14	7.65	1.257	274
39.840	23.62	24.46	-0.14	7.65	1.257	274
39.872	23.67	24.51	-0.11	7.67	1.257	274
39.904	23.74	24.58	-0.15	7.64	1.257	274
39.936	23.76	24.61	-0.12	7.66	1.257	274
39.968	23.59	24.44	-0.13	7.65	1.257	274
40.000	23.61	24.46	-0.14	7.65	1.257	274
40.032	23.74	24.58	-0.11	7.68	1.257	274
40.064	23.77	24.61	-0.15	7.64	1.257	274
40.096	23.67	24.51	-0.12	7.66	1.257	274
40.128	23.71	24.56	-0.13	7.65	1.257	274
40.160	23.72	24.57	-0.14	7.65	1.257	274
40.192	23.67	24.52	-0.11	7.67	1.257	274
40.224	23.72	24.57	-0.14	7.65	1.257	274
40.256	23.68	24.53	-0.12	7.66	1.257	274
40.288	23.61	24.46	-0.12	7.66	1.257	274
40.320	23.60	24.44	-0.14	7.65	1.257	274
40.352	23.58	24.42	-0.11	7.67	1.257	274
40.384	23.71	24.55	-0.13	7.65	1.257	274
40.416	23.80	24.64	-0.12	7.66	1.257	274
40.448	23.70	24.54	-0.12	7.66	1.257	274
40.480	23.49	24.34	-0.15	7.64	1.252	273
40.512	23.56	24.40	-0.11	7.67	1.252	273
40.544	23.72	24.57	-0.13	7.66	1.252	273
40.576	23.63	24.48	-0.12	7.66	1.252	273
40.608	23.63	24.47	-0.12	7.66	1.252	273
40.640	23.82	24.66	-0.15	7.64	1.252	273
40.672	23.70	24.54	-0.11	7.67	1.252	273
40.704	23.53	24.38	-0.12	7.66	1.252	273
40.736	23.66	24.51	-0.13	7.66	1.252	273
40.768	23.70	24.54	-0.12	7.67	1.252	273
40.800	23.57	24.41	-0.15	7.64	1.252	273
40.832	23.57	24.42	-0.11	7.67	1.252	273
40.864	23.77	24.61	-0.12	7.67	1.252	273
40.896	23.86	24.70	-0.14	7.65	1.252	273
40.928	23.79	24.64	-0.12	7.67	1.252	273
40.960	23.66	24.51	-0.14	7.64	1.257	274
40.992	23.64	24.49	-0.11	7.67	1.257	274
41.024	23.75	24.59	-0.12	7.67	1.257	274
41.056	23.70	24.54	-0.13	7.65	1.257	274
41.088	23.70	24.54	-0.12	7.67	1.257	274
41.120	23.76	24.60	-0.14	7.65	1.257	274
41.152	23.76	24.60	-0.12	7.67	1.257	274
41.184	23.70	24.54	-0.11	7.67	1.257	274
41.216	23.72	24.57	-0.14	7.65	1.257	274
41.248	23.67	24.52	-0.12	7.67	1.257	274
41.280	23.47	24.32	-0.14	7.65	1.257	274
41.312	23.54	24.38	-0.12	7.67	1.257	274
41.344	23.86	24.70	-0.11	7.67	1.257	274
41.376	23.86	24.71	-0.14	7.64	1.257	274
41.408	23.62	24.47	-0.11	7.67	1.257	274
41.440	23.54	24.39	-0.13	7.65	1.257	274
41.472	23.67	24.52	-0.12	7.66	1.257	274
41.504	23.73	24.58	-0.11	7.68	1.257	274
41.536	23.62	24.46	-0.14	7.65	1.257	274
41.568	23.66	24.51	-0.11	7.67	1.257	274
41.600	23.82	24.67	-0.14	7.65	1.257	274
41.632	23.72	24.56	-0.12	7.67	1.257	274
41.664	23.60	24.45	-0.11	7.68	1.257	274
41.696	23.69	24.53	-0.14	7.64	1.257	274
41.728	23.72	24.57	-0.12	7.67	1.257	274
41.760	23.56	24.40	-0.13	7.66	1.257	274
41.792	23.60	24.45	-0.12	7.66	1.257	274
41.824	23.77	24.61	-0.11	7.68	1.257	274
41.856	23.85	24.70	-0.14	7.64	1.257	274
41.888	23.69	24.54	-0.12	7.67	1.257	274
41.920	23.70	24.54	-0.13	7.66	1.257	274
41.952	23.83	24.67	-0.13	7.65	1.257	274
41.984	23.83	24.68	-0.11	7.68	1.257	274
42.016	23.77	24.61	-0.15	7.64	1.257	274
42.048	23.81	24.65	-0.12	7.67	1.257	274
42.080	23.85	24.69	-0.13	7.66	1.257	274
42.112	23.83	24.68	-0.13	7.66	1.257	274
42.144	23.65	24.50	-0.10	7.68	1.257	274
42.176	23.62	24.47	-0.14	7.65	1.257	274
42.208	23.69	24.53	-0.12	7.67	1.257	274
42.240	23.58	24.43	-0.12	7.66	1.257	274
42.272	23.63	24.47	-0.13	7.65	1.257	274
42.304	23.80	24.65	-0.11	7.68	1.257	274
42.336	23.81	24.66	-0.13	7.65	1.257	274
42.368	23.67	24.52	-0.12	7.67	1.261	275
42.400	23.71	24.55	-0.12	7.66	1.261	275
42.432	23.79	24.63	-0.14	7.65	1.261	275
42.464	23.75	24.59	-0.11	7.68	1.261	275
42.496	23.82	24.66	-0.13	7.66	1.261	275
42.528	23.89	24.74	-0.11	7.67	1.261	275
42.560	23.79	24.64	-0.12	7.66	1.261	275
42.592	23.65	24.49	-0.14	7.65	1.261	275
42.624	23.62	24.46	-0.11	7.68	1.261	275
42.656	23.70	24.54	-0.13	7.66	1.261	275
42.688	23.72	24.56	-0.12	7.66	1.261	275
42.720	23.60	24.44	-0.12	7.66	1.261	275
42.752	23.59	24.43	-0.14	7.64	1.261	275
42.784	23.77	24.61	-0.11	7.68	1.261	275
42.816	23.90	24.74	-0.12	7.66	1.261	275
42.848	23.72	24.57	-0.12	7.67	1.261	275
42.880	23.55	24.40	-0.12	7.67	1.261	275
42.912	23.68	24.52	-0.14	7.64	1.261	275
42.944	23.68	24.53	-0.11	7.67	1.261	275
42.976	23.74	24.58	-0.12	7.67	1.261	275
43.008	23.84	24.68	-0.13	7.66	1.261	275
43.040	23.77	24.62	-0.12	7.67	1.261	275
43.072	23.68	24.52	-0.14	7.64	1.261	275
43.104	23.74	24.58	-0.11	7.67	1.261	275
43.136	23.72	24.56	-0.12	7.67	1.261	275
43.168	23.69	24.54	-0.13	7.66	1.261	275
43.200	23.67	24.51	-0.11	7.67	1.261	275
43.232	23.82	24.66	-0.14	7.64	1.261	275
43.264	23.97	24.81	-0.11	7.67	1.261	275
43.296	23.83	24.68	-0.12	7.67	1.261	275
43.328	23.59	24.44	-0.13	7.65	1.261	275
43.360	23.58	24.42	-0.12	7.67	1.261	275
43.392	23.71	24.56	-0.14	7.64	1.261	275
43.424	23.79	24.63	-0.11	7.67	1.261	275
43.456	23.76	24.60	-0.11	7.67	1.261	275
43.488	23.75	24.60	-0.14	7.65	1.261	275
43.520	23.81	24.65	-0.11	7.67	1.261	275
43.552	23.77	24.62	-0.14	7.65	1.261	275
43.584	23.72	24.56	-0.12	7.67	1.261	275
43.616	23.65	24.49	-0.11	7.67	1.261	275
43.648	23.61	24.46	-0.14	7.65	1.261	275
43.680	23.65	24.50	-0.12	7.67	1.261	275
43.712	23.80	24.64	-0.13	7.65	1.261	275
43.744	23.91	24.76	-0.12	7.67	1.261	275
43.776	23.85	24.70	-0.11	7.68	1.257	274
43.808	23.72	24.57	-0.14	7.65	1.257	274
43.840	23.62	24.47	-0.11	7.67	1.257	274
43.872	23.74	24.59	-0.14	7.65	1.257	274
43.904	23.75	24.59	-0.12	7.66	1.257	274
43.936	23.89	24.73	-0.11	7.68	1.257	274
43.968	23.96	24.81	-0.14	7.65	1.257	274
44.000	23.85	24.69	-0.11	7.68	1.257	274
44.032	23.74	24.58	-0.13	7.66	1.257	274
44.064	23.80	24.64	-0.12	7.66	1.257	274
44.096	23.77	24.61	-0.11	7.68	1.257	274
44.128	23.75	24.60	-0.14	7.64	1.257	274
44.160	23.76	24.61	-0.11	7.67	1.257	274
44.192	23.81	24.65	-0.13	7.66	1.257	274
44.224	23.91	24.75	-0.13	7.66	1.261	275
44.256	23.85	24.70	-0.11	7.68	1.261	275
44.288	23.84	24.69	-0.14	7.64	1.261	275
44.320	23.76	24.61	-0.11	7.67	1.261	275
44.352	23.69	24.53	-0.13	7.66	1.261	275
44.384	23.67	24.52	-0.12	7.66	1.261	275
44.416	23.76	24.61	-0.10	7.68	1.261	275
44.448	23.82	24.67	-0.14	7.65	1.261	275
44.480	23.84	24.68	-0.11	7.67	1.261	275
44.512	23.79	24.64	-0.12	7.66	1.261	275
44.544	23.69	24.54	-0.13	7.66	1.261	275
44.576	23.74	24.58	-0.10	7.68	1.261	275
44.608	23.76	24.60	-0.14	7.65	1.261	275
44.640	23.69	24.54	-0.11	7.67	1.261	275
44.672	23.82	24.67	-0.12	7.66	1.261	275
44.704	23.96	24.80	-0.13	7.65	1.257	274
44.736	23.85	24.70	-0.10	7.68	1.257	274
44.768	23.79	24.64	-0.13	7.65	1.257	274
44.800	23.72	24.56	-0.12	7.67	1.257	274
44.832	23.75	24.59	-0.12	7.66	1.257	274
44.864	23.66	24.51	-0.13	7.65	1.257	274
44.896	23.80	24.64	-0.10	7.68	1.257	274
44.928	23.93	24.78	-0.13	7.65	1.257	274
44.960	23.79	24.63	-0.12	7.67	1.257	274
44.992	23.65	24.49	-0.12	7.67	1.257	274
45.024	23.72	24.56	-0.14	7.65	1.257	274
45.056	23.77	24.62	-0.10	7.68	1.257	274
45.088	23.70	24.54	-0.13	7.66	1.257	274
45.120	23.62	24.47	-0.12	7.67	1.257	274
45.152	23.67	24.52	-0.12	7.67	1.261	275
45.184	23.74	24.58	-0.14	7.65	1.261	275
45.216	23.78	24.62	-0.10	7.68	1.261	275
45.248	23.65	24.50	-0.12	7.67	1.261	275
45.280	23.62	24.47	-0.12	7.66	1.261	275
45.312	23.79	24.63	-0.11	7.67	1.261	275
45.344	23.85	24.69	-0.14	7.65	1.261	275
45.376	23.92	24.77	-0.10	7.68	1.261	275
45.408	23.88	24.72	-0.12	7.67	1.261	275
45.440	23.76	24.61	-0.12	7.66	1.261	275
45.472	23.78	24.63	-0.11	7.68	1.261	275
45.504	23.85	24.70	-0.14	7.65	1.261	275
45.536	23.88	24.73	-0.10	7.68	1.261	275
45.568	23.73	24.58	-0.11	7.68	1.261	275
45.600	23.70	24.54	-0.12	7.66	1.261	275
45.632	23.87	24.71	-0.11	7.68	1.261	275
45.664	24.01	24.85	-0.13	7.65	1.261	275
45.696	23.87	24.71	-0.10	7.68	1.261	275
45.728	23.66	24.51	-0.11	7.68	1.261	275
45.760	23.62	24.46	-0.12	7.67	1.261	275
45.792	23.64	24.49	-0.11	7.68	1.261	275
45.824	23.60	24.45	-0.13	7.66	1.261	275
45.856	23.72	24.57	-0.10	7.69	1.261	275
45.888	23.83	24.67	-0.10	7.69	1.261	275
45.920	23.72	24.57	-0.12	7.67	1.261	275
45.952	23.63	24.48	-0.10	7.68	1.261	275
45.984	23.70	24.55	-0.12	7.66	1.261	275
46.016	23.72	24.57	-0.10	7.69	1.261	275
46.048	23.72	24.57	-0.10	7.69	1.261	275
46.080	23.75	24.60	-0.11	7.67	1.261	275
46.112	23.84	24.68	-0.10	7.69	1.257	274
46.144	23.95	24.79	-0.11	7.67	1.257	274
46.176	23.84	24.68	-0.09	7.70	1.257	274
46.208	23.64	24.49	-0.10	7.69	1.257	274
46.240	23.72	24.57	-0.11	7.67	1.257	274
46.272	23.74	24.58	-0.10	7.69	1.257	274
46.304	23.76	24.60	-0.11	7.67	1.257	274
46.336	23.83	24.67	-0.10	7.69	1.257	274
46.368	23.69	24.54	-0.10	7.69	1.257	274
46.400	23.61	24.45	-0.13	7.66	1.257	274
46.432	23.71	24.55	-0.11	7.68	1.257	274
46.464	23.77	24.62	-0.12	7.66	1.257	274
46.496	23.75	24.60	-0.11	7.68	1.257	274
46.528	23.72	24.56	-0.10	7.69	1.257	274
46.560	23.74	24.58	-0.12	7.66	1.257	274
46.592	23.84	24.68	-0.10	7.68	1.257	274
46.624	23.80	24.64	-0.12	7.67	1.257	274
46.656	23.69	24.53	-0.11	7.68	1.257	274
46.688	23.65	24.50	-0.10	7.69	1.257	274
46.720	23.72	24.56	-0.13	7.66	1.257	274
46.752	23.60	24.45	-0.10	7.68	1.257	274
46.784	23.67	24.52	-0.12	7.67	1.257	274
46.816	23.85	24.69	-0.11	7.67	1.257	274
46.848	23.78	24.63	-0.10	7.69	1.257	274
46.880	23.78	24.62	-0.13	7.65	1.257	274
46.912	23.79	24.63	-0.10	7.69	1.257	274
46.944	23.84	24.68	-0.11	7.67	1.257	274
46.976	23.89	24.74	-0.11	7.67	1.257	274
47.008	23.78	24.63	-0.09	7.69	1.257	274
47.040	23.70	24.55	-0.13	7.65	1.261	275
47.072	23.83	24.68	-0.10	7.68	1.261	275
47.104	23.75	24.59	-0.12	7.67	1.261	275
47.136	23.61	24.45	-0.12	7.67	1.261	275
47.168	23.62	24.47	-0.10	7.69	1.261	275
47.200	23.71	24.55	-0.13	7.66	1.261	275
47.232	23.74	24.59	-0.10	7.69	1.261	275
47.264	23.77	24.61	-0.11	7.68	1.261	275
47.296	23.86	24.71	-0.12	7.67	1.261	275
47.328	23.84	24.68	-0.09	7.69	1.261	275
47.360	23.75	24.59	-0.12	7.66	1.261	275
47.392	23.77	24.61	-0.10	7.68	1.261	275
47.424	23.79	24.63	-0.11	7.68	1.261	275
47.456	23.82	24.67	-0.12	7.66	1.261	275
47.488	23.62	24.47	-0.09	7.69	1.261	275
47.520	23.69	24.53	-0.12	7.67	1.261	275
47.552	23.95	24.79	-0.11	7.68	1.261	275
47.584	23.96	24.81	-0.11	7.68	1.261	275
47.616	23.77	24.62	-0.11	7.67	1.261	275
47.648	23.65	24.50	-0.09	7.70	1.261	275
47.680	23.71	24.55	-0.11	7.68	1.261	275
47.712	23.74	24.59	-0.10	7.69	1.261	275
47.744	23.87	24.71	-0.10	7.68	1.261	275
47.776	23.91	24.75	-0.11	7.67	1.261	275
47.808	23.69	24.53	-0.09	7.70	1.261	275
47.840	23.56	24.40	-0.11	7.68	1.261	275
47.872	23.71	24.56	-0.11	7.68	1.261	275
47.904	23.83	24.67	-0.11	7.68	1.261	275
47.936	23.70	24.55	-0.12	7.66	1.261	275
47.968	23.64	24.49	-0.09	7.70	1.261	275
48.000	23.77	24.62	-0.11	7.67	1.261	275
48.032	23.87	24.71	-0.11	7.68	1.261	275
48.064	23.89	24.73	-0.10	7.68	1.261	275
48.096	23.77	24.61	-0.13	7.66	1.261	275
48.128	23.75	24.60	-0.09	7.70	1.261	275
48.160	23.78	24.62	-0.10	7.68	1.261	275
48.192	23.66	24.51	-0.10	7.68	1.261	275
48.224	23.68	24.52	-0.09	7.69	1.261	275
48.256	23.79	24.63	-0.11	7.68	1.261	275
48.288	23.76	24.61	-0.08	7.70	1.261	275
48.320	23.73	24.58	-0.10	7.69	1.261	275
48.352	23.75	24.60	-0.10	7.69	1.261	275
48.384	23.80	24.64	-0.09	7.70	1.261	275
48.416	23.71	24.56	-0.11	7.67	1.261	275
48.448	23.55	24.39	-0.09	7.70	1.257	274
48.480	23.66	24.50	-0.10	7.69	1.257	274
48.512	23.82	24.66	-0.10	7.68	1.257	274
48.544	23.77	24.62	-0.09	7.69	1.257	274
48.576	23.76	24.60	-0.12	7.67	1.257	274
48.608	23.79	24.63	-0.09	7.70	1.257	274
48.640	23.70	24.54	-0.09	7.69	1.257	274
48.672	23.69	24.53	-0.11	7.68	1.257	274
48.704	23.79	24.63	-0.09	7.69	1.257	274
48.736	23.75	24.60	-0.12	7.67	1.257	274
48.768	23.68	24.53	-0.09	7.69	1.257	274
48.800	23.67	24.52	-0.09	7.69	1.257	274
48.832	23.77	24.62	-0.11	7.67	1.257	274
48.864	23.74	24.59	-0.10	7.69	1.257	274
48.896	23.67	24.52	-0.12	7.67	1.261	275
48.928	23.55	24.39	-0.10	7.69	1.261	275
48.960	23.74	24.58	-0.09	7.69	1.261	275
48.992	23.86	24.70	-0.11	7.68	1.261	275
49.024	23.75	24.59	-0.09	7.69	1.261	275
49.056	23.54	24.39	-0.12	7.67	1.261	275
49.088	23.62	24.47	-0.10	7.69	1.261	275
49.120	23.74	24.58	-0.09	7.69	1.261	275
49.152	23.75	24.59	-0.11	7.67	1.261	275
49.184	23.77	24.62	-0.09	7.69	1.261	275
49.216	23.85	24.69	-0.11	7.67	1.261	275
49.248	23.76	24.61	-0.10	7.69	1.261	275
49.280	23.64	24.49	-0.09	7.69	1.261	275
49.312	23.65	24.49	-0.12	7.67	1.261	275
49.344	23.84	24.68	-0.09	7.69	1.261	275
49.376	23.75	24.60	-0.11	7.68	1.257	274
49.408	23.47	24.32	-0.09	7.69	1.257	274
49.440	23.64	24.49	-0.08	7.70	1.257	274
49.472	23.98	24.83	-0.11	7.67	1.257	274
49.504	23.79	24.63	-0.09	7.70	1.257	274
49.536	23.64	24.48	-0.11	7.68	1.257	274
49.568	23.75	24.59	-0.10	7.69	1.257	274
49.600	23.88	24.72	-0.08	7.70	1.257	274
49.632	23.79	24.64	-0.11	7.68	1.257	274
49.664	23.85	24.69	-0.09	7.70	1.257	274
49.696	23.89	24.73	-0.11	7.68	1.257	274
49.728	23.81	24.65	-0.10	7.69	1.257	274
49.760	23.57	24.42	-0.08	7.71	1.257	274
49.792	23.65	24.49	-0.11	7.67	1.257	274
49.824	23.76	24.60	-0.09	7.70	1.257	274
49.856	23.68	24.53	-0.10	7.69	1.261	275
49.888	23.54	24.39	-0.09	7.69	1.261	275
49.920	23.69	24.53	-0.07	7.71	1.261	275
49.952	23.84	24.69	-0.11	7.68	1.261	275
49.984	23.76	24.61	-0.08	7.70	1.261	275
50.016	23.61	24.46	-0.10	7.69	1.261	275
50.048	23.71	24.55	-0.09	7.69	1.261	275
50.080	23.76	24.61	-0.07	7.72	1.261	275
50.112	23.67	24.52	-0.10	7.68	1.261	275
50.144	23.78	24.62	-0.07	7.71	1.261	275
50.176	23.89	24.73	-0.09	7.70	1.261	275
50.208	23.72	24.56	-0.09	7.70	1.261	275
50.240	23.55	24.40	-0.06	7.73	1.261	275
50.272	23.59	24.44	-0.09	7.69	1.261	275
50.304	23.72	24.56	-0.08	7.71	1.257	274
50.336	23.68	24.52	-0.09	7.70	1.257	274
50.368	23.58	24.43	-0.10	7.69	1.257	274
50.400	23.65	24.50	-0.07	7.72	1.257	274
50.432	23.77	24.61	-0.11	7.68	1.257	274
50.464	23.68	24.52	-0.08	7.70	1.257	274
50.496	23.57	24.42	-0.09	7.69	1.257	274
50.528	23.66	24.51	-0.10	7.68	1.257	274
50.560	23.72	24.57	-0.07	7.71	1.257	274
50.592	23.56	24.40	-0.11	7.68	1.257	274
50.624	23.60	24.45	-0.09	7.69	1.257	274
50.656	23.70	24.54	-0.09	7.69	1.257	274
50.688	23.76	24.60	-0.11	7.68	1.257	274
50.720	23.70	24.54	-0.08	7.71	1.257	274
50.752	23.70	24.54	-0.11	7.68	1.257	274
50.784	23.73	24.58	-0.09	7.69	1.257	274
50.816	23.69	24.53	-0.10	7.69	1.257	274
50.848	23.66	24.51	-0.11	7.67	1.257	274
50.880	23.70	24.55	-0.08	7.71	1.257	274
50.912	23.72	24.57	-0.10	7.69	1.257	274
50.944	23.72	24.57	-0.09	7.70	1.257	274
50.976	23.80	24.65	-0.09	7.69	1.257	274
51.008	23.73	24.58	-0.11	7.68	1.257	274
51.040	23.71	24.55	-0.08	7.70	1.257	274
51.072	23.81	24.65	-0.10	7.69	1.257	274
51.104	23.85	24.70	-0.09	7.69	1.257	274
51.136	23.81	24.65	-0.09	7.70	1.257	274
51.168	23.84	24.69	-0.11	7.68	1.257	274
51.200	23.90	24.74	-0.07	7.71	1.257	274
51.232	23.75	24.60	-0.09	7.69	1.257	274
51.264	23.58	24.43	-0.10	7.69	1.257	274
51.296	23.52	24.37	-0.09	7.70	1.257	274
51.328	23.68	24.52	-0.11	7.67	1.257	274
51.360	23.74	24.58	-0.08	7.70	1.257	274
51.392	23.68	24.53	-0.09	7.69	1.257	274
51.424	23.61	24.46	-0.10	7.68	1.257	274
51.456	23.78	24.62	-0.09	7.69	1.257	274
51.488	23.92	24.76	-0.11	7.67	1.257	274
51.520	23.83	24.67	-0.09	7.70	1.257	274
51.552	23.68	24.52	-0.09	7.70	1.257	274
51.584	23.75	24.59	-0.10	7.68	1.257	274
51.616	23.88	24.72	-0.09	7.69	1.257	274
51.648	23.71	24.55	-0.11	7.67	1.257	274
51.680	23.58	24.42	-0.09	7.70	1.257	274
51.712	23.75	24.60	-0.08	7.70	1.257	274
51.744	23.85	24.69	-0.11	7.68	1.257	274
51.776	23.68	24.53	-0.09	7.69	1.257	274
51.808	23.67	24.52	-0.11	7.67	1.257	274
51.840	23.77	24.62	-0.09	7.70	1.257	274
51.872	23.72	24.57	-0.09	7.70	1.257	274
51.904	23.68	24.52	-0.11	7.68	1.257	274
51.936	23.68	24.52	-0.09	7.70	1.257	274
51.968	23.78	24.63	-0.11	7.68	1.257	274
52.000	23.85	24.70	-0.09	7.70	1.257	274
52.032	23.86	24.70	-0.09	7.70	1.257	274
52.064	23.80	24.64	-0.11	7.68	1.257	274
52.096	23.69	24.54	-0.09	7.70	1.257	274
52.128	23.67	24.52	-0.11	7.68	1.257	274
52.160	23.71	24.56	-0.09	7.69	1.257	274
52.192	23.79	24.63	-0.09	7.70	1.261	275
52.224	23.74	24.59	-0.11	7.67	1.261	275
52.256	23.59	24.44	-0.09	7.70	1.261	275
52.288	23.71	24.56	-0.11	7.68	1.261	275
52.320	23.89	24.73	-0.09	7.69	1.261	275
52.352	23.78	24.63	-0.08	7.70	1.261	275
52.384	23.63	24.47	-0.11	7.67	1.261	275
52.416	23.69	24.53	-0.09	7.70	1.261	275
52.448	23.71	24.55	-0.11	7.68	1.261	275
52.480	23.67	24.52	-0.10	7.69	1.261	275
52.512	23.71	24.55	-0.08	7.70	1.261	275
52.544	23.76	24.60	-0.11	7.67	1.261	275
52.576	23.73	24.57	-0.09	7.70	1.261	275
52.608	23.80	24.65	-0.11	7.68	1.261	275
52.640	23.76	24.60	-0.10	7.69	1.257	274
52.672	23.67	24.51	-0.08	7.71	1.257	274
52.704	23.67	24.52	-0.12	7.67	1.257	274
52.736	23.65	24.50	-0.09	7.70	1.257	274
52.768	23.72	24.57	-0.10	7.68	1.257	274
52.800	23.86	24.70	-0.10	7.69	1.257	274
52.832	23.79	24.63	-0.07	7.71	1.257	274
52.864	23.64	24.49	-0.12	7.67	1.257	274
52.896	23.61	24.46	-0.09	7.70	1.257	274
52.928	23.64	24.48	-0.10	7.68	1.257	274
52.960	23.60	24.44	-0.10	7.69	1.257	274
52.992	23.61	24.45	-0.07	7.71	1.257	274
53.024	23.66	24.50	-0.11	7.68	1.257	274
53.056	23.58	24.42	-0.09	7.70	1.257	274
53.088	23.62	24.47	-0.10	7.69	1.257	274
53.120	23.59	24.44	-0.11	7.68	1.257	274
53.152	23.55	24.40	-0.07	7.71	1.257	274
53.184	23.66	24.50	-0.11	7.68	1.257	274
53.216	23.73	24.57	-0.09	7.69	1.257	274
53.248	23.74	24.59	-0.10	7.69	1.257	274
53.280	23.68	24.53	-0.11	7.68	1.257	274
53.312	23.63	24.47	-0.08	7.71	1.257	274
53.344	23.61	24.46	-0.11	7.68	1.257	274
53.376	23.51	24.35	-0.09	7.69	1.257	274
53.408	23.52	24.37	-0.10	7.69	1.257	274
53.440	23.57	24.42	-0.11	7.68	1.257	274
53.472	23.71	24.55	-0.08	7.71	1.257	274
53.504	23.74	24.59	-0.10	7.68	1.257	274
53.536	23.62	24.47	-0.10	7.69	1.257	274
53.568	23.56	24.40	-0.10	7.69	1.257	274
53.600	23.63	24.47	-0.11	7.67	1.252	273
53.632	23.64	24.48	-0.08	7.70	1.252	273
53.664	23.50	24.34	-0.10	7.69	1.252	273
53.696	23.48	24.32	-0.09	7.69	1.252	273
53.728	23.62	24.47	-0.10	7.69	1.252	273
53.760	23.69	24.54	-0.12	7.67	1.252	273
53.792	23.57	24.42	-0.08	7.71	1.252	273
53.824	23.53	24.37	-0.09	7.69	1.252	273
53.856	23.52	24.37	-0.10	7.68	1.252	273
53.888	23.73	24.57	-0.10	7.69	1.252	273
53.920	23.79	24.63	-0.11	7.67	1.252	273
53.952	23.64	24.49	-0.08	7.70	1.252	273
53.984	23.54	24.39	-0.09	7.70	1.252	273
54.016	23.62	24.46	-0.10	7.68	1.252	273
54.048	23.69	24.53	-0.09	7.69	1.252	273
54.080	23.66	24.50	-0.11	7.67	1.252	273
54.112	23.66	24.50	-0.09	7.70	1.252	273
54.144	23.59	24.44	-0.09	7.70	1.252	273
54.176	23.60	24.45	-0.11	7.68	1.252	273
54.208	23.70	24.55	-0.09	7.70	1.252	273
54.240	23.82	24.67	-0.11	7.67	1.252	273
54.272	23.69	24.53	-0.09	7.70	1.252	273
54.304	23.46	24.30	-0.09	7.70	1.252	273
54.336	23.52	24.37	-0.11	7.68	1.252	273
54.368	23.70	24.55	-0.09	7.70	1.252	273
54.400	23.75	24.59	-0.11	7.68	1.252	273
54.432	23.79	24.64	-0.09	7.70	1.252	273
54.464	23.69	24.53	-0.08	7.70	1.252	273
54.496	23.55	24.39	-0.11	7.68	1.252	273
54.528	23.63	24.47	-0.09	7.70	1.252	273
54.560	23.74	24.58	-0.11	7.68	1.252	273
54.592	23.69	24.53	-0.09	7.70	1.252	273
54.624	23.41	24.26	-0.08	7.70	1.252	273
54.656	23.49	24.34	-0.11	7.68	1.252	273
54.688	23.73	24.57	-0.08	7.70	1.252	273
54.720	23.76	24.60	-0.10	7.69	1.252	273
54.752	23.60	24.45	-0.09	7.69	1.252	273
54.784	23.54	24.39	-0.07	7.72	1.252	273
54.816	23.52	24.36	-0.11	7.68	1.252	273
54.848	23.58	24.42	-0.08	7.71	1.252	273
54.880	23.72	24.57	-0.10	7.69	1.252	273
54.912	23.83	24.67	-0.09	7.70	1.252	273
54.944	23.79	24.64	-0.07	7.71	1.252	273
54.976	23.71	24.55	-0.11	7.68	1.252	273
55.008	23.61	24.46	-0.08	7.70	1.257	274
55.040	23.64	24.49	-0.10	7.69	1.257	274
55.072	23.62	24.47	-0.09	7.69	1.257	274
55.104	23.49	24.33	-0.07	7.72	1.257	274
55.136	23.59	24.44	-0.10	7.68	1.257	274
55.168	23.82	24.67	-0.08	7.70	1.257	274
55.200	23.83	24.68	-0.09	7.69	1.257	274
55.232	23.55	24.39	-0.10	7.69	1.257	274
55.264	23.47	24.32	-0.07	7.72	1.257	274
55.296	23.59	24.44	-0.09	7.69	1.257	274
55.328	23.71	24.56	-0.08	7.70	1.257	274
55.360	23.62	24.47	-0.09	7.70	1.257	274
55.392	23.70	24.54	-0.09	7.69	1.257	274
55.424	23.70	24.55	-0.07	7.72	1.257	274
55.456	23.56	24.40	-0.09	7.70	1.252	273
55.488	23.59	24.43	-0.08	7.70	1.252	273
55.520	23.70	24.54	-0.08	7.70	1.252	273
55.552	23.64	24.48	-0.10	7.69	1.252	273
55.584	23.57	24.42	-0.06	7.73	1.252	273
55.616	23.69	24.53	-0.08	7.70	1.252	273
55.648	23.80	24.64	-0.08	7.71	1.252	273
55.680	23.74	24.58	-0.06	7.72	1.252	273
55.712	23.71	24.56	-0.08	7.71	1.252	273
55.744	23.69	24.53	-0.05	7.74	1.252	273
55.776	23.69	24.53	-0.05	7.73	1.252	273
55.808	23.73	24.58	-0.09	7.70	1.252	273
55.840	23.66	24.50	-0.08	7.70	1.252	273
55.872	23.81	24.66	-0.10	7.68	1.252	273
55.904	23.81	24.65	-0.07	7.71	1.252	273
55.936	23.70	24.54	-0.08	7.70	1.257	274
55.968	23.72	24.56	-0.10	7.69	1.257	274
56.000	23.64	24.49	-0.08	7.71	1.257	274
56.032	23.64	24.49	-0.10	7.68	1.257	274
56.064	23.63	24.48	-0.08	7.71	1.257	274
56.096	23.71	24.55	-0.08	7.71	1.257	274
56.128	23.90	24.75	-0.10	7.69	1.257	274
56.160	23.81	24.66	-0.08	7.71	1.257	274
56.192	23.60	24.44	-0.10	7.69	1.257	274
56.224	23.58	24.42	-0.08	7.71	1.257	274
56.256	23.60	24.45	-0.07	7.72	1.257	274
56.288	23.54	24.38	-0.10	7.69	1.257	274
56.320	23.54	24.39	-0.08	7.71	1.257	274
56.352	23.69	24.53	-0.10	7.69	1.257	274
56.384	23.76	24.60	-0.08	7.71	1.257	274
56.416	23.62	24.47	-0.07	7.72	1.257	274
56.448	23.58	24.43	-0.10	7.68	1.257	274
56.480	23.66	24.50	-0.08	7.71	1.257	274
56.512	23.60	24.44	-0.10	7.69	1.257	274
56.544	23.49	24.33	-0.09	7.70	1.257	274
56.576	23.59	24.43	-0.07	7.72	1.257	274
56.608	23.77	24.61	-0.10	7.68	1.257	274
56.640	23.69	24.54	-0.07	7.71	1.257	274
56.672	23.47	24.32	-0.09	7.69	1.257	274
56.704	23.56	24.41	-0.09	7.70	1.257	274
56.736	23.76	24.60	-0.06	7.73	1.257	274
56.768	23.69	24.54	-0.10	7.69	1.257	274
56.800	23.69	24.54	-0.07	7.71	1.257	274
56.832	23.73	24.57	-0.09	7.70	1.257	274
56.864	23.62	24.47	-0.09	7.70	1.257	274
56.896	23.57	24.42	-0.06	7.72	1.257	274
56.928	23.57	24.41	-0.10	7.69	1.257	274
56.960	23.55	24.40	-0.08	7.71	1.257	274
56.992	23.63	24.47	-0.09	7.70	1.257	274
57.024	23.53	24.37	-0.09	7.69	1.257	274
57.056	23.47	24.32	-0.06	7.72	1.257	274
57.088	23.68	24.53	-0.09	7.70	1.257	274
57.120	23.83	24.67	-0.09	7.70	1.257	274
57.152	23.69	24.54	-0.09	7.70	1.257	274
57.184	23.52	24.36	-0.10	7.68	1.257	274
57.216	23.55	24.40	-0.07	7.71	1.257	274
57.248	23.62	24.47	-0.09	7.69	1.257	274
57.280	23.64	24.48	-0.09	7.70	1.257	274
57.312	23.72	24.57	-0.09	7.69	1.257	274
57.344	23.74	24.58	-0.11	7.68	1.252	273
57.376	23.66	24.51	-0.07	7.71	1.252	273
57.408	23.60	24.44	-0.09	7.70	1.252	273
57.440	23.70	24.54	-0.10	7.69	1.252	273
57.472	23.74	24.58	-0.09	7.70	1.252	273
57.504	23.55	24.39	-0.11	7.67	1.252	273
57.536	23.54	24.38	-0.08	7.70	1.252	273
57.568	23.70	24.55	-0.09	7.70	1.252	273
57.600	23.71	24.55	-0.10	7.69	1.252	273
57.632	23.56	24.40	-0.09	7.70	1.252	273
57.664	23.49	24.34	-0.11	7.68	1.252	273
57.696	23.63	24.48	-0.08	7.70	1.252	273
57.728	23.69	24.53	-0.08	7.70	1.252	273
57.760	23.75	24.59	-0.10	7.69	1.252	273
57.792	23.75	24.59	-0.09	7.70	1.257	274
57.824	23.58	24.42	-0.11	7.68	1.257	274
57.856	23.57	24.42	-0.09	7.70	1.257	274
57.888	23.63	24.48	-0.08	7.71	1.257	274
57.920	23.51	24.35	-0.10	7.69	1.257	274
57.952	23.51	24.35	-0.08	7.70	1.257	274
57.984	23.55	24.39	-0.10	7.69	1.257	274
58.016	23.73	24.58	-0.09	7.70	1.257	274
58.048	23.75	24.59	-0.08	7.71	1.257	274
58.080	23.56	24.41	-0.11	7.68	1.257	274
58.112	23.52	24.37	-0.08	7.70	1.257	274
58.144	23.59	24.43	-0.10	7.68	1.257	274
58.176	23.62	24.46	-0.09	7.70	1.257	274
58.208	23.52	24.36	-0.07	7.72	1.257	274
58.240	23.64	24.48	-0.11	7.68	1.257	274
58.272	23.78	24.62	-0.08	7.70	1.252	273
58.304	23.76	24.61	-0.10	7.69	1.252	273
58.336	23.72	24.56	-0.09	7.70	1.252	273
58.368	23.67	24.52	-0.07	7.72	1.252	273
58.400	23.68	24.52	-0.10	7.68	1.252	273
58.432	23.63	24.48	-0.08	7.70	1.252	273
58.464	23.49	24.33	-0.09	7.69	1.252	273
58.496	23.53	24.37	-0.09	7.69	1.252	273
58.528	23.76	24.60	-0.07	7.72	1.252	273
58.560	23.81	24.65	-0.11	7.68	1.252	273
58.592	23.54	24.38	-0.08	7.71	1.252	273
58.624	23.39	24.23	-0.09	7.69	1.252	273
58.656	23.49	24.33	-0.09	7.69	1.252	273
58.688	23.62	24.46	-0.06	7.72	1.252	273
58.720	23.75	24.59	-0.10	7.69	1.252	273
58.752	23.82	24.67	-0.08	7.70	1.257	274
58.784	23.58	24.43	-0.09	7.69	1.257	274
58.816	23.56	24.40	-0.09	7.70	1.257	274
58.848	23.73	24.57	-0.06	7.72	1.257	274
58.880	23.70	24.54	-0.09	7.69	1.257	274
58.912	23.57	24.41	-0.08	7.70	1.257	274
58.944	23.39	24.24	-0.09	7.70	1.257	274
58.976	23.58	24.42	-0.10	7.69	1.257	274
59.008	23.75	24.59	-0.07	7.72	1.257	274
59.040	23.68	24.53	-0.09	7.70	1.257	274
59.072	23.52	24.37	-0.09	7.70	1.257	274
59.104	23.47	24.32	-0.08	7.71	1.257	274
59.136	23.58	24.42	-0.10	7.69	1.257	274
59.168	23.60	24.45	-0.07	7.72	1.257	274
59.200	23.64	24.48	-0.09	7.70	1.257	274
59.232	23.68	24.52	-0.09	7.69	1.257	274
59.264	23.72	24.56	-0.08	7.70	1.257	274
59.296	23.63	24.47	-0.10	7.68	1.257	274
59.328	23.56	24.40	-0.08	7.71	1.257	274
59.360	23.61	24.46	-0.08	7.71	1.257	274
59.392	23.65	24.50	-0.09	7.69	1.257	274
59.424	23.53	24.38	-0.08	7.71	1.257	274
59.456	23.58	24.42	-0.10	7.68	1.257	274
59.488	23.66	24.51	-0.07	7.71	1.257	274
59.520	23.51	24.35	-0.07	7.71	1.257	274
59.552	23.45	24.29	-0.09	7.69	1.257	274
59.584	23.42	24.27	-0.08	7.70	1.257	274
59.616	23.54	24.39	-0.10	7.68	1.257	274
59.648	23.59	24.43	-0.08	7.70	1.257	274
59.680	23.57	24.42	-0.07	7.71	1.257	274
59.712	23.63	24.47	-0.10	7.69	1.257	274
59.744	23.53	24.37	-0.08	7.71	1.257	274
59.776	23.60	24.44	-0.10	7.68	1.257	274
59.808	23.60	24.44	-0.08	7.71	1.257	274
59.840	23.57	24.42	-0.07	7.71	1.257	274
59.872	23.59	24.43	-0.10	7.69	1.257	274
59.904	23.54	24.38	-0.08	7.71	1.257	274
59.936	23.67	24.51	-0.10	7.69	1.257	274
59.968	23.69	24.53	-0.08	7.70	1.257	274
60.000	23.50	24.35	-0.07	7.72	1.257	274
60.032	23.42	24.26	-0.10	7.68	1.257	274
60.064	23.41	24.26	-0.08	7.71	1.257	274
60.096	23.49	24.33	-0.10	7.69	1.257	274
60.128	23.53	24.37	-0.08	7.70	1.257	274
60.160	23.62	24.47	-0.07	7.72	1.252	273
60.192	23.57	24.41	-0.10	7.68	1.252	273
60.224	23.48	24.32	-0.08	7.71	1.252	273
60.256	23.41	24.25	-0.10	7.69	1.252	273
60.288	23.54	24.39	-0.09	7.70	1.252	273
60.320	23.68	24.52	-0.06	7.72	1.252	273
60.352	23.54	24.38	-0.11	7.68	1.252	273
60.384	23.44	24.28	-0.08	7.71	1.252	273
60.416	23.50	24.34	-0.09	7.69	1.252	273
60.448	23.55	24.39	-0.09	7.69	1.252	273
60.480	23.47	24.31	-0.07	7.72	1.252	273
60.512	23.48	24.33	-0.10	7.68	1.252	273
60.544	23.53	24.37	-0.08	7.71	1.252	273
60.576	23.52	24.37	-0.09	7.70	1.252	273
60.608	23.49	24.34	-0.09	7.70	1.252	273
60.640	23.58	24.43	-0.07	7.72	1.252	273
60.672	23.67	24.52	-0.10	7.68	1.252	273
60.704	23.58	24.42	-0.08	7.71	1.252	273
60.736	23.43	24.27	-0.09	7.70	1.252	273
60.768	23.43	24.28	-0.09	7.69	1.252	273
60.800	23.59	24.43	-0.07	7.72	1.252	273
60.832	23.63	24.47	-0.10	7.69	1.252	273
60.864	23.45	24.30	-0.08	7.70	1.252	273
60.896	23.52	24.37	-0.09	7.70	1.252	273
60.928	23.62	24.47	-0.10	7.69	1.252	273
60.960	23.50	24.35	-0.07	7.72	1.252	273
60.992	23.44	24.28	-0.09	7.70	1.252	273
61.024	23.44	24.29	-0.08	7.71	1.252	273
61.056	23.49	24.34	-0.09	7.70	1.252	273
61.088	23.54	24.38	-0.10	7.69	1.252	273
61.120	23.61	24.45	-0.07	7.72	1.252	273
61.152	23.58	24.43	-0.09	7.70	1.252	273
61.184	23.46	24.31	-0.09	7.70	1.252	273
61.216	23.51	24.35	-0.08	7.70	1.252	273
61.248	23.73	24.58	-0.10	7.68	1.252	273
61.280	23.57	24.42	-0.07	7.72	1.252	273
61.312	23.40	24.25	-0.08	7.71	1.252	273
61.344	23.42	24.27	-0.09	7.70	1.252	273
61.376	23.59	24.44	-0.08	7.71	1.252	273
61.408	23.69	24.54	-0.11	7.68	1.252	273
61.440	23.55	24.39	-0.07	7.72	1.252	273
61.472	23.56	24.40	-0.08	7.71	1.252	273
61.504	23.49	24.34	-0.09	7.69	1.252	273
61.536	23.48	24.32	-0.08	7.70	1.257	274
61.568	23.50	24.35	-0.10	7.68	1.257	274
61.600	23.72	24.56	-0.07	7.72	1.257	274
61.632	23.71	24.55	-0.07	7.71	1.257	274
61.664	23.55	24.39	-0.09	7.69	1.257	274
61.696	23.54	24.38	-0.08	7.71	1.257	274
61.728	23.50	24.35	-0.10	7.68	1.257	274
61.760	23.53	24.38	-0.07	7.72	1.257	274
61.792	23.48	24.33	-0.07	7.72	1.257	274
61.824	23.45	24.29	-0.09	7.70	1.257	274
61.856	23.66	24.51	-0.08	7.71	1.257	274
61.888	23.63	24.48	-0.10	7.69	1.257	274
61.920	23.37	24.22	-0.07	7.71	1.257	274
61.952	23.45	24.29	-0.07	7.71	1.257	274
61.984	23.60	24.44	-0.09	7.69	1.257	274
62.016	23.56	24.41	-0.08	7.71	1.252	273
62.048	23.54	24.38	-0.10	7.69	1.252	273
62.080	23.71	24.56	-0.08	7.71	1.252	273
62.112	23.77	24.62	-0.07	7.72	1.252	273
62.144	23.55	24.39	-0.09	7.70	1.252	273
62.176	23.38	24.23	-0.07	7.71	1.252	273
62.208	23.41	24.25	-0.09	7.69	1.252	273
62.240	23.44	24.28	-0.07	7.71	1.252	273
62.272	23.52	24.37	-0.06	7.72	1.252	273
62.304	23.57	24.42	-0.09	7.69	1.252	273
62.336	23.58	24.43	-0.07	7.71	1.252	273
62.368	23.55	24.40	-0.09	7.69	1.252	273
62.400	23.55	24.39	-0.07	7.71	1.252	273
62.432	23.52	24.37	-0.07	7.72	1.252	273
62.464	23.48	24.33	-0.09	7.69	1.252	273
62.496	23.45	24.29	-0.07	7.72	1.257	274
62.528	23.52	24.36	-0.09	7.70	1.257	274
62.560	23.67	24.51	-0.08	7.71	1.257	274
62.592	23.63	24.48	-0.06	7.72	1.257	274
62.624	23.49	24.34	-0.10	7.69	1.257	274
62.656	23.51	24.35	-0.07	7.72	1.257	274
62.688	23.52	24.37	-0.09	7.70	1.257	274
62.720	23.59	24.44	-0.08	7.71	1.257	274
62.752	23.59	24.43	-0.06	7.73	1.257	274
62.784	23.61	24.45	-0.09	7.69	1.257	274
62.816	23.68	24.52	-0.07	7.72	1.257	274
62.848	23.61	24.45	-0.09	7.70	1.257	274
62.880	23.36	24.20	-0.08	7.71	1.257	274
62.912	23.31	24.15	-0.06	7.73	1.257	274
62.944	23.42	24.27	-0.10	7.69	1.257	274
62.976	23.50	24.35	-0.07	7.71	1.257	274
63.008	23.61	24.46	-0.09	7.70	1.257	274
63.040	23.75	24.59	-0.08	7.71	1.257	274
63.072	23.64	24.49	-0.06	7.73	1.257	274
63.104	23.51	24.36	-0.09	7.69	1.257	274
63.136	23.47	24.32	-0.06	7.72	1.257	274
63.168	23.47	24.32	-0.08	7.71	1.257	274
63.200	23.42	24.27	-0.08	7.71	1.257	274
63.232	23.45	24.29	-0.06	7.73	1.257	274
63.264	23.49	24.33	-0.09	7.70	1.257	274
63.296	23.57	24.42	-0.06	7.72	1.257	274
63.328	23.48	24.32	-0.08	7.71	1.257	274
63.360	23.36	24.21	-0.07	7.71	1.257	274
63.392	23.43	24.28	-0.05	7.73	1.257	274
63.424	23.57	24.41	-0.09	7.70	1.257	274
63.456	23.57	24.42	-0.06	7.72	1.257	274
63.488	23.52	24.36	-0.08	7.71	1.257	274
63.520	23.57	24.41	-0.07	7.72	1.257	274
63.552	23.62	24.46	-0.05	7.74	1.257	274
63.584	23.61	24.46	-0.08	7.71	1.257	274
63.616	23.46	24.30	-0.06	7.72	1.257	274
63.648	23.39	24.23	-0.07	7.72	1.257	274
63.680	23.51	24.36	-0.07	7.71	1.257	274
63.712	23.48	24.32	-0.04	7.74	1.257	274
63.744	23.53	24.38	-0.07	7.72	1.257	274
63.776	23.65	24.50	-0.05	7.73	1.257	274
63.808	23.57	24.41	-0.06	7.72	1.257	274
63.840	23.40	24.25	-0.05	7.73	1.257	274
63.872	23.35	24.19	-0.02	7.76	1.257	274
63.904	23.52	24.37	-0.05	7.73	1.257	274
63.936	23.54	24.39	-0.06	7.72	1.257	274
63.968	23.66	24.50	-0.07	7.72	1.257	274
64.000	23.70	24.54	-0.07	7.71	1.257	274
64.032	23.57	24.41	-0.05	7.74	1.257	274
64.064	23.42	24.27	-0.06	7.73	1.257	274
64.096	23.47	24.32	-0.05	7.73	1.257	274
64.128	23.58	24.42	-0.05	7.74	1.257	274
64.160	23.53	24.38	-0.03	7.76	1.257	274
64.192	23.38	24.22	-0.02	7.76	1.257	274
64.224	23.42	24.26	-0.06	7.73	1.257	274
64.256	23.62	24.47	-0.06	7.73	1.257	274
64.288	23.54	24.39	-0.04	7.74	1.257	274
64.320	23.38	24.23	-0.07	7.72	1.257	274
64.352	23.45	24.29	-0.02	7.76	1.257	274
64.384	23.48	24.32	-0.06	7.73	1.257	274
64.416	23.37	24.21	-0.06	7.72	1.257	274
64.448	23.49	24.33	-0.05	7.73	1.257	274
64.480	23.64	24.48	-0.07	7.71	1.257	274
64.512	23.60	24.45	-0.01	7.77	1.257	274
64.544	23.43	24.27	-0.02	7.77	1.257	274
64.576	23.54	24.38	-0.05	7.73	1.257	274
64.608	23.54	24.39	-0.07	7.72	1.257	274
64.640	23.44	24.29	-0.09	7.69	1.257	274
64.672	23.41	24.26	-0.06	7.73	1.257	274
64.704	23.54	24.39	-0.07	7.72	1.257	274
64.736	23.69	24.53	-0.08	7.71	1.257	274
64.768	23.56	24.40	-0.07	7.71	1.257	274
64.800	23.44	24.28	-0.10	7.69	1.257	274
64.832	23.37	24.22	-0.07	7.72	1.252	273
64.864	15.18	16.02	-0.08	7.71	1.252	273
64.896	-0.02	0.83	-0.09	7.70	1.252	273
64.928	-1.90	-1.05	-0.07	7.71	1.252	273
64.960	3.00	3.84	-0.10	7.68	1.252	273
64.992	12.36	13.21	-0.08	7.70	1.252	273
65.024	12.28	13.13	-0.05	7.74	1.252	273
65.056	6.61	7.45	-0.06	7.72	1.252	273
65.088	3.31	4.16	-0.05	7.74	1.252	273
65.120	3.91	4.75	-0.06	7.72	1.252	273
65.152	6.76	7.60	-0.01	7.78	1.252	273
65.184	8.76	9.60	0.00	7.79	1.252	273
65.216	7.96	8.81	-0.03	7.75	1.252	273
65.248	5.98	6.83	-0.02	7.76	1.252	273
65.280	5.17	6.01	0.00	7.79	0.174	38
65.312	5.95	6.80	0.01	7.80	0.174	38
65.344	6.98	7.83	0.02	7.81	0.174	38
65.376	7.19	8.03	0.05	7.84	0.174	38
65.408	6.65	7.50	-0.00	7.78	0.174	38
65.440	6.18	7.03	-0.02	7.76	0.174	38
65.472	6.16	7.01	0.02	7.81	0.174	38
65.504	6.45	7.29	0.04	7.83	0.174	38
65.536	6.66	7.51	0.03	7.82	0.174	38
65.568	6.62	7.46	0.04	7.82	0.174	38
65.600	6.44	7.29	0.02	7.80	0.174	38
65.632	6.37	7.22	0.02	7.80	0.174	38
65.664	6.42	7.26	0.02	7.80	0.174	38
65.696	6.49	7.34	-0.00	7.78	0.174	38
65.728	6.50	7.35	0.01	7.80	0.174	38
65.760	6.46	7.31	-0.01	7.78	0.000	0
65.792	6.43	7.28	0.01	7.80	0.000	0
65.824	6.44	7.28	0.01	7.79	0.000	0
65.856	6.46	7.30	-0.02	7.77	0.000	0
65.888	6.47	7.32	0.01	7.80	0.000	0
65.920	6.45	7.30	-0.01	7.78	0.000	0
65.952	6.45	7.29	0.01	7.80	0.000	0
65.984	6.45	7.29	0.01	7.80	0.000	0
66.016	6.45	7.30	-0.01	7.78	0.000	0
66.048	6.46	7.31	0.02	7.80	0.000	0
66.080	6.47	7.32	0.01	7.80	0.000	0
66.112	6.47	7.31	0.05	7.84	0.000	0
66.144	6.47	7.31	0.04	7.83	0.000	0
66.176	6.46	7.30	0.01	7.80	0.000	0
66.208	6.47	7.31	0.03	7.82	0.000	0
66.240	6.47	7.32	0.03	7.81	0.000	0
66.272	6.46	7.31	0.03	7.82	0.000	0
66.304	6.46	7.30	0.04	7.83	0.000	0
66.336	6.47	7.32	0.01	7.80	0.000	0
66.368	6.46	7.30	0.03	7.81	0.000	0
66.400	6.46	7.31	0.01	7.80	0.000	0
66.432	6.46	7.31	0.03	7.81	0.000	0
66.464	6.46	7.31	0.03	7.82	0.000	0
66.496	6.46	7.30	0.01	7.79	0.000	0
66.528	6.46	7.30	0.02	7.80	0.000	0
66.560	6.47	7.31	0.01	7.80	0.000	0
66.592	6.47	7.32	0.03	7.82	0.000	0
66.624	6.46	7.30	0.03	7.82	0.000	0
66.656	6.46	7.31	0.00	7.79	0.000	0
66.688	6.46	7.30	0.01	7.80	0.000	0
66.720	6.46	7.31	-0.00	7.78	0.000	0
66.752	6.46	7.30	0.01	7.80	0.000	0
66.784	6.46	7.30	0.03	7.81	0.000	0
66.816	6.46	7.30	-0.01	7.78	0.000	0
66.848	6.46	7.30	0.02	7.81	0.000	0
66.880	6.47	7.31	0.02	7.80	0.000	0
