Tempo(s)    P0(KPa) P0+Coluna(KPa)  P1(KPa) P1+Coluna(KPa)  Vazao(L/min)    Pulsos
0.000	-1.45	0.84	0.01	7.67	0.000	0
0.032	-1.44	0.85	0.03	7.69	0.000	0
0.064	-1.43	0.85	0.05	7.71	0.000	0
0.096	-1.42	0.87	0.01	7.68	0.000	0
0.128	-1.40	0.88	0.04	7.70	0.000	0
0.160	-1.41	0.88	0.02	7.68	0.000	0
0.192	-1.40	0.88	0.02	7.68	0.000	0
0.224	-1.40	0.88	0.05	7.71	0.000	0
0.256	-1.40	0.89	0.01	7.67	0.000	0
0.288	-1.40	0.89	0.04	7.70	0.000	0
0.320	-1.38	0.90	0.02	7.69	0.000	0
0.352	-1.38	0.90	0.02	7.68	0.000	0
0.384	-1.38	0.91	0.05	7.71	0.000	0
0.416	-1.37	0.92	0.02	7.68	0.000	0
0.448	-1.37	0.92	0.03	7.69	0.000	0
0.480	-1.37	0.92	0.02	7.69	0.000	0
0.512	-1.36	0.93	0.02	7.68	0.000	0
0.544	-1.34	0.95	0.05	7.71	0.000	0
0.576	-1.32	0.96	0.02	7.68	0.000	0
0.608	-1.31	0.97	0.03	7.69	0.000	0
0.640	-1.29	0.99	0.02	7.69	0.000	0
0.672	-1.28	1.01	0.02	7.68	0.000	0
0.704	-1.26	1.02	0.05	7.71	0.000	0
0.736	-1.25	1.03	0.02	7.68	0.000	0
0.768	-1.23	1.05	0.03	7.70	0.000	0
0.800	-1.22	1.07	0.03	7.69	0.000	0
0.832	-1.21	1.08	0.01	7.68	0.000	0
0.864	-1.19	1.10	0.05	7.71	0.000	0
0.896	-1.17	1.11	0.03	7.69	0.000	0
0.928	-1.16	1.12	0.03	7.69	0.000	0
0.960	-1.16	1.13	0.03	7.69	0.000	0
0.992	-1.16	1.12	0.01	7.67	0.000	0
1.024	-1.15	1.13	0.05	7.71	0.000	0
1.056	-1.15	1.13	0.03	7.69	0.000	0
1.088	-1.15	1.14	0.03	7.69	0.000	0
1.120	-1.14	1.14	0.03	7.69	0.000	0
1.152	-1.14	1.15	0.01	7.67	0.000	0
1.184	-1.14	1.14	0.05	7.71	0.000	0
1.216	-1.13	1.15	0.04	7.70	0.000	0
1.248	-1.13	1.15	0.03	7.69	0.000	0
1.280	-1.12	1.17	0.03	7.69	0.000	0
1.312	-1.10	1.18	0.01	7.67	0.000	0
1.344	-1.10	1.19	0.04	7.70	0.000	0
1.376	-1.10	1.19	0.04	7.70	0.000	0
1.408	-1.09	1.19	0.02	7.69	0.000	0
1.440	-1.08	1.20	0.03	7.70	0.000	0
1.472	-1.07	1.21	0.01	7.68	0.000	0
1.504	-1.08	1.21	0.04	7.70	0.000	0
1.536	-1.06	1.23	0.04	7.70	0.000	0
1.568	-1.05	1.24	0.02	7.68	0.000	0
1.600	-1.04	1.25	0.04	7.70	0.000	0
1.632	-1.02	1.27	0.02	7.68	0.000	0
1.664	-1.00	1.29	0.04	7.70	0.000	0
1.696	-0.99	1.29	0.04	7.70	0.000	0
1.728	-0.97	1.31	0.02	7.68	0.000	0
1.760	-0.95	1.33	0.04	7.70	0.000	0
1.792	-0.94	1.35	0.02	7.68	0.000	0
1.824	-0.91	1.38	0.04	7.70	0.000	0
1.856	7.10	9.39	0.04	7.70	0.000	0
1.888	14.56	16.84	0.02	7.68	0.000	0
1.920	13.28	15.57	0.04	7.70	0.000	0
1.952	12.56	14.85	0.01	7.68	0.000	0
1.984	12.76	15.05	0.03	7.69	0.000	0
2.016	12.96	15.25	0.05	7.71	0.000	0
2.048	13.11	15.40	0.02	7.68	0.000	0
2.080	13.05	15.34	0.04	7.70	0.000	0
2.112	13.19	15.48	0.02	7.68	0.000	0
2.144	13.16	15.44	0.03	7.69	0.693	151
2.176	13.33	15.62	0.04	7.70	0.693	151
2.208	13.36	15.65	0.01	7.67	0.693	151
2.240	13.43	15.71	0.04	7.70	0.693	151
2.272	13.54	15.83	0.02	7.68	0.693	151
2.304	13.79	16.08	0.03	7.69	0.693	151
2.336	14.27	16.56	0.05	7.71	0.693	151
2.368	14.61	16.89	0.02	7.68	0.693	151
2.400	14.61	16.90	0.04	7.70	0.693	151
2.432	14.81	17.10	0.03	7.69	0.693	151
2.464	14.21	16.50	0.03	7.69	0.693	151
2.496	16.19	18.47	0.05	7.71	0.693	151
2.528	15.79	18.07	0.02	7.68	0.693	151
2.560	15.41	17.69	0.04	7.70	0.693	151
2.592	15.52	17.80	0.03	7.69	1.243	271
2.624	15.23	17.52	0.03	7.69	1.243	271
2.656	14.67	16.96	0.05	7.71	1.243	271
2.688	14.33	16.61	0.01	7.68	1.243	271
2.720	14.10	16.39	0.04	7.70	1.243	271
2.752	13.97	16.26	0.02	7.69	1.243	271
2.784	13.76	16.05	0.02	7.69	1.243	271
2.816	13.72	16.01	0.05	7.71	1.243	271
2.848	13.71	15.99	0.01	7.67	1.243	271
2.880	13.78	16.07	0.04	7.70	1.243	271
2.912	13.68	15.96	0.02	7.69	1.243	271
2.944	13.61	15.90	0.03	7.69	1.243	271
2.976	13.56	15.84	0.05	7.71	1.243	271
3.008	13.49	15.77	0.02	7.68	1.243	271
3.040	13.42	15.70	0.04	7.70	1.243	271
3.072	13.38	15.66	0.03	7.69	1.243	271
3.104	13.41	15.70	0.02	7.68	1.243	271
3.136	13.45	15.74	0.05	7.71	1.243	271
3.168	13.38	15.67	0.02	7.68	1.243	271
3.200	13.36	15.65	0.03	7.70	1.243	271
3.232	13.43	15.71	0.03	7.69	1.243	271
3.264	13.38	15.67	0.02	7.68	1.243	271
3.296	13.33	15.62	0.05	7.72	1.243	271
3.328	13.46	15.74	0.03	7.69	1.243	271
3.360	13.41	15.70	0.03	7.70	1.243	271
3.392	13.39	15.67	0.03	7.70	1.243	271
3.424	13.43	15.72	0.02	7.68	1.243	271
3.456	13.45	15.74	0.05	7.71	1.243	271
3.488	13.47	15.75	0.03	7.69	1.243	271
3.520	13.47	15.75	0.03	7.70	1.243	271
3.552	13.44	15.72	0.04	7.70	1.248	272
3.584	13.43	15.72	0.01	7.68	1.248	272
3.616	13.47	15.75	0.05	7.71	1.248	272
3.648	13.40	15.69	0.03	7.69	1.248	272
3.680	13.46	15.74	0.03	7.69	1.248	272
3.712	13.56	15.85	0.04	7.70	1.248	272
3.744	13.56	15.85	0.02	7.68	1.248	272
3.776	13.45	15.74	0.05	7.71	1.248	272
3.808	13.61	15.90	0.03	7.70	1.248	272
3.840	13.58	15.86	0.03	7.69	1.248	272
3.872	13.60	15.88	0.03	7.70	1.248	272
3.904	13.62	15.91	0.02	7.68	1.248	272
3.936	13.66	15.95	0.05	7.71	1.248	272
3.968	13.67	15.96	0.04	7.70	1.248	272
4.000	13.65	15.94	0.03	7.69	1.248	272
4.032	13.76	16.04	0.04	7.70	1.248	272
4.064	13.80	16.08	0.02	7.68	1.248	272
4.096	13.78	16.07	0.05	7.72	1.248	272
4.128	13.76	16.05	0.05	7.71	1.248	272
4.160	13.78	16.07	0.03	7.69	1.248	272
4.192	13.87	16.16	0.04	7.70	1.248	272
4.224	13.98	16.27	0.01	7.68	1.248	272
4.256	14.00	16.29	0.05	7.71	1.248	272
4.288	14.16	16.45	0.04	7.70	1.248	272
4.320	14.10	16.39	0.02	7.68	1.248	272
4.352	14.13	16.42	0.04	7.70	1.248	272
4.384	14.12	16.41	0.02	7.68	1.248	272
4.416	14.30	16.58	0.04	7.70	1.248	272
4.448	14.36	16.64	0.04	7.70	1.248	272
4.480	14.27	16.56	0.02	7.68	1.252	273
4.512	14.63	16.92	0.05	7.71	1.252	273
4.544	14.99	17.28	0.02	7.68	1.252	273
4.576	14.99	17.28	0.05	7.71	1.252	273
4.608	15.35	17.64	0.05	7.71	1.252	273
4.640	15.19	17.47	0.02	7.68	1.252	273
4.672	15.27	17.55	0.03	7.70	1.252	273
4.704	14.68	16.97	0.02	7.68	1.252	273
4.736	14.76	17.04	0.03	7.70	1.252	273
4.768	14.63	16.92	0.05	7.71	1.252	273
4.800	14.58	16.87	0.01	7.68	1.252	273
4.832	14.47	16.75	0.04	7.70	1.252	273
4.864	14.19	16.47	0.02	7.68	1.252	273
4.896	14.13	16.41	0.03	7.69	1.252	273
4.928	14.13	16.42	0.05	7.71	1.252	273
4.960	14.11	16.39	0.02	7.68	1.248	272
4.992	14.23	16.52	0.04	7.70	1.248	272
5.024	14.20	16.48	0.02	7.68	1.248	272
5.056	14.13	16.42	0.03	7.69	1.248	272
5.088	14.08	16.37	0.05	7.71	1.248	272
5.120	14.10	16.39	0.01	7.68	1.248	272
5.152	14.20	16.49	0.04	7.70	1.248	272
5.184	14.08	16.36	0.02	7.69	1.248	272
5.216	14.20	16.49	0.03	7.69	1.248	272
5.248	14.15	16.44	0.05	7.71	1.248	272
5.280	14.18	16.46	0.01	7.67	1.248	272
5.312	14.20	16.48	0.04	7.70	1.248	272
5.344	14.15	16.44	0.03	7.69	1.248	272
5.376	14.13	16.41	0.02	7.69	1.248	272
5.408	14.11	16.39	0.05	7.71	1.248	272
5.440	14.16	16.45	0.01	7.68	1.248	272
5.472	14.15	16.44	0.04	7.70	1.248	272
5.504	14.18	16.46	0.02	7.69	1.248	272
5.536	14.10	16.39	0.02	7.68	1.248	272
5.568	14.12	16.40	0.05	7.71	1.248	272
5.600	14.06	16.35	0.02	7.68	1.248	272
5.632	14.08	16.36	0.03	7.69	1.248	272
5.664	14.03	16.32	0.03	7.70	1.248	272
5.696	13.93	16.22	0.02	7.68	1.248	272
5.728	13.81	16.10	0.05	7.71	1.248	272
5.760	13.83	16.12	0.03	7.69	1.248	272
5.792	13.78	16.06	0.03	7.69	1.248	272
5.824	13.75	16.04	0.03	7.70	1.248	272
5.856	13.84	16.13	0.01	7.68	1.248	272
5.888	13.77	16.05	0.05	7.71	1.252	273
5.920	13.83	16.12	0.03	7.69	1.252	273
5.952	13.90	16.18	0.03	7.69	1.252	273
5.984	13.86	16.15	0.03	7.70	1.252	273
6.016	13.81	16.09	0.01	7.67	1.252	273
6.048	13.85	16.13	0.04	7.70	1.252	273
6.080	13.89	16.18	0.03	7.69	1.252	273
6.112	13.85	16.14	0.03	7.69	1.252	273
6.144	13.99	16.27	0.03	7.70	1.252	273
6.176	13.95	16.24	0.01	7.67	1.252	273
6.208	13.88	16.17	0.05	7.71	1.252	273
6.240	13.91	16.20	0.03	7.70	1.252	273
6.272	13.96	16.25	0.02	7.68	1.252	273
6.304	13.99	16.28	0.04	7.70	1.252	273
6.336	13.98	16.27	0.01	7.67	1.252	273
6.368	13.93	16.21	0.04	7.70	1.252	273
6.400	14.02	16.30	0.04	7.70	1.252	273
6.432	14.07	16.35	0.02	7.68	1.252	273
6.464	14.17	16.46	0.04	7.70	1.252	273
6.496	14.14	16.42	0.01	7.67	1.252	273
6.528	14.25	16.54	0.04	7.70	1.252	273
6.560	14.35	16.64	0.04	7.70	1.252	273
6.592	14.27	16.55	0.02	7.68	1.252	273
6.624	14.47	16.75	0.04	7.70	1.252	273
6.656	14.43	16.72	0.02	7.68	1.252	273
6.688	14.45	16.74	0.03	7.70	1.252	273
6.720	14.44	16.73	0.05	7.71	1.252	273
6.752	14.49	16.78	0.01	7.68	1.252	273
6.784	14.51	16.79	0.04	7.70	1.252	273
6.816	14.51	16.80	0.02	7.68	1.252	273
6.848	14.70	16.99	0.03	7.69	1.252	273
6.880	14.85	17.14	0.04	7.70	1.252	273
6.912	14.94	17.23	0.01	7.68	1.252	273
6.944	14.97	17.26	0.04	7.70	1.252	273
6.976	15.04	17.32	0.02	7.69	1.252	273
7.008	15.08	17.37	0.03	7.69	1.252	273
7.040	15.14	17.43	0.05	7.71	1.252	273
7.072	15.01	17.30	0.02	7.68	1.252	273
7.104	14.94	17.22	0.04	7.70	1.252	273
7.136	14.69	16.97	0.02	7.69	1.252	273
7.168	14.68	16.96	0.02	7.69	1.252	273
7.200	14.77	17.05	0.05	7.71	1.252	273
7.232	14.80	17.08	0.01	7.68	1.252	273
7.264	14.93	17.21	0.04	7.70	1.252	273
7.296	15.04	17.33	0.03	7.69	1.252	273
7.328	14.98	17.27	0.02	7.69	1.252	273
7.360	15.14	17.42	0.05	7.71	1.252	273
7.392	14.65	16.94	0.02	7.68	1.252	273
7.424	14.50	16.79	0.04	7.70	1.252	273
7.456	14.55	16.84	0.03	7.69	1.252	273
7.488	14.29	16.58	0.02	7.68	1.252	273
7.520	14.16	16.45	0.05	7.71	1.252	273
7.552	14.25	16.54	0.02	7.68	1.252	273
7.584	14.31	16.59	0.03	7.69	1.252	273
7.616	14.31	16.60	0.03	7.69	1.252	273
7.648	14.32	16.60	0.01	7.67	1.252	273
7.680	14.29	16.58	0.05	7.71	1.252	273
7.712	14.36	16.65	0.03	7.69	1.252	273
7.744	14.22	16.51	0.03	7.69	1.252	273
7.776	14.04	16.33	0.04	7.70	1.252	273
7.808	14.19	16.48	0.01	7.68	1.252	273
7.840	14.26	16.54	0.05	7.71	1.252	273
7.872	14.19	16.47	0.03	7.70	1.252	273
7.904	14.12	16.41	0.03	7.69	1.252	273
7.936	14.13	16.42	0.04	7.70	1.252	273
7.968	14.21	16.50	0.01	7.67	1.252	273
8.000	14.23	16.52	0.05	7.71	1.252	273
8.032	14.35	16.64	0.04	7.70	1.252	273
8.064	14.37	16.65	0.03	7.69	1.252	273
8.096	14.39	16.68	0.04	7.70	1.252	273
8.128	14.42	16.71	0.01	7.68	1.252	273
8.160	14.46	16.75	0.04	7.70	1.252	273
8.192	14.48	16.77	0.04	7.70	1.252	273
8.224	14.52	16.81	0.02	7.68	1.257	274
8.256	14.60	16.89	0.04	7.70	1.257	274
8.288	14.74	17.03	0.02	7.68	1.257	274
8.320	14.93	17.22	0.03	7.70	1.257	274
8.352	15.01	17.30	0.05	7.71	1.257	274
8.384	15.03	17.32	0.02	7.68	1.257	274
8.416	15.14	17.43	0.04	7.70	1.257	274
8.448	15.38	17.66	0.02	7.69	1.257	274
8.480	15.39	17.67	0.03	7.70	1.257	274
8.512	15.40	17.69	0.05	7.71	1.257	274
8.544	15.60	17.89	0.02	7.68	1.257	274
8.576	15.59	17.88	0.04	7.70	1.257	274
8.608	15.64	17.93	0.03	7.69	1.257	274
8.640	15.82	18.10	0.03	7.69	1.257	274
8.672	14.71	17.00	0.05	7.71	1.257	274
8.704	14.52	16.80	0.01	7.67	1.257	274
8.736	14.70	16.99	0.04	7.70	1.257	274
8.768	14.72	17.01	0.03	7.69	1.257	274
8.800	14.53	16.81	0.02	7.68	1.257	274
8.832	14.42	16.71	0.05	7.71	1.257	274
8.864	14.24	16.53	0.02	7.68	1.257	274
8.896	14.15	16.44	0.04	7.70	1.257	274
8.928	14.11	16.40	0.03	7.69	1.257	274
8.960	14.07	16.35	0.02	7.68	1.257	274
8.992	14.17	16.46	0.05	7.71	1.257	274
9.024	14.13	16.41	0.02	7.69	1.257	274
9.056	14.14	16.43	0.04	7.70	1.257	274
9.088	14.10	16.38	0.03	7.70	1.257	274
9.120	14.01	16.30	0.02	7.68	1.257	274
9.152	14.00	16.29	0.05	7.71	1.257	274
9.184	13.96	16.24	0.03	7.69	1.257	274
9.216	14.07	16.36	0.03	7.69	1.257	274
9.248	14.04	16.33	0.04	7.70	1.257	274
9.280	13.97	16.26	0.01	7.67	1.257	274
9.312	13.83	16.12	0.05	7.71	1.257	274
9.344	13.96	16.24	0.04	7.70	1.257	274
9.376	13.94	16.23	0.03	7.69	1.257	274
9.408	13.89	16.18	0.04	7.70	1.257	274
9.440	13.94	16.23	0.02	7.68	1.257	274
9.472	13.93	16.22	0.04	7.70	1.257	274
9.504	13.90	16.19	0.04	7.70	1.257	274
9.536	13.89	16.17	0.02	7.68	1.257	274
9.568	13.94	16.23	0.05	7.71	1.257	274
9.600	14.00	16.28	0.02	7.68	1.257	274
9.632	14.05	16.34	0.03	7.70	1.252	273
9.664	13.97	16.25	0.05	7.71	1.252	273
9.696	13.97	16.26	0.02	7.68	1.252	273
9.728	14.06	16.35	0.05	7.71	1.252	273
9.760	14.00	16.29	0.02	7.68	1.252	273
9.792	13.87	16.16	0.03	7.69	1.252	273
9.824	13.90	16.19	0.05	7.71	1.252	273
9.856	13.92	16.20	0.02	7.68	1.252	273
9.888	13.89	16.18	0.05	7.71	1.252	273
9.920	14.02	16.30	0.03	7.69	1.252	273
9.952	14.01	16.30	0.03	7.69	1.252	273
9.984	13.96	16.25	0.06	7.72	1.252	273
10.016	13.98	16.27	0.02	7.68	1.252	273
10.048	13.95	16.23	0.04	7.70	1.252	273
10.080	13.97	16.26	0.03	7.70	1.261	275
10.112	13.94	16.22	0.03	7.69	1.261	275
10.144	13.91	16.20	0.05	7.71	1.261	275
10.176	14.02	16.31	0.02	7.69	1.261	275
10.208	13.98	16.27	0.04	7.70	1.261	275
10.240	13.94	16.22	0.04	7.70	1.261	275
10.272	13.86	16.14	0.02	7.68	1.261	275
10.304	13.86	16.14	0.05	7.72	1.261	275
10.336	13.83	16.12	0.04	7.70	1.261	275
10.368	13.77	16.06	0.04	7.70	1.261	275
10.400	13.90	16.19	0.04	7.70	1.261	275
10.432	13.95	16.24	0.02	7.68	1.261	275
10.464	13.93	16.21	0.05	7.71	1.261	275
10.496	13.93	16.21	0.04	7.70	1.261	275
10.528	13.90	16.18	0.03	7.69	1.261	275
10.560	13.94	16.23	0.04	7.70	1.257	274
10.592	13.81	16.09	0.02	7.68	1.257	274
10.624	13.88	16.16	0.04	7.70	1.257	274
10.656	13.94	16.23	0.05	7.71	1.257	274
10.688	14.00	16.29	0.03	7.69	1.257	274
10.720	13.85	16.13	0.05	7.71	1.257	274
10.752	13.86	16.14	0.02	7.69	1.257	274
10.784	13.84	16.13	0.04	7.70	1.257	274
10.816	13.90	16.19	0.05	7.71	1.257	274
10.848	13.89	16.18	0.02	7.68	1.257	274
10.880	13.86	16.15	0.05	7.71	1.257	274
10.912	13.89	16.17	0.03	7.69	1.257	274
10.944	13.86	16.14	0.04	7.70	1.257	274
10.976	13.90	16.18	0.05	7.72	1.257	274
11.008	13.84	16.13	0.02	7.68	1.257	274
11.040	13.94	16.23	0.05	7.71	1.257	274
11.072	13.89	16.18	0.03	7.69	1.257	274
11.104	13.96	16.25	0.03	7.69	1.257	274
11.136	13.98	16.27	0.06	7.72	1.257	274
11.168	13.96	16.25	0.02	7.68	1.257	274
11.200	13.92	16.20	0.04	7.70	1.257	274
11.232	13.92	16.21	0.03	7.69	1.257	274
11.264	13.89	16.17	0.03	7.69	1.257	274
11.296	13.88	16.16	0.05	7.72	1.257	274
11.328	13.93	16.22	0.03	7.70	1.257	274
11.360	13.95	16.23	0.04	7.70	1.257	274
11.392	13.88	16.16	0.04	7.70	1.257	274
11.424	13.87	16.16	0.02	7.68	1.257	274
11.456	13.93	16.22	0.05	7.71	1.257	274
11.488	13.93	16.21	0.04	7.70	1.257	274
11.520	13.88	16.17	0.03	7.70	1.257	274
11.552	13.80	16.09	0.04	7.70	1.257	274
11.584	13.84	16.12	0.02	7.68	1.257	274
11.616	13.86	16.15	0.05	7.71	1.257	274
11.648	13.84	16.12	0.05	7.71	1.257	274
11.680	13.84	16.13	0.03	7.69	1.257	274
11.712	13.84	16.12	0.05	7.71	1.257	274
11.744	13.84	16.13	0.02	7.69	1.257	274
11.776	13.75	16.04	0.05	7.71	1.257	274
11.808	13.86	16.15	0.05	7.71	1.257	274
11.840	13.84	16.13	0.03	7.69	1.257	274
11.872	13.87	16.16	0.05	7.71	1.257	274
11.904	13.81	16.09	0.03	7.69	1.257	274
11.936	13.84	16.13	0.04	7.70	1.257	274
11.968	13.86	16.15	0.06	7.72	1.252	273
12.000	13.84	16.13	0.02	7.69	1.252	273
12.032	13.80	16.09	0.05	7.71	1.252	273
12.064	13.92	16.21	0.03	7.70	1.252	273
12.096	13.92	16.20	0.04	7.70	1.252	273
12.128	13.86	16.14	0.06	7.72	1.252	273
12.160	13.85	16.14	0.02	7.68	1.252	273
12.192	13.84	16.13	0.05	7.71	1.252	273
12.224	13.88	16.16	0.04	7.70	1.252	273
12.256	13.88	16.17	0.03	7.69	1.252	273
12.288	13.95	16.24	0.06	7.72	1.252	273
12.320	13.89	16.17	0.03	7.69	1.252	273
12.352	13.90	16.18	0.04	7.70	1.252	273
12.384	13.85	16.14	0.04	7.70	1.252	273
12.416	13.98	16.27	0.03	7.69	1.252	273
12.448	14.00	16.29	0.05	7.72	1.257	274
12.480	13.90	16.19	0.04	7.70	1.257	274
12.512	14.00	16.29	0.04	7.70	1.257	274
12.544	14.02	16.31	0.05	7.71	1.257	274
12.576	14.05	16.33	0.02	7.68	1.257	274
12.608	13.98	16.27	0.06	7.72	1.257	274
12.640	13.92	16.20	0.04	7.70	1.257	274
12.672	13.95	16.23	0.04	7.70	1.257	274
12.704	14.00	16.28	0.05	7.71	1.257	274
12.736	15.07	17.35	-0.00	7.66	1.257	274
12.768	17.79	20.07	-0.03	7.64	1.257	274
12.800	17.65	19.93	-0.02	7.64	1.257	274
12.832	17.58	19.87	-0.04	7.62	1.257	274
12.864	17.59	19.87	-0.02	7.64	1.257	274
12.896	17.43	19.72	-0.04	7.62	1.257	274
12.928	17.42	19.70	-0.02	7.64	1.257	274
12.960	17.27	19.55	-0.01	7.65	1.257	274
12.992	17.26	19.54	-0.04	7.62	1.257	274
13.024	17.18	19.46	-0.02	7.65	1.257	274
13.056	17.15	19.44	-0.03	7.63	1.257	274
13.088	17.19	19.48	-0.02	7.64	1.257	274
13.120	17.22	19.51	-0.01	7.65	1.257	274
13.152	17.18	19.47	-0.04	7.62	1.257	274
13.184	17.16	19.45	-0.02	7.65	1.257	274
13.216	17.22	19.50	-0.03	7.64	1.257	274
13.248	17.19	19.48	-0.03	7.63	1.257	274
13.280	17.17	19.46	-0.01	7.65	1.257	274
13.312	17.30	19.58	-0.04	7.62	1.257	274
13.344	17.17	19.45	-0.02	7.64	1.257	274
13.376	17.03	19.32	-0.03	7.64	1.252	273
13.408	17.12	19.40	-0.03	7.63	1.252	273
13.440	17.09	19.38	-0.00	7.66	1.252	273
13.472	17.11	19.39	-0.03	7.63	1.252	273
13.504	17.15	19.44	-0.02	7.64	1.252	273
13.536	17.01	19.29	-0.02	7.64	1.252	273
13.568	17.06	19.35	-0.03	7.63	1.252	273
13.600	17.04	19.32	-0.00	7.66	1.252	273
13.632	17.19	19.47	-0.02	7.64	1.252	273
13.664	16.95	19.23	-0.02	7.64	1.252	273
13.696	17.03	19.32	-0.02	7.65	1.252	273
13.728	16.93	19.21	-0.04	7.62	1.252	273
13.760	17.02	19.30	-0.01	7.65	1.252	273
13.792	17.02	19.30	-0.02	7.64	1.252	273
13.824	17.18	19.46	-0.03	7.63	1.261	275
13.856	17.12	19.40	-0.02	7.64	1.261	275
13.888	17.13	19.42	-0.04	7.62	1.261	275
13.920	17.11	19.39	-0.02	7.65	1.261	275
13.952	17.19	19.48	-0.02	7.65	1.261	275
13.984	17.25	19.53	-0.03	7.63	1.261	275
14.016	17.19	19.48	-0.01	7.65	1.261	275
14.048	17.19	19.47	-0.04	7.62	1.261	275
14.080	17.13	19.42	-0.02	7.64	1.261	275
14.112	17.15	19.44	-0.01	7.65	1.261	275
14.144	17.07	19.36	-0.04	7.62	1.261	275
14.176	17.23	19.51	-0.02	7.65	1.261	275
14.208	17.16	19.44	-0.03	7.63	1.261	275
14.240	17.13	19.42	-0.02	7.64	1.261	275
14.272	17.08	19.37	-0.01	7.65	1.261	275
14.304	17.12	19.41	-0.03	7.63	1.257	274
14.336	17.12	19.40	-0.02	7.64	1.257	274
14.368	17.10	19.38	-0.03	7.63	1.257	274
14.400	17.13	19.41	-0.03	7.63	1.257	274
14.432	17.25	19.54	-0.01	7.65	1.257	274
14.464	17.17	19.46	-0.04	7.62	1.257	274
14.496	17.10	19.38	-0.01	7.65	1.257	274
14.528	17.05	19.34	-0.03	7.63	1.257	274
14.560	17.15	19.43	-0.02	7.64	1.257	274
14.592	17.05	19.34	-0.00	7.66	1.257	274
14.624	17.10	19.39	-0.04	7.62	1.257	274
14.656	17.25	19.53	-0.02	7.65	1.257	274
14.688	17.15	19.44	-0.03	7.63	1.257	274
14.720	17.12	19.40	-0.03	7.63	1.257	274
14.752	17.08	19.36	-0.00	7.66	1.257	274
14.784	17.10	19.38	-0.04	7.63	1.252	273
14.816	17.09	19.37	-0.02	7.65	1.252	273
14.848	16.99	19.27	-0.02	7.64	1.252	273
14.880	17.00	19.28	-0.03	7.63	1.252	273
14.912	17.19	19.47	-0.01	7.65	1.252	273
14.944	17.06	19.35	-0.03	7.63	1.252	273
14.976	17.06	19.34	-0.02	7.64	1.252	273
15.008	17.06	19.35	-0.02	7.65	1.252	273
15.040	17.03	19.31	-0.04	7.63	1.252	273
15.072	17.06	19.35	-0.00	7.66	1.252	273
15.104	17.12	19.40	-0.02	7.64	1.252	273
15.136	17.14	19.43	-0.02	7.64	1.252	273
15.168	17.17	19.45	-0.02	7.64	1.252	273
15.200	17.07	19.35	-0.04	7.62	1.252	273
15.232	17.14	19.42	-0.01	7.65	1.257	274
15.264	17.01	19.29	-0.01	7.65	1.257	274
15.296	17.07	19.36	-0.02	7.64	1.257	274
15.328	17.03	19.32	-0.02	7.65	1.257	274
15.360	17.11	19.39	-0.04	7.62	1.257	274
15.392	17.01	19.30	-0.01	7.65	1.257	274
15.424	17.02	19.30	-0.01	7.65	1.257	274
15.456	17.06	19.34	-0.02	7.64	1.257	274
15.488	17.08	19.37	-0.01	7.65	1.257	274
15.520	17.15	19.43	-0.04	7.63	1.257	274
15.552	17.08	19.37	-0.01	7.65	1.257	274
15.584	17.10	19.38	-0.00	7.66	1.257	274
15.616	17.10	19.39	-0.03	7.63	1.257	274
15.648	17.13	19.42	-0.01	7.65	1.257	274
15.680	17.03	19.32	-0.03	7.63	1.257	274
15.712	17.09	19.37	-0.01	7.65	1.252	273
15.744	17.02	19.31	-0.00	7.66	1.252	273
15.776	16.98	19.26	-0.03	7.63	1.252	273
15.808	16.94	19.23	-0.01	7.65	1.252	273
15.840	17.04	19.33	-0.03	7.63	1.252	273
15.872	17.04	19.32	-0.02	7.64	1.252	273
15.904	17.00	19.28	-0.00	7.66	1.252	273
15.936	17.03	19.32	-0.04	7.62	1.252	273
15.968	16.99	19.27	-0.01	7.65	1.252	273
16.000	17.13	19.42	-0.03	7.64	1.252	273
16.032	17.06	19.35	-0.02	7.64	1.252	273
16.064	17.10	19.39	-0.00	7.66	1.252	273
16.096	16.98	19.26	-0.04	7.62	1.252	273
16.128	17.00	19.28	-0.01	7.65	1.252	273
16.160	17.06	19.34	-0.02	7.64	1.252	273
16.192	17.05	19.33	-0.03	7.64	1.257	274
16.224	17.00	19.29	0.00	7.66	1.257	274
16.256	16.91	19.20	-0.04	7.62	1.257	274
16.288	16.98	19.27	-0.02	7.65	1.257	274
16.320	17.01	19.29	-0.02	7.64	1.257	274
16.352	16.99	19.28	-0.03	7.63	1.257	274
16.384	16.99	19.27	0.00	7.66	1.257	274
16.416	17.03	19.32	-0.03	7.63	1.257	274
16.448	17.05	19.34	-0.01	7.65	1.257	274
16.480	17.05	19.34	-0.02	7.64	1.257	274
16.512	17.07	19.36	-0.03	7.63	1.257	274
16.544	17.05	19.33	0.00	7.66	1.257	274
16.576	17.06	19.35	-0.02	7.64	1.257	274
16.608	17.06	19.34	-0.02	7.64	1.257	274
16.640	16.99	19.27	-0.02	7.64	1.257	274
16.672	17.04	19.32	-0.04	7.62	1.257	274
16.704	17.11	19.40	-0.00	7.66	1.257	274
16.736	16.98	19.27	-0.02	7.64	1.257	274
16.768	16.97	19.25	-0.02	7.64	1.257	274
16.800	17.00	19.28	-0.01	7.65	1.257	274
16.832	16.98	19.26	-0.04	7.62	1.257	274
16.864	16.99	19.28	-0.00	7.66	1.257	274
16.896	16.99	19.28	-0.02	7.65	1.257	274
16.928	16.97	19.26	-0.02	7.64	1.257	274
16.960	17.10	19.39	-0.01	7.65	1.257	274
16.992	17.09	19.37	-0.04	7.62	1.257	274
17.024	17.03	19.32	-0.00	7.66	1.257	274
17.056	17.05	19.33	-0.01	7.65	1.257	274
17.088	16.96	19.24	-0.02	7.64	1.257	274
17.120	16.94	19.23	-0.00	7.66	1.257	274
17.152	16.96	19.25	-0.03	7.63	1.257	274
17.184	16.97	19.26	-0.01	7.65	1.257	274
17.216	16.93	19.22	-0.00	7.66	1.257	274
17.248	17.08	19.36	-0.03	7.63	1.257	274
17.280	17.08	19.37	-0.01	7.65	1.257	274
17.312	17.01	19.30	-0.03	7.63	1.257	274
17.344	16.97	19.26	-0.02	7.64	1.257	274
17.376	16.96	19.25	-0.00	7.66	1.257	274
17.408	16.94	19.22	-0.03	7.63	1.257	274
17.440	16.93	19.22	-0.01	7.65	1.257	274
17.472	17.04	19.32	-0.03	7.63	1.257	274
17.504	17.07	19.35	-0.02	7.65	1.257	274
17.536	17.00	19.28	-0.00	7.66	1.257	274
17.568	17.00	19.28	-0.03	7.63	1.252	273
17.600	16.95	19.24	-0.01	7.65	1.252	273
17.632	16.98	19.26	-0.02	7.64	1.252	273
17.664	16.88	19.17	-0.02	7.64	1.252	273
17.696	16.88	19.17	0.00	7.66	1.252	273
17.728	16.98	19.27	-0.03	7.63	1.252	273
17.760	17.05	19.33	-0.01	7.65	1.252	273
17.792	16.96	19.25	-0.02	7.64	1.252	273
17.824	16.93	19.22	-0.02	7.64	1.252	273
17.856	16.98	19.26	0.00	7.66	1.252	273
17.888	16.94	19.23	-0.03	7.63	1.252	273
17.920	16.91	19.20	-0.01	7.65	1.252	273
17.952	16.99	19.28	-0.02	7.65	1.252	273
17.984	16.97	19.25	-0.03	7.63	1.252	273
18.016	16.96	19.25	0.00	7.67	1.252	273
18.048	16.93	19.22	-0.02	7.64	1.257	274
18.080	17.01	19.29	-0.01	7.65	1.257	274
18.112	16.99	19.28	-0.01	7.65	1.257	274
18.144	16.89	19.17	-0.04	7.62	1.257	274
18.176	16.86	19.15	-0.00	7.66	1.257	274
18.208	17.01	19.30	-0.01	7.65	1.257	274
18.240	17.00	19.28	-0.02	7.64	1.257	274
18.272	16.95	19.24	-0.01	7.65	1.257	274
18.304	16.95	19.24	-0.04	7.62	1.257	274
18.336	16.96	19.25	-0.00	7.66	1.257	274
18.368	16.89	19.18	-0.01	7.65	1.257	274
18.400	16.86	19.15	-0.02	7.64	1.257	274
18.432	17.00	19.29	-0.01	7.65	1.257	274
18.464	16.93	19.21	-0.03	7.63	1.257	274
18.496	16.88	19.16	-0.01	7.65	1.257	274
18.528	16.93	19.22	-0.00	7.66	1.261	275
18.560	16.95	19.24	-0.03	7.63	1.261	275
18.592	16.89	19.18	-0.00	7.66	1.261	275
18.624	16.83	19.12	-0.03	7.63	1.261	275
18.656	16.92	19.20	-0.00	7.66	1.261	275
18.688	16.98	19.27	-0.00	7.66	1.261	275
18.720	17.00	19.28	-0.03	7.63	1.261	275
18.752	16.92	19.21	-0.01	7.65	1.261	275
18.784	16.87	19.15	-0.02	7.64	1.261	275
18.816	16.87	19.15	-0.01	7.65	1.261	275
18.848	16.91	19.20	-0.00	7.66	1.261	275
18.880	16.89	19.18	-0.03	7.63	1.261	275
18.912	16.98	19.26	-0.00	7.66	1.261	275
18.944	16.85	19.14	-0.02	7.64	1.261	275
18.976	16.83	19.12	-0.02	7.64	1.252	273
19.008	16.83	19.12	0.00	7.67	1.252	273
19.040	16.84	19.13	-0.03	7.63	1.252	273
19.072	16.86	19.15	-0.00	7.66	1.252	273
19.104	16.81	19.10	-0.02	7.64	1.252	273
19.136	16.85	19.13	-0.03	7.63	1.252	273
19.168	16.95	19.24	0.00	7.67	1.252	273
19.200	16.82	19.11	-0.03	7.63	1.252	273
19.232	16.83	19.12	-0.02	7.65	1.252	273
19.264	16.86	19.15	-0.02	7.64	1.252	273
19.296	16.88	19.16	-0.03	7.63	1.252	273
19.328	16.82	19.10	0.00	7.66	1.252	273
19.360	16.79	19.07	-0.02	7.64	1.252	273
19.392	16.88	19.17	-0.01	7.65	1.252	273
19.424	16.84	19.12	-0.01	7.65	1.252	273
19.456	16.78	19.06	-0.03	7.63	1.257	274
19.488	16.79	19.08	0.00	7.67	1.257	274
19.520	16.81	19.09	-0.01	7.65	1.257	274
19.552	16.81	19.10	-0.02	7.64	1.257	274
19.584	16.74	19.03	-0.01	7.65	1.257	274
19.616	16.83	19.12	-0.04	7.62	1.257	274
19.648	16.89	19.17	-0.00	7.66	1.257	274
19.680	16.80	19.09	-0.01	7.65	1.257	274
19.712	16.72	19.00	-0.02	7.64	1.257	274
19.744	16.75	19.04	-0.00	7.66	1.257	274
19.776	16.78	19.07	-0.03	7.63	1.257	274
19.808	16.83	19.12	-0.00	7.66	1.257	274
19.840	16.93	19.22	-0.00	7.66	1.257	274
19.872	16.87	19.15	-0.03	7.64	1.257	274
19.904	16.81	19.10	-0.00	7.66	1.257	274
19.936	16.84	19.13	-0.03	7.63	1.257	274
19.968	16.86	19.15	-0.01	7.65	1.257	274
20.000	16.88	19.16	-0.01	7.65	1.257	274
20.032	16.77	19.05	-0.03	7.63	1.257	274
20.064	16.81	19.09	-0.00	7.66	1.257	274
20.096	16.85	19.13	-0.02	7.64	1.257	274
20.128	16.84	19.12	-0.01	7.65	1.257	274
20.160	16.89	19.17	0.00	7.66	1.257	274
20.192	16.85	19.13	-0.04	7.62	1.257	274
20.224	16.84	19.13	-0.01	7.65	1.257	274
20.256	16.88	19.17	-0.02	7.64	1.257	274
20.288	16.83	19.12	-0.02	7.64	1.257	274
20.320	16.97	19.25	0.00	7.67	1.257	274
20.352	16.92	19.20	-0.03	7.63	1.257	274
20.384	16.95	19.23	-0.01	7.65	1.257	274
20.416	16.88	19.17	-0.02	7.64	1.257	274
20.448	16.85	19.14	-0.03	7.63	1.257	274
20.480	16.81	19.10	-0.00	7.66	1.257	274
20.512	16.77	19.05	-0.03	7.64	1.257	274
20.544	16.77	19.06	-0.01	7.65	1.257	274
20.576	16.82	19.11	-0.01	7.65	1.257	274
20.608	16.83	19.12	-0.03	7.63	1.257	274
20.640	16.76	19.04	0.00	7.67	1.257	274
20.672	16.78	19.07	-0.02	7.64	1.257	274
20.704	16.83	19.11	-0.01	7.65	1.257	274
20.736	16.74	19.02	-0.00	7.66	1.257	274
20.768	16.71	18.99	-0.03	7.63	1.257	274
20.800	16.85	19.14	-0.00	7.66	1.257	274
20.832	16.80	19.08	-0.01	7.65	1.257	274
20.864	16.81	19.09	-0.02	7.65	1.261	275
20.896	16.83	19.11	-0.00	7.66	1.261	275
20.928	16.75	19.03	-0.03	7.63	1.261	275
20.960	16.80	19.08	-0.00	7.66	1.261	275
20.992	16.70	18.99	-0.00	7.66	1.261	275
21.024	16.69	18.98	-0.02	7.64	1.261	275
21.056	16.70	18.99	-0.00	7.66	1.261	275
21.088	16.68	18.97	-0.03	7.64	1.261	275
21.120	16.82	19.11	-0.00	7.66	1.261	275
21.152	16.85	19.13	-0.00	7.66	1.261	275
21.184	16.76	19.05	-0.02	7.64	1.261	275
21.216	16.73	19.02	-0.00	7.66	1.261	275
21.248	16.79	19.08	-0.02	7.64	1.261	275
21.280	16.78	19.07	-0.01	7.65	1.261	275
21.312	16.80	19.08	0.00	7.66	1.261	275
21.344	16.91	19.20	-0.03	7.63	1.261	275
21.376	16.91	19.20	-0.00	7.66	1.261	275
21.408	16.84	19.13	-0.02	7.64	1.261	275
21.440	16.84	19.13	-0.02	7.65	1.261	275
21.472	16.75	19.03	0.00	7.67	1.261	275
21.504	16.81	19.09	-0.03	7.63	1.261	275
21.536	16.88	19.17	-0.00	7.66	1.261	275
21.568	16.78	19.07	-0.02	7.64	1.261	275
21.600	16.80	19.09	-0.02	7.64	1.261	275
21.632	16.81	19.09	0.01	7.67	1.261	275
21.664	16.81	19.09	-0.03	7.63	1.261	275
21.696	16.81	19.10	-0.00	7.66	1.261	275
21.728	16.85	19.14	-0.01	7.65	1.261	275
21.760	16.79	19.07	-0.03	7.63	1.261	275
21.792	16.78	19.07	0.00	7.66	1.257	274
21.824	16.86	19.14	-0.03	7.63	1.257	274
21.856	16.80	19.09	-0.02	7.64	1.257	274
21.888	16.84	19.12	-0.01	7.65	1.257	274
21.920	16.85	19.13	-0.03	7.63	1.257	274
21.952	16.76	19.05	-0.00	7.66	1.257	274
21.984	16.94	19.23	-0.02	7.64	1.257	274
22.016	16.81	19.10	-0.02	7.64	1.257	274
22.048	16.91	19.20	-0.01	7.65	1.257	274
22.080	16.88	19.16	-0.04	7.63	1.257	274
22.112	16.86	19.14	-0.00	7.66	1.257	274
22.144	16.80	19.08	-0.01	7.65	1.257	274
22.176	16.89	19.17	-0.02	7.64	1.257	274
22.208	16.96	19.25	-0.01	7.65	1.257	274
22.240	16.89	19.18	-0.04	7.63	1.257	274
22.272	16.90	19.19	-0.01	7.65	1.257	274
22.304	16.91	19.19	-0.01	7.65	1.257	274
22.336	16.95	19.23	-0.02	7.64	1.257	274
22.368	16.83	19.12	-0.01	7.65	1.257	274
22.400	16.88	19.17	-0.03	7.64	1.257	274
22.432	16.82	19.10	-0.00	7.66	1.257	274
22.464	16.89	19.18	-0.00	7.66	1.257	274
22.496	16.92	19.20	-0.03	7.63	1.257	274
22.528	16.91	19.20	-0.00	7.66	1.257	274
22.560	16.93	19.21	-0.02	7.64	1.257	274
22.592	16.96	19.25	-0.01	7.65	1.257	274
22.624	16.87	19.16	0.01	7.67	1.257	274
22.656	16.81	19.09	-0.03	7.63	1.257	274
22.688	16.86	19.14	-0.00	7.66	1.257	274
22.720	16.87	19.15	-0.02	7.64	1.261	275
22.752	16.92	19.20	-0.02	7.65	1.261	275
22.784	16.96	19.25	0.00	7.67	1.261	275
22.816	16.83	19.11	-0.03	7.63	1.261	275
22.848	16.86	19.15	-0.00	7.66	1.261	275
22.880	16.87	19.16	-0.02	7.64	1.261	275
22.912	16.83	19.12	-0.03	7.64	1.261	275
22.944	16.92	19.20	0.00	7.67	1.261	275
22.976	16.88	19.17	-0.03	7.63	1.261	275
23.008	16.83	19.11	-0.00	7.66	1.261	275
23.040	16.86	19.14	-0.02	7.65	1.261	275
23.072	16.88	19.16	-0.02	7.64	1.261	275
23.104	16.85	19.14	-0.00	7.66	1.261	275
23.136	16.79	19.07	-0.03	7.64	1.261	275
23.168	16.89	19.18	-0.01	7.65	1.261	275
23.200	16.93	19.21	-0.02	7.65	1.261	275
23.232	16.92	19.20	-0.03	7.63	1.261	275
23.264	16.92	19.21	0.00	7.67	1.261	275
23.296	16.86	19.15	-0.01	7.65	1.261	275
23.328	16.92	19.20	-0.02	7.65	1.261	275
23.360	16.76	19.05	-0.01	7.65	1.261	275
23.392	16.85	19.13	-0.03	7.63	1.261	275
23.424	16.85	19.13	-0.00	7.66	1.261	275
23.456	16.85	19.14	-0.01	7.65	1.261	275
23.488	16.84	19.12	-0.02	7.64	1.261	275
23.520	16.81	19.10	-0.01	7.65	1.261	275
23.552	16.80	19.09	-0.04	7.63	1.261	275
23.584	16.81	19.09	0.00	7.66	1.261	275
23.616	16.78	19.07	-0.00	7.66	1.261	275
23.648	16.83	19.12	-0.02	7.64	1.261	275
23.680	16.77	19.05	-0.00	7.66	1.261	275
23.712	16.82	19.11	-0.03	7.63	1.261	275
23.744	16.77	19.05	-0.00	7.66	1.261	275
23.776	16.83	19.12	-0.00	7.66	1.261	275
23.808	16.76	19.05	-0.03	7.64	1.261	275
23.840	16.65	18.94	-0.00	7.66	1.261	275
23.872	16.78	19.06	-0.02	7.64	1.261	275
23.904	16.76	19.05	-0.01	7.65	1.261	275
23.936	16.76	19.05	-0.00	7.66	1.261	275
23.968	16.88	19.17	-0.03	7.63	1.261	275
24.000	16.78	19.06	-0.01	7.65	1.261	275
24.032	16.78	19.06	-0.02	7.64	1.261	275
24.064	16.78	19.07	-0.01	7.65	1.261	275
24.096	16.83	19.12	0.00	7.67	1.261	275
24.128	16.81	19.10	-0.03	7.63	1.261	275
24.160	16.83	19.11	-0.01	7.65	1.261	275
24.192	16.74	19.03	-0.02	7.64	1.261	275
24.224	16.74	19.02	-0.02	7.64	1.261	275
24.256	16.73	19.01	0.00	7.66	1.261	275
24.288	16.76	19.04	-0.03	7.63	1.261	275
24.320	16.62	18.91	-0.00	7.66	1.261	275
24.352	16.68	18.97	-0.01	7.65	1.261	275
24.384	16.68	18.97	-0.03	7.64	1.261	275
24.416	16.68	18.97	0.00	7.67	1.261	275
24.448	16.71	19.00	-0.02	7.64	1.261	275
24.480	16.69	18.98	-0.01	7.65	1.261	275
24.512	16.76	19.04	-0.01	7.65	1.261	275
24.544	16.63	18.91	-0.03	7.63	1.261	275
24.576	16.76	19.05	0.00	7.67	1.261	275
24.608	16.73	19.01	-0.01	7.65	1.257	274
24.640	16.66	18.95	-0.02	7.65	1.257	274
24.672	16.67	18.96	-0.00	7.66	1.257	274
24.704	16.71	19.00	-0.03	7.63	1.257	274
24.736	16.74	19.02	-0.00	7.66	1.257	274
24.768	16.67	18.95	-0.01	7.65	1.257	274
24.800	16.60	18.89	-0.02	7.64	1.257	274
24.832	16.71	19.00	-0.01	7.65	1.257	274
24.864	16.69	18.98	-0.03	7.63	1.257	274
24.896	16.71	18.99	-0.00	7.66	1.257	274
24.928	16.67	18.96	-0.00	7.66	1.257	274
24.960	16.68	18.97	-0.02	7.64	1.257	274
24.992	16.62	18.90	0.00	7.67	1.257	274
25.024	16.61	18.89	-0.02	7.64	1.257	274
25.056	16.67	18.96	-0.00	7.66	1.257	274
25.088	16.64	18.93	0.00	7.66	1.252	273
25.120	16.70	18.98	-0.03	7.64	1.252	273
25.152	16.53	18.82	-0.00	7.66	1.252	273
25.184	16.55	18.83	-0.02	7.64	1.252	273
25.216	16.53	18.81	-0.01	7.65	1.252	273
25.248	16.64	18.93	-0.00	7.66	1.252	273
25.280	16.69	18.98	-0.03	7.63	1.252	273
25.312	16.66	18.94	-0.00	7.66	1.252	273
25.344	16.66	18.94	-0.02	7.65	1.252	273
25.376	16.64	18.92	-0.02	7.64	1.252	273
25.408	16.61	18.89	0.00	7.66	1.252	273
25.440	16.60	18.89	-0.03	7.63	1.252	273
25.472	16.60	18.89	-0.01	7.65	1.252	273
25.504	16.61	18.90	-0.02	7.64	1.252	273
25.536	16.63	18.91	-0.02	7.65	1.257	274
25.568	16.64	18.92	0.01	7.67	1.257	274
25.600	16.61	18.89	-0.03	7.64	1.257	274
25.632	16.64	18.93	-0.00	7.66	1.257	274
25.664	16.63	18.92	-0.01	7.65	1.257	274
25.696	16.72	19.01	-0.03	7.63	1.257	274
25.728	16.70	18.99	0.01	7.67	1.257	274
25.760	16.68	18.97	-0.01	7.65	1.257	274
25.792	16.73	19.02	-0.02	7.65	1.257	274
25.824	16.69	18.98	-0.01	7.65	1.257	274
25.856	16.70	18.99	-0.03	7.63	1.257	274
25.888	16.69	18.98	0.01	7.67	1.257	274
25.920	16.70	18.99	-0.00	7.66	1.257	274
25.952	16.60	18.88	-0.01	7.65	1.257	274
25.984	16.63	18.92	-0.01	7.65	1.257	274
26.016	16.63	18.92	-0.03	7.63	1.261	275
26.048	16.72	19.00	-0.01	7.65	1.261	275
26.080	16.73	19.01	-0.00	7.66	1.261	275
26.112	16.74	19.03	-0.03	7.64	1.261	275
26.144	16.73	19.02	-0.00	7.66	1.261	275
26.176	16.73	19.01	-0.03	7.63	1.261	275
26.208	16.58	18.87	-0.00	7.66	1.261	275
26.240	16.60	18.89	0.00	7.67	1.261	275
26.272	16.69	18.98	-0.02	7.64	1.261	275
26.304	16.68	18.97	-0.00	7.66	1.261	275
26.336	16.72	19.00	-0.02	7.64	1.261	275
26.368	16.68	18.97	-0.01	7.65	1.261	275
26.400	16.75	19.03	0.00	7.67	1.261	275
26.432	16.61	18.90	-0.03	7.63	1.261	275
26.464	16.60	18.89	0.00	7.66	1.257	274
26.496	16.70	18.98	-0.02	7.65	1.257	274
26.528	16.68	18.97	-0.01	7.65	1.257	274
26.560	16.66	18.95	0.01	7.67	1.257	274
26.592	16.62	18.91	-0.03	7.63	1.257	274
26.624	16.63	18.92	0.00	7.66	1.257	274
26.656	16.68	18.97	-0.01	7.65	1.257	274
26.688	16.41	18.70	-0.01	7.65	1.257	274
26.720	16.66	18.94	0.01	7.67	1.257	274
26.752	16.74	19.03	-0.02	7.64	1.257	274
26.784	16.64	18.93	-0.00	7.66	1.257	274
26.816	16.63	18.91	-0.01	7.65	1.257	274
26.848	16.69	18.97	-0.03	7.64	1.257	274
26.880	16.64	18.92	0.01	7.67	1.257	274
26.912	16.65	18.94	-0.02	7.65	1.257	274
26.944	16.66	18.94	-0.00	7.66	1.261	275
26.976	16.73	19.01	-0.00	7.66	1.261	275
27.008	16.58	18.87	-0.03	7.63	1.261	275
27.040	16.61	18.89	0.01	7.67	1.261	275
27.072	16.63	18.92	-0.00	7.66	1.261	275
27.104	16.63	18.91	-0.01	7.65	1.261	275
27.136	16.65	18.93	-0.00	7.66	1.261	275
27.168	16.60	18.89	-0.03	7.63	1.261	275
27.200	16.68	18.97	0.00	7.66	1.261	275
27.232	16.63	18.92	-0.00	7.66	1.261	275
27.264	16.64	18.92	-0.02	7.64	1.261	275
27.296	16.57	18.85	0.00	7.66	1.261	275
27.328	16.59	18.88	-0.03	7.64	1.261	275
27.360	16.64	18.92	0.00	7.67	1.261	275
27.392	16.69	18.97	0.01	7.67	1.261	275
27.424	16.69	18.97	-0.02	7.64	1.257	274
27.456	16.64	18.92	0.00	7.66	1.257	274
27.488	16.61	18.89	-0.02	7.65	1.257	274
27.520	16.63	18.91	-0.01	7.65	1.257	274
27.552	16.61	18.89	0.01	7.67	1.257	274
27.584	16.64	18.93	-0.03	7.64	1.257	274
27.616	16.59	18.88	0.00	7.67	1.257	274
27.648	16.60	18.89	-0.01	7.65	1.257	274
27.680	16.64	18.93	-0.01	7.65	1.257	274
27.712	16.61	18.89	0.01	7.68	1.257	274
27.744	16.63	18.91	-0.03	7.63	1.257	274
27.776	16.59	18.87	-0.00	7.66	1.257	274
27.808	16.60	18.89	-0.01	7.65	1.257	274
27.840	16.53	18.82	-0.01	7.65	1.257	274
27.872	16.52	18.81	0.01	7.68	1.266	276
27.904	16.60	18.89	-0.02	7.64	1.266	276
27.936	16.60	18.88	-0.00	7.66	1.266	276
27.968	16.62	18.91	-0.01	7.65	1.266	276
28.000	16.62	18.90	-0.02	7.64	1.266	276
28.032	16.62	18.91	0.01	7.67	1.266	276
28.064	16.66	18.95	-0.02	7.65	1.266	276
28.096	16.54	18.83	-0.00	7.66	1.266	276
28.128	16.76	19.05	-0.01	7.65	1.266	276
28.160	16.76	19.05	-0.03	7.63	1.266	276
28.192	16.81	19.09	0.00	7.66	1.266	276
28.224	16.78	19.07	-0.01	7.65	1.266	276
28.256	16.80	19.09	-0.02	7.64	1.266	276
28.288	16.85	19.14	-0.00	7.66	1.266	276
28.320	16.84	19.12	-0.04	7.62	1.266	276
28.352	16.78	19.07	-0.00	7.66	1.257	274
28.384	16.81	19.10	-0.01	7.65	1.257	274
28.416	16.76	19.04	-0.02	7.64	1.257	274
28.448	16.76	19.05	-0.00	7.66	1.257	274
28.480	16.79	19.08	-0.03	7.63	1.257	274
28.512	16.66	18.95	-0.00	7.66	1.257	274
28.544	16.88	19.17	-0.00	7.66	1.257	274
28.576	16.72	19.00	-0.02	7.64	1.257	274
28.608	16.73	19.02	-0.00	7.66	1.257	274
28.640	16.65	18.93	-0.02	7.64	1.257	274
28.672	16.59	18.88	-0.01	7.65	1.257	274
28.704	16.71	19.00	0.00	7.66	1.257	274
28.736	16.70	18.99	-0.03	7.64	1.257	274
28.768	16.80	19.08	-0.00	7.66	1.257	274
28.800	16.78	19.06	-0.02	7.64	1.257	274
28.832	16.83	19.11	-0.01	7.65	1.257	274
28.864	16.79	19.07	0.00	7.67	1.257	274
28.896	16.76	19.04	-0.03	7.63	1.257	274
28.928	16.76	19.05	-0.00	7.66	1.257	274
28.960	16.75	19.04	-0.01	7.65	1.257	274
28.992	16.56	18.85	-0.02	7.65	1.257	274
29.024	16.80	19.09	0.01	7.67	1.257	274
29.056	16.78	19.06	-0.03	7.63	1.257	274
29.088	16.89	19.18	-0.01	7.65	1.257	274
29.120	16.75	19.03	-0.02	7.64	1.257	274
29.152	16.69	18.98	-0.02	7.64	1.257	274
29.184	16.82	19.11	0.00	7.67	1.257	274
29.216	16.77	19.05	-0.02	7.64	1.257	274
29.248	16.82	19.11	-0.01	7.65	1.257	274
29.280	16.84	19.13	-0.01	7.65	1.261	275
29.312	16.95	19.24	-0.03	7.63	1.261	275
29.344	16.89	19.17	0.00	7.66	1.261	275
29.376	16.88	19.17	-0.03	7.64	1.261	275
29.408	16.83	19.11	-0.01	7.65	1.261	275
29.440	16.86	19.15	-0.01	7.65	1.261	275
29.472	16.96	19.25	-0.04	7.62	1.261	275
29.504	16.96	19.25	-0.00	7.66	1.261	275
29.536	16.92	19.21	-0.02	7.65	1.261	275
29.568	16.97	19.26	-0.02	7.64	1.261	275
29.600	16.83	19.11	-0.01	7.65	1.261	275
29.632	16.90	19.18	-0.04	7.63	1.261	275
29.664	17.02	19.30	-0.00	7.66	1.261	275
29.696	16.96	19.24	-0.01	7.65	1.261	275
29.728	16.93	19.22	-0.02	7.64	1.261	275
29.760	16.78	19.06	-0.00	7.66	1.261	275
29.792	16.91	19.19	-0.03	7.63	1.261	275
29.824	16.91	19.19	-0.00	7.66	1.261	275
29.856	16.90	19.19	-0.00	7.66	1.261	275
29.888	16.93	19.22	-0.03	7.64	1.261	275
29.920	16.95	19.24	-0.00	7.66	1.261	275
29.952	16.85	19.14	-0.03	7.64	1.261	275
29.984	16.88	19.17	-0.01	7.65	1.261	275
30.016	16.81	19.10	0.00	7.66	1.261	275
30.048	16.93	19.22	-0.03	7.63	1.261	275
30.080	16.89	19.18	0.00	7.66	1.261	275
30.112	16.86	19.14	-0.02	7.64	1.261	275
30.144	16.88	19.16	-0.01	7.65	1.261	275
30.176	16.85	19.14	0.00	7.67	1.261	275
30.208	16.93	19.21	-0.03	7.63	1.261	275
30.240	16.95	19.23	-0.00	7.66	1.261	275
30.272	16.99	19.28	-0.02	7.64	1.261	275
30.304	16.95	19.23	-0.02	7.64	1.261	275
30.336	16.85	19.14	0.01	7.67	1.261	275
30.368	16.86	19.14	-0.03	7.63	1.261	275
30.400	16.87	19.16	-0.00	7.66	1.261	275
30.432	16.96	19.24	-0.02	7.64	1.261	275
30.464	16.85	19.13	-0.02	7.64	1.261	275
30.496	16.79	19.07	0.01	7.67	1.261	275
30.528	16.85	19.14	-0.03	7.64	1.261	275
30.560	16.80	19.09	-0.01	7.65	1.261	275
30.592	16.81	19.09	-0.01	7.65	1.261	275
30.624	16.87	19.15	-0.03	7.64	1.261	275
30.656	16.74	19.02	0.01	7.68	1.261	275
30.688	16.68	18.96	-0.02	7.64	1.261	275
30.720	16.85	19.14	-0.00	7.66	1.261	275
30.752	16.84	19.13	-0.01	7.65	1.261	275
30.784	16.73	19.02	-0.03	7.63	1.261	275
30.816	16.82	19.11	0.01	7.67	1.261	275
30.848	16.86	19.15	-0.01	7.65	1.261	275
30.880	16.80	19.09	-0.01	7.65	1.261	275
30.912	16.87	19.15	-0.01	7.65	1.261	275
30.944	16.85	19.13	-0.03	7.63	1.261	275
30.976	16.90	19.19	0.00	7.66	1.261	275
31.008	16.92	19.21	-0.01	7.65	1.261	275
31.040	16.87	19.16	-0.02	7.64	1.261	275
31.072	16.81	19.09	-0.00	7.66	1.261	275
31.104	16.80	19.09	-0.03	7.63	1.261	275
31.136	16.87	19.16	0.00	7.66	1.261	275
31.168	16.81	19.10	-0.00	7.66	1.261	275
31.200	16.86	19.14	-0.02	7.64	1.261	275
31.232	16.84	19.13	-0.01	7.65	1.261	275
31.264	16.85	19.13	-0.02	7.64	1.261	275
31.296	16.83	19.11	-0.00	7.66	1.261	275
31.328	16.71	19.00	0.01	7.67	1.261	275
31.360	16.73	19.02	-0.02	7.64	1.261	275
31.392	16.74	19.02	-0.00	7.66	1.261	275
31.424	16.78	19.07	-0.02	7.64	1.261	275
31.456	16.83	19.12	-0.01	7.65	1.261	275
31.488	17.01	19.30	0.00	7.66	1.261	275
31.520	16.82	19.10	-0.03	7.64	1.261	275
31.552	16.80	19.08	-0.00	7.66	1.261	275
31.584	16.78	19.06	-0.02	7.65	1.261	275
31.616	16.81	19.10	-0.01	7.65	1.261	275
31.648	16.68	18.96	0.01	7.67	1.261	275
31.680	16.74	19.03	-0.03	7.63	1.261	275
31.712	16.89	19.17	-0.00	7.66	1.261	275
31.744	16.88	19.17	-0.02	7.64	1.261	275
31.776	16.83	19.12	-0.02	7.64	1.261	275
31.808	16.81	19.10	0.00	7.67	1.261	275
31.840	16.81	19.10	-0.03	7.64	1.261	275
31.872	16.77	19.06	-0.00	7.66	1.261	275
31.904	16.79	19.08	-0.01	7.65	1.261	275
31.936	16.88	19.17	-0.03	7.64	1.261	275
31.968	16.86	19.14	0.01	7.67	1.261	275
32.000	17.06	19.34	-0.02	7.64	1.261	275
32.032	16.95	19.24	-0.01	7.65	1.261	275
32.064	16.88	19.17	-0.01	7.65	1.261	275
32.096	16.91	19.20	-0.03	7.63	1.261	275
32.128	16.84	19.12	0.00	7.66	1.261	275
32.160	16.90	19.19	-0.02	7.65	1.261	275
32.192	16.79	19.08	-0.01	7.65	1.261	275
32.224	16.93	19.22	-0.00	7.66	1.261	275
32.256	16.94	19.22	-0.03	7.63	1.261	275
32.288	16.88	19.17	-0.00	7.66	1.261	275
32.320	16.91	19.19	-0.01	7.65	1.261	275
32.352	16.84	19.13	-0.02	7.65	1.261	275
32.384	16.81	19.09	-0.00	7.66	1.261	275
32.416	16.89	19.18	-0.03	7.64	1.261	275
32.448	16.85	19.14	0.00	7.67	1.261	275
32.480	16.83	19.12	-0.01	7.65	1.261	275
32.512	16.97	19.25	-0.02	7.64	1.261	275
32.544	16.84	19.12	-0.00	7.66	1.261	275
32.576	16.86	19.15	-0.03	7.64	1.261	275
32.608	16.83	19.11	-0.01	7.65	1.261	275
32.640	16.88	19.17	0.00	7.66	1.261	275
32.672	16.88	19.17	-0.02	7.64	1.261	275
32.704	16.83	19.11	-0.00	7.66	1.261	275
32.736	16.71	18.99	-0.03	7.64	1.261	275
32.768	16.71	18.99	-0.01	7.65	1.261	275
32.800	16.78	19.06	0.00	7.67	1.261	275
32.832	16.84	19.13	-0.03	7.64	1.261	275
32.864	16.86	19.15	-0.00	7.66	1.261	275
32.896	16.77	19.05	-0.02	7.64	1.261	275
32.928	16.83	19.12	-0.01	7.65	1.261	275
32.960	16.85	19.13	0.01	7.67	1.261	275
32.992	16.88	19.16	-0.03	7.63	1.261	275
33.024	16.79	19.07	-0.00	7.66	1.257	274
33.056	16.85	19.14	-0.02	7.64	1.257	274
33.088	16.85	19.14	-0.02	7.64	1.257	274
33.120	16.94	19.22	0.00	7.67	1.257	274
33.152	16.87	19.16	-0.03	7.63	1.257	274
33.184	16.96	19.25	-0.00	7.66	1.257	274
33.216	16.93	19.22	-0.02	7.64	1.257	274
33.248	16.86	19.15	-0.02	7.64	1.257	274
33.280	16.91	19.20	0.00	7.67	1.257	274
33.312	16.83	19.12	-0.04	7.63	1.257	274
33.344	16.81	19.10	-0.00	7.66	1.257	274
33.376	16.88	19.16	-0.02	7.64	1.257	274
33.408	16.78	19.07	-0.02	7.64	1.257	274
33.440	16.84	19.13	0.00	7.67	1.257	274
33.472	16.78	19.07	-0.03	7.64	1.257	274
33.504	16.87	19.15	-0.01	7.65	1.261	275
33.536	16.89	19.18	-0.02	7.65	1.261	275
33.568	16.97	19.25	-0.03	7.63	1.261	275
33.600	17.05	19.34	0.00	7.67	1.261	275
33.632	17.04	19.32	-0.02	7.64	1.261	275
33.664	16.89	19.17	-0.02	7.64	1.261	275
33.696	16.96	19.24	-0.02	7.65	1.261	275
33.728	17.01	19.30	-0.03	7.63	1.261	275
33.760	17.09	19.37	0.00	7.66	1.261	275
33.792	16.93	19.21	-0.02	7.64	1.261	275
33.824	16.90	19.19	-0.02	7.65	1.261	275
33.856	17.07	19.36	-0.02	7.65	1.261	275
33.888	16.94	19.22	-0.03	7.63	1.261	275
33.920	17.02	19.30	-0.00	7.66	1.261	275
33.952	16.94	19.23	-0.01	7.65	1.261	275
33.984	16.90	19.19	-0.02	7.65	1.261	275
34.016	16.99	19.27	-0.01	7.65	1.261	275
34.048	17.12	19.40	-0.04	7.62	1.261	275
34.080	17.21	19.50	-0.00	7.66	1.261	275
34.112	17.12	19.41	-0.01	7.65	1.261	275
34.144	17.13	19.42	-0.02	7.64	1.261	275
34.176	17.08	19.37	-0.01	7.65	1.261	275
34.208	17.08	19.37	-0.04	7.62	1.261	275
34.240	17.09	19.37	-0.01	7.65	1.261	275
34.272	17.10	19.39	-0.01	7.65	1.261	275
34.304	17.14	19.43	-0.03	7.64	1.261	275
34.336	17.27	19.55	-0.01	7.65	1.261	275
34.368	17.16	19.45	-0.04	7.62	1.261	275
34.400	17.24	19.53	-0.01	7.65	1.261	275
34.432	17.19	19.48	-0.01	7.65	1.257	274
34.464	17.20	19.48	-0.03	7.63	1.257	274
34.496	17.25	19.53	-0.01	7.65	1.257	274
34.528	17.35	19.64	-0.04	7.62	1.257	274
34.560	17.40	19.69	-0.02	7.65	1.257	274
34.592	17.43	19.72	-0.01	7.65	1.257	274
34.624	17.49	19.78	-0.03	7.63	1.257	274
34.656	17.35	19.64	-0.01	7.65	1.257	274
34.688	17.47	19.76	-0.04	7.62	1.257	274
34.720	17.64	19.93	-0.02	7.64	1.257	274
34.752	17.67	19.95	-0.02	7.64	1.257	274
34.784	17.74	20.03	-0.04	7.62	1.257	274
34.816	17.81	20.09	-0.02	7.64	1.257	274
34.848	17.85	20.14	-0.04	7.62	1.257	274
34.880	17.86	20.15	-0.03	7.64	1.257	274
34.912	17.90	20.18	-0.02	7.64	1.266	276
34.944	17.96	20.25	-0.05	7.61	1.266	276
34.976	17.96	20.25	-0.02	7.64	1.266	276
35.008	18.03	20.32	-0.04	7.62	1.266	276
35.040	18.35	20.63	-0.04	7.62	1.266	276
35.072	18.44	20.72	-0.03	7.64	1.266	276
35.104	18.43	20.72	-0.07	7.60	1.266	276
35.136	18.48	20.77	-0.03	7.63	1.266	276
35.168	18.43	20.71	-0.05	7.61	1.266	276
35.200	18.46	20.74	-0.05	7.61	1.266	276
35.232	18.51	20.80	-0.03	7.63	1.266	276
35.264	18.64	20.92	-0.07	7.60	1.266	276
35.296	18.73	21.01	-0.04	7.62	1.266	276
35.328	18.75	21.03	-0.05	7.61	1.266	276
35.360	18.79	21.08	-0.06	7.60	1.261	275
35.392	18.85	21.14	-0.04	7.62	1.261	275
35.424	18.83	21.12	-0.06	7.60	1.261	275
35.456	18.74	21.03	-0.05	7.62	1.261	275
35.488	18.82	21.10	-0.05	7.61	1.261	275
35.520	18.81	21.09	-0.06	7.60	1.261	275
35.552	18.80	21.09	-0.04	7.63	1.261	275
35.584	18.84	21.13	-0.06	7.60	1.261	275
35.616	18.82	21.11	-0.05	7.61	1.261	275
35.648	18.82	21.11	-0.05	7.62	1.261	275
35.680	18.92	21.21	-0.07	7.59	1.261	275
35.712	18.88	21.17	-0.03	7.63	1.261	275
35.744	18.90	21.18	-0.06	7.60	1.261	275
35.776	18.84	21.13	-0.05	7.61	1.261	275
35.808	18.79	21.07	-0.05	7.61	1.261	275
35.840	18.84	21.12	-0.07	7.59	1.261	275
35.872	18.89	21.17	-0.04	7.63	1.261	275
35.904	18.85	21.13	-0.05	7.61	1.261	275
35.936	18.89	21.18	-0.06	7.60	1.261	275
35.968	18.95	21.24	-0.05	7.61	1.261	275
36.000	18.89	21.18	-0.08	7.59	1.261	275
36.032	18.86	21.15	-0.04	7.62	1.261	275
36.064	18.81	21.10	-0.05	7.61	1.261	275
36.096	18.86	21.14	-0.06	7.60	1.261	275
36.128	18.86	21.14	-0.05	7.62	1.261	275
36.160	18.81	21.09	-0.08	7.59	1.261	275
36.192	18.79	21.08	-0.04	7.62	1.261	275
36.224	18.81	21.10	-0.05	7.61	1.261	275
36.256	18.82	21.10	-0.06	7.60	1.261	275
36.288	18.82	21.11	-0.04	7.62	1.261	275
36.320	18.80	21.08	-0.07	7.59	1.261	275
36.352	18.80	21.09	-0.04	7.62	1.261	275
36.384	18.81	21.10	-0.05	7.62	1.261	275
36.416	18.83	21.11	-0.06	7.60	1.261	275
36.448	18.85	21.14	-0.04	7.62	1.261	275
36.480	18.85	21.14	-0.07	7.60	1.261	275
36.512	18.86	21.15	-0.04	7.62	1.261	275
36.544	18.84	21.12	-0.04	7.62	1.261	275
36.576	18.81	21.10	-0.06	7.60	1.261	275
36.608	18.79	21.08	-0.04	7.62	1.261	275
36.640	18.72	21.01	-0.07	7.59	1.261	275
36.672	18.81	21.10	-0.04	7.62	1.261	275
36.704	18.87	21.16	-0.04	7.62	1.261	275
36.736	18.83	21.12	-0.07	7.59	1.261	275
36.768	18.84	21.12	-0.04	7.62	1.261	275
36.800	18.79	21.07	-0.06	7.60	1.261	275
36.832	18.80	21.09	-0.05	7.61	1.261	275
36.864	18.78	21.07	-0.03	7.63	1.261	275
36.896	18.87	21.15	-0.07	7.59	1.261	275
36.928	18.84	21.13	-0.04	7.62	1.261	275
36.960	18.82	21.11	-0.05	7.61	1.261	275
36.992	18.83	21.11	-0.05	7.61	1.261	275
37.024	18.83	21.11	-0.04	7.63	1.261	275
37.056	18.78	21.07	-0.07	7.59	1.261	275
37.088	18.76	21.05	-0.04	7.62	1.261	275
37.120	18.76	21.05	-0.05	7.61	1.261	275
37.152	18.80	21.09	-0.05	7.61	1.261	275
37.184	18.85	21.14	-0.03	7.63	1.261	275
37.216	18.84	21.12	-0.07	7.59	1.261	275
37.248	18.82	21.10	-0.04	7.62	1.261	275
37.280	18.81	21.10	-0.05	7.61	1.261	275
37.312	18.80	21.09	-0.06	7.60	1.261	275
37.344	18.76	21.05	-0.03	7.63	1.261	275
37.376	18.79	21.08	-0.06	7.60	1.261	275
37.408	18.78	21.07	-0.04	7.62	1.261	275
37.440	18.73	21.01	-0.05	7.62	1.261	275
37.472	18.75	21.03	-0.06	7.60	1.261	275
37.504	18.76	21.05	-0.03	7.63	1.261	275
37.536	18.76	21.05	-0.05	7.61	1.261	275
37.568	18.73	21.02	-0.05	7.61	1.261	275
37.600	18.73	21.02	-0.05	7.61	1.261	275
37.632	18.73	21.02	-0.07	7.59	1.261	275
37.664	18.72	21.00	-0.03	7.63	1.261	275
37.696	18.68	20.97	-0.05	7.61	1.261	275
37.728	18.71	21.00	-0.05	7.61	1.261	275
37.760	18.66	20.95	-0.04	7.62	1.261	275
37.792	18.60	20.89	-0.06	7.60	1.261	275
37.824	18.55	20.83	-0.03	7.63	1.261	275
37.856	18.59	20.88	-0.04	7.62	1.261	275
37.888	18.50	20.79	-0.05	7.61	1.261	275
37.920	18.49	20.77	-0.03	7.63	1.261	275
37.952	18.38	20.67	-0.06	7.60	1.261	275
37.984	18.38	20.67	-0.03	7.63	1.261	275
38.016	18.35	20.64	-0.03	7.63	1.261	275
38.048	18.38	20.66	-0.05	7.61	1.261	275
38.080	18.38	20.66	-0.04	7.63	1.261	275
38.112	18.37	20.66	-0.05	7.61	1.261	275
38.144	18.35	20.64	-0.03	7.63	1.261	275
38.176	18.44	20.73	-0.03	7.63	1.261	275
38.208	18.38	20.67	-0.05	7.61	1.261	275
38.240	18.45	20.74	-0.03	7.63	1.261	275
38.272	18.51	20.79	-0.06	7.60	1.261	275
38.304	18.40	20.68	-0.04	7.63	1.261	275
38.336	18.53	20.81	-0.03	7.64	1.261	275
38.368	18.48	20.76	-0.05	7.61	1.261	275
38.400	18.40	20.69	-0.03	7.63	1.261	275
38.432	18.40	20.69	-0.05	7.61	1.261	275
38.464	18.39	20.67	-0.04	7.62	1.261	275
38.496	18.37	20.65	-0.02	7.64	1.261	275
38.528	18.37	20.65	-0.05	7.61	1.261	275
38.560	18.44	20.73	-0.03	7.63	1.261	275
38.592	18.44	20.72	-0.04	7.62	1.261	275
38.624	18.45	20.74	-0.04	7.62	1.261	275
38.656	18.39	20.68	-0.02	7.64	1.261	275
38.688	18.37	20.65	-0.05	7.61	1.261	275
38.720	18.38	20.67	-0.03	7.63	1.261	275
38.752	18.45	20.73	-0.04	7.62	1.261	275
38.784	18.43	20.72	-0.04	7.62	1.261	275
38.816	18.44	20.73	-0.02	7.64	1.261	275
38.848	18.42	20.71	-0.06	7.60	1.261	275
38.880	18.39	20.67	-0.03	7.63	1.261	275
38.912	18.43	20.71	-0.04	7.62	1.261	275
38.944	18.38	20.66	-0.05	7.61	1.261	275
38.976	18.35	20.64	-0.02	7.64	1.261	275
39.008	18.34	20.63	-0.05	7.61	1.261	275
39.040	18.37	20.66	-0.04	7.63	1.261	275
39.072	18.40	20.68	-0.03	7.63	1.261	275
39.104	18.40	20.68	-0.05	7.61	1.257	274
39.136	18.40	20.69	-0.02	7.64	1.257	274
39.168	18.38	20.66	-0.04	7.62	1.257	274
39.200	18.35	20.64	-0.04	7.62	1.257	274
39.232	18.42	20.70	-0.03	7.63	1.257	274
39.264	18.41	20.69	-0.05	7.61	1.257	274
39.296	18.45	20.74	-0.03	7.64	1.257	274
39.328	18.46	20.74	-0.03	7.63	1.257	274
39.360	18.47	20.76	-0.04	7.62	1.257	274
39.392	18.46	20.74	-0.03	7.63	1.257	274
39.424	18.46	20.74	-0.06	7.60	1.257	274
39.456	18.48	20.77	-0.03	7.64	1.257	274
39.488	18.37	20.65	-0.03	7.63	1.257	274
39.520	18.44	20.72	-0.04	7.62	1.257	274
39.552	18.50	20.78	-0.03	7.63	1.257	274
39.584	18.51	20.79	-0.05	7.61	1.261	275
39.616	18.41	20.70	-0.03	7.63	1.261	275
39.648	18.36	20.65	-0.03	7.64	1.261	275
39.680	18.42	20.71	-0.05	7.61	1.261	275
39.712	18.47	20.76	-0.03	7.63	1.261	275
39.744	18.49	20.78	-0.05	7.61	1.261	275
39.776	18.47	20.76	-0.03	7.63	1.261	275
39.808	18.48	20.77	-0.03	7.63	1.261	275
39.840	18.49	20.78	-0.05	7.61	1.261	275
39.872	18.56	20.85	-0.03	7.63	1.261	275
39.904	18.56	20.84	-0.05	7.61	1.261	275
39.936	18.50	20.79	-0.04	7.62	1.261	275
39.968	18.49	20.78	-0.02	7.64	1.261	275
40.000	18.58	20.86	-0.06	7.60	1.261	275
40.032	18.57	20.86	-0.03	7.63	1.261	275
40.064	18.54	20.83	-0.05	7.62	1.266	276
40.096	18.54	20.83	-0.04	7.62	1.266	276
40.128	18.57	20.85	-0.02	7.64	1.266	276
40.160	18.55	20.84	-0.06	7.60	1.266	276
40.192	18.50	20.79	-0.03	7.63	1.266	276
40.224	18.66	20.94	-0.04	7.62	1.266	276
40.256	18.64	20.93	-0.04	7.62	1.266	276
40.288	18.55	20.84	-0.02	7.65	1.266	276
40.320	18.58	20.86	-0.05	7.61	1.266	276
40.352	18.61	20.90	-0.04	7.63	1.266	276
40.384	18.59	20.87	-0.04	7.63	1.266	276
40.416	18.55	20.84	-0.04	7.62	1.266	276
40.448	18.56	20.84	-0.02	7.64	1.266	276
40.480	18.56	20.85	-0.04	7.62	1.266	276
40.512	18.58	20.86	-0.03	7.63	1.257	274
40.544	18.54	20.83	-0.03	7.63	1.257	274
40.576	18.53	20.81	-0.05	7.61	1.257	274
40.608	18.54	20.83	-0.02	7.64	1.257	274
40.640	18.50	20.79	-0.03	7.63	1.257	274
40.672	18.49	20.77	-0.03	7.63	1.257	274
40.704	18.54	20.82	-0.03	7.64	1.257	274
40.736	18.51	20.79	-0.05	7.61	1.257	274
40.768	18.58	20.87	-0.02	7.64	1.257	274
40.800	18.56	20.85	-0.03	7.64	1.257	274
40.832	18.47	20.75	-0.04	7.62	1.257	274
40.864	18.48	20.77	-0.03	7.64	1.257	274
40.896	18.53	20.81	-0.05	7.61	1.257	274
40.928	18.50	20.79	-0.02	7.65	1.257	274
40.960	18.49	20.78	-0.02	7.64	1.257	274
40.992	18.52	20.81	-0.05	7.62	1.261	275
41.024	18.56	20.84	-0.03	7.63	1.261	275
41.056	18.56	20.85	-0.05	7.61	1.261	275
41.088	18.55	20.84	-0.03	7.63	1.261	275
41.120	18.56	20.85	-0.02	7.64	1.261	275
41.152	18.54	20.83	-0.05	7.61	1.261	275
41.184	18.61	20.89	-0.02	7.64	1.261	275
41.216	18.59	20.88	-0.05	7.62	1.261	275
41.248	18.58	20.86	-0.04	7.62	1.261	275
41.280	18.55	20.83	-0.02	7.64	1.261	275
41.312	18.54	20.83	-0.05	7.61	1.261	275
41.344	18.44	20.72	-0.02	7.64	1.261	275
41.376	18.40	20.69	-0.03	7.63	1.261	275
41.408	18.48	20.76	-0.03	7.63	1.261	275
41.440	18.52	20.80	-0.01	7.65	1.261	275
41.472	18.59	20.87	-0.06	7.60	1.261	275
41.504	18.57	20.86	-0.03	7.63	1.261	275
41.536	18.60	20.88	-0.04	7.63	1.261	275
41.568	18.55	20.84	-0.05	7.61	1.261	275
41.600	18.52	20.81	-0.02	7.64	1.261	275
41.632	18.54	20.82	-0.05	7.61	1.261	275
41.664	18.59	20.88	-0.04	7.63	1.261	275
41.696	18.56	20.85	-0.04	7.63	1.261	275
41.728	18.54	20.82	-0.05	7.61	1.261	275
41.760	18.52	20.81	-0.02	7.64	1.261	275
41.792	18.55	20.84	-0.04	7.62	1.261	275
41.824	18.56	20.85	-0.04	7.62	1.261	275
41.856	18.51	20.80	-0.03	7.63	1.261	275
41.888	18.56	20.85	-0.06	7.60	1.261	275
41.920	18.52	20.81	-0.02	7.64	1.266	276
41.952	18.53	20.81	-0.03	7.63	1.266	276
41.984	18.57	20.86	-0.04	7.62	1.266	276
42.016	18.54	20.83	-0.03	7.63	1.266	276
42.048	18.56	20.85	-0.06	7.60	1.266	276
42.080	18.61	20.90	-0.03	7.64	1.266	276
42.112	18.59	20.87	-0.03	7.63	1.266	276
42.144	18.63	20.92	-0.04	7.62	1.266	276
42.176	18.57	20.86	-0.03	7.63	1.266	276
42.208	18.57	20.85	-0.05	7.61	1.266	276
42.240	18.56	20.85	-0.03	7.63	1.266	276
42.272	18.62	20.91	-0.03	7.63	1.266	276
42.304	18.59	20.87	-0.06	7.60	1.266	276
42.336	18.56	20.84	-0.03	7.63	1.266	276
42.368	18.58	20.87	-0.05	7.61	1.266	276
42.400	18.63	20.92	-0.03	7.63	1.261	275
42.432	18.58	20.87	-0.03	7.63	1.261	275
42.464	18.56	20.85	-0.06	7.60	1.261	275
42.496	18.55	20.84	-0.03	7.63	1.261	275
42.528	18.58	20.86	-0.05	7.61	1.261	275
42.560	18.57	20.86	-0.04	7.62	1.261	275
42.592	18.61	20.90	-0.03	7.64	1.261	275
42.624	18.63	20.91	-0.06	7.60	1.261	275
42.656	18.62	20.91	-0.04	7.63	1.261	275
42.688	18.60	20.89	-0.04	7.62	1.261	275
42.720	18.59	20.87	-0.05	7.62	1.261	275
42.752	18.61	20.90	-0.02	7.64	1.261	275
42.784	18.58	20.87	-0.06	7.60	1.261	275
42.816	18.52	20.81	-0.04	7.63	1.261	275
42.848	18.61	20.90	-0.04	7.62	1.266	276
42.880	18.64	20.93	-0.05	7.61	1.266	276
42.912	18.60	20.89	-0.03	7.63	1.266	276
42.944	18.64	20.93	-0.06	7.60	1.266	276
42.976	18.67	20.95	-0.04	7.62	1.266	276
43.008	18.65	20.94	-0.04	7.62	1.266	276
43.040	18.60	20.89	-0.06	7.60	1.266	276
43.072	18.65	20.93	-0.03	7.63	1.266	276
43.104	18.64	20.93	-0.05	7.62	1.266	276
43.136	18.63	20.91	-0.04	7.62	1.266	276
43.168	18.62	20.90	-0.04	7.62	1.266	276
43.200	18.60	20.89	-0.06	7.60	1.266	276
43.232	18.62	20.90	-0.03	7.63	1.266	276
43.264	18.61	20.89	-0.04	7.62	1.266	276
43.296	18.60	20.88	-0.04	7.62	1.266	276
43.328	18.62	20.91	-0.04	7.62	1.261	275
43.360	18.61	20.90	-0.07	7.60	1.261	275
43.392	18.56	20.84	-0.03	7.63	1.261	275
43.424	18.60	20.89	-0.04	7.62	1.261	275
43.456	18.60	20.88	-0.05	7.61	1.261	275
43.488	18.62	20.91	-0.03	7.63	1.261	275
43.520	18.59	20.88	-0.06	7.60	1.261	275
43.552	18.65	20.94	-0.03	7.63	1.261	275
43.584	18.63	20.91	-0.03	7.63	1.261	275
43.616	18.58	20.86	-0.05	7.61	1.261	275
43.648	18.54	20.83	-0.03	7.63	1.261	275
43.680	18.60	20.88	-0.05	7.61	1.261	275
43.712	18.51	20.80	-0.04	7.62	1.261	275
43.744	18.53	20.81	-0.03	7.64	1.261	275
43.776	18.52	20.81	-0.06	7.60	1.261	275
43.808	18.63	20.92	-0.03	7.63	1.261	275
43.840	18.59	20.88	-0.05	7.61	1.261	275
43.872	18.58	20.87	-0.04	7.62	1.261	275
43.904	18.58	20.87	-0.02	7.64	1.261	275
43.936	18.60	20.89	-0.06	7.60	1.261	275
43.968	18.59	20.87	-0.04	7.63	1.261	275
44.000	18.58	20.87	-0.05	7.62	1.261	275
44.032	18.64	20.92	-0.05	7.61	1.261	275
44.064	18.62	20.91	-0.03	7.64	1.261	275
44.096	18.59	20.87	-0.06	7.60	1.261	275
44.128	18.58	20.86	-0.04	7.63	1.261	275
44.160	18.55	20.84	-0.04	7.62	1.261	275
44.192	18.55	20.83	-0.05	7.61	1.261	275
44.224	18.55	20.83	-0.03	7.63	1.261	275
44.256	18.63	20.91	-0.05	7.61	1.266	276
44.288	18.65	20.93	-0.04	7.62	1.266	276
44.320	18.66	20.94	-0.04	7.62	1.266	276
44.352	18.63	20.91	-0.06	7.60	1.266	276
44.384	18.60	20.88	-0.03	7.63	1.266	276
44.416	18.58	20.87	-0.05	7.62	1.266	276
44.448	18.55	20.84	-0.04	7.62	1.266	276
44.480	18.58	20.86	-0.04	7.63	1.266	276
44.512	18.60	20.88	-0.07	7.60	1.266	276
44.544	18.56	20.84	-0.03	7.63	1.266	276
44.576	18.58	20.86	-0.04	7.62	1.266	276
44.608	18.60	20.89	-0.05	7.61	1.266	276
44.640	18.54	20.83	-0.03	7.63	1.266	276
44.672	18.47	20.76	-0.07	7.60	1.266	276
44.704	18.52	20.81	-0.03	7.63	1.266	276
44.736	18.55	20.84	-0.03	7.63	1.257	274
44.768	18.56	20.85	-0.05	7.61	1.257	274
44.800	18.55	20.84	-0.03	7.63	1.257	274
44.832	18.50	20.79	-0.06	7.60	1.257	274
44.864	18.60	20.89	-0.03	7.63	1.257	274
44.896	18.58	20.87	-0.03	7.63	1.257	274
44.928	18.54	20.82	-0.05	7.61	1.257	274
44.960	18.54	20.83	-0.03	7.63	1.257	274
44.992	18.56	20.84	-0.05	7.61	1.257	274
45.024	18.58	20.86	-0.04	7.62	1.257	274
45.056	18.54	20.82	-0.02	7.64	1.257	274
45.088	18.58	20.86	-0.06	7.60	1.257	274
45.120	18.56	20.84	-0.03	7.63	1.257	274
45.152	18.53	20.82	-0.05	7.61	1.257	274
45.184	18.50	20.79	-0.04	7.62	1.257	274
45.216	18.56	20.84	-0.03	7.64	1.261	275
45.248	18.57	20.85	-0.06	7.60	1.261	275
45.280	18.56	20.85	-0.03	7.63	1.261	275
45.312	18.54	20.82	-0.04	7.62	1.261	275
45.344	18.56	20.84	-0.05	7.62	1.261	275
45.376	18.55	20.83	-0.02	7.64	1.261	275
45.408	18.58	20.87	-0.05	7.61	1.261	275
45.440	18.62	20.91	-0.03	7.63	1.261	275
45.472	18.63	20.91	-0.04	7.62	1.261	275
45.504	18.52	20.81	-0.05	7.61	1.261	275
45.536	18.55	20.83	-0.02	7.64	1.261	275
45.568	18.52	20.80	-0.05	7.62	1.261	275
45.600	18.54	20.83	-0.04	7.62	1.261	275
45.632	18.46	20.75	-0.04	7.62	1.261	275
45.664	18.45	20.73	-0.06	7.60	1.261	275
45.696	18.53	20.82	-0.02	7.64	1.261	275
45.728	18.55	20.84	-0.04	7.62	1.261	275
45.760	18.49	20.78	-0.04	7.62	1.261	275
45.792	18.46	20.74	-0.04	7.62	1.261	275
45.824	18.47	20.75	-0.06	7.60	1.261	275
45.856	18.46	20.74	-0.03	7.63	1.261	275
45.888	18.45	20.74	-0.03	7.63	1.261	275
45.920	18.57	20.86	-0.05	7.62	1.261	275
45.952	18.50	20.78	-0.03	7.63	1.261	275
45.984	18.50	20.78	-0.06	7.60	1.261	275
46.016	18.52	20.80	-0.03	7.63	1.261	275
46.048	18.43	20.72	-0.03	7.63	1.261	275
46.080	18.44	20.73	-0.05	7.61	1.261	275
46.112	18.45	20.74	-0.03	7.63	1.261	275
46.144	18.44	20.72	-0.05	7.61	1.257	274
46.176	18.48	20.76	-0.04	7.62	1.257	274
46.208	18.49	20.78	-0.03	7.64	1.257	274
46.240	18.49	20.78	-0.05	7.61	1.257	274
46.272	18.50	20.78	-0.03	7.63	1.257	274
46.304	18.49	20.78	-0.05	7.61	1.257	274
46.336	18.47	20.75	-0.04	7.63	1.257	274
46.368	18.43	20.72	-0.02	7.64	1.257	274
46.400	18.45	20.74	-0.06	7.60	1.257	274
46.432	18.49	20.77	-0.03	7.63	1.257	274
46.464	18.45	20.74	-0.04	7.62	1.257	274
46.496	18.48	20.76	-0.05	7.61	1.257	274
46.528	18.48	20.77	-0.02	7.64	1.257	274
46.560	18.48	20.76	-0.06	7.60	1.257	274
46.592	18.38	20.67	-0.03	7.63	1.266	276
46.624	18.42	20.71	-0.04	7.62	1.266	276
46.656	18.51	20.80	-0.05	7.61	1.266	276
46.688	18.50	20.78	-0.02	7.64	1.266	276
46.720	18.49	20.78	-0.05	7.61	1.266	276
46.752	18.50	20.79	-0.04	7.63	1.266	276
46.784	18.46	20.75	-0.04	7.63	1.266	276
46.816	18.45	20.74	-0.05	7.61	1.266	276
46.848	18.45	20.74	-0.02	7.64	1.266	276
46.880	18.46	20.75	-0.04	7.62	1.266	276
46.912	18.43	20.72	-0.04	7.62	1.266	276
46.944	18.36	20.64	-0.03	7.63	1.266	276
46.976	18.37	20.65	-0.06	7.60	1.266	276
47.008	18.41	20.70	-0.02	7.64	1.266	276
47.040	18.39	20.68	-0.04	7.63	1.266	276
47.072	18.36	20.65	-0.04	7.62	1.261	275
47.104	18.42	20.70	-0.03	7.63	1.261	275
47.136	18.42	20.71	-0.06	7.60	1.261	275
47.168	18.43	20.71	-0.03	7.63	1.261	275
47.200	18.38	20.67	-0.03	7.63	1.261	275
47.232	18.43	20.71	-0.05	7.61	1.261	275
47.264	18.40	20.68	-0.03	7.63	1.261	275
47.296	18.34	20.62	-0.05	7.61	1.261	275
47.328	18.43	20.71	-0.03	7.63	1.261	275
47.360	18.41	20.70	-0.03	7.64	1.261	275
47.392	18.35	20.64	-0.05	7.61	1.261	275
47.424	18.35	20.64	-0.03	7.63	1.261	275
47.456	18.35	20.64	-0.05	7.61	1.261	275
47.488	18.33	20.62	-0.03	7.63	1.261	275
47.520	18.32	20.61	-0.02	7.64	1.261	275
47.552	18.26	20.55	-0.05	7.61	1.266	276
47.584	18.38	20.67	-0.03	7.64	1.266	276
47.616	18.38	20.67	-0.04	7.62	1.266	276
47.648	18.36	20.65	-0.03	7.63	1.266	276
47.680	18.37	20.66	-0.02	7.64	1.266	276
47.712	18.35	20.64	-0.05	7.61	1.266	276
47.744	18.35	20.64	-0.03	7.63	1.266	276
47.776	18.32	20.61	-0.04	7.62	1.266	276
47.808	18.37	20.66	-0.04	7.62	1.266	276
47.840	18.36	20.64	-0.02	7.64	1.266	276
47.872	18.34	20.63	-0.05	7.61	1.266	276
47.904	18.37	20.65	-0.04	7.63	1.266	276
47.936	18.36	20.64	-0.04	7.62	1.266	276
47.968	18.33	20.61	-0.05	7.62	1.266	276
48.000	18.30	20.58	-0.02	7.64	1.261	275
48.032	18.28	20.56	-0.04	7.62	1.261	275
48.064	18.33	20.61	-0.04	7.62	1.261	275
48.096	18.34	20.63	-0.04	7.62	1.261	275
48.128	18.35	20.64	-0.06	7.60	1.261	275
48.160	18.36	20.65	-0.02	7.64	1.261	275
48.192	18.31	20.59	-0.03	7.63	1.261	275
48.224	18.34	20.62	-0.04	7.62	1.261	275
48.256	18.26	20.55	-0.03	7.63	1.261	275
48.288	18.37	20.65	-0.05	7.61	1.261	275
48.320	18.36	20.64	-0.03	7.63	1.261	275
48.352	18.27	20.55	-0.03	7.63	1.261	275
48.384	18.27	20.55	-0.04	7.62	1.261	275
48.416	18.24	20.53	-0.03	7.63	1.261	275
48.448	18.26	20.54	-0.05	7.61	1.261	275
48.480	18.26	20.55	-0.03	7.64	1.266	276
48.512	18.23	20.51	-0.03	7.63	1.266	276
48.544	18.32	20.61	-0.05	7.61	1.266	276
48.576	18.24	20.53	-0.03	7.63	1.266	276
48.608	18.27	20.55	-0.05	7.61	1.266	276
48.640	18.18	20.46	-0.03	7.63	1.266	276
48.672	18.26	20.54	-0.02	7.64	1.266	276
48.704	18.28	20.57	-0.05	7.61	1.266	276
48.736	18.35	20.64	-0.03	7.64	1.266	276
48.768	18.37	20.66	-0.05	7.62	1.266	276
48.800	18.30	20.58	-0.04	7.63	1.266	276
48.832	18.30	20.59	-0.02	7.64	1.266	276
48.864	18.28	20.57	-0.05	7.61	1.266	276
48.896	18.25	20.54	-0.03	7.63	1.266	276
48.928	18.25	20.53	-0.04	7.62	1.266	276
48.960	18.21	20.49	-0.04	7.62	1.261	275
48.992	18.28	20.57	-0.02	7.64	1.261	275
49.024	18.32	20.60	-0.05	7.61	1.261	275
49.056	18.30	20.59	-0.03	7.63	1.261	275
49.088	18.21	20.49	-0.04	7.63	1.261	275
49.120	18.20	20.49	-0.05	7.61	1.261	275
49.152	18.23	20.52	-0.01	7.65	1.261	275
49.184	18.21	20.50	-0.04	7.62	1.261	275
49.216	18.16	20.45	-0.03	7.63	1.261	275
49.248	18.21	20.49	-0.04	7.63	1.261	275
49.280	18.19	20.48	-0.05	7.61	1.261	275
49.312	18.21	20.50	-0.02	7.64	1.261	275
49.344	18.21	20.49	-0.03	7.63	1.261	275
49.376	18.23	20.52	-0.03	7.63	1.261	275
49.408	18.22	20.51	-0.03	7.63	1.266	276
49.440	18.14	20.42	-0.05	7.61	1.266	276
49.472	18.16	20.45	-0.02	7.64	1.266	276
49.504	18.18	20.47	-0.02	7.64	1.266	276
49.536	18.13	20.41	-0.04	7.62	1.266	276
49.568	18.15	20.44	-0.02	7.64	1.266	276
49.600	18.10	20.39	-0.04	7.62	1.266	276
49.632	18.14	20.42	-0.03	7.64	1.266	276
49.664	18.13	20.41	-0.02	7.64	1.266	276
49.696	18.20	20.49	-0.05	7.62	1.266	276
49.728	18.18	20.47	-0.02	7.64	1.266	276
49.760	18.16	20.45	-0.04	7.62	1.266	276
49.792	18.13	20.41	-0.03	7.63	1.266	276
49.824	18.10	20.38	-0.01	7.65	1.266	276
49.856	18.13	20.41	-0.05	7.61	1.266	276
49.888	18.14	20.43	-0.02	7.64	1.261	275
49.920	18.10	20.39	-0.04	7.62	1.261	275
49.952	18.16	20.45	-0.03	7.63	1.261	275
49.984	18.17	20.45	-0.01	7.65	1.261	275
50.016	18.10	20.38	-0.05	7.62	1.261	275
50.048	18.04	20.33	-0.02	7.64	1.261	275
50.080	18.04	20.33	-0.03	7.63	1.261	275
50.112	18.03	20.32	-0.03	7.63	1.261	275
50.144	18.03	20.32	-0.00	7.66	1.261	275
50.176	18.04	20.33	-0.04	7.62	1.261	275
50.208	18.08	20.36	-0.02	7.64	1.261	275
50.240	18.05	20.34	-0.03	7.63	1.261	275
50.272	18.05	20.34	-0.04	7.62	1.261	275
50.304	18.00	20.28	-0.01	7.65	1.261	275
50.336	17.99	20.28	-0.03	7.63	1.266	276
50.368	17.99	20.27	-0.02	7.64	1.266	276
50.400	17.98	20.27	-0.02	7.64	1.266	276
50.432	18.05	20.34	-0.05	7.62	1.266	276
50.464	18.03	20.32	-0.01	7.65	1.266	276
50.496	18.03	20.32	-0.02	7.64	1.266	276
50.528	18.02	20.30	-0.03	7.63	1.266	276
50.560	18.04	20.32	-0.02	7.64	1.266	276
50.592	18.04	20.32	-0.04	7.62	1.266	276
50.624	17.95	20.23	-0.02	7.65	1.266	276
50.656	18.06	20.35	-0.02	7.64	1.266	276
50.688	18.05	20.34	-0.04	7.62	1.266	276
50.720	18.01	20.30	-0.02	7.64	1.266	276
50.752	18.03	20.31	-0.04	7.62	1.266	276
50.784	18.02	20.31	-0.02	7.64	1.266	276
50.816	18.05	20.34	-0.01	7.65	1.266	276
50.848	18.00	20.28	-0.04	7.62	1.266	276
50.880	17.95	20.24	-0.02	7.64	1.266	276
50.912	18.00	20.28	-0.04	7.62	1.266	276
50.944	18.05	20.34	-0.02	7.64	1.266	276
50.976	17.98	20.27	-0.01	7.65	1.266	276
51.008	17.96	20.25	-0.04	7.62	1.266	276
51.040	17.97	20.25	-0.02	7.64	1.266	276
51.072	18.00	20.28	-0.03	7.63	1.266	276
51.104	18.02	20.30	-0.03	7.63	1.266	276
51.136	18.08	20.37	-0.01	7.65	1.266	276
51.168	18.02	20.30	-0.04	7.62	1.266	276
51.200	18.05	20.34	-0.02	7.64	1.266	276
51.232	18.00	20.29	-0.03	7.63	1.266	276
51.264	17.98	20.27	-0.04	7.63	1.266	276
51.296	17.97	20.25	-0.01	7.65	1.261	275
51.328	17.90	20.18	-0.03	7.63	1.261	275
51.360	17.96	20.25	-0.03	7.64	1.261	275
51.392	17.99	20.28	-0.02	7.64	1.261	275
51.424	18.03	20.32	-0.04	7.62	1.261	275
51.456	17.98	20.27	-0.01	7.65	1.261	275
51.488	17.93	20.21	-0.02	7.64	1.261	275
51.520	17.97	20.25	-0.03	7.64	1.261	275
51.552	17.95	20.23	-0.02	7.64	1.261	275
51.584	17.99	20.27	-0.04	7.62	1.261	275
51.616	18.02	20.30	-0.02	7.65	1.261	275
51.648	18.01	20.29	-0.02	7.64	1.261	275
51.680	18.01	20.29	-0.04	7.63	1.261	275
51.712	17.97	20.26	-0.02	7.64	1.261	275
51.744	17.97	20.25	-0.04	7.62	1.266	276
51.776	17.96	20.24	-0.02	7.64	1.266	276
51.808	17.88	20.16	-0.01	7.65	1.266	276
51.840	17.99	20.27	-0.04	7.62	1.266	276
51.872	17.99	20.27	-0.01	7.65	1.266	276
51.904	18.01	20.29	-0.04	7.63	1.266	276
51.936	17.98	20.26	-0.02	7.64	1.266	276
51.968	18.03	20.31	-0.01	7.65	1.266	276
52.000	18.00	20.28	-0.05	7.62	1.266	276
52.032	17.94	20.23	-0.02	7.64	1.266	276
52.064	17.94	20.23	-0.03	7.63	1.266	276
52.096	17.98	20.27	-0.02	7.64	1.266	276
52.128	17.90	20.19	-0.00	7.66	1.266	276
52.160	17.91	20.20	-0.04	7.62	1.266	276
52.192	17.90	20.19	-0.01	7.65	1.266	276
52.224	17.90	20.19	-0.03	7.63	1.266	276
52.256	17.90	20.18	-0.02	7.64	1.266	276
52.288	17.83	20.11	-0.00	7.66	1.266	276
52.320	17.93	20.21	-0.03	7.63	1.266	276
52.352	17.93	20.22	-0.02	7.64	1.266	276
52.384	17.93	20.21	-0.02	7.64	1.266	276
52.416	17.92	20.21	-0.04	7.62	1.266	276
52.448	17.91	20.20	-0.01	7.65	1.266	276
52.480	17.91	20.19	-0.03	7.63	1.266	276
52.512	17.90	20.18	-0.03	7.64	1.266	276
52.544	18.00	20.29	-0.02	7.64	1.266	276
52.576	17.98	20.27	-0.05	7.62	1.266	276
52.608	17.96	20.25	-0.02	7.65	1.266	276
52.640	17.95	20.24	-0.02	7.64	1.266	276
52.672	17.97	20.25	-0.03	7.63	1.266	276
52.704	17.99	20.28	-0.02	7.64	1.261	275
52.736	17.91	20.20	-0.04	7.62	1.261	275
52.768	17.94	20.22	-0.02	7.64	1.261	275
52.800	18.05	20.34	-0.01	7.65	1.261	275
52.832	17.99	20.28	-0.04	7.62	1.261	275
52.864	17.96	20.24	-0.02	7.64	1.261	275
52.896	17.93	20.22	-0.04	7.62	1.261	275
52.928	17.98	20.26	-0.03	7.64	1.261	275
52.960	17.98	20.27	-0.01	7.65	1.261	275
52.992	17.95	20.24	-0.04	7.62	1.261	275
53.024	18.03	20.32	-0.02	7.64	1.261	275
53.056	18.05	20.33	-0.03	7.63	1.261	275
53.088	18.03	20.32	-0.03	7.63	1.261	275
53.120	18.02	20.30	-0.01	7.65	1.261	275
53.152	17.91	20.20	-0.04	7.62	1.266	276
53.184	17.91	20.20	-0.02	7.65	1.266	276
53.216	17.82	20.11	-0.03	7.63	1.266	276
53.248	17.89	20.18	-0.03	7.63	1.266	276
53.280	17.98	20.26	-0.01	7.65	1.266	276
53.312	17.96	20.24	-0.04	7.62	1.266	276
53.344	17.93	20.22	-0.02	7.64	1.266	276
53.376	17.90	20.18	-0.03	7.63	1.266	276
53.408	17.94	20.22	-0.04	7.62	1.266	276
53.440	17.94	20.23	-0.01	7.65	1.266	276
53.472	17.95	20.24	-0.03	7.63	1.266	276
53.504	17.96	20.25	-0.03	7.64	1.266	276
53.536	17.89	20.17	-0.02	7.64	1.266	276
53.568	17.97	20.26	-0.04	7.62	1.266	276
53.600	17.96	20.24	-0.01	7.65	1.266	276
53.632	17.88	20.17	-0.02	7.64	1.261	275
53.664	17.89	20.18	-0.03	7.63	1.261	275
53.696	17.84	20.12	-0.02	7.64	1.261	275
53.728	17.94	20.23	-0.04	7.62	1.261	275
53.760	17.93	20.21	-0.02	7.65	1.261	275
53.792	17.92	20.21	-0.01	7.65	1.261	275
53.824	17.90	20.19	-0.04	7.63	1.261	275
53.856	17.87	20.15	-0.02	7.64	1.261	275
53.888	17.86	20.15	-0.04	7.62	1.261	275
53.920	17.86	20.15	-0.02	7.64	1.261	275
53.952	17.90	20.19	-0.01	7.65	1.261	275
53.984	17.96	20.24	-0.04	7.62	1.261	275
54.016	17.93	20.22	-0.02	7.64	1.261	275
54.048	17.84	20.13	-0.04	7.62	1.261	275
54.080	17.86	20.15	-0.02	7.64	1.261	275
54.112	17.86	20.15	-0.00	7.66	1.266	276
54.144	17.91	20.19	-0.04	7.62	1.266	276
54.176	17.87	20.15	-0.01	7.65	1.266	276
54.208	17.93	20.21	-0.03	7.63	1.266	276
54.240	17.92	20.20	-0.03	7.63	1.266	276
54.272	17.91	20.20	-0.00	7.66	1.266	276
54.304	17.88	20.17	-0.04	7.62	1.266	276
54.336	17.83	20.12	-0.02	7.64	1.266	276
54.368	17.81	20.09	-0.03	7.64	1.266	276
54.400	17.79	20.08	-0.03	7.63	1.266	276
54.432	17.87	20.16	-0.01	7.65	1.266	276
54.464	17.90	20.18	-0.03	7.63	1.266	276
54.496	17.91	20.20	-0.02	7.64	1.266	276
54.528	17.86	20.15	-0.02	7.64	1.266	276
54.560	17.83	20.12	-0.04	7.63	1.261	275
54.592	17.82	20.11	-0.00	7.66	1.261	275
54.624	17.86	20.14	-0.02	7.64	1.261	275
54.656	17.81	20.09	-0.02	7.64	1.261	275
54.688	17.85	20.14	-0.02	7.64	1.261	275
54.720	17.88	20.17	-0.04	7.62	1.261	275
54.752	17.87	20.16	-0.01	7.65	1.261	275
54.784	17.83	20.12	-0.01	7.65	1.261	275
54.816	17.86	20.15	-0.03	7.63	1.261	275
54.848	17.87	20.16	-0.01	7.65	1.261	275
54.880	17.86	20.14	-0.04	7.62	1.261	275
54.912	17.90	20.18	-0.01	7.65	1.261	275
54.944	17.89	20.17	-0.01	7.65	1.261	275
54.976	17.86	20.15	-0.03	7.63	1.261	275
55.008	17.90	20.19	-0.01	7.65	1.261	275
55.040	17.91	20.20	-0.04	7.63	1.261	275
55.072	17.91	20.19	-0.02	7.65	1.261	275
55.104	17.85	20.14	-0.01	7.65	1.261	275
55.136	17.84	20.13	-0.04	7.62	1.261	275
55.168	17.90	20.18	-0.01	7.65	1.261	275
55.200	17.85	20.14	-0.03	7.63	1.261	275
55.232	17.82	20.11	-0.02	7.64	1.261	275
55.264	17.82	20.10	-0.00	7.66	1.261	275
55.296	17.81	20.09	-0.04	7.62	1.261	275
55.328	17.87	20.15	-0.01	7.65	1.261	275
55.360	17.82	20.11	-0.03	7.63	1.261	275
55.392	17.88	20.16	-0.02	7.64	1.261	275
55.424	17.90	20.19	-0.00	7.66	1.261	275
55.456	17.80	20.09	-0.04	7.63	1.261	275
55.488	17.80	20.09	-0.02	7.65	1.266	276
55.520	17.82	20.11	-0.03	7.63	1.266	276
55.552	17.75	20.04	-0.03	7.63	1.266	276
55.584	17.68	19.96	-0.00	7.66	1.266	276
55.616	17.72	20.01	-0.03	7.63	1.266	276
55.648	17.79	20.08	-0.01	7.65	1.266	276
55.680	17.83	20.12	-0.02	7.64	1.266	276
55.712	17.82	20.10	-0.04	7.62	1.266	276
55.744	17.77	20.05	-0.00	7.66	1.266	276
55.776	17.78	20.06	-0.02	7.64	1.266	276
55.808	17.78	20.07	-0.02	7.64	1.266	276
55.840	17.78	20.06	-0.02	7.64	1.266	276
55.872	17.82	20.10	-0.04	7.62	1.266	276
55.904	17.86	20.14	-0.00	7.66	1.266	276
55.936	17.80	20.08	-0.01	7.65	1.266	276
55.968	17.74	20.03	-0.02	7.64	1.266	276
56.000	17.72	20.01	-0.01	7.65	1.266	276
56.032	17.69	19.98	-0.04	7.63	1.266	276
56.064	17.65	19.94	-0.01	7.65	1.266	276
56.096	17.72	20.00	-0.01	7.65	1.266	276
56.128	17.79	20.07	-0.03	7.63	1.266	276
56.160	17.90	20.19	-0.01	7.65	1.266	276
56.192	17.82	20.11	-0.03	7.63	1.266	276
56.224	17.78	20.06	-0.01	7.65	1.266	276
56.256	17.79	20.08	-0.00	7.66	1.266	276
56.288	17.74	20.03	-0.03	7.63	1.266	276
56.320	17.76	20.05	-0.01	7.65	1.266	276
56.352	17.76	20.04	-0.03	7.63	1.266	276
56.384	17.79	20.07	-0.02	7.65	1.266	276
56.416	17.76	20.05	-0.00	7.66	1.266	276
56.448	17.79	20.07	-0.03	7.63	1.261	275
56.480	17.80	20.08	-0.01	7.65	1.261	275
56.512	17.78	20.07	-0.03	7.64	1.261	275
56.544	17.73	20.01	-0.02	7.64	1.261	275
56.576	17.66	19.95	-0.00	7.66	1.261	275
56.608	17.69	19.98	-0.04	7.63	1.261	275
56.640	17.66	19.95	-0.01	7.65	1.261	275
56.672	17.75	20.04	-0.02	7.64	1.261	275
56.704	17.74	20.03	-0.02	7.64	1.261	275
56.736	17.73	20.02	0.00	7.66	1.261	275
56.768	17.72	20.01	-0.03	7.63	1.261	275
56.800	17.80	20.08	-0.01	7.65	1.261	275
56.832	17.85	20.14	-0.02	7.64	1.261	275
56.864	17.75	20.04	-0.03	7.63	1.261	275
56.896	17.78	20.07	0.00	7.67	1.261	275
56.928	17.77	20.06	-0.03	7.63	1.261	275
56.960	17.70	19.99	-0.02	7.64	1.261	275
56.992	17.73	20.02	-0.02	7.64	1.261	275
57.024	17.67	19.96	-0.03	7.63	1.261	275
57.056	17.72	20.00	0.00	7.66	1.261	275
57.088	17.65	19.93	-0.02	7.64	1.261	275
57.120	17.74	20.03	-0.02	7.64	1.261	275
57.152	17.62	19.90	-0.02	7.65	1.261	275
57.184	17.66	19.95	-0.04	7.63	1.261	275
57.216	17.70	19.98	0.00	7.66	1.261	275
57.248	17.66	19.95	-0.01	7.65	1.261	275
57.280	17.63	19.92	-0.02	7.64	1.261	275
57.312	17.68	19.97	-0.01	7.65	1.261	275
57.344	17.59	19.87	-0.03	7.63	1.261	275
57.376	17.58	19.87	-0.00	7.66	1.261	275
57.408	17.42	19.70	-0.00	7.66	1.261	275
57.440	17.45	19.73	-0.02	7.64	1.261	275
57.472	17.47	19.76	-0.00	7.66	1.261	275
57.504	17.39	19.68	-0.03	7.63	1.261	275
57.536	17.40	19.69	-0.00	7.66	1.261	275
57.568	17.42	19.70	0.00	7.66	1.261	275
57.600	17.42	19.70	-0.02	7.64	1.261	275
57.632	17.30	19.59	0.01	7.67	1.261	275
57.664	17.29	19.57	-0.02	7.64	1.261	275
57.696	17.24	19.52	0.00	7.67	1.261	275
57.728	17.15	19.43	0.01	7.67	1.261	275
57.760	17.23	19.51	-0.02	7.64	1.261	275
57.792	17.14	19.42	0.00	7.67	1.261	275
57.824	17.08	19.37	-0.01	7.65	1.261	275
57.856	17.13	19.41	-0.00	7.66	1.261	275
57.888	17.01	19.30	0.02	7.68	1.261	275
57.920	17.02	19.30	-0.01	7.65	1.261	275
57.952	16.90	19.19	0.01	7.68	1.261	275
57.984	16.87	19.15	-0.00	7.66	1.261	275
58.016	16.83	19.12	0.00	7.67	1.261	275
58.048	16.83	19.12	0.02	7.68	1.261	275
58.080	16.78	19.06	-0.01	7.65	1.261	275
58.112	14.00	16.28	0.07	7.73	1.261	275
58.144	13.97	16.26	0.04	7.70	1.261	275
58.176	14.00	16.29	0.05	7.71	1.261	275
58.208	14.03	16.32	0.07	7.73	1.261	275
58.240	14.08	16.36	0.03	7.70	1.261	275
58.272	14.06	16.35	0.06	7.72	1.261	275
58.304	14.03	16.31	0.05	7.71	1.266	276
58.336	14.10	16.39	0.05	7.71	1.266	276
58.368	14.14	16.42	0.07	7.73	1.266	276
58.400	14.08	16.36	0.04	7.70	1.266	276
58.432	14.08	16.36	0.06	7.72	1.266	276
58.464	14.05	16.34	0.05	7.71	1.266	276
58.496	14.15	16.44	0.05	7.71	1.266	276
58.528	14.13	16.42	0.07	7.73	1.266	276
58.560	14.13	16.42	0.05	7.71	1.266	276
58.592	14.13	16.41	0.06	7.72	1.266	276
58.624	14.16	16.44	0.05	7.71	1.266	276
58.656	14.15	16.44	0.04	7.70	1.266	276
58.688	14.16	16.44	0.07	7.73	1.266	276
58.720	14.15	16.44	0.05	7.71	1.266	276
58.752	14.16	16.45	0.05	7.71	1.266	276
58.784	14.19	16.47	0.05	7.72	1.261	275
58.816	14.11	16.40	0.03	7.69	1.261	275
58.848	14.13	16.41	0.07	7.73	1.261	275
58.880	14.19	16.48	0.06	7.72	1.261	275
58.912	14.11	16.40	0.05	7.71	1.261	275
58.944	14.19	16.48	0.04	7.70	1.261	275
58.976	16.81	19.09	-0.03	7.63	1.261	275
59.008	17.34	19.63	-0.00	7.66	1.261	275
59.040	17.60	19.88	-0.01	7.65	1.261	275
59.072	17.75	20.04	-0.04	7.63	1.261	275
59.104	18.07	20.36	-0.02	7.64	1.261	275
59.136	18.06	20.35	-0.04	7.62	1.261	275
59.168	18.42	20.71	-0.03	7.64	1.261	275
59.200	18.56	20.85	-0.02	7.64	1.261	275
59.232	18.66	20.94	-0.05	7.61	1.261	275
59.264	18.76	21.04	-0.03	7.63	1.261	275
59.296	18.87	21.16	-0.06	7.60	1.261	275
59.328	18.81	21.10	-0.04	7.62	1.261	275
59.360	18.81	21.10	-0.03	7.63	1.261	275
59.392	18.83	21.11	-0.06	7.60	1.261	275
59.424	18.94	21.23	-0.03	7.63	1.261	275
59.456	18.99	21.28	-0.05	7.61	1.261	275
59.488	18.94	21.22	-0.04	7.62	1.261	275
59.520	18.92	21.21	-0.03	7.64	1.261	275
59.552	18.93	21.21	-0.06	7.60	1.261	275
59.584	18.91	21.20	-0.03	7.63	1.261	275
59.616	18.87	21.15	-0.05	7.62	1.261	275
59.648	18.88	21.16	-0.05	7.61	1.261	275
59.680	18.90	21.18	-0.02	7.64	1.261	275
59.712	18.89	21.18	-0.06	7.60	1.261	275
59.744	18.90	21.19	-0.03	7.63	1.261	275
59.776	18.81	21.09	-0.05	7.62	1.261	275
59.808	18.81	21.10	-0.05	7.61	1.261	275
59.840	18.77	21.06	-0.02	7.64	1.261	275
59.872	18.74	21.03	-0.05	7.61	1.261	275
59.904	18.80	21.09	-0.04	7.62	1.261	275
59.936	18.78	21.07	-0.04	7.62	1.261	275
59.968	18.79	21.08	-0.05	7.61	1.261	275
60.000	18.78	21.07	-0.02	7.64	1.261	275
60.032	18.78	21.06	-0.05	7.61	1.261	275
60.064	18.77	21.06	-0.04	7.62	1.261	275
60.096	18.65	20.94	-0.04	7.62	1.261	275
60.128	18.69	20.98	-0.05	7.61	1.261	275
60.160	18.71	21.00	-0.02	7.64	1.261	275
60.192	18.69	20.98	-0.04	7.62	1.257	274
60.224	18.64	20.93	-0.04	7.63	1.257	274
60.256	18.67	20.95	-0.04	7.62	1.257	274
60.288	18.63	20.91	-0.06	7.60	1.257	274
60.320	18.61	20.89	-0.02	7.64	1.257	274
60.352	18.55	20.83	-0.04	7.62	1.257	274
60.384	18.60	20.89	-0.04	7.62	1.257	274
60.416	18.61	20.89	-0.03	7.63	1.257	274
60.448	18.61	20.89	-0.06	7.60	1.257	274
60.480	18.63	20.92	-0.02	7.64	1.257	274
60.512	18.68	20.97	-0.03	7.63	1.257	274
60.544	18.73	21.01	-0.04	7.62	1.257	274
60.576	18.64	20.92	-0.03	7.63	1.257	274
60.608	18.75	21.04	-0.06	7.60	1.257	274
60.640	18.76	21.05	-0.03	7.63	1.257	274
60.672	18.78	21.07	-0.03	7.63	1.257	274
60.704	18.75	21.03	-0.05	7.61	1.257	274
60.736	18.71	21.00	-0.03	7.63	1.257	274
60.768	18.74	21.02	-0.05	7.61	1.257	274
60.800	18.73	21.02	-0.03	7.63	1.257	274
60.832	18.74	21.03	-0.03	7.63	1.257	274
60.864	18.77	21.06	-0.05	7.61	1.257	274
60.896	18.86	21.14	-0.03	7.63	1.257	274
60.928	18.82	21.11	-0.05	7.61	1.257	274
60.960	18.81	21.10	-0.03	7.63	1.257	274
60.992	18.83	21.11	-0.03	7.64	1.257	274
61.024	18.91	21.19	-0.05	7.61	1.257	274
61.056	18.85	21.13	-0.03	7.63	1.257	274
61.088	18.94	21.22	-0.05	7.61	1.257	274
61.120	18.94	21.22	-0.04	7.62	1.261	275
61.152	18.91	21.20	-0.03	7.63	1.261	275
61.184	18.91	21.19	-0.06	7.60	1.261	275
61.216	18.92	21.20	-0.03	7.63	1.261	275
61.248	18.91	21.20	-0.05	7.61	1.261	275
61.280	18.85	21.13	-0.04	7.62	1.261	275
61.312	18.94	21.23	-0.03	7.64	1.261	275
61.344	18.94	21.23	-0.06	7.60	1.261	275
61.376	18.95	21.23	-0.03	7.63	1.261	275
61.408	18.92	21.21	-0.05	7.61	1.261	275
61.440	18.88	21.17	-0.04	7.62	1.261	275
61.472	18.93	21.22	-0.03	7.64	1.261	275
61.504	18.96	21.24	-0.06	7.60	1.261	275
61.536	18.90	21.18	-0.03	7.63	1.261	275
61.568	18.99	21.27	-0.05	7.61	1.261	275
61.600	18.93	21.22	-0.04	7.62	1.261	275
61.632	18.93	21.21	-0.03	7.64	1.261	275
61.664	18.93	21.21	-0.06	7.60	1.261	275
61.696	18.85	21.14	-0.04	7.63	1.261	275
61.728	18.85	21.13	-0.05	7.61	1.261	275
61.760	18.82	21.10	-0.05	7.61	1.261	275
61.792	18.83	21.12	-0.03	7.63	1.261	275
61.824	18.88	21.17	-0.06	7.60	1.261	275
61.856	18.84	21.13	-0.04	7.62	1.261	275
61.888	18.90	21.18	-0.05	7.62	1.261	275
61.920	18.86	21.15	-0.05	7.61	1.261	275
61.952	18.84	21.13	-0.02	7.64	1.261	275
61.984	18.79	21.08	-0.05	7.61	1.261	275
62.016	18.79	21.08	-0.04	7.62	1.261	275
62.048	18.79	21.07	-0.04	7.62	1.261	275
62.080	18.81	21.10	-0.05	7.61	1.261	275
62.112	18.81	21.10	-0.02	7.64	1.261	275
62.144	18.77	21.06	-0.05	7.61	1.261	275
62.176	18.74	21.02	-0.04	7.62	1.261	275
62.208	18.75	21.03	-0.04	7.62	1.261	275
62.240	18.65	20.94	-0.05	7.61	1.261	275
62.272	14.88	17.16	-0.03	7.63	1.261	275
62.304	1.29	3.58	-0.04	7.62	1.261	275
62.336	-0.09	2.20	-0.04	7.62	1.261	275
62.368	5.05	7.34	-0.04	7.62	1.261	275
62.400	6.70	8.98	-0.06	7.60	1.261	275
62.432	5.42	7.71	-0.03	7.63	1.261	275
62.464	3.34	5.62	-0.04	7.62	1.261	275
62.496	3.87	6.16	-0.05	7.61	1.261	275
62.528	5.28	7.56	-0.04	7.62	0.688	150
62.560	5.26	7.55	-0.06	7.60	0.688	150
62.592	4.36	6.65	-0.03	7.63	0.688	150
62.624	4.08	6.37	-0.04	7.62	0.688	150
62.656	4.61	6.90	-0.05	7.61	0.688	150
62.688	5.03	7.31	-0.05	7.61	0.688	150
62.720	4.72	7.00	-0.07	7.60	0.688	150
62.752	4.42	6.70	-0.04	7.62	0.688	150
62.784	4.55	6.84	-0.04	7.62	0.688	150
62.816	4.86	7.15	-0.06	7.60	0.688	150
62.848	4.90	7.19	-0.04	7.62	0.688	150
62.880	4.78	7.06	-0.07	7.59	0.688	150
62.912	4.77	7.05	-0.04	7.62	0.688	150
62.944	4.87	7.15	-0.04	7.62	0.688	150
62.976	4.97	7.25	-0.06	7.60	0.000	0
63.008	4.92	7.20	-0.04	7.62	0.000	0
63.040	4.84	7.13	-0.07	7.59	0.000	0
63.072	4.87	7.15	-0.05	7.61	0.000	0
63.104	4.94	7.23	-0.04	7.62	0.000	0
63.136	4.96	7.25	-0.07	7.60	0.000	0
63.168	4.93	7.22	-0.04	7.62	0.000	0
63.200	4.91	7.20	-0.06	7.60	0.000	0
63.232	4.95	7.24	-0.05	7.61	0.000	0
63.264	4.96	7.24	-0.04	7.62	0.000	0
63.296	4.93	7.22	-0.07	7.59	0.000	0
63.328	4.92	7.21	-0.05	7.62	0.000	0
63.360	4.92	7.20	-0.06	7.60	0.000	0
63.392	4.95	7.23	-0.05	7.61	0.000	0
63.424	4.94	7.22	-0.04	7.62	0.000	0
63.456	4.94	7.23	-0.07	7.59	0.000	0
63.488	4.93	7.21	-0.04	7.62	0.000	0
63.520	4.96	7.25	-0.06	7.60	0.000	0
63.552	4.91	7.20	-0.06	7.60	0.000	0
63.584	4.89	7.18	-0.03	7.63	0.000	0
63.616	4.82	7.10	-0.07	7.59	0.000	0
63.648	4.68	6.96	-0.04	7.62	0.000	0
63.680	4.79	7.07	-0.05	7.61	0.000	0
63.712	4.76	7.04	-0.06	7.60	0.000	0
63.744	4.81	7.10	-0.03	7.63	0.000	0
63.776	4.90	7.19	-0.07	7.59	0.000	0
63.808	4.90	7.19	-0.05	7.62	0.000	0
63.840	4.65	6.93	-0.04	7.62	0.000	0
63.872	3.99	6.28	-0.02	7.64	0.000	0
63.904	0.49	2.78	0.06	7.72	0.000	0
63.936	0.21	2.50	0.02	7.69	0.000	0
63.968	1.29	3.57	-0.01	7.65	0.000	0
64.000	3.10	5.39	-0.00	7.66	0.000	0
64.032	0.57	2.86	0.03	7.69	0.000	0
64.064	0.20	2.48	0.06	7.72	0.000	0
64.096	0.26	2.55	0.03	7.70	0.000	0
