Tempo(s)    P0(KPa) P0+Coluna(KPa)  P1(KPa) P1+Coluna(KPa)
0.003	-2.22	-2.22	-2.22	-2.22
0.030	-2.22	-2.22	-2.22	-2.22
0.060	5.88	5.88	-2.22	-2.22
0.090	5.88	5.88	7.71	7.71
0.120	5.88	5.88	7.71	7.71
0.149	5.88	5.88	7.71	7.71
0.179	5.88	5.88	7.69	7.69
0.209	5.88	5.88	7.69	7.69
0.239	5.88	5.88	7.69	7.69
0.269	5.88	5.88	7.72	7.72
0.298	5.88	5.88	7.72	7.72
0.328	5.87	5.87	7.72	7.72
0.358	5.87	5.87	7.59	7.59
0.388	5.87	5.87	7.59	7.59
0.418	5.89	5.89	7.59	7.59
0.447	5.89	5.89	7.73	7.73
0.477	5.89	5.89	7.73	7.73
0.507	5.86	5.86	7.73	7.73
0.537	5.86	5.86	7.63	7.63
0.566	5.86	5.86	7.63	7.63
0.596	5.88	5.88	7.63	7.63
0.626	-0.00	5.88	0.05	7.68
0.656	-0.00	5.88	0.05	7.68
0.685	0.01	5.88	0.05	7.68
0.715	0.01	5.88	0.09	7.72
0.745	0.01	5.88	0.09	7.72
0.775	-0.02	5.85	0.09	7.72
0.804	-0.02	5.85	-0.04	7.59
0.834	-0.02	5.85	-0.04	7.59
0.864	0.01	5.88	-0.04	7.59
0.894	0.01	5.88	0.10	7.73
0.924	0.01	5.88	0.10	7.73
0.953	-0.01	5.87	0.10	7.73
0.983	-0.01	5.87	0.00	7.63
1.013	-0.01	5.87	0.00	7.63
1.043	-0.00	5.88	0.00	7.63
1.072	-0.00	5.88	0.04	7.67
1.102	-0.00	5.88	0.04	7.67
1.132	-0.00	5.88	0.04	7.67
1.162	-0.00	5.88	0.09	7.72
1.192	-0.00	5.88	0.09	7.72
1.221	-0.01	5.87	0.09	7.72
1.251	-0.01	5.87	-0.04	7.59
1.281	-0.01	5.87	-0.04	7.59
1.311	0.03	5.91	-0.04	7.59
1.340	0.03	5.91	0.10	7.73
1.370	0.03	5.91	0.10	7.73
1.400	0.02	5.90	0.10	7.73
1.430	0.02	5.90	0.00	7.63
1.459	0.02	5.90	0.00	7.63
1.489	0.02	5.90	0.00	7.63
1.519	0.02	5.90	0.04	7.67
1.549	0.02	5.90	0.04	7.67
1.578	0.03	5.90	0.04	7.67
1.608	0.03	5.90	0.09	7.72
1.638	0.03	5.90	0.09	7.72
1.668	-0.01	5.87	0.09	7.72
1.698	-0.01	5.87	-0.04	7.59
1.727	-0.01	5.87	-0.04	7.59
1.757	0.02	5.89	-0.04	7.59
1.787	0.02	5.89	0.10	7.73
1.817	0.02	5.89	0.10	7.73
1.847	-0.00	5.88	0.10	7.73
1.876	-0.00	5.88	0.00	7.63
1.906	-0.00	5.88	0.00	7.63
1.936	0.01	5.89	0.00	7.63
1.966	0.01	5.89	0.04	7.67
1.995	0.01	5.89	0.04	7.67
2.025	0.02	5.89	0.04	7.67
2.055	0.02	5.89	0.09	7.72
2.085	0.02	5.89	0.09	7.72
2.114	-0.02	5.85	0.09	7.72
2.144	-0.02	5.85	-0.04	7.59
2.174	-0.02	5.85	-0.04	7.59
2.204	-0.00	5.88	-0.04	7.59
2.234	-0.00	5.88	0.10	7.73
2.263	-0.00	5.88	0.10	7.73
2.293	0.01	5.88	0.10	7.73
2.323	0.01	5.88	0.00	7.63
2.353	0.01	5.88	0.00	7.63
2.383	0.00	5.88	0.00	7.63
2.412	0.00	5.88	0.04	7.67
2.442	0.00	5.88	0.04	7.67
2.472	0.02	5.89	0.04	7.67
2.502	0.02	5.89	0.09	7.72
2.531	0.02	5.89	0.09	7.72
2.561	-0.01	5.87	0.09	7.72
2.591	-0.01	5.87	-0.04	7.59
2.621	-0.01	5.87	-0.04	7.59
2.650	0.04	5.92	-0.04	7.59
2.680	0.04	5.92	0.10	7.73
2.710	0.04	5.92	0.10	7.73
2.740	8.48	14.36	0.10	7.73
2.770	8.48	14.36	0.01	7.64
2.799	8.48	14.36	0.01	7.64
2.829	21.11	26.99	0.01	7.64
2.859	21.11	26.99	0.04	7.67
2.889	21.11	26.99	0.04	7.67
2.918	22.03	27.91	0.04	7.67
2.948	22.03	27.91	0.09	7.72
2.978	22.03	27.91	0.09	7.72
3.008	20.16	26.04	0.09	7.72
3.038	20.16	26.04	-0.03	7.59
3.067	20.16	26.04	-0.03	7.59
3.097	20.00	25.87	-0.03	7.59
3.127	20.00	25.87	0.10	7.73
3.157	20.00	25.87	0.10	7.73
3.186	19.93	25.81	0.10	7.73
3.216	19.93	25.81	0.00	7.63
3.246	19.93	25.81	0.00	7.63
3.276	19.86	25.74	0.00	7.63
3.306	19.86	25.74	0.04	7.67
3.335	19.86	25.74	0.04	7.67
3.365	19.84	25.72	0.04	7.67
3.395	19.84	25.72	0.10	7.72
3.425	19.84	25.72	0.10	7.72
3.454	19.96	25.83	0.10	7.72
3.484	19.96	25.83	-0.04	7.59
3.514	19.96	25.83	-0.04	7.59
3.544	19.92	25.80	-0.04	7.59
3.573	19.92	25.80	0.10	7.73
3.603	19.92	25.80	0.10	7.73
3.633	19.96	25.84	0.10	7.73
3.663	19.96	25.84	0.00	7.63
3.693	19.96	25.84	0.00	7.63
3.722	19.92	25.80	0.00	7.63
3.752	19.92	25.80	0.04	7.67
3.782	19.92	25.80	0.04	7.67
3.812	19.94	25.82	0.04	7.67
3.841	19.94	25.82	0.10	7.73
3.871	19.94	25.82	0.10	7.73
3.901	20.02	25.90	0.10	7.73
3.931	20.02	25.90	-0.04	7.59
3.960	20.02	25.90	-0.04	7.59
3.990	20.00	25.87	-0.04	7.59
4.020	20.00	25.87	0.10	7.73
4.050	20.00	25.87	0.10	7.73
4.080	20.06	25.94	0.10	7.73
4.109	20.06	25.94	0.00	7.63
4.139	20.06	25.94	0.00	7.63
4.169	20.14	26.01	0.00	7.63
4.199	20.14	26.01	0.04	7.67
4.228	20.14	26.01	0.04	7.67
4.258	20.21	26.09	0.04	7.67
4.288	20.21	26.09	0.10	7.73
4.318	20.21	26.09	0.10	7.73
4.348	20.16	26.04	0.10	7.73
4.377	20.16	26.04	-0.04	7.59
4.407	20.16	26.04	-0.04	7.59
4.437	20.19	26.07	-0.04	7.59
4.467	20.19	26.07	0.10	7.73
4.496	20.19	26.07	0.10	7.73
4.526	20.27	26.15	0.10	7.73
4.556	20.27	26.15	0.00	7.63
4.586	20.27	26.15	0.00	7.63
4.615	20.43	26.30	0.00	7.63
4.645	20.43	26.30	0.04	7.67
4.675	20.43	26.30	0.04	7.67
4.705	20.43	26.30	0.04	7.67
4.734	20.43	26.30	0.10	7.72
4.764	20.43	26.30	0.10	7.72
4.794	20.29	26.17	0.10	7.72
4.824	20.29	26.17	-0.04	7.59
4.853	20.29	26.17	-0.04	7.59
4.883	20.24	26.12	-0.04	7.59
4.913	20.24	26.12	0.10	7.73
4.943	20.24	26.12	0.10	7.73
4.973	20.38	26.25	0.10	7.73
5.002	20.38	26.25	0.01	7.63
5.032	20.38	26.25	0.01	7.63
5.062	20.32	26.20	0.01	7.63
5.092	20.32	26.20	0.04	7.67
5.121	20.32	26.20	0.04	7.67
5.151	20.23	26.11	0.04	7.67
5.181	20.23	26.11	0.09	7.72
5.211	20.23	26.11	0.09	7.72
5.241	20.31	26.19	0.09	7.72
5.270	20.31	26.19	-0.04	7.59
5.300	20.31	26.19	-0.04	7.59
5.330	20.38	26.26	-0.04	7.59
5.360	20.38	26.26	0.10	7.73
5.389	20.38	26.26	0.10	7.73
5.419	20.35	26.23	0.10	7.73
5.449	20.35	26.23	0.00	7.63
5.479	20.35	26.23	0.00	7.63
5.508	20.33	26.20	0.00	7.63
5.538	20.33	26.20	0.04	7.67
5.568	20.33	26.20	0.04	7.67
5.598	20.23	26.11	0.04	7.67
5.628	20.23	26.11	0.09	7.72
5.657	20.23	26.11	0.09	7.72
5.687	20.30	26.17	0.09	7.72
5.717	20.30	26.17	-0.03	7.60
5.747	20.30	26.17	-0.03	7.60
5.776	20.19	26.06	-0.03	7.60
5.806	20.19	26.06	0.10	7.73
5.836	20.19	26.06	0.10	7.73
5.866	20.20	26.08	0.10	7.73
5.895	20.20	26.08	0.00	7.63
5.925	20.20	26.08	0.00	7.63
5.955	20.20	26.08	0.00	7.63
5.985	20.20	26.08	0.05	7.67
6.015	20.20	26.08	0.05	7.67
6.044	20.21	26.09	0.05	7.67
6.074	20.21	26.09	0.09	7.72
6.104	20.21	26.09	0.09	7.72
6.134	20.24	26.12	0.09	7.72
6.163	20.24	26.12	-0.04	7.59
6.193	20.24	26.12	-0.04	7.59
6.223	20.24	26.12	-0.04	7.59
6.253	20.24	26.12	0.10	7.73
6.282	20.24	26.12	0.10	7.73
6.312	20.22	26.10	0.10	7.73
6.342	20.22	26.10	0.00	7.63
6.372	20.22	26.10	0.00	7.63
6.402	20.23	26.11	0.00	7.63
6.431	20.23	26.11	0.04	7.67
6.461	20.23	26.11	0.04	7.67
6.491	20.22	26.10	0.04	7.67
6.521	20.22	26.10	0.09	7.72
6.550	20.22	26.10	0.09	7.72
6.580	20.26	26.14	0.09	7.72
6.610	20.26	26.14	-0.04	7.59
6.640	20.26	26.14	-0.04	7.59
6.669	20.36	26.24	-0.04	7.59
6.699	20.36	26.24	0.10	7.73
6.729	20.36	26.24	0.10	7.73
6.759	20.44	26.32	0.10	7.73
6.788	20.44	26.32	0.01	7.63
6.818	20.44	26.32	0.01	7.63
6.848	20.41	26.29	0.01	7.63
6.878	20.41	26.29	0.05	7.67
6.908	20.41	26.29	0.05	7.67
6.937	20.37	26.25	0.05	7.67
6.967	20.37	26.25	0.09	7.72
6.997	20.37	26.25	0.09	7.72
7.027	20.37	26.25	0.09	7.72
7.056	20.37	26.25	-0.04	7.59
7.086	20.37	26.25	-0.04	7.59
7.116	20.43	26.30	-0.04	7.59
7.146	20.43	26.30	0.10	7.73
7.175	20.43	26.30	0.10	7.73
7.205	20.43	26.30	0.10	7.73
7.235	20.43	26.30	0.00	7.63
7.265	20.43	26.30	0.00	7.63
7.295	20.45	26.32	0.00	7.63
7.324	20.45	26.32	0.05	7.67
7.354	20.45	26.32	0.05	7.67
7.384	20.48	26.36	0.05	7.67
7.414	20.48	26.36	0.09	7.72
7.443	20.48	26.36	0.09	7.72
7.473	20.47	26.34	0.09	7.72
7.503	20.47	26.34	-0.03	7.59
7.533	20.47	26.34	-0.03	7.59
7.563	20.47	26.34	-0.03	7.59
7.592	20.47	26.34	0.10	7.73
7.622	20.47	26.34	0.10	7.73
7.652	20.45	26.33	0.10	7.73
7.682	20.45	26.33	0.00	7.63
7.711	20.45	26.33	0.00	7.63
7.741	20.39	26.27	0.00	7.63
7.771	20.39	26.27	0.05	7.68
7.801	20.39	26.27	0.05	7.68
7.830	20.43	26.30	0.05	7.68
7.860	20.43	26.30	0.09	7.72
7.890	20.43	26.30	0.09	7.72
7.920	20.33	26.21	0.09	7.72
7.949	20.33	26.21	-0.03	7.59
7.979	20.33	26.21	-0.03	7.59
8.009	20.40	26.28	-0.03	7.59
8.039	20.40	26.28	0.11	7.73
8.068	20.40	26.28	0.11	7.73
8.098	20.40	26.28	0.11	7.73
8.128	20.40	26.28	0.00	7.63
8.158	20.40	26.28	0.00	7.63
8.188	20.33	26.21	0.00	7.63
8.217	20.33	26.21	0.05	7.68
8.247	20.33	26.21	0.05	7.68
8.277	20.30	26.18	0.05	7.68
8.307	20.30	26.18	0.08	7.71
8.336	20.30	26.18	0.08	7.71
8.366	20.34	26.22	0.08	7.71
8.396	20.34	26.22	-0.04	7.59
8.426	20.34	26.22	-0.04	7.59
8.455	20.33	26.21	-0.04	7.59
8.485	20.33	26.21	0.10	7.73
8.515	20.33	26.21	0.10	7.73
8.545	20.30	26.17	0.10	7.73
8.574	20.30	26.17	-0.00	7.63
8.604	20.30	26.17	-0.00	7.63
8.634	20.30	26.18	-0.00	7.63
8.664	20.30	26.18	0.05	7.68
8.694	20.30	26.18	0.05	7.68
8.723	20.30	26.18	0.05	7.68
8.753	20.30	26.18	0.08	7.71
8.783	20.30	26.18	0.08	7.71
8.813	20.33	26.21	0.08	7.71
8.842	20.33	26.21	-0.03	7.59
8.872	20.33	26.21	-0.03	7.59
8.902	20.28	26.16	-0.03	7.59
8.932	20.28	26.16	0.10	7.73
8.961	20.28	26.16	0.10	7.73
8.991	20.31	26.19	0.10	7.73
9.021	20.31	26.19	-0.00	7.62
9.051	20.31	26.19	-0.00	7.62
9.081	20.36	26.24	-0.00	7.62
9.110	20.36	26.24	0.06	7.69
9.140	20.36	26.24	0.06	7.69
9.170	20.38	26.26	0.06	7.69
9.200	20.38	26.26	0.08	7.70
9.229	20.38	26.26	0.08	7.70
9.259	20.32	26.19	0.08	7.70
9.289	20.32	26.19	-0.04	7.59
9.319	20.32	26.19	-0.04	7.59
9.348	20.44	26.31	-0.04	7.59
9.378	20.44	26.31	0.11	7.74
9.408	20.44	26.31	0.11	7.74
9.438	20.44	26.31	0.11	7.74
9.468	20.44	26.31	-0.01	7.62
9.497	20.44	26.31	-0.01	7.62
9.527	20.41	26.29	-0.01	7.62
9.557	20.41	26.29	0.06	7.69
9.587	20.41	26.29	0.06	7.69
9.616	20.39	26.26	0.06	7.69
9.646	20.39	26.26	0.07	7.69
9.676	20.39	26.26	0.07	7.69
9.706	20.36	26.24	0.07	7.69
9.735	20.36	26.24	-0.04	7.59
9.765	20.36	26.24	-0.04	7.59
9.795	20.45	26.32	-0.04	7.59
9.825	20.45	26.32	0.11	7.74
9.855	20.45	26.32	0.11	7.74
9.884	20.55	26.43	0.11	7.74
9.914	20.55	26.43	-0.01	7.62
9.944	20.55	26.43	-0.01	7.62
9.974	20.56	26.44	-0.01	7.62
10.003	20.56	26.44	0.06	7.69
10.033	20.56	26.44	0.06	7.69
10.063	20.56	26.44	0.06	7.69
10.093	20.56	26.44	0.06	7.69
10.122	20.56	26.44	0.06	7.69
10.152	20.61	26.48	0.06	7.69
10.182	20.61	26.48	-0.03	7.59
10.212	20.61	26.48	-0.03	7.59
10.242	20.64	26.52	-0.03	7.59
10.271	20.64	26.52	0.11	7.73
10.301	20.64	26.52	0.11	7.73
10.331	20.59	26.47	0.11	7.73
10.361	20.59	26.47	-0.01	7.62
10.390	20.59	26.47	-0.01	7.62
10.420	20.58	26.45	-0.01	7.62
10.450	20.58	26.45	0.06	7.69
10.480	20.58	26.45	0.06	7.69
10.509	20.54	26.42	0.06	7.69
10.539	20.54	26.42	0.06	7.69
10.569	20.54	26.42	0.06	7.69
10.599	20.43	26.30	0.06	7.69
10.628	20.43	26.30	-0.03	7.60
10.658	20.43	26.30	-0.03	7.60
10.688	20.49	26.37	-0.03	7.60
10.718	20.49	26.37	0.11	7.74
10.748	20.49	26.37	0.11	7.74
10.777	20.54	26.42	0.11	7.74
10.807	20.54	26.42	-0.01	7.62
10.837	20.54	26.42	-0.01	7.62
10.867	20.59	26.47	-0.01	7.62
10.896	20.59	26.47	0.07	7.70
10.926	20.59	26.47	0.07	7.70
10.956	20.56	26.44	0.07	7.70
10.986	20.56	26.44	0.05	7.68
11.015	20.56	26.44	0.05	7.68
11.045	20.45	26.33	0.05	7.68
11.075	20.45	26.33	-0.03	7.60
11.105	20.45	26.33	-0.03	7.60
11.134	20.54	26.42	-0.03	7.60
11.164	20.54	26.42	0.11	7.74
11.194	20.54	26.42	0.11	7.74
11.224	20.47	26.34	0.11	7.74
11.253	20.47	26.34	-0.01	7.62
11.283	20.47	26.34	-0.01	7.62
11.313	20.54	26.42	-0.01	7.62
11.343	20.54	26.42	0.07	7.69
11.373	20.54	26.42	0.07	7.69
11.402	20.54	26.42	0.07	7.69
11.432	20.54	26.42	0.05	7.68
11.462	20.54	26.42	0.05	7.68
11.492	20.53	26.41	0.05	7.68
11.521	20.53	26.41	-0.03	7.60
11.551	20.53	26.41	-0.03	7.60
11.581	20.55	26.43	-0.03	7.60
11.611	20.55	26.43	0.11	7.74
11.640	20.55	26.43	0.11	7.74
11.670	20.57	26.45	0.11	7.74
11.700	20.57	26.45	-0.01	7.62
11.730	20.57	26.45	-0.01	7.62
11.759	20.56	26.44	-0.01	7.62
11.789	20.56	26.44	0.07	7.70
11.819	20.56	26.44	0.07	7.70
11.849	20.52	26.40	0.07	7.70
11.878	20.52	26.40	0.04	7.67
11.908	20.52	26.40	0.04	7.67
11.938	20.52	26.40	0.04	7.67
11.968	20.52	26.40	-0.03	7.60
11.998	20.52	26.40	-0.03	7.60
12.027	20.47	26.35	-0.03	7.60
12.057	20.47	26.35	0.11	7.74
12.087	20.47	26.35	0.11	7.74
12.117	20.51	26.39	0.11	7.74
12.146	20.51	26.39	-0.02	7.61
12.176	20.51	26.39	-0.02	7.61
12.206	20.53	26.41	-0.02	7.61
12.236	20.53	26.41	0.07	7.70
12.265	20.53	26.41	0.07	7.70
12.295	20.59	26.47	0.07	7.70
12.325	20.59	26.47	0.03	7.66
12.355	20.59	26.47	0.03	7.66
12.384	20.58	26.45	0.03	7.66
12.414	20.58	26.45	-0.02	7.61
12.444	20.58	26.45	-0.02	7.61
12.474	20.54	26.42	-0.02	7.61
12.503	20.54	26.42	0.11	7.74
12.533	20.54	26.42	0.11	7.74
12.563	20.59	26.47	0.11	7.74
12.593	20.59	26.47	-0.02	7.61
12.623	20.59	26.47	-0.02	7.61
12.652	20.60	26.48	-0.02	7.61
12.682	20.60	26.48	0.07	7.70
12.712	20.60	26.48	0.07	7.70
12.742	20.60	26.47	0.07	7.70
12.771	20.60	26.47	0.03	7.66
12.801	20.60	26.47	0.03	7.66
12.831	20.62	26.49	0.03	7.66
12.861	20.62	26.49	-0.02	7.61
12.890	20.62	26.49	-0.02	7.61
12.920	20.60	26.47	-0.02	7.61
12.950	20.60	26.47	0.11	7.74
12.980	20.60	26.47	0.11	7.74
13.009	20.63	26.51	0.11	7.74
13.039	20.63	26.51	-0.02	7.60
13.069	20.63	26.51	-0.02	7.60
13.099	20.65	26.53	-0.02	7.60
13.128	20.65	26.53	0.07	7.70
13.158	20.65	26.53	0.07	7.70
13.188	20.60	26.48	0.07	7.70
13.218	20.60	26.48	0.03	7.66
13.248	20.60	26.48	0.03	7.66
13.277	20.62	26.50	0.03	7.66
13.307	20.62	26.50	-0.01	7.62
13.337	20.62	26.50	-0.01	7.62
13.367	20.66	26.54	-0.01	7.62
13.396	20.66	26.54	0.11	7.74
13.426	20.66	26.54	0.11	7.74
13.456	20.67	26.55	0.11	7.74
13.486	20.67	26.55	-0.03	7.60
13.515	20.67	26.55	-0.03	7.60
13.545	20.66	26.54	-0.03	7.60
13.575	20.66	26.54	0.08	7.71
13.605	20.66	26.54	0.08	7.71
13.634	20.60	26.48	0.08	7.71
13.664	20.60	26.48	0.02	7.65
13.694	20.60	26.48	0.02	7.65
13.724	20.57	26.45	0.02	7.65
13.753	20.57	26.45	-0.01	7.62
13.783	20.57	26.45	-0.01	7.62
13.813	20.64	26.52	-0.01	7.62
13.843	20.64	26.52	0.11	7.74
13.873	20.64	26.52	0.11	7.74
13.902	20.63	26.51	0.11	7.74
13.932	20.63	26.51	-0.03	7.60
13.962	20.63	26.51	-0.03	7.60
13.992	20.60	26.48	-0.03	7.60
14.021	20.60	26.48	0.08	7.70
14.051	20.60	26.48	0.08	7.70
14.081	20.56	26.44	0.08	7.70
14.111	20.56	26.44	0.02	7.65
14.140	20.56	26.44	0.02	7.65
14.170	20.60	26.48	0.02	7.65
14.200	20.60	26.48	-0.00	7.63
14.230	20.60	26.48	-0.00	7.63
14.259	20.62	26.50	-0.00	7.63
14.289	20.62	26.50	0.11	7.74
14.319	20.62	26.50	0.11	7.74
14.349	20.64	26.52	0.11	7.74
14.378	20.64	26.52	-0.03	7.60
14.408	20.64	26.52	-0.03	7.60
14.438	20.67	26.55	-0.03	7.60
14.468	20.67	26.55	0.08	7.71
14.498	20.67	26.55	0.08	7.71
14.527	20.68	26.56	0.08	7.71
14.557	20.68	26.56	0.02	7.65
14.587	20.68	26.56	0.02	7.65
14.617	20.71	26.59	0.02	7.65
14.646	20.71	26.59	0.01	7.63
14.676	20.71	26.59	0.01	7.63
14.706	20.70	26.58	0.01	7.63
14.736	20.70	26.58	0.11	7.74
14.765	20.70	26.58	0.11	7.74
14.795	20.68	26.56	0.11	7.74
14.825	20.68	26.56	-0.03	7.59
14.855	20.68	26.56	-0.03	7.59
14.884	20.67	26.54	-0.03	7.59
14.914	20.67	26.54	0.08	7.71
14.944	20.67	26.54	0.08	7.71
14.974	20.69	26.57	0.08	7.71
15.003	20.69	26.57	0.01	7.64
15.033	20.69	26.57	0.01	7.64
15.063	20.61	26.48	0.01	7.64
15.093	20.61	26.48	0.01	7.64
15.123	20.61	26.48	0.01	7.64
15.152	20.57	26.45	0.01	7.64
15.182	20.57	26.45	0.11	7.73
15.212	20.57	26.45	0.11	7.73
15.242	20.65	26.53	0.11	7.73
15.271	20.65	26.53	-0.03	7.60
15.301	20.65	26.53	-0.03	7.60
15.331	20.66	26.53	-0.03	7.60
15.361	20.66	26.53	0.09	7.71
15.390	20.66	26.53	0.09	7.71
15.420	20.62	26.49	0.09	7.71
15.450	20.62	26.49	0.01	7.64
15.480	20.62	26.49	0.01	7.64
15.509	20.61	26.48	0.01	7.64
15.539	20.61	26.48	0.01	7.64
15.569	20.61	26.48	0.01	7.64
15.599	20.60	26.48	0.01	7.64
15.629	20.60	26.48	0.11	7.74
15.658	20.60	26.48	0.11	7.74
15.688	20.59	26.47	0.11	7.74
15.718	20.59	26.47	-0.03	7.60
15.748	20.59	26.47	-0.03	7.60
15.777	20.61	26.49	-0.03	7.60
15.807	20.61	26.49	0.09	7.71
15.837	20.61	26.49	0.09	7.71
15.867	20.58	26.45	0.09	7.71
15.896	20.58	26.45	0.01	7.64
15.926	20.58	26.45	0.01	7.64
15.956	20.61	26.49	0.01	7.64
15.986	20.61	26.49	0.02	7.64
16.015	20.61	26.49	0.02	7.64
16.045	20.74	26.62	0.02	7.64
16.075	20.74	26.62	0.11	7.73
16.105	20.74	26.62	0.11	7.73
16.134	20.71	26.59	0.11	7.73
16.164	20.71	26.59	-0.03	7.59
16.194	20.71	26.59	-0.03	7.59
16.224	20.62	26.49	-0.03	7.59
16.253	20.62	26.49	0.09	7.72
16.283	20.62	26.49	0.09	7.72
16.313	20.68	26.56	0.09	7.72
16.343	20.68	26.56	0.00	7.63
16.373	20.68	26.56	0.00	7.63
16.402	20.60	26.48	0.00	7.63
16.432	20.60	26.48	0.03	7.65
16.462	20.60	26.48	0.03	7.65
16.492	20.61	26.49	0.03	7.65
16.521	20.61	26.49	0.11	7.73
16.551	20.61	26.49	0.11	7.73
16.581	20.62	26.49	0.11	7.73
16.611	20.62	26.49	-0.03	7.60
16.640	20.62	26.49	-0.03	7.60
16.670	20.69	26.57	-0.03	7.60
16.700	20.69	26.57	0.09	7.72
16.730	20.69	26.57	0.09	7.72
16.759	20.68	26.55	0.09	7.72
16.789	20.68	26.55	0.01	7.63
16.819	20.68	26.55	0.01	7.63
16.849	20.58	26.45	0.01	7.63
16.878	20.58	26.45	0.03	7.65
16.908	20.58	26.45	0.03	7.65
16.938	20.51	26.39	0.03	7.65
16.968	20.51	26.39	0.10	7.73
16.998	20.51	26.39	0.10	7.73
17.027	20.54	26.42	0.10	7.73
17.057	20.54	26.42	-0.04	7.59
17.087	20.54	26.42	-0.04	7.59
17.117	20.61	26.49	-0.04	7.59
17.146	20.61	26.49	0.09	7.72
17.176	20.61	26.49	0.09	7.72
17.206	20.54	26.42	0.09	7.72
17.236	20.54	26.42	0.00	7.63
17.265	20.54	26.42	0.00	7.63
17.295	20.53	26.41	0.00	7.63
17.325	20.53	26.41	0.04	7.67
17.355	20.53	26.41	0.04	7.67
17.384	20.46	26.34	0.04	7.67
17.414	20.46	26.34	0.10	7.72
17.444	20.46	26.34	0.10	7.72
17.474	20.69	26.57	0.10	7.72
17.504	20.69	26.57	-0.04	7.58
17.533	20.69	26.57	-0.04	7.58
17.563	20.82	26.70	-0.04	7.58
17.593	20.82	26.70	0.09	7.72
17.623	20.82	26.70	0.09	7.72
17.652	20.91	26.79	0.09	7.72
17.682	20.91	26.79	-0.01	7.62
17.712	20.91	26.79	-0.01	7.62
17.742	20.88	26.76	-0.01	7.62
17.771	20.88	26.76	0.04	7.66
17.801	20.88	26.76	0.04	7.66
17.831	20.85	26.73	0.04	7.66
17.861	20.85	26.73	0.08	7.71
17.890	20.85	26.73	0.08	7.71
17.920	20.86	26.74	0.08	7.71
17.950	20.86	26.74	-0.04	7.58
17.980	20.86	26.74	-0.04	7.58
18.009	20.89	26.77	-0.04	7.58
18.039	20.89	26.77	0.09	7.72
18.069	20.89	26.77	0.09	7.72
18.099	20.88	26.76	0.09	7.72
18.129	20.88	26.76	-0.01	7.62
18.158	20.88	26.76	-0.01	7.62
18.188	20.91	26.79	-0.01	7.62
18.218	20.91	26.79	0.04	7.67
18.248	20.91	26.79	0.04	7.67
18.277	20.95	26.83	0.04	7.67
18.307	20.95	26.83	0.08	7.71
18.337	20.95	26.83	0.08	7.71
18.367	20.96	26.83	0.08	7.71
18.396	20.96	26.83	-0.05	7.58
18.426	20.96	26.83	-0.05	7.58
18.456	20.95	26.83	-0.05	7.58
18.486	20.95	26.83	0.10	7.72
18.515	20.95	26.83	0.10	7.72
18.545	20.72	26.60	0.10	7.72
18.575	20.72	26.60	0.00	7.63
18.605	20.72	26.60	0.00	7.63
18.634	20.52	26.40	0.00	7.63
18.664	20.52	26.40	0.07	7.70
18.694	20.52	26.40	0.07	7.70
18.724	20.59	26.47	0.07	7.70
18.753	20.59	26.47	0.08	7.71
18.783	20.59	26.47	0.08	7.71
18.813	20.60	26.47	0.08	7.71
18.843	20.60	26.47	-0.04	7.59
18.872	20.60	26.47	-0.04	7.59
18.902	20.62	26.49	-0.04	7.59
18.932	20.62	26.49	0.10	7.73
18.962	20.62	26.49	0.10	7.73
18.991	20.64	26.52	0.10	7.73
19.021	20.64	26.52	-0.00	7.62
19.051	20.64	26.52	-0.00	7.62
19.081	20.62	26.50	-0.00	7.62
19.111	20.62	26.50	0.05	7.68
19.140	20.62	26.50	0.05	7.68
19.170	20.55	26.43	0.05	7.68
19.200	20.55	26.43	0.07	7.70
19.230	20.55	26.43	0.07	7.70
19.259	20.53	26.41	0.07	7.70
19.289	20.53	26.41	-0.04	7.59
19.319	20.53	26.41	-0.04	7.59
19.349	20.60	26.48	-0.04	7.59
19.378	20.60	26.48	0.11	7.73
19.408	20.60	26.48	0.11	7.73
19.438	20.66	26.54	0.11	7.73
19.468	20.66	26.54	-0.01	7.62
19.497	20.66	26.54	-0.01	7.62
19.527	20.67	26.54	-0.01	7.62
19.557	20.67	26.54	0.06	7.68
19.587	20.67	26.54	0.06	7.68
19.617	20.56	26.43	0.06	7.68
19.646	20.56	26.43	0.07	7.69
19.676	20.56	26.43	0.07	7.69
19.706	20.53	26.40	0.07	7.69
19.736	20.53	26.40	-0.03	7.59
19.765	20.53	26.40	-0.03	7.59
19.795	20.62	26.50	-0.03	7.59
19.825	20.62	26.50	0.11	7.73
19.855	20.62	26.50	0.11	7.73
19.884	20.61	26.49	0.11	7.73
19.914	20.61	26.49	-0.01	7.62
19.944	20.61	26.49	-0.01	7.62
19.974	20.57	26.45	-0.01	7.62
20.003	20.57	26.45	0.06	7.69
20.033	20.57	26.45	0.06	7.69
20.063	20.62	26.50	0.06	7.69
20.093	20.62	26.50	0.06	7.69
20.122	20.62	26.50	0.06	7.69
20.152	20.65	26.53	0.06	7.69
20.182	20.65	26.53	-0.03	7.60
20.212	20.65	26.53	-0.03	7.60
20.242	20.71	26.59	-0.03	7.60
20.271	20.71	26.59	0.11	7.73
20.301	20.71	26.59	0.11	7.73
20.331	20.71	26.59	0.11	7.73
20.361	20.71	26.59	-0.01	7.62
20.390	20.71	26.59	-0.01	7.62
20.420	20.71	26.58	-0.01	7.62
20.450	20.71	26.58	0.07	7.70
20.480	20.71	26.58	0.07	7.70
20.509	20.71	26.59	0.07	7.70
20.539	20.71	26.59	0.06	7.69
20.569	20.71	26.59	0.06	7.69
20.599	20.63	26.51	0.06	7.69
20.628	20.63	26.51	-0.03	7.60
20.658	20.63	26.51	-0.03	7.60
20.688	20.67	26.55	-0.03	7.60
20.718	20.67	26.55	0.10	7.73
20.747	20.67	26.55	0.10	7.73
20.777	20.71	26.59	0.10	7.73
20.807	20.71	26.59	-0.01	7.62
20.837	20.71	26.59	-0.01	7.62
20.867	20.65	26.52	-0.01	7.62
20.896	20.65	26.52	0.07	7.69
20.926	20.65	26.52	0.07	7.69
20.956	20.71	26.59	0.07	7.69
20.986	20.71	26.59	0.05	7.67
21.015	20.71	26.59	0.05	7.67
21.045	20.81	26.69	0.05	7.67
21.075	20.81	26.69	-0.04	7.59
21.105	20.81	26.69	-0.04	7.59
21.134	20.88	26.75	-0.04	7.59
21.164	20.88	26.75	0.10	7.73
21.194	20.88	26.75	0.10	7.73
21.223	20.93	26.81	0.10	7.73
21.253	20.93	26.81	-0.03	7.60
21.283	20.93	26.81	-0.03	7.60
21.313	20.95	26.83	-0.03	7.60
21.342	20.95	26.83	0.06	7.69
21.372	20.95	26.83	0.06	7.69
21.402	20.92	26.80	0.06	7.69
21.432	20.92	26.80	0.03	7.66
21.462	20.92	26.80	0.03	7.66
21.491	20.96	26.84	0.03	7.66
21.521	20.96	26.84	-0.04	7.59
21.551	20.96	26.84	-0.04	7.59
21.581	20.99	26.87	-0.04	7.59
21.610	20.99	26.87	0.10	7.73
21.640	20.99	26.87	0.10	7.73
21.670	20.93	26.81	0.10	7.73
21.700	20.93	26.81	-0.03	7.60
21.729	20.93	26.81	-0.03	7.60
21.759	20.94	26.82	-0.03	7.60
21.789	20.94	26.82	0.06	7.69
21.819	20.94	26.82	0.06	7.69
21.848	20.86	26.74	0.06	7.69
21.878	20.86	26.74	0.03	7.65
21.908	20.86	26.74	0.03	7.65
21.938	20.87	26.75	0.03	7.65
21.967	20.87	26.75	-0.03	7.60
21.997	20.87	26.75	-0.03	7.60
22.027	20.88	26.75	-0.03	7.60
22.057	20.88	26.75	0.10	7.73
22.087	20.88	26.75	0.10	7.73
22.116	20.88	26.75	0.10	7.73
22.146	20.88	26.75	-0.03	7.59
22.176	20.88	26.75	-0.03	7.59
22.206	20.86	26.74	-0.03	7.59
22.235	20.86	26.74	0.06	7.69
22.265	20.86	26.74	0.06	7.69
22.295	20.88	26.75	0.06	7.69
22.325	20.88	26.75	0.02	7.64
22.354	20.88	26.75	0.02	7.64
22.384	20.87	26.75	0.02	7.64
22.414	20.87	26.75	-0.02	7.61
22.444	20.87	26.75	-0.02	7.61
22.473	20.89	26.76	-0.02	7.61
22.503	20.89	26.76	0.10	7.73
22.533	20.89	26.76	0.10	7.73
22.563	20.88	26.75	0.10	7.73
22.593	20.88	26.75	-0.04	7.59
22.622	20.88	26.75	-0.04	7.59
22.652	20.89	26.77	-0.04	7.59
22.682	20.89	26.77	0.07	7.69
22.712	20.89	26.77	0.07	7.69
22.741	20.90	26.78	0.07	7.69
22.771	20.90	26.78	0.01	7.64
22.801	20.90	26.78	0.01	7.64
22.831	20.85	26.72	0.01	7.64
22.860	20.85	26.72	-0.01	7.61
22.890	20.85	26.72	-0.01	7.61
22.920	20.87	26.75	-0.01	7.61
22.950	20.87	26.75	0.10	7.73
22.979	20.87	26.75	0.10	7.73
23.009	20.83	26.71	0.10	7.73
23.039	20.83	26.71	-0.04	7.59
23.069	20.83	26.71	-0.04	7.59
23.098	20.88	26.75	-0.04	7.59
23.128	20.88	26.75	0.07	7.70
23.158	20.88	26.75	0.07	7.70
23.188	20.87	26.75	0.07	7.70
23.217	20.87	26.75	0.01	7.64
23.247	20.87	26.75	0.01	7.64
23.277	20.87	26.75	0.01	7.64
23.307	20.87	26.75	0.00	7.63
23.336	20.87	26.75	0.00	7.63
23.366	20.93	26.80	0.00	7.63
23.396	20.93	26.80	0.10	7.73
23.426	20.93	26.80	0.10	7.73
23.455	20.88	26.76	0.10	7.73
23.485	20.88	26.76	-0.04	7.59
23.515	20.88	26.76	-0.04	7.59
23.545	20.88	26.75	-0.04	7.59
23.574	20.88	26.75	0.08	7.70
23.604	20.88	26.75	0.08	7.70
23.634	20.88	26.75	0.08	7.70
23.664	20.88	26.75	0.00	7.63
23.693	20.88	26.75	0.00	7.63
23.723	20.85	26.72	0.00	7.63
23.753	20.85	26.72	0.01	7.64
23.783	20.85	26.72	0.01	7.64
23.812	20.85	26.73	0.01	7.64
23.842	20.85	26.73	0.10	7.73
23.872	20.85	26.73	0.10	7.73
23.902	20.83	26.71	0.10	7.73
23.931	20.83	26.71	-0.04	7.59
23.961	20.83	26.71	-0.04	7.59
23.991	20.88	26.75	-0.04	7.59
24.021	20.88	26.75	0.08	7.71
24.050	20.88	26.75	0.08	7.71
24.080	20.86	26.74	0.08	7.71
24.110	20.86	26.74	0.00	7.63
24.140	20.86	26.74	0.00	7.63
24.169	20.84	26.72	0.00	7.63
24.199	20.84	26.72	0.02	7.65
24.229	20.84	26.72	0.02	7.65
24.259	20.88	26.76	0.02	7.65
24.288	20.88	26.76	0.10	7.72
24.318	20.88	26.76	0.10	7.72
24.348	20.90	26.78	0.10	7.72
24.378	20.90	26.78	-0.05	7.58
24.407	20.90	26.78	-0.05	7.58
24.437	20.89	26.77	-0.05	7.58
24.467	20.89	26.77	0.09	7.71
24.497	20.89	26.77	0.09	7.71
24.526	20.94	26.82	0.09	7.71
24.556	20.94	26.82	-0.01	7.62
24.586	20.94	26.82	-0.01	7.62
24.616	20.96	26.83	-0.01	7.62
24.645	20.96	26.83	0.03	7.66
24.675	20.96	26.83	0.03	7.66
24.705	20.96	26.84	0.03	7.66
24.735	20.96	26.84	0.09	7.72
24.764	20.96	26.84	0.09	7.72
24.794	20.98	26.85	0.09	7.72
24.824	20.98	26.85	-0.04	7.58
24.854	20.98	26.85	-0.04	7.58
24.883	20.96	26.84	-0.04	7.58
24.913	20.96	26.84	0.09	7.72
24.943	20.96	26.84	0.09	7.72
24.973	20.94	26.82	0.09	7.72
25.003	20.94	26.82	-0.00	7.62
25.032	20.94	26.82	-0.00	7.62
25.062	20.86	26.74	-0.00	7.62
25.092	20.86	26.74	0.04	7.67
25.122	20.86	26.74	0.04	7.67
25.151	20.88	26.76	0.04	7.67
25.181	20.88	26.76	0.08	7.71
25.211	20.88	26.76	0.08	7.71
25.241	20.87	26.75	0.08	7.71
25.270	20.87	26.75	-0.04	7.58
25.300	20.87	26.75	-0.04	7.58
25.330	20.84	26.72	-0.04	7.58
25.360	20.84	26.72	0.10	7.72
25.389	20.84	26.72	0.10	7.72
25.419	20.86	26.74	0.10	7.72
25.449	20.86	26.74	-0.01	7.62
25.479	20.86	26.74	-0.01	7.62
25.508	20.83	26.71	-0.01	7.62
25.538	20.83	26.71	0.05	7.67
25.568	20.83	26.71	0.05	7.67
25.598	20.79	26.67	0.05	7.67
25.628	20.79	26.67	0.07	7.70
25.657	20.79	26.67	0.07	7.70
25.687	20.74	26.62	0.07	7.70
25.717	20.74	26.62	-0.04	7.59
25.747	20.74	26.62	-0.04	7.59
25.776	20.78	26.66	-0.04	7.59
25.806	20.78	26.66	0.10	7.73
25.836	20.78	26.66	0.10	7.73
25.866	20.77	26.65	0.10	7.73
25.895	20.77	26.65	-0.01	7.61
25.925	20.77	26.65	-0.01	7.61
25.955	20.78	26.65	-0.01	7.61
25.985	20.78	26.65	0.05	7.68
26.014	20.78	26.65	0.05	7.68
26.044	20.79	26.67	0.05	7.68
26.074	20.79	26.67	0.06	7.69
26.104	20.79	26.67	0.06	7.69
26.133	20.79	26.67	0.06	7.69
26.163	20.79	26.67	-0.04	7.59
26.193	20.79	26.67	-0.04	7.59
26.223	20.80	26.67	-0.04	7.59
26.253	20.80	26.67	0.10	7.73
26.282	20.80	26.67	0.10	7.73
26.312	20.84	26.72	0.10	7.73
26.342	20.84	26.72	-0.01	7.61
26.372	20.84	26.72	-0.01	7.61
26.401	20.74	26.62	-0.01	7.61
26.431	20.74	26.62	0.06	7.69
26.461	20.74	26.62	0.06	7.69
26.491	20.86	26.73	0.06	7.69
26.520	20.86	26.73	0.05	7.67
26.550	20.86	26.73	0.05	7.67
26.580	20.82	26.70	0.05	7.67
26.610	20.82	26.70	-0.04	7.59
26.639	20.82	26.70	-0.04	7.59
26.669	20.77	26.65	-0.04	7.59
26.699	20.77	26.65	0.11	7.73
26.729	20.77	26.65	0.11	7.73
26.758	20.76	26.64	0.11	7.73
26.788	20.76	26.64	-0.02	7.61
26.818	20.76	26.64	-0.02	7.61
26.848	20.74	26.62	-0.02	7.61
26.877	20.74	26.62	0.07	7.69
26.907	20.74	26.62	0.07	7.69
26.937	20.74	26.62	0.07	7.69
26.967	20.74	26.62	0.04	7.66
26.997	20.74	26.62	0.04	7.66
27.026	20.79	26.67	0.04	7.66
27.056	20.79	26.67	-0.03	7.60
27.086	20.79	26.67	-0.03	7.60
27.116	20.74	26.61	-0.03	7.60
27.145	20.74	26.61	0.11	7.73
27.175	20.74	26.61	0.11	7.73
27.205	20.74	26.62	0.11	7.73
27.235	20.74	26.62	-0.03	7.60
27.264	20.74	26.62	-0.03	7.60
27.294	20.74	26.62	-0.03	7.60
27.324	20.74	26.62	0.06	7.69
27.354	20.74	26.62	0.06	7.69
27.383	20.74	26.62	0.06	7.69
27.413	20.74	26.62	0.03	7.65
27.443	20.74	26.62	0.03	7.65
27.473	20.72	26.60	0.03	7.65
27.503	20.72	26.60	-0.03	7.60
27.532	20.72	26.60	-0.03	7.60
27.562	20.71	26.59	-0.03	7.60
27.592	20.71	26.59	0.11	7.73
27.622	20.71	26.59	0.11	7.73
27.651	20.68	26.56	0.11	7.73
27.681	20.68	26.56	-0.03	7.60
27.711	20.68	26.56	-0.03	7.60
27.741	20.71	26.59	-0.03	7.60
27.770	20.71	26.59	0.07	7.70
27.800	20.71	26.59	0.07	7.70
27.830	20.76	26.63	0.07	7.70
27.860	20.76	26.63	0.02	7.65
27.889	20.76	26.63	0.02	7.65
27.919	20.81	26.69	0.02	7.65
27.949	20.81	26.69	-0.01	7.61
27.979	20.81	26.69	-0.01	7.61
28.008	20.80	26.68	-0.01	7.61
28.038	20.80	26.68	0.11	7.73
28.068	20.80	26.68	0.11	7.73
28.098	20.75	26.63	0.11	7.73
28.127	20.75	26.63	-0.03	7.60
28.157	20.75	26.63	-0.03	7.60
28.187	20.81	26.69	-0.03	7.60
28.217	20.81	26.69	0.07	7.70
28.247	20.81	26.69	0.07	7.70
28.276	20.86	26.73	0.07	7.70
28.306	20.86	26.73	0.01	7.64
28.336	20.86	26.73	0.01	7.64
28.366	20.91	26.79	0.01	7.64
28.395	20.91	26.79	0.00	7.63
28.425	20.91	26.79	0.00	7.63
28.455	20.93	26.81	0.00	7.63
28.485	20.93	26.81	0.10	7.73
28.514	20.93	26.81	0.10	7.73
28.544	20.94	26.82	0.10	7.73
28.574	20.94	26.82	-0.04	7.59
28.604	20.94	26.82	-0.04	7.59
28.633	21.01	26.89	-0.04	7.59
28.663	21.01	26.89	0.08	7.71
28.693	21.01	26.89	0.08	7.71
28.723	20.97	26.85	0.08	7.71
28.752	20.97	26.85	0.00	7.63
28.782	20.97	26.85	0.00	7.63
28.812	20.97	26.85	0.00	7.63
28.842	20.97	26.85	0.01	7.64
28.871	20.97	26.85	0.01	7.64
28.901	20.95	26.82	0.01	7.64
28.931	20.95	26.82	0.10	7.73
28.961	20.95	26.82	0.10	7.73
28.990	20.92	26.80	0.10	7.73
29.020	20.92	26.80	-0.04	7.59
29.050	20.92	26.80	-0.04	7.59
29.080	20.94	26.82	-0.04	7.59
29.109	20.94	26.82	0.08	7.71
29.139	20.94	26.82	0.08	7.71
29.169	20.91	26.79	0.08	7.71
29.199	20.91	26.79	0.00	7.63
29.229	20.91	26.79	0.00	7.63
29.258	20.91	26.79	0.00	7.63
29.288	20.91	26.79	0.02	7.65
29.318	20.91	26.79	0.02	7.65
29.348	20.95	26.83	0.02	7.65
29.377	20.95	26.83	0.10	7.73
29.407	20.95	26.83	0.10	7.73
29.437	20.83	26.71	0.10	7.73
29.467	20.83	26.71	-0.04	7.59
29.496	20.83	26.71	-0.04	7.59
29.526	20.83	26.70	-0.04	7.59
29.556	20.83	26.70	0.09	7.72
29.586	20.83	26.70	0.09	7.72
29.615	20.85	26.72	0.09	7.72
29.645	20.85	26.72	-0.00	7.62
29.675	20.85	26.72	-0.00	7.62
29.705	20.86	26.74	-0.00	7.62
29.734	20.86	26.74	0.03	7.66
29.764	20.86	26.74	0.03	7.66
29.794	20.86	26.74	0.03	7.66
29.824	20.86	26.74	0.09	7.72
29.854	20.86	26.74	0.09	7.72
29.883	20.82	26.70	0.09	7.72
29.913	20.82	26.70	-0.04	7.58
29.943	20.82	26.70	-0.04	7.58
29.973	20.82	26.70	-0.04	7.58
30.002	20.82	26.70	0.09	7.72
30.032	20.82	26.70	0.09	7.72
30.062	20.79	26.67	0.09	7.72
30.092	20.79	26.67	-0.01	7.62
30.121	20.79	26.67	-0.01	7.62
30.151	20.83	26.71	-0.01	7.62
30.181	20.83	26.71	0.04	7.67
30.211	20.83	26.71	0.04	7.67
30.240	20.91	26.79	0.04	7.67
30.270	20.91	26.79	0.08	7.71
30.300	20.91	26.79	0.08	7.71
30.330	20.82	26.70	0.08	7.71
30.360	20.82	26.70	-0.04	7.59
30.389	20.82	26.70	-0.04	7.59
30.419	20.85	26.73	-0.04	7.59
30.449	20.85	26.73	0.10	7.72
30.479	20.85	26.73	0.10	7.72
30.508	20.87	26.75	0.10	7.72
30.538	20.87	26.75	-0.01	7.62
30.568	20.87	26.75	-0.01	7.62
30.598	20.90	26.78	-0.01	7.62
30.627	20.90	26.78	0.05	7.68
30.657	20.90	26.78	0.05	7.68
30.687	20.84	26.72	0.05	7.68
30.717	20.84	26.72	0.07	7.70
30.746	20.84	26.72	0.07	7.70
30.776	20.82	26.70	0.07	7.70
30.806	20.82	26.70	-0.04	7.59
30.836	20.82	26.70	-0.04	7.59
30.865	20.80	26.67	-0.04	7.59
30.895	20.80	26.67	0.10	7.73
30.925	20.80	26.67	0.10	7.73
30.955	20.81	26.69	0.10	7.73
30.985	20.81	26.69	-0.01	7.61
31.014	20.81	26.69	-0.01	7.61
31.044	20.81	26.69	-0.01	7.61
31.074	20.81	26.69	0.06	7.68
31.104	20.81	26.69	0.06	7.68
31.133	20.81	26.69	0.06	7.68
31.163	20.81	26.69	0.06	7.69
31.193	20.81	26.69	0.06	7.69
31.223	20.83	26.71	0.06	7.69
31.252	20.83	26.71	-0.04	7.59
31.282	20.83	26.71	-0.04	7.59
31.312	20.77	26.65	-0.04	7.59
31.342	20.77	26.65	0.10	7.73
31.371	20.77	26.65	0.10	7.73
31.401	20.75	26.63	0.10	7.73
31.431	20.75	26.63	-0.01	7.61
31.461	20.75	26.63	-0.01	7.61
31.490	20.84	26.71	-0.01	7.61
31.520	20.84	26.71	0.06	7.69
31.550	20.84	26.71	0.06	7.69
31.580	20.85	26.73	0.06	7.69
31.609	20.85	26.73	0.05	7.68
31.639	20.85	26.73	0.05	7.68
31.669	20.84	26.72	0.05	7.68
31.699	20.84	26.72	-0.04	7.59
31.729	20.84	26.72	-0.04	7.59
31.758	20.88	26.76	-0.04	7.59
31.788	20.88	26.76	0.10	7.73
31.818	20.88	26.76	0.10	7.73
31.848	20.87	26.75	0.10	7.73
31.877	20.87	26.75	-0.02	7.61
31.907	20.87	26.75	-0.02	7.61
31.937	20.86	26.74	-0.02	7.61
31.967	20.86	26.74	0.06	7.69
31.996	20.86	26.74	0.06	7.69
32.026	20.86	26.74	0.06	7.69
32.056	20.86	26.74	0.04	7.67
32.086	20.86	26.74	0.04	7.67
32.115	20.87	26.74	0.04	7.67
32.145	20.87	26.74	-0.04	7.59
32.175	20.87	26.74	-0.04	7.59
32.205	20.83	26.70	-0.04	7.59
32.234	20.83	26.70	0.11	7.73
32.264	20.83	26.70	0.11	7.73
32.294	20.86	26.74	0.11	7.73
32.324	20.86	26.74	-0.02	7.60
32.354	20.86	26.74	-0.02	7.60
32.383	20.86	26.73	-0.02	7.60
32.413	20.86	26.73	0.06	7.69
32.443	20.86	26.73	0.06	7.69
32.473	20.83	26.71	0.06	7.69
32.502	20.83	26.71	0.03	7.66
32.532	20.83	26.71	0.03	7.66
32.562	20.79	26.67	0.03	7.66
32.592	20.79	26.67	-0.03	7.60
32.621	20.79	26.67	-0.03	7.60
32.651	20.86	26.74	-0.03	7.60
32.681	20.86	26.74	0.11	7.73
32.711	20.86	26.74	0.11	7.73
32.740	20.86	26.73	0.11	7.73
32.770	20.86	26.73	-0.03	7.60
32.800	20.86	26.73	-0.03	7.60
32.830	20.86	26.74	-0.03	7.60
32.859	20.86	26.74	0.07	7.69
32.889	20.86	26.74	0.07	7.69
32.919	20.86	26.74	0.07	7.69
32.949	20.86	26.74	0.03	7.65
32.978	20.86	26.74	0.03	7.65
33.008	20.83	26.71	0.03	7.65
33.038	20.83	26.71	-0.02	7.61
33.068	20.83	26.71	-0.02	7.61
33.098	20.88	26.76	-0.02	7.61
33.127	20.88	26.76	0.10	7.73
33.157	20.88	26.76	0.10	7.73
33.187	20.87	26.75	0.10	7.73
33.217	20.87	26.75	-0.03	7.59
33.246	20.87	26.75	-0.03	7.59
33.276	20.82	26.69	-0.03	7.59
33.306	20.82	26.69	0.07	7.70
33.336	20.82	26.69	0.07	7.70
33.365	20.83	26.70	0.07	7.70
33.395	20.83	26.70	0.02	7.64
33.425	20.83	26.70	0.02	7.64
33.455	20.80	26.68	0.02	7.64
33.484	20.80	26.68	-0.01	7.62
33.514	20.80	26.68	-0.01	7.62
33.544	20.89	26.76	-0.01	7.62
33.574	20.89	26.76	0.11	7.74
33.603	20.89	26.76	0.11	7.74
33.633	20.92	26.80	0.11	7.74
33.663	20.92	26.80	-0.03	7.59
33.693	20.92	26.80	-0.03	7.59
33.722	20.97	26.85	-0.03	7.59
33.752	20.97	26.85	0.08	7.70
33.782	20.97	26.85	0.08	7.70
33.812	20.98	26.86	0.08	7.70
33.842	20.98	26.86	0.01	7.64
33.871	20.98	26.86	0.01	7.64
33.901	20.93	26.81	0.01	7.64
33.931	20.93	26.81	-0.00	7.62
33.961	20.93	26.81	-0.00	7.62
33.990	20.95	26.83	-0.00	7.62
34.020	20.95	26.83	0.10	7.73
34.050	20.95	26.83	0.10	7.73
34.080	20.92	26.80	0.10	7.73
34.109	20.92	26.80	-0.04	7.59
34.139	20.92	26.80	-0.04	7.59
34.169	20.98	26.86	-0.04	7.59
34.199	20.98	26.86	0.08	7.71
34.228	20.98	26.86	0.08	7.71
34.258	20.99	26.87	0.08	7.71
34.288	20.99	26.87	0.01	7.63
34.318	20.99	26.87	0.01	7.63
34.348	20.99	26.86	0.01	7.63
34.377	20.99	26.86	0.01	7.63
34.407	20.99	26.86	0.01	7.63
34.437	20.93	26.80	0.01	7.63
34.467	20.93	26.80	0.10	7.73
34.496	20.93	26.80	0.10	7.73
34.526	20.94	26.82	0.10	7.73
34.556	20.94	26.82	-0.04	7.59
34.586	20.94	26.82	-0.04	7.59
34.615	20.96	26.84	-0.04	7.59
34.645	20.96	26.84	0.08	7.71
34.675	20.96	26.84	0.08	7.71
34.705	20.95	26.83	0.08	7.71
34.734	20.95	26.83	0.00	7.63
34.764	20.95	26.83	0.00	7.63
34.794	20.92	26.80	0.00	7.63
34.824	20.92	26.80	0.01	7.64
34.853	20.92	26.80	0.01	7.64
34.883	20.86	26.74	0.01	7.64
34.913	20.86	26.74	0.10	7.73
34.943	20.86	26.74	0.10	7.73
34.973	20.85	26.73	0.10	7.73
35.002	20.85	26.73	-0.04	7.59
35.032	20.85	26.73	-0.04	7.59
35.062	20.83	26.71	-0.04	7.59
35.092	20.83	26.71	0.09	7.72
35.121	20.83	26.71	0.09	7.72
35.151	20.75	26.63	0.09	7.72
35.181	20.75	26.63	-0.00	7.63
35.211	20.75	26.63	-0.00	7.63
35.240	20.76	26.64	-0.00	7.63
35.270	20.76	26.64	0.03	7.65
35.300	20.76	26.64	0.03	7.65
35.330	20.76	26.64	0.03	7.65
35.359	20.76	26.64	0.10	7.73
35.389	20.76	26.64	0.10	7.73
35.419	20.67	26.55	0.10	7.73
35.449	20.67	26.55	-0.04	7.58
35.478	20.67	26.55	-0.04	7.58
35.508	20.67	26.55	-0.04	7.58
35.538	20.67	26.55	0.09	7.72
35.568	20.67	26.55	0.09	7.72
35.598	20.68	26.56	0.09	7.72
35.627	20.68	26.56	0.00	7.63
35.657	20.68	26.56	0.00	7.63
35.687	20.65	26.52	0.00	7.63
35.716	20.65	26.52	0.04	7.66
35.746	20.65	26.52	0.04	7.66
35.776	20.72	26.60	0.04	7.66
35.806	20.72	26.60	0.09	7.72
35.836	20.72	26.60	0.09	7.72
35.865	20.70	26.58	0.09	7.72
35.895	20.70	26.58	-0.04	7.59
35.925	20.70	26.58	-0.04	7.59
35.955	20.71	26.59	-0.04	7.59
35.984	20.71	26.59	0.09	7.72
36.014	20.71	26.59	0.09	7.72
36.044	20.76	26.63	0.09	7.72
36.074	20.76	26.63	0.00	7.63
36.103	20.76	26.63	0.00	7.63
36.133	20.69	26.57	0.00	7.63
36.163	20.69	26.57	0.04	7.67
36.193	20.69	26.57	0.04	7.67
36.222	20.65	26.53	0.04	7.67
36.252	20.65	26.53	0.09	7.71
36.282	20.65	26.53	0.09	7.71
36.312	20.62	26.50	0.09	7.71
36.341	20.62	26.50	-0.04	7.59
36.371	20.62	26.50	-0.04	7.59
36.401	20.71	26.59	-0.04	7.59
36.431	20.71	26.59	0.10	7.72
36.460	20.71	26.59	0.10	7.72
36.490	20.69	26.57	0.10	7.72
36.520	20.69	26.57	-0.00	7.62
36.550	20.69	26.57	-0.00	7.62
36.579	20.66	26.54	-0.00	7.62
36.609	20.66	26.54	0.04	7.67
36.639	20.66	26.54	0.04	7.67
36.669	20.62	26.50	0.04	7.67
36.699	20.62	26.50	0.08	7.71
36.728	20.62	26.50	0.08	7.71
36.758	20.60	26.48	0.08	7.71
36.788	20.60	26.48	-0.04	7.58
36.818	20.60	26.48	-0.04	7.58
36.847	20.68	26.56	-0.04	7.58
36.877	20.68	26.56	0.10	7.72
36.907	20.68	26.56	0.10	7.72
36.937	20.70	26.58	0.10	7.72
36.966	20.70	26.58	-0.01	7.62
36.996	20.70	26.58	-0.01	7.62
37.026	20.65	26.52	-0.01	7.62
37.056	20.65	26.52	0.05	7.68
37.085	20.65	26.52	0.05	7.68
37.115	20.66	26.53	0.05	7.68
37.145	20.66	26.53	0.07	7.70
37.175	20.66	26.53	0.07	7.70
37.204	20.67	26.55	0.07	7.70
37.234	20.67	26.55	-0.04	7.59
37.264	20.67	26.55	-0.04	7.59
37.294	20.69	26.57	-0.04	7.59
37.324	20.69	26.57	0.10	7.73
37.353	20.69	26.57	0.10	7.73
37.383	20.70	26.57	0.10	7.73
37.413	20.70	26.57	-0.01	7.62
37.443	20.70	26.57	-0.01	7.62
37.472	20.66	26.54	-0.01	7.62
37.502	20.66	26.54	0.05	7.68
37.532	20.66	26.54	0.05	7.68
37.562	20.61	26.49	0.05	7.68
37.591	20.61	26.49	0.07	7.70
37.621	20.61	26.49	0.07	7.70
37.651	20.66	26.54	0.07	7.70
37.681	20.66	26.54	-0.04	7.59
37.710	20.66	26.54	-0.04	7.59
37.740	20.62	26.50	-0.04	7.59
37.770	20.62	26.50	0.10	7.73
37.800	20.62	26.50	0.10	7.73
37.829	20.67	26.55	0.10	7.73
37.859	20.67	26.55	-0.01	7.62
37.889	20.67	26.55	-0.01	7.62
37.919	20.64	26.52	-0.01	7.62
37.948	20.64	26.52	0.05	7.68
37.978	20.64	26.52	0.05	7.68
38.008	20.65	26.53	0.05	7.68
38.038	20.65	26.53	0.06	7.69
38.068	20.65	26.53	0.06	7.69
38.097	20.62	26.49	0.06	7.69
38.127	20.62	26.49	-0.04	7.59
38.157	20.62	26.49	-0.04	7.59
38.187	20.66	26.54	-0.04	7.59
38.216	20.66	26.54	0.11	7.73
38.246	20.66	26.54	0.11	7.73
38.276	20.66	26.54	0.11	7.73
38.306	20.66	26.54	-0.01	7.62
38.335	20.66	26.54	-0.01	7.62
38.365	20.66	26.54	-0.01	7.62
38.395	20.66	26.54	0.05	7.68
38.425	20.66	26.54	0.05	7.68
38.454	20.74	26.62	0.05	7.68
38.484	20.74	26.62	0.06	7.69
38.514	20.74	26.62	0.06	7.69
38.544	20.71	26.59	0.06	7.69
38.574	20.71	26.59	-0.04	7.59
38.603	20.71	26.59	-0.04	7.59
38.633	20.73	26.61	-0.04	7.59
38.663	20.73	26.61	0.10	7.73
38.693	20.73	26.61	0.10	7.73
38.722	20.71	26.59	0.10	7.73
38.752	20.71	26.59	-0.01	7.61
38.782	20.71	26.59	-0.01	7.61
38.812	20.74	26.62	-0.01	7.61
38.841	20.74	26.62	0.06	7.69
38.871	20.74	26.62	0.06	7.69
38.901	20.76	26.63	0.06	7.69
38.931	20.76	26.63	0.05	7.68
38.960	20.76	26.63	0.05	7.68
38.990	20.72	26.60	0.05	7.68
39.020	20.72	26.60	-0.04	7.59
39.050	20.72	26.60	-0.04	7.59
39.079	20.75	26.63	-0.04	7.59
39.109	20.75	26.63	0.10	7.73
39.139	20.75	26.63	0.10	7.73
39.169	20.70	26.58	0.10	7.73
39.199	20.70	26.58	-0.01	7.61
39.228	20.70	26.58	-0.01	7.61
39.258	20.77	26.65	-0.01	7.61
39.288	20.77	26.65	0.06	7.69
39.318	20.77	26.65	0.06	7.69
39.347	20.77	26.64	0.06	7.69
39.377	20.77	26.64	0.05	7.68
39.407	20.77	26.64	0.05	7.68
39.437	20.75	26.62	0.05	7.68
39.466	20.75	26.62	-0.03	7.59
39.496	20.75	26.62	-0.03	7.59
39.526	20.73	26.60	-0.03	7.59
39.556	20.73	26.60	0.10	7.73
39.585	20.73	26.60	0.10	7.73
39.615	20.68	26.56	0.10	7.73
39.645	20.68	26.56	-0.02	7.61
39.675	20.68	26.56	-0.02	7.61
39.704	20.74	26.61	-0.02	7.61
39.734	20.74	26.61	0.06	7.69
39.764	20.74	26.61	0.06	7.69
39.794	20.78	26.66	0.06	7.69
39.823	20.78	26.66	0.05	7.68
39.853	20.78	26.66	0.05	7.68
39.883	20.73	26.61	0.05	7.68
39.913	20.73	26.61	-0.04	7.59
39.943	20.73	26.61	-0.04	7.59
39.972	20.78	26.66	-0.04	7.59
40.002	20.78	26.66	0.11	7.73
40.032	20.78	26.66	0.11	7.73
40.062	20.73	26.61	0.11	7.73
40.091	20.73	26.61	-0.02	7.61
40.121	20.73	26.61	-0.02	7.61
40.151	20.69	26.57	-0.02	7.61
40.181	20.69	26.57	0.06	7.69
40.210	20.69	26.57	0.06	7.69
40.240	20.71	26.58	0.06	7.69
40.270	20.71	26.58	0.05	7.68
40.300	20.71	26.58	0.05	7.68
40.329	20.71	26.59	0.05	7.68
40.359	20.71	26.59	-0.04	7.59
40.389	20.71	26.59	-0.04	7.59
40.419	20.74	26.62	-0.04	7.59
40.448	20.74	26.62	0.11	7.73
40.478	20.74	26.62	0.11	7.73
40.508	20.69	26.57	0.11	7.73
40.538	20.69	26.57	-0.02	7.61
40.568	20.69	26.57	-0.02	7.61
40.597	20.72	26.60	-0.02	7.61
40.627	20.72	26.60	0.06	7.69
40.657	20.72	26.60	0.06	7.69
40.687	20.69	26.56	0.06	7.69
40.716	20.69	26.56	0.05	7.67
40.746	20.69	26.56	0.05	7.67
40.776	20.69	26.57	0.05	7.67
40.806	20.69	26.57	-0.04	7.59
40.835	20.69	26.57	-0.04	7.59
40.865	20.73	26.61	-0.04	7.59
40.895	20.73	26.61	0.10	7.73
40.925	20.73	26.61	0.10	7.73
40.954	20.77	26.65	0.10	7.73
40.984	20.77	26.65	-0.02	7.61
41.014	20.77	26.65	-0.02	7.61
41.044	20.75	26.63	-0.02	7.61
41.074	20.75	26.63	0.06	7.69
41.103	20.75	26.63	0.06	7.69
41.133	20.70	26.58	0.06	7.69
41.163	20.70	26.58	0.05	7.67
41.193	20.70	26.58	0.05	7.67
41.222	20.73	26.60	0.05	7.67
41.252	20.73	26.60	-0.03	7.59
41.282	20.73	26.60	-0.03	7.59
41.312	20.76	26.64	-0.03	7.59
41.341	20.76	26.64	0.10	7.73
41.371	20.76	26.64	0.10	7.73
41.401	20.73	26.60	0.10	7.73
41.431	20.73	26.60	-0.02	7.60
41.460	20.73	26.60	-0.02	7.60
41.490	20.74	26.62	-0.02	7.60
41.520	20.74	26.62	0.06	7.69
41.550	20.74	26.62	0.06	7.69
41.579	20.77	26.65	0.06	7.69
41.609	20.77	26.65	0.04	7.67
41.639	20.77	26.65	0.04	7.67
41.669	20.77	26.65	0.04	7.67
41.699	20.77	26.65	-0.04	7.59
41.728	20.77	26.65	-0.04	7.59
41.758	20.72	26.60	-0.04	7.59
41.788	20.72	26.60	0.11	7.73
41.818	20.72	26.60	0.11	7.73
41.847	20.71	26.59	0.11	7.73
41.877	20.71	26.59	-0.02	7.61
41.907	20.71	26.59	-0.02	7.61
41.937	20.77	26.65	-0.02	7.61
41.966	20.77	26.65	0.06	7.69
41.996	20.77	26.65	0.06	7.69
42.026	20.78	26.66	0.06	7.69
42.056	20.78	26.66	0.04	7.67
42.085	20.78	26.66	0.04	7.67
42.115	20.74	26.62	0.04	7.67
42.145	20.74	26.62	-0.04	7.59
42.175	20.74	26.62	-0.04	7.59
42.204	20.71	26.59	-0.04	7.59
42.234	20.71	26.59	0.10	7.73
42.264	20.71	26.59	0.10	7.73
42.294	20.71	26.59	0.10	7.73
42.324	20.71	26.59	-0.02	7.61
42.353	20.71	26.59	-0.02	7.61
42.383	20.74	26.61	-0.02	7.61
42.413	20.74	26.61	0.06	7.69
42.443	20.74	26.61	0.06	7.69
42.472	20.71	26.59	0.06	7.69
42.502	20.71	26.59	0.04	7.67
42.532	20.71	26.59	0.04	7.67
42.562	20.72	26.60	0.04	7.67
42.591	20.72	26.60	-0.04	7.59
42.621	20.72	26.60	-0.04	7.59
42.651	20.69	26.57	-0.04	7.59
42.681	20.69	26.57	0.11	7.74
42.710	20.69	26.57	0.11	7.74
42.740	20.70	26.58	0.11	7.74
42.770	20.70	26.58	-0.02	7.61
42.800	20.70	26.58	-0.02	7.61
42.829	20.70	26.58	-0.02	7.61
42.859	20.70	26.58	0.06	7.69
42.889	20.70	26.58	0.06	7.69
42.919	20.70	26.58	0.06	7.69
42.949	20.70	26.58	0.05	7.67
42.978	20.70	26.58	0.05	7.67
43.008	20.68	26.56	0.05	7.67
43.038	20.68	26.56	-0.03	7.59
43.068	20.68	26.56	-0.03	7.59
43.097	20.67	26.55	-0.03	7.59
43.127	20.67	26.55	0.11	7.74
43.157	20.67	26.55	0.11	7.74
43.187	20.67	26.55	0.11	7.74
43.216	20.67	26.55	-0.02	7.60
43.246	20.67	26.55	-0.02	7.60
43.276	20.70	26.57	-0.02	7.60
43.306	20.70	26.57	0.06	7.69
43.335	20.70	26.57	0.06	7.69
43.365	20.70	26.57	0.06	7.69
43.395	20.70	26.57	0.04	7.67
43.425	20.70	26.57	0.04	7.67
43.455	20.76	26.64	0.04	7.67
43.484	20.76	26.64	-0.04	7.59
43.514	20.76	26.64	-0.04	7.59
43.544	20.80	26.67	-0.04	7.59
43.574	20.80	26.67	0.11	7.74
43.603	20.80	26.67	0.11	7.74
43.633	20.76	26.64	0.11	7.74
43.663	20.76	26.64	-0.02	7.61
43.693	20.76	26.64	-0.02	7.61
43.722	20.77	26.65	-0.02	7.61
43.752	20.77	26.65	0.06	7.69
43.782	20.77	26.65	0.06	7.69
43.812	20.75	26.62	0.06	7.69
43.841	20.75	26.62	0.05	7.67
43.871	20.75	26.62	0.05	7.67
43.901	20.73	26.61	0.05	7.67
43.931	20.73	26.61	-0.04	7.59
43.960	20.73	26.61	-0.04	7.59
43.990	20.75	26.63	-0.04	7.59
44.020	20.75	26.63	0.10	7.73
44.050	20.75	26.63	0.10	7.73
44.080	20.70	26.58	0.10	7.73
44.109	20.70	26.58	-0.02	7.61
44.139	20.70	26.58	-0.02	7.61
44.169	20.66	26.54	-0.02	7.61
44.199	20.66	26.54	0.06	7.69
44.228	20.66	26.54	0.06	7.69
44.258	20.64	26.52	0.06	7.69
44.288	20.64	26.52	0.05	7.68
44.318	20.64	26.52	0.05	7.68
44.347	20.65	26.53	0.05	7.68
44.377	20.65	26.53	-0.04	7.59
44.407	20.65	26.53	-0.04	7.59
44.437	20.68	26.56	-0.04	7.59
44.466	20.68	26.56	0.11	7.74
44.496	20.68	26.56	0.11	7.74
44.526	20.66	26.54	0.11	7.74
44.556	20.66	26.54	-0.02	7.60
44.585	20.66	26.54	-0.02	7.60
44.615	20.71	26.59	-0.02	7.60
44.645	20.71	26.59	0.06	7.69
44.675	20.71	26.59	0.06	7.69
44.705	20.71	26.59	0.06	7.69
44.734	20.71	26.59	0.05	7.68
44.764	20.71	26.59	0.05	7.68
44.794	20.72	26.60	0.05	7.68
44.824	20.72	26.60	-0.04	7.59
44.853	20.72	26.60	-0.04	7.59
44.883	20.69	26.57	-0.04	7.59
44.913	20.69	26.57	0.10	7.73
44.943	20.69	26.57	0.10	7.73
44.972	20.63	26.50	0.10	7.73
45.002	20.63	26.50	-0.02	7.61
45.032	20.63	26.50	-0.02	7.61
45.062	20.66	26.54	-0.02	7.61
45.091	20.66	26.54	0.06	7.69
45.121	20.66	26.54	0.06	7.69
45.151	20.64	26.51	0.06	7.69
45.181	20.64	26.51	0.05	7.68
45.210	20.64	26.51	0.05	7.68
45.240	20.65	26.53	0.05	7.68
45.270	20.65	26.53	-0.04	7.59
45.300	20.65	26.53	-0.04	7.59
45.330	20.69	26.57	-0.04	7.59
45.359	20.69	26.57	0.10	7.73
45.389	20.69	26.57	0.10	7.73
45.419	20.70	26.58	0.10	7.73
45.449	20.70	26.58	-0.02	7.61
45.478	20.70	26.58	-0.02	7.61
45.508	20.69	26.57	-0.02	7.61
45.538	20.69	26.57	0.06	7.69
45.568	20.69	26.57	0.06	7.69
45.597	20.70	26.58	0.06	7.69
45.627	20.70	26.58	0.05	7.68
45.657	20.70	26.58	0.05	7.68
45.687	20.69	26.57	0.05	7.68
45.716	20.69	26.57	-0.04	7.59
45.746	20.69	26.57	-0.04	7.59
45.776	20.66	26.53	-0.04	7.59
45.806	20.66	26.53	0.10	7.73
45.836	20.66	26.53	0.10	7.73
45.865	20.65	26.53	0.10	7.73
45.895	20.65	26.53	-0.01	7.61
45.925	20.65	26.53	-0.01	7.61
45.955	20.66	26.54	-0.01	7.61
45.984	20.66	26.54	0.06	7.69
46.014	20.66	26.54	0.06	7.69
46.044	20.64	26.52	0.06	7.69
46.074	20.64	26.52	0.05	7.68
46.103	20.64	26.52	0.05	7.68
46.133	20.60	26.48	0.05	7.68
46.163	20.60	26.48	-0.04	7.59
46.193	20.60	26.48	-0.04	7.59
46.222	20.58	26.45	-0.04	7.59
46.252	20.58	26.45	0.10	7.73
46.282	20.58	26.45	0.10	7.73
46.312	20.57	26.44	0.10	7.73
46.341	20.57	26.44	-0.01	7.61
46.371	20.57	26.44	-0.01	7.61
46.401	20.56	26.44	-0.01	7.61
46.431	20.56	26.44	0.06	7.69
46.461	20.56	26.44	0.06	7.69
46.490	20.54	26.42	0.06	7.69
46.520	20.54	26.42	0.05	7.68
46.550	20.54	26.42	0.05	7.68
46.580	20.56	26.44	0.05	7.68
46.609	20.56	26.44	-0.04	7.59
46.639	20.56	26.44	-0.04	7.59
46.669	20.61	26.49	-0.04	7.59
46.699	20.61	26.49	0.10	7.73
46.728	20.61	26.49	0.10	7.73
46.758	20.66	26.54	0.10	7.73
46.788	20.66	26.54	-0.02	7.61
46.818	20.66	26.54	-0.02	7.61
46.847	20.65	26.52	-0.02	7.61
46.877	20.65	26.52	0.06	7.69
46.907	20.65	26.52	0.06	7.69
46.937	20.66	26.54	0.06	7.69
46.966	20.66	26.54	0.05	7.68
46.996	20.66	26.54	0.05	7.68
47.026	20.67	26.55	0.05	7.68
47.056	20.67	26.55	-0.04	7.59
47.086	20.67	26.55	-0.04	7.59
47.115	20.66	26.54	-0.04	7.59
47.145	20.66	26.54	0.10	7.73
47.175	20.66	26.54	0.10	7.73
47.205	20.66	26.54	0.10	7.73
47.234	20.66	26.54	-0.02	7.60
47.264	20.66	26.54	-0.02	7.60
47.294	20.64	26.52	-0.02	7.60
47.324	20.64	26.52	0.06	7.68
47.353	20.64	26.52	0.06	7.68
47.383	20.68	26.56	0.06	7.68
47.413	20.68	26.56	0.05	7.68
47.443	20.68	26.56	0.05	7.68
47.472	20.69	26.56	0.05	7.68
47.502	20.69	26.56	-0.04	7.59
47.532	20.69	26.56	-0.04	7.59
47.562	20.69	26.56	-0.04	7.59
47.591	20.69	26.56	0.10	7.73
47.621	20.69	26.56	0.10	7.73
47.651	20.67	26.55	0.10	7.73
47.681	20.67	26.55	-0.02	7.61
47.711	20.67	26.55	-0.02	7.61
47.740	20.71	26.58	-0.02	7.61
47.770	20.71	26.58	0.06	7.69
47.800	20.71	26.58	0.06	7.69
47.830	20.73	26.60	0.06	7.69
47.859	20.73	26.60	0.05	7.68
47.889	20.73	26.60	0.05	7.68
47.919	20.77	26.65	0.05	7.68
47.949	20.77	26.65	-0.04	7.59
47.978	20.77	26.65	-0.04	7.59
48.008	20.80	26.68	-0.04	7.59
48.038	20.80	26.68	0.10	7.73
48.068	20.80	26.68	0.10	7.73
48.097	20.84	26.72	0.10	7.73
48.127	20.84	26.72	-0.02	7.61
48.157	20.84	26.72	-0.02	7.61
48.187	20.85	26.72	-0.02	7.61
48.217	20.85	26.72	0.06	7.69
48.246	20.85	26.72	0.06	7.69
48.276	20.81	26.68	0.06	7.69
48.306	20.81	26.68	0.05	7.68
48.336	20.81	26.68	0.05	7.68
48.365	20.77	26.65	0.05	7.68
48.395	20.77	26.65	-0.05	7.58
48.425	20.77	26.65	-0.05	7.58
48.455	20.79	26.67	-0.05	7.58
48.484	20.79	26.67	0.10	7.73
48.514	20.79	26.67	0.10	7.73
48.544	20.79	26.66	0.10	7.73
48.574	20.79	26.66	-0.02	7.61
48.603	20.79	26.66	-0.02	7.61
48.633	20.78	26.66	-0.02	7.61
48.663	20.78	26.66	0.05	7.68
48.693	20.78	26.66	0.05	7.68
48.722	20.76	26.63	0.05	7.68
48.752	20.76	26.63	0.05	7.68
48.782	20.76	26.63	0.05	7.68
48.812	20.73	26.61	0.05	7.68
48.842	20.73	26.61	-0.04	7.58
48.871	20.73	26.61	-0.04	7.58
48.901	20.74	26.62	-0.04	7.58
48.931	20.74	26.62	0.10	7.73
48.961	20.74	26.62	0.10	7.73
48.990	20.74	26.62	0.10	7.73
49.020	20.74	26.62	-0.02	7.61
49.050	20.74	26.62	-0.02	7.61
49.080	20.79	26.67	-0.02	7.61
49.109	20.79	26.67	0.05	7.68
49.139	20.79	26.67	0.05	7.68
49.169	20.76	26.63	0.05	7.68
49.199	20.76	26.63	0.05	7.68
49.228	20.76	26.63	0.05	7.68
49.258	20.76	26.64	0.05	7.68
49.288	20.76	26.64	-0.04	7.59
49.318	20.76	26.64	-0.04	7.59
49.348	20.81	26.68	-0.04	7.59
49.377	20.81	26.68	0.10	7.73
49.407	20.81	26.68	0.10	7.73
49.437	20.84	26.72	0.10	7.73
49.467	20.84	26.72	-0.02	7.61
49.496	20.84	26.72	-0.02	7.61
49.526	20.88	26.75	-0.02	7.61
49.556	20.88	26.75	0.06	7.68
49.586	20.88	26.75	0.06	7.68
49.615	20.88	26.76	0.06	7.68
49.645	20.88	26.76	0.05	7.68
49.675	20.88	26.76	0.05	7.68
49.705	20.87	26.74	0.05	7.68
49.734	20.87	26.74	-0.04	7.59
49.764	20.87	26.74	-0.04	7.59
49.794	20.85	26.73	-0.04	7.59
49.824	20.85	26.73	0.10	7.73
49.853	20.85	26.73	0.10	7.73
49.883	20.85	26.73	0.10	7.73
49.913	20.85	26.73	-0.02	7.61
49.943	20.85	26.73	-0.02	7.61
49.973	20.86	26.73	-0.02	7.61
50.002	20.86	26.73	0.06	7.68
50.032	20.86	26.73	0.06	7.68
50.062	20.84	26.72	0.06	7.68
50.092	20.84	26.72	0.05	7.68
50.121	20.84	26.72	0.05	7.68
50.151	20.76	26.64	0.05	7.68
50.181	20.76	26.64	-0.04	7.59
50.211	20.76	26.64	-0.04	7.59
50.240	20.76	26.64	-0.04	7.59
50.270	20.76	26.64	0.10	7.73
50.300	20.76	26.64	0.10	7.73
50.330	20.79	26.67	0.10	7.73
50.359	20.79	26.67	-0.01	7.61
50.389	20.79	26.67	-0.01	7.61
50.419	20.80	26.68	-0.01	7.61
50.449	20.80	26.68	0.06	7.69
50.479	20.80	26.68	0.06	7.69
50.508	20.77	26.65	0.06	7.69
50.538	20.77	26.65	0.06	7.69
50.568	20.77	26.65	0.06	7.69
50.598	20.81	26.69	0.06	7.69
50.627	20.81	26.69	-0.04	7.59
50.657	20.81	26.69	-0.04	7.59
50.687	20.83	26.70	-0.04	7.59
50.717	20.83	26.70	0.10	7.73
50.746	20.83	26.70	0.10	7.73
50.776	20.77	26.65	0.10	7.73
50.806	20.77	26.65	-0.02	7.61
50.836	20.77	26.65	-0.02	7.61
50.865	20.76	26.64	-0.02	7.61
50.895	20.76	26.64	0.05	7.68
50.925	20.76	26.64	0.05	7.68
50.955	20.75	26.63	0.05	7.68
50.985	20.75	26.63	0.06	7.69
51.014	20.75	26.63	0.06	7.69
51.044	20.72	26.60	0.06	7.69
51.074	20.72	26.60	-0.05	7.58
51.104	20.72	26.60	-0.05	7.58
51.133	20.75	26.63	-0.05	7.58
51.163	20.75	26.63	0.10	7.73
51.193	20.75	26.63	0.10	7.73
51.223	20.76	26.64	0.10	7.73
51.252	20.76	26.64	-0.02	7.61
51.282	20.76	26.64	-0.02	7.61
51.312	20.76	26.64	-0.02	7.61
51.342	20.76	26.64	0.06	7.68
51.371	20.76	26.64	0.06	7.68
51.401	20.77	26.65	0.06	7.68
51.431	20.77	26.65	0.06	7.69
51.461	20.77	26.65	0.06	7.69
51.490	20.73	26.61	0.06	7.69
51.520	20.73	26.61	-0.04	7.59
51.550	20.73	26.61	-0.04	7.59
51.580	20.73	26.61	-0.04	7.59
51.610	20.73	26.61	0.10	7.73
51.639	20.73	26.61	0.10	7.73
51.669	20.71	26.59	0.10	7.73
51.699	20.71	26.59	-0.02	7.61
51.729	20.71	26.59	-0.02	7.61
51.758	20.71	26.59	-0.02	7.61
51.788	20.71	26.59	0.06	7.68
51.818	20.71	26.59	0.06	7.68
51.848	20.71	26.58	0.06	7.68
51.877	20.71	26.58	0.06	7.69
51.907	20.71	26.58	0.06	7.69
51.937	20.69	26.57	0.06	7.69
51.967	20.69	26.57	-0.04	7.59
51.996	20.69	26.57	-0.04	7.59
52.026	20.71	26.59	-0.04	7.59
52.056	20.71	26.59	0.10	7.73
52.086	20.71	26.59	0.10	7.73
52.115	20.67	26.55	0.10	7.73
52.145	20.67	26.55	-0.02	7.61
52.175	20.67	26.55	-0.02	7.61
52.205	20.72	26.60	-0.02	7.61
52.235	20.72	26.60	0.05	7.68
52.264	20.72	26.60	0.05	7.68
52.294	20.68	26.56	0.05	7.68
52.324	20.68	26.56	0.06	7.69
52.354	20.68	26.56	0.06	7.69
52.383	20.68	26.56	0.06	7.69
52.413	20.68	26.56	-0.04	7.59
52.443	20.68	26.56	-0.04	7.59
52.473	20.67	26.55	-0.04	7.59
52.502	20.67	26.55	0.10	7.73
52.532	20.67	26.55	0.10	7.73
52.562	20.68	26.55	0.10	7.73
52.592	20.68	26.55	-0.01	7.61
52.621	20.68	26.55	-0.01	7.61
52.651	20.64	26.51	-0.01	7.61
52.681	20.64	26.51	0.05	7.68
52.711	20.64	26.51	0.05	7.68
52.740	20.62	26.50	0.05	7.68
52.770	20.62	26.50	0.06	7.69
52.800	20.62	26.50	0.06	7.69
52.830	20.61	26.49	0.06	7.69
52.860	20.61	26.49	-0.04	7.58
52.889	20.61	26.49	-0.04	7.58
52.919	20.59	26.47	-0.04	7.58
52.949	20.59	26.47	0.10	7.73
52.979	20.59	26.47	0.10	7.73
53.008	20.59	26.47	0.10	7.73
53.038	20.59	26.47	-0.01	7.61
53.068	20.59	26.47	-0.01	7.61
53.098	20.63	26.51	-0.01	7.61
53.127	20.63	26.51	0.05	7.68
53.157	20.63	26.51	0.05	7.68
53.187	20.62	26.50	0.05	7.68
53.217	20.62	26.50	0.07	7.69
53.246	20.62	26.50	0.07	7.69
53.276	20.60	26.48	0.07	7.69
53.306	20.60	26.48	-0.04	7.59
53.336	20.60	26.48	-0.04	7.59
53.366	20.67	26.54	-0.04	7.59
53.395	20.67	26.54	0.10	7.73
53.425	20.67	26.54	0.10	7.73
53.455	20.65	26.53	0.10	7.73
53.485	20.65	26.53	-0.01	7.61
53.514	20.65	26.53	-0.01	7.61
53.544	20.66	26.53	-0.01	7.61
53.574	20.66	26.53	0.05	7.68
53.604	20.66	26.53	0.05	7.68
53.633	20.63	26.50	0.05	7.68
53.663	20.63	26.50	0.06	7.69
53.693	20.63	26.50	0.06	7.69
53.723	20.61	26.49	0.06	7.69
53.752	20.61	26.49	-0.04	7.59
53.782	20.61	26.49	-0.04	7.59
53.812	20.65	26.53	-0.04	7.59
53.842	20.65	26.53	0.10	7.73
53.871	20.65	26.53	0.10	7.73
53.901	20.65	26.53	0.10	7.73
53.931	20.65	26.53	-0.01	7.62
53.961	20.65	26.53	-0.01	7.62
53.991	20.66	26.54	-0.01	7.62
54.020	20.66	26.54	0.05	7.68
54.050	20.66	26.54	0.05	7.68
54.080	20.71	26.59	0.05	7.68
54.110	20.71	26.59	0.07	7.70
54.139	20.71	26.59	0.07	7.70
54.169	20.66	26.54	0.07	7.70
54.199	20.66	26.54	-0.04	7.58
54.229	20.66	26.54	-0.04	7.58
54.258	20.66	26.54	-0.04	7.58
54.288	20.66	26.54	0.10	7.73
54.318	20.66	26.54	0.10	7.73
54.348	20.66	26.53	0.10	7.73
54.377	20.66	26.53	-0.01	7.61
54.407	20.66	26.53	-0.01	7.61
54.437	20.62	26.50	-0.01	7.61
54.467	20.62	26.50	0.05	7.68
54.496	20.62	26.50	0.05	7.68
54.526	20.65	26.53	0.05	7.68
54.556	20.65	26.53	0.07	7.70
54.586	20.65	26.53	0.07	7.70
54.615	20.62	26.50	0.07	7.70
54.645	20.62	26.50	-0.05	7.58
54.675	20.62	26.50	-0.05	7.58
54.705	20.60	26.48	-0.05	7.58
54.735	20.60	26.48	0.10	7.73
54.764	20.60	26.48	0.10	7.73
54.794	20.62	26.50	0.10	7.73
54.824	20.62	26.50	-0.01	7.62
54.854	20.62	26.50	-0.01	7.62
54.883	20.70	26.57	-0.01	7.62
54.913	20.70	26.57	0.05	7.67
54.943	20.70	26.57	0.05	7.67
54.973	20.65	26.53	0.05	7.67
55.002	20.65	26.53	0.07	7.70
55.032	20.65	26.53	0.07	7.70
55.062	20.61	26.49	0.07	7.70
55.092	20.61	26.49	-0.05	7.58
55.121	20.61	26.49	-0.05	7.58
55.151	20.65	26.53	-0.05	7.58
55.181	20.65	26.53	0.10	7.73
55.211	20.65	26.53	0.10	7.73
55.241	20.65	26.53	0.10	7.73
55.270	20.65	26.53	-0.01	7.62
55.300	20.65	26.53	-0.01	7.62
55.330	20.68	26.56	-0.01	7.62
55.360	20.68	26.56	0.05	7.68
55.389	20.68	26.56	0.05	7.68
55.419	20.69	26.57	0.05	7.68
55.449	20.69	26.57	0.07	7.70
55.479	20.69	26.57	0.07	7.70
55.508	20.65	26.52	0.07	7.70
55.538	20.65	26.52	-0.04	7.58
55.568	20.65	26.52	-0.04	7.58
55.598	20.67	26.55	-0.04	7.58
55.627	20.67	26.55	0.10	7.72
55.657	20.67	26.55	0.10	7.72
55.687	20.64	26.52	0.10	7.72
55.717	20.64	26.52	-0.01	7.62
55.746	20.64	26.52	-0.01	7.62
55.776	20.59	26.47	-0.01	7.62
55.806	20.59	26.47	0.05	7.68
55.836	20.59	26.47	0.05	7.68
55.866	20.60	26.48	0.05	7.68
55.895	20.60	26.48	0.08	7.71
55.925	20.60	26.48	0.08	7.71
55.955	20.59	26.47	0.08	7.71
55.985	20.59	26.47	-0.04	7.58
56.014	20.59	26.47	-0.04	7.58
56.044	20.69	26.57	-0.04	7.58
56.074	20.69	26.57	0.10	7.73
56.104	20.69	26.57	0.10	7.73
56.133	20.65	26.53	0.10	7.73
56.163	20.65	26.53	-0.01	7.62
56.193	20.65	26.53	-0.01	7.62
56.223	20.68	26.56	-0.01	7.62
56.252	20.68	26.56	0.05	7.67
56.282	20.68	26.56	0.05	7.67
56.312	20.64	26.51	0.05	7.67
56.342	20.64	26.51	0.08	7.71
56.372	20.64	26.51	0.08	7.71
56.401	20.58	26.46	0.08	7.71
56.431	20.58	26.46	-0.04	7.59
56.461	20.58	26.46	-0.04	7.59
56.491	20.62	26.50	-0.04	7.59
56.520	20.62	26.50	0.10	7.73
56.550	20.62	26.50	0.10	7.73
56.580	20.63	26.51	0.10	7.73
56.610	20.63	26.51	-0.00	7.63
56.639	20.63	26.51	-0.00	7.63
56.669	20.64	26.51	-0.00	7.63
56.699	20.64	26.51	0.04	7.67
56.729	20.64	26.51	0.04	7.67
56.758	20.60	26.48	0.04	7.67
56.788	20.60	26.48	0.08	7.71
56.818	20.60	26.48	0.08	7.71
56.848	20.62	26.50	0.08	7.71
56.877	20.62	26.50	-0.04	7.59
56.907	20.62	26.50	-0.04	7.59
56.937	20.61	26.49	-0.04	7.59
56.967	20.61	26.49	0.10	7.72
56.997	20.61	26.49	0.10	7.72
57.026	20.63	26.51	0.10	7.72
57.056	20.63	26.51	-0.00	7.62
57.086	20.63	26.51	-0.00	7.62
57.116	20.64	26.52	-0.00	7.62
57.145	20.64	26.52	0.04	7.67
57.175	20.64	26.52	0.04	7.67
57.205	20.65	26.52	0.04	7.67
57.235	20.65	26.52	0.09	7.71
57.264	20.65	26.52	0.09	7.71
57.294	20.61	26.49	0.09	7.71
57.324	20.61	26.49	-0.04	7.59
57.354	20.61	26.49	-0.04	7.59
57.383	20.67	26.54	-0.04	7.59
57.413	20.67	26.54	0.10	7.73
57.443	20.67	26.54	0.10	7.73
57.473	20.63	26.51	0.10	7.73
57.502	20.63	26.51	-0.00	7.63
57.532	20.63	26.51	-0.00	7.63
57.562	20.64	26.52	-0.00	7.63
57.592	20.64	26.52	0.04	7.67
57.622	20.64	26.52	0.04	7.67
57.651	20.63	26.51	0.04	7.67
57.681	20.63	26.51	0.09	7.71
57.711	20.63	26.51	0.09	7.71
57.741	20.62	26.50	0.09	7.71
57.770	20.62	26.50	-0.05	7.58
57.800	20.62	26.50	-0.05	7.58
57.830	20.65	26.53	-0.05	7.58
57.860	20.65	26.53	0.10	7.72
57.889	20.65	26.53	0.10	7.72
57.919	20.63	26.51	0.10	7.72
57.949	20.63	26.51	-0.00	7.62
57.979	20.63	26.51	-0.00	7.62
58.008	20.65	26.52	-0.00	7.62
58.038	20.65	26.52	0.04	7.66
58.068	20.65	26.52	0.04	7.66
58.098	20.66	26.54	0.04	7.66
58.128	20.66	26.54	0.09	7.72
58.157	20.66	26.54	0.09	7.72
58.187	20.63	26.51	0.09	7.72
58.217	20.63	26.51	-0.04	7.58
58.247	20.63	26.51	-0.04	7.58
58.276	20.59	26.47	-0.04	7.58
58.306	20.59	26.47	0.10	7.73
58.336	20.59	26.47	0.10	7.73
58.366	20.61	26.49	0.10	7.73
58.395	20.61	26.49	-0.00	7.63
58.425	20.61	26.49	-0.00	7.63
58.455	20.62	26.50	-0.00	7.63
58.485	20.62	26.50	0.04	7.67
58.514	20.62	26.50	0.04	7.67
58.544	20.64	26.51	0.04	7.67
58.574	20.64	26.51	0.09	7.71
58.604	20.64	26.51	0.09	7.71
58.634	20.64	26.51	0.09	7.71
58.663	20.64	26.51	-0.04	7.59
58.693	20.64	26.51	-0.04	7.59
58.723	20.66	26.54	-0.04	7.59
58.753	20.66	26.54	0.09	7.72
58.782	20.66	26.54	0.09	7.72
58.812	20.69	26.57	0.09	7.72
58.842	20.69	26.57	-0.00	7.63
58.872	20.69	26.57	-0.00	7.63
58.901	20.65	26.53	-0.00	7.63
58.931	20.65	26.53	0.04	7.67
58.961	20.65	26.53	0.04	7.67
58.991	20.65	26.53	0.04	7.67
59.020	20.65	26.53	0.09	7.72
59.050	20.65	26.53	0.09	7.72
59.080	20.64	26.52	0.09	7.72
59.110	20.64	26.52	-0.04	7.59
59.140	20.64	26.52	-0.04	7.59
59.169	20.67	26.55	-0.04	7.59
59.199	20.67	26.55	0.10	7.72
59.229	20.67	26.55	0.10	7.72
59.259	20.69	26.57	0.10	7.72
59.288	20.69	26.57	-0.01	7.62
59.318	20.69	26.57	-0.01	7.62
59.348	20.68	26.56	-0.01	7.62
59.378	20.68	26.56	0.04	7.66
59.407	20.68	26.56	0.04	7.66
59.437	20.69	26.57	0.04	7.66
59.467	20.69	26.57	0.09	7.72
59.497	20.69	26.57	0.09	7.72
59.526	20.68	26.56	0.09	7.72
59.556	20.68	26.56	-0.05	7.58
59.586	20.68	26.56	-0.05	7.58
59.616	20.72	26.60	-0.05	7.58
59.645	20.72	26.60	0.09	7.72
59.675	20.72	26.60	0.09	7.72
59.705	20.71	26.59	0.09	7.72
59.735	20.71	26.59	-0.01	7.62
59.765	20.71	26.59	-0.01	7.62
59.794	20.72	26.60	-0.01	7.62
59.824	20.72	26.60	0.03	7.66
59.854	20.72	26.60	0.03	7.66
59.884	20.82	26.69	0.03	7.66
59.913	20.82	26.69	0.09	7.72
59.943	20.82	26.69	0.09	7.72
59.973	20.79	26.67	0.09	7.72
60.003	20.79	26.67	-0.05	7.58
60.032	20.79	26.67	-0.05	7.58
60.062	20.80	26.67	-0.05	7.58
60.092	20.80	26.67	0.09	7.72
60.122	20.80	26.67	0.09	7.72
60.151	20.79	26.67	0.09	7.72
60.181	20.79	26.67	0.00	7.63
60.211	20.79	26.67	0.00	7.63
60.241	20.81	26.69	0.00	7.63
60.271	20.81	26.69	0.04	7.66
60.300	20.81	26.69	0.04	7.66
60.330	20.73	26.60	0.04	7.66
60.360	20.73	26.60	0.09	7.72
60.390	20.73	26.60	0.09	7.72
60.419	20.70	26.58	0.09	7.72
60.449	20.70	26.58	-0.05	7.58
60.479	20.70	26.58	-0.05	7.58
60.509	20.64	26.52	-0.05	7.58
60.538	20.64	26.52	0.09	7.72
60.568	20.64	26.52	0.09	7.72
60.598	20.68	26.56	0.09	7.72
60.628	20.68	26.56	-0.01	7.62
60.657	20.68	26.56	-0.01	7.62
60.687	20.67	26.55	-0.01	7.62
60.717	20.67	26.55	0.03	7.66
60.747	20.67	26.55	0.03	7.66
60.776	20.69	26.57	0.03	7.66
60.806	20.69	26.57	0.09	7.72
60.836	20.69	26.57	0.09	7.72
60.866	20.73	26.60	0.09	7.72
60.896	20.73	26.60	-0.04	7.58
60.925	20.73	26.60	-0.04	7.58
60.955	20.74	26.62	-0.04	7.58
60.985	20.74	26.62	0.09	7.72
61.015	20.74	26.62	0.09	7.72
61.044	20.78	26.66	0.09	7.72
61.074	20.78	26.66	-0.00	7.62
61.104	20.78	26.66	-0.00	7.62
61.134	20.83	26.71	-0.00	7.62
61.163	20.83	26.71	0.03	7.66
61.193	20.83	26.71	0.03	7.66
61.223	20.93	26.81	0.03	7.66
61.253	20.93	26.81	0.10	7.72
61.282	20.93	26.81	0.10	7.72
61.312	20.90	26.78	0.10	7.72
61.342	20.90	26.78	-0.05	7.58
61.372	20.90	26.78	-0.05	7.58
61.401	20.90	26.78	-0.05	7.58
61.431	20.90	26.78	0.09	7.72
61.461	20.90	26.78	0.09	7.72
61.491	20.96	26.84	0.09	7.72
61.521	20.96	26.84	-0.00	7.63
61.550	20.96	26.84	-0.00	7.63
61.580	20.93	26.80	-0.00	7.63
61.610	20.93	26.80	0.03	7.65
61.640	20.93	26.80	0.03	7.65
61.669	20.89	26.77	0.03	7.65
61.699	20.89	26.77	0.10	7.73
61.729	20.89	26.77	0.10	7.73
61.759	20.86	26.74	0.10	7.73
61.788	20.86	26.74	-0.04	7.59
61.818	20.86	26.74	-0.04	7.59
61.848	20.81	26.69	-0.04	7.59
61.878	20.81	26.69	0.09	7.72
61.907	20.81	26.69	0.09	7.72
61.937	20.84	26.72	0.09	7.72
61.967	20.84	26.72	0.00	7.63
61.997	20.84	26.72	0.00	7.63
62.027	20.83	26.70	0.00	7.63
62.056	20.83	26.70	0.03	7.65
62.086	20.83	26.70	0.03	7.65
62.116	20.85	26.73	0.03	7.65
62.146	20.85	26.73	0.10	7.73
62.175	20.85	26.73	0.10	7.73
62.205	20.86	26.74	0.10	7.73
62.235	20.86	26.74	-0.04	7.59
62.265	20.86	26.74	-0.04	7.59
62.294	20.85	26.72	-0.04	7.59
62.324	20.85	26.72	0.08	7.71
62.354	20.85	26.72	0.08	7.71
62.384	20.85	26.73	0.08	7.71
62.413	20.85	26.73	0.00	7.63
62.443	20.85	26.73	0.00	7.63
62.473	20.82	26.70	0.00	7.63
62.503	20.82	26.70	0.02	7.65
62.532	20.82	26.70	0.02	7.65
62.562	20.84	26.72	0.02	7.65
62.592	20.84	26.72	0.10	7.73
62.622	20.84	26.72	0.10	7.73
62.652	20.76	26.64	0.10	7.73
62.681	20.76	26.64	-0.04	7.59
62.711	20.76	26.64	-0.04	7.59
62.741	20.74	26.62	-0.04	7.59
62.771	20.74	26.62	0.09	7.71
62.800	20.74	26.62	0.09	7.71
62.830	20.74	26.62	0.09	7.71
62.860	20.74	26.62	0.00	7.63
62.890	20.74	26.62	0.00	7.63
62.919	20.76	26.64	0.00	7.63
62.949	20.76	26.64	0.02	7.65
62.979	20.76	26.64	0.02	7.65
63.009	20.80	26.68	0.02	7.65
63.038	20.80	26.68	0.10	7.73
63.068	20.80	26.68	0.10	7.73
63.098	20.71	26.59	0.10	7.73
63.128	20.71	26.59	-0.04	7.59
63.157	20.71	26.59	-0.04	7.59
63.187	20.74	26.62	-0.04	7.59
63.217	20.74	26.62	0.09	7.71
63.247	20.74	26.62	0.09	7.71
63.276	20.68	26.56	0.09	7.71
63.306	20.68	26.56	0.00	7.63
63.336	20.68	26.56	0.00	7.63
63.366	20.73	26.60	0.00	7.63
63.396	20.73	26.60	0.02	7.64
63.425	20.73	26.60	0.02	7.64
63.455	20.74	26.62	0.02	7.64
63.485	20.74	26.62	0.10	7.73
63.515	20.74	26.62	0.10	7.73
63.544	20.70	26.58	0.10	7.73
63.574	20.70	26.58	-0.04	7.58
63.604	20.70	26.58	-0.04	7.58
63.634	20.76	26.64	-0.04	7.58
63.663	20.76	26.64	0.08	7.71
63.693	20.76	26.64	0.08	7.71
63.723	20.76	26.64	0.08	7.71
63.753	20.76	26.64	0.00	7.63
63.782	20.76	26.64	0.00	7.63
63.812	20.75	26.63	0.00	7.63
63.842	20.75	26.63	0.02	7.64
63.872	20.75	26.63	0.02	7.64
63.902	20.75	26.63	0.02	7.64
63.931	20.75	26.63	0.10	7.73
63.961	20.75	26.63	0.10	7.73
63.991	20.73	26.61	0.10	7.73
64.021	20.73	26.61	-0.04	7.59
64.050	20.73	26.61	-0.04	7.59
64.080	20.79	26.67	-0.04	7.59
64.110	20.79	26.67	0.08	7.71
64.140	20.79	26.67	0.08	7.71
64.169	20.81	26.69	0.08	7.71
64.199	20.81	26.69	0.00	7.63
64.229	20.81	26.69	0.00	7.63
64.259	20.81	26.69	0.00	7.63
64.288	20.81	26.69	0.01	7.64
64.318	20.81	26.69	0.01	7.64
64.348	20.79	26.67	0.01	7.64
64.378	20.79	26.67	0.10	7.73
64.407	20.79	26.67	0.10	7.73
64.437	20.77	26.65	0.10	7.73
64.467	20.77	26.65	-0.04	7.59
64.497	20.77	26.65	-0.04	7.59
64.527	20.79	26.67	-0.04	7.59
64.556	20.79	26.67	0.08	7.71
64.586	20.79	26.67	0.08	7.71
64.616	20.76	26.64	0.08	7.71
64.646	20.76	26.64	0.00	7.63
64.675	20.76	26.64	0.00	7.63
64.705	20.70	26.58	0.00	7.63
64.735	20.70	26.58	0.01	7.64
64.764	20.70	26.58	0.01	7.64
64.794	20.70	26.58	0.01	7.64
64.824	20.70	26.58	0.10	7.73
64.854	20.70	26.58	0.10	7.73
64.884	20.68	26.56	0.10	7.73
64.913	20.68	26.56	-0.04	7.59
64.943	20.68	26.56	-0.04	7.59
64.973	20.72	26.60	-0.04	7.59
65.003	20.72	26.60	0.08	7.71
65.032	20.72	26.60	0.08	7.71
65.062	20.77	26.64	0.08	7.71
65.092	20.77	26.64	0.00	7.63
65.122	20.77	26.64	0.00	7.63
65.151	20.78	26.66	0.00	7.63
65.181	20.78	26.66	0.01	7.64
65.211	20.78	26.66	0.01	7.64
65.241	20.75	26.63	0.01	7.64
65.270	20.75	26.63	0.10	7.73
65.300	20.75	26.63	0.10	7.73
65.330	20.77	26.65	0.10	7.73
65.360	20.77	26.65	-0.04	7.59
65.390	20.77	26.65	-0.04	7.59
65.419	20.72	26.60	-0.04	7.59
65.449	20.72	26.60	0.08	7.71
65.479	20.72	26.60	0.08	7.71
65.509	20.71	26.59	0.08	7.71
65.538	20.71	26.59	0.01	7.63
65.568	20.71	26.59	0.01	7.63
65.598	20.72	26.59	0.01	7.63
65.628	20.72	26.59	0.01	7.64
65.657	20.72	26.59	0.01	7.64
65.687	20.76	26.64	0.01	7.64
65.717	20.76	26.64	0.10	7.73
65.747	20.76	26.64	0.10	7.73
65.776	20.74	26.61	0.10	7.73
65.806	20.74	26.61	-0.04	7.59
65.836	20.74	26.61	-0.04	7.59
65.866	20.67	26.55	-0.04	7.59
65.895	20.67	26.55	0.08	7.71
65.925	20.67	26.55	0.08	7.71
65.955	20.69	26.56	0.08	7.71
65.985	20.69	26.56	0.01	7.63
66.015	20.69	26.56	0.01	7.63
66.044	20.74	26.62	0.01	7.63
66.074	20.74	26.62	0.01	7.64
66.104	20.74	26.62	0.01	7.64
66.134	20.76	26.64	0.01	7.64
66.163	20.76	26.64	0.10	7.73
66.193	20.76	26.64	0.10	7.73
66.223	20.72	26.59	0.10	7.73
66.253	20.72	26.59	-0.04	7.59
66.282	20.72	26.59	-0.04	7.59
66.312	13.96	19.83	-0.04	7.59
66.342	13.96	19.83	0.08	7.71
66.372	13.96	19.83	0.08	7.71
66.401	-2.31	3.57	0.08	7.71
66.431	-2.31	3.57	-0.00	7.63
66.461	-2.31	3.57	-0.00	7.63
66.491	-3.75	2.13	-0.00	7.63
66.521	-3.75	2.13	0.01	7.64
66.550	-3.75	2.13	0.01	7.64
66.580	-0.81	5.06	0.01	7.64
66.610	-0.81	5.06	0.10	7.73
66.640	-0.81	5.06	0.10	7.73
66.669	1.90	7.78	0.10	7.73
66.699	1.90	7.78	-0.04	7.58
66.729	1.90	7.78	-0.04	7.58
66.759	2.45	8.33	-0.04	7.58
66.789	2.45	8.33	0.08	7.71
66.818	2.45	8.33	0.08	7.71
66.848	0.24	6.12	0.08	7.71
66.878	0.24	6.12	0.00	7.63
66.908	0.24	6.12	0.00	7.63
66.937	-0.50	5.38	0.00	7.63
66.967	-0.50	5.38	0.00	7.63
66.997	-0.50	5.38	0.00	7.63
67.027	-0.59	5.29	0.00	7.63
67.056	-0.59	5.29	0.10	7.73
67.086	-0.59	5.29	0.10	7.73
67.116	-0.60	5.28	0.10	7.73
67.146	-0.60	5.28	-0.04	7.59
67.176	-0.60	5.28	-0.04	7.59
67.205	-0.54	5.33	-0.04	7.59
67.235	-0.54	5.33	0.08	7.71
67.265	-0.54	5.33	0.08	7.71
67.295	-0.60	5.28	0.08	7.71
67.324	-0.60	5.28	0.00	7.63
67.354	-0.60	5.28	0.00	7.63
67.384	-1.25	4.63	0.00	7.63
67.414	-1.25	4.63	0.01	7.63
67.443	-1.25	4.63	0.01	7.63
67.473	-1.56	4.32	0.01	7.63
67.503	-1.56	4.32	0.10	7.73
67.533	-1.56	4.32	0.10	7.73
67.563	-1.61	4.27	0.10	7.73
67.592	-1.61	4.27	-0.04	7.59
67.622	-1.61	4.27	-0.04	7.59
67.652	-1.63	4.24	-0.04	7.59
67.682	-1.63	4.24	0.08	7.70
67.711	-1.63	4.24	0.08	7.70
67.741	-1.63	4.25	0.08	7.70
67.771	-1.63	4.25	0.00	7.63
67.801	-1.63	4.25	0.00	7.63
67.831	-1.78	4.10	0.00	7.63
67.860	-1.78	4.10	0.01	7.64
67.890	-1.78	4.10	0.01	7.64
67.920	-1.97	3.91	0.01	7.64
67.950	-1.97	3.91	0.10	7.73
67.979	-1.97	3.91	0.10	7.73
68.009	-2.15	3.73	0.10	7.73
68.039	-2.15	3.73	-0.04	7.59
68.069	-2.15	3.73	-0.04	7.59
68.099	-2.22	3.65	-0.04	7.59
68.128	-2.22	3.65	0.08	7.71
68.158	-2.22	3.65	0.08	7.71
68.188	-2.24	3.64	0.08	7.71
68.218	-2.24	3.64	0.00	7.63
68.247	-2.24	3.64	0.00	7.63
68.277	-2.23	3.64	0.00	7.63
68.307	-2.23	3.64	0.01	7.63
68.337	-2.23	3.64	0.01	7.63
68.367	-2.22	3.66	0.01	7.63
68.396	-2.22	3.66	0.10	7.73
68.426	-2.22	3.66	0.10	7.73
68.456	-2.23	3.64	0.10	7.73
68.486	-2.23	3.64	-0.04	7.59
68.515	-2.23	3.64	-0.04	7.59
68.545	-2.21	3.67	-0.04	7.59
68.575	-2.21	3.67	0.08	7.71
68.605	-2.21	3.67	0.08	7.71
68.635	-2.20	3.67	0.08	7.71
68.664	-2.20	3.67	0.00	7.63
68.694	-2.20	3.67	0.00	7.63
68.724	-2.22	3.65	0.00	7.63
68.754	-2.22	3.65	0.01	7.63
68.783	-2.22	3.65	0.01	7.63
68.813	-2.20	3.67	0.01	7.63
68.843	-2.20	3.67	0.10	7.73
68.873	-2.20	3.67	0.10	7.73
68.902	-2.22	3.65	0.10	7.73
68.932	-2.22	3.65	-0.05	7.58
68.962	-2.22	3.65	-0.05	7.58
68.992	-2.19	3.68	-0.05	7.58
69.021	-2.19	3.68	0.08	7.71
69.051	-2.19	3.68	0.08	7.71
69.081	-2.20	3.68	0.08	7.71
69.111	-2.20	3.68	0.00	7.63
69.141	-2.20	3.68	0.00	7.63
69.170	-2.22	3.66	0.00	7.63
69.200	-2.22	3.66	0.00	7.63
69.230	-2.22	3.66	0.00	7.63
69.260	-2.18	3.70	0.00	7.63
69.289	-2.18	3.70	0.11	7.73
69.319	-2.18	3.70	0.11	7.73
69.349	-2.20	3.68	0.11	7.73
69.379	-2.20	3.68	-0.05	7.58
69.409	-2.20	3.68	-0.05	7.58
69.438	-2.17	3.71	-0.05	7.58
69.468	-2.17	3.71	0.08	7.71
69.498	-2.17	3.71	0.08	7.71
69.528	-2.17	3.71	0.08	7.71
69.557	-2.17	3.71	-0.00	7.63
69.587	-2.17	3.71	-0.00	7.63
69.617	-2.17	3.71	-0.00	7.63
69.647	-2.17	3.71	0.00	7.63
69.677	-2.17	3.71	0.00	7.63
69.706	-2.13	3.75	0.00	7.63
69.736	-2.13	3.75	0.11	7.74
69.766	-2.13	3.75	0.11	7.74
69.796	-2.14	3.74	0.11	7.74
69.825	-2.14	3.74	-0.06	7.57
69.855	-2.14	3.74	-0.06	7.57
69.885	-2.12	3.76	-0.06	7.57
69.915	-2.12	3.76	0.09	7.71
69.945	-2.12	3.76	0.09	7.71
69.974	-2.10	3.78	0.09	7.71
70.004	-2.10	3.78	0.00	7.63
70.034	-2.10	3.78	0.00	7.63
70.064	-2.07	3.81	0.00	7.63
70.093	-2.07	3.81	0.00	7.63
70.123	-2.07	3.81	0.00	7.63
70.153	-1.89	3.99	0.00	7.63
70.183	-1.89	3.99	0.11	7.74
70.212	-1.89	3.99	0.11	7.74
70.242	-1.71	4.17	0.11	7.74
70.272	-1.71	4.17	-0.05	7.58
70.302	-1.71	4.17	-0.05	7.58
70.331	-1.49	4.39	-0.05	7.58
70.361	-1.49	4.39	0.08	7.71
70.391	-1.49	4.39	0.08	7.71
70.421	-1.42	4.46	0.08	7.71
70.451	-1.42	4.46	0.00	7.63
70.480	-1.42	4.46	0.00	7.63
70.510	-1.31	4.57	0.00	7.63
70.540	-1.31	4.57	-0.00	7.62
70.570	-1.31	4.57	-0.00	7.62
70.599	-4.57	1.31	-0.00	7.62
70.629	-4.57	1.31	0.06	7.69
70.659	-4.57	1.31	0.06	7.69
70.689	-4.52	1.35	0.06	7.69
70.718	-4.52	1.35	-0.09	7.54
70.748	-4.52	1.35	-0.09	7.54
70.778	-4.49	1.38	-0.09	7.54
70.808	-4.49	1.38	0.04	7.67
70.838	-4.49	1.38	0.04	7.67
70.867	0.50	6.38	0.04	7.67
70.897	0.50	6.38	-0.05	7.58
70.927	0.50	6.38	-0.05	7.58
70.957	-4.42	1.46	-0.05	7.58
70.986	-4.42	1.46	-0.04	7.58
71.016	-4.42	1.46	-0.04	7.58
71.046	-4.44	1.44	-0.04	7.58
71.076	-4.44	1.44	0.07	7.70
71.106	-4.44	1.44	0.07	7.70
71.135	-4.45	1.42	0.07	7.70
