Contador    P0  P1
0	-2.22	-2.22
1	-2.22	-2.22
2	10.59	-2.22
3	10.59	7.55
4	10.59	7.55
5	10.58	7.55
6	10.58	7.54
7	10.58	7.54
8	10.59	7.54
9	10.59	7.55
10	10.59	7.55
11	10.58	7.55
12	10.58	7.53
13	10.58	7.53
14	10.62	7.53
15	10.62	7.56
16	10.62	7.56
17	10.65	7.56
18	10.65	7.56
19	10.65	7.56
20	10.64	7.56
21	0.00	-0.03
22	0.00	-0.03
23	0.02	-0.03
24	0.02	0.01
25	0.02	0.01
26	-0.04	0.01
27	-0.04	-0.03
28	-0.04	-0.03
29	-0.06	-0.03
30	-0.06	-0.01
31	-0.06	-0.01
32	-0.09	-0.01
33	-0.09	-0.00
34	-0.09	-0.00
35	-0.10	-0.00
36	-0.10	-0.03
37	-0.10	-0.03
38	-0.07	-0.03
39	-0.07	0.01
40	-0.07	0.01
41	-0.04	0.01
42	-0.04	-0.04
43	-0.04	-0.04
44	0.02	-0.04
45	0.02	-0.02
46	0.02	-0.02
47	0.03	-0.02
48	0.03	-0.00
49	0.03	-0.00
50	0.01	-0.00
51	0.01	-0.04
52	0.01	-0.04
53	0.00	-0.04
54	0.00	0.00
55	0.00	0.00
56	-0.01	0.00
57	-0.01	-0.04
58	-0.01	-0.04
59	-0.02	-0.04
60	-0.02	-0.03
61	-0.02	-0.03
62	-0.01	-0.03
63	-0.01	-0.01
64	-0.01	-0.01
65	-0.00	-0.01
66	-0.00	-0.04
67	-0.00	-0.04
68	0.02	-0.04
69	0.02	-0.00
70	0.02	-0.00
71	-0.01	-0.00
72	-0.01	-0.04
73	-0.01	-0.04
74	0.00	-0.04
75	0.00	-0.02
76	0.00	-0.02
77	0.04	-0.02
78	0.04	-0.01
79	0.04	-0.01
80	0.00	-0.01
81	0.00	-0.04
82	0.00	-0.04
83	-0.01	-0.04
84	-0.01	-0.00
85	-0.01	-0.00
86	-0.01	-0.00
87	-0.01	-0.05
88	-0.01	-0.05
89	-0.01	-0.05
90	-0.01	-0.02
91	-0.01	-0.02
92	-0.01	-0.02
93	-0.01	-0.01
94	-0.01	-0.01
95	0.00	-0.01
96	0.00	-0.04
97	0.00	-0.04
98	0.00	-0.04
99	0.00	0.00
100	0.00	0.00
101	-0.01	0.00
102	-0.01	-0.05
103	-0.01	-0.05
104	-0.00	-0.05
105	-0.00	-0.01
106	-0.00	-0.01
107	-0.01	-0.01
108	-0.01	-0.01
109	-0.01	-0.01
110	-0.02	-0.01
111	-0.02	-0.04
112	-0.02	-0.04
113	-0.04	-0.04
114	-0.04	0.00
115	-0.04	0.00
116	-0.05	0.00
117	-0.05	-0.04
118	-0.05	-0.04
119	-0.05	-0.04
120	-0.05	-0.01
121	-0.05	-0.01
122	-0.04	-0.01
123	-0.04	-0.01
124	-0.04	-0.01
125	-0.06	-0.01
126	-0.06	-0.04
127	-0.06	-0.04
128	-0.07	-0.04
129	-0.07	-0.00
130	-0.07	-0.00
131	-0.07	-0.00
132	-0.07	-0.05
133	-0.07	-0.05
134	-0.07	-0.05
135	-0.07	-0.01
136	-0.07	-0.01
137	-0.07	-0.01
138	-0.07	-0.01
139	-0.07	-0.01
140	-0.06	-0.01
141	-0.06	-0.04
142	-0.06	-0.04
143	-0.06	-0.04
144	-0.06	-0.00
145	-0.06	-0.00
146	-0.06	-0.00
147	-0.06	-0.05
148	-0.06	-0.05
149	-0.07	-0.05
150	-0.07	-0.01
151	-0.07	-0.01
152	-0.07	-0.01
153	-0.07	-0.01
154	-0.07	-0.01
155	0.53	-0.01
156	0.53	-0.03
157	0.53	-0.03
158	35.39	-0.03
159	35.39	0.11
160	35.39	0.11
161	18.43	0.11
162	18.43	-0.04
163	18.43	-0.04
164	20.09	-0.04
165	20.09	-0.00
166	20.09	-0.00
167	24.08	-0.00
168	24.08	-0.01
169	24.08	-0.01
170	20.57	-0.01
171	20.57	-0.03
172	20.57	-0.03
173	22.13	-0.03
174	22.13	0.00
175	22.13	0.00
176	21.90	0.00
177	21.90	-0.04
178	21.90	-0.04
179	21.80	-0.04
180	21.80	-0.00
181	21.80	-0.00
182	21.97	-0.00
183	21.97	-0.02
184	21.97	-0.02
185	21.94	-0.02
186	21.94	-0.03
187	21.94	-0.03
188	22.05	-0.03
189	22.05	-0.00
190	22.05	-0.00
191	22.45	-0.00
192	22.45	-0.04
193	22.45	-0.04
194	22.35	-0.04
195	22.35	0.00
196	22.35	0.00
197	22.37	0.00
198	22.37	-0.02
199	22.37	-0.02
200	21.93	-0.02
201	21.93	-0.03
202	21.93	-0.03
203	22.11	-0.03
204	22.11	-0.00
205	22.11	-0.00
206	22.57	-0.00
207	22.57	-0.05
208	22.57	-0.05
209	22.19	-0.05
210	22.19	0.00
211	22.19	0.00
212	22.06	0.00
213	22.06	-0.02
214	22.06	-0.02
215	22.13	-0.02
216	22.13	-0.03
217	22.13	-0.03
218	21.75	-0.03
219	21.75	-0.00
220	21.75	-0.00
221	22.51	-0.00
222	22.51	-0.04
223	22.51	-0.04
224	22.09	-0.04
225	22.09	0.01
226	22.09	0.01
227	21.88	0.01
228	21.88	-0.02
229	21.88	-0.02
230	22.03	-0.02
231	22.03	-0.03
232	22.03	-0.03
233	21.86	-0.03
234	21.86	0.00
235	21.86	0.00
236	21.99	0.00
237	21.99	-0.04
238	21.99	-0.04
239	21.76	-0.04
240	21.76	0.01
241	21.76	0.01
242	21.96	0.01
243	21.96	-0.03
244	21.96	-0.03
245	21.73	-0.03
246	21.73	-0.03
247	21.73	-0.03
248	22.12	-0.03
249	22.12	0.00
250	22.12	0.00
251	22.03	0.00
252	22.03	-0.04
253	22.03	-0.04
254	21.99	-0.04
255	21.99	0.01
256	21.99	0.01
257	21.79	0.01
258	21.79	-0.02
259	21.79	-0.02
260	21.78	-0.02
261	21.78	-0.02
262	21.78	-0.02
263	22.01	-0.02
264	22.01	-0.00
265	22.01	-0.00
266	21.84	-0.00
267	21.84	-0.04
268	21.84	-0.04
269	21.65	-0.04
270	21.65	0.01
271	21.65	0.01
272	21.89	0.01
273	21.89	-0.03
274	21.89	-0.03
275	21.74	-0.03
276	21.74	-0.02
277	21.74	-0.02
278	22.11	-0.02
279	22.11	-0.00
280	22.11	-0.00
281	21.75	-0.00
282	21.75	-0.03
283	21.75	-0.03
284	21.85	-0.03
285	21.85	0.01
286	21.85	0.01
287	21.89	0.01
288	21.89	-0.03
289	21.89	-0.03
290	21.81	-0.03
291	21.81	-0.01
292	21.81	-0.01
293	21.89	-0.01
294	21.89	-0.00
295	21.89	-0.00
296	21.76	-0.00
297	21.76	-0.03
298	21.76	-0.03
299	21.40	-0.03
300	21.40	0.01
301	21.40	0.01
302	21.86	0.01
303	21.86	-0.03
304	21.86	-0.03
305	22.07	-0.03
306	22.07	-0.01
307	22.07	-0.01
308	21.91	-0.01
309	21.91	-0.00
310	21.91	-0.00
311	21.84	-0.00
312	21.84	-0.03
313	21.84	-0.03
314	22.02	-0.03
315	22.02	0.01
316	22.02	0.01
317	21.59	0.01
318	21.59	-0.04
319	21.59	-0.04
320	22.14	-0.04
321	22.14	-0.01
322	22.14	-0.01
323	21.98	-0.01
324	21.98	-0.00
325	21.98	-0.00
326	21.69	-0.00
327	21.69	-0.03
328	21.69	-0.03
329	21.61	-0.03
330	21.61	0.01
331	21.61	0.01
332	21.91	0.01
333	21.91	-0.04
334	21.91	-0.04
335	22.12	-0.04
336	22.12	-0.01
337	22.12	-0.01
338	21.71	-0.01
339	21.71	-0.01
340	21.71	-0.01
341	21.66	-0.01
342	21.66	-0.03
343	21.66	-0.03
344	21.71	-0.03
345	21.71	0.00
346	21.71	0.00
347	21.87	0.00
348	21.87	-0.04
349	21.87	-0.04
350	21.84	-0.04
351	21.84	-0.00
352	21.84	-0.00
353	21.49	-0.00
354	21.49	-0.01
355	21.49	-0.01
356	21.47	-0.01
357	21.47	-0.03
358	21.47	-0.03
359	21.57	-0.03
360	21.57	0.00
361	21.57	0.00
362	22.03	0.00
363	22.03	-0.04
364	22.03	-0.04
365	21.49	-0.04
366	21.49	-0.00
367	21.49	-0.00
368	21.73	-0.00
369	21.73	-0.01
370	21.73	-0.01
371	21.68	-0.01
372	21.68	-0.03
373	21.68	-0.03
374	21.48	-0.03
375	21.48	0.00
376	21.48	0.00
377	21.85	0.00
378	21.85	-0.04
379	21.85	-0.04
380	21.55	-0.04
381	21.55	0.00
382	21.55	0.00
383	21.41	0.00
384	21.41	-0.02
385	21.41	-0.02
386	21.48	-0.02
387	21.48	-0.03
388	21.48	-0.03
389	21.98	-0.03
390	21.98	-0.00
391	21.98	-0.00
392	21.77	-0.00
393	21.77	-0.04
394	21.77	-0.04
395	21.45	-0.04
396	21.45	0.01
397	21.45	0.01
398	21.50	0.01
399	21.50	-0.02
400	21.50	-0.02
401	21.53	-0.02
402	21.53	-0.03
403	21.53	-0.03
404	21.76	-0.03
405	21.76	-0.00
406	21.76	-0.00
407	21.71	-0.00
408	21.71	-0.04
409	21.71	-0.04
410	21.35	-0.04
411	21.35	0.00
412	21.35	0.00
413	21.62	0.00
414	21.62	-0.03
415	21.62	-0.03
416	21.51	-0.03
417	21.51	-0.03
418	21.51	-0.03
419	21.88	-0.03
420	21.88	-0.00
421	21.88	-0.00
422	21.54	-0.00
423	21.54	-0.04
424	21.54	-0.04
425	21.68	-0.04
426	21.68	0.01
427	21.68	0.01
428	21.70	0.01
429	21.70	-0.03
430	21.70	-0.03
431	21.73	-0.03
432	21.73	-0.02
433	21.73	-0.02
434	21.77	-0.02
435	21.77	-0.00
436	21.77	-0.00
437	21.42	-0.00
438	21.42	-0.04
439	21.42	-0.04
440	21.26	-0.04
441	21.26	0.01
442	21.26	0.01
443	21.39	0.01
444	21.39	-0.03
445	21.39	-0.03
446	21.94	-0.03
447	21.94	-0.02
448	21.94	-0.02
449	21.52	-0.02
450	21.52	-0.00
451	21.52	-0.00
452	21.62	-0.00
453	21.62	-0.04
454	21.62	-0.04
455	21.68	-0.04
456	21.68	0.01
457	21.68	0.01
458	21.40	0.01
459	21.40	-0.04
460	21.40	-0.04
461	21.77	-0.04
462	21.77	-0.02
463	21.77	-0.02
464	21.66	-0.02
465	21.66	-0.00
466	21.66	-0.00
467	21.39	-0.00
468	21.39	-0.03
469	21.39	-0.03
470	21.55	-0.03
471	21.55	0.01
472	21.55	0.01
473	21.93	0.01
474	21.93	-0.04
475	21.93	-0.04
476	21.68	-0.04
477	21.68	-0.01
478	21.68	-0.01
479	21.51	-0.01
480	21.51	-0.00
481	21.51	-0.00
482	21.74	-0.00
483	21.74	-0.03
484	21.74	-0.03
485	21.58	-0.03
486	21.58	0.01
487	21.58	0.01
488	21.67	0.01
489	21.67	-0.04
490	21.67	-0.04
491	21.71	-0.04
492	21.71	-0.01
493	21.71	-0.01
494	21.44	-0.01
495	21.44	-0.01
496	21.44	-0.01
497	21.68	-0.01
498	21.68	-0.03
499	21.68	-0.03
500	21.52	-0.03
501	21.52	0.01
502	21.52	0.01
503	22.06	0.01
504	22.06	-0.04
505	22.06	-0.04
506	21.49	-0.04
507	21.49	-0.00
508	21.49	-0.00
509	21.82	-0.00
510	21.82	-0.01
511	21.82	-0.01
512	21.78	-0.01
513	21.78	-0.03
514	21.78	-0.03
515	21.52	-0.03
516	21.52	0.01
517	21.52	0.01
518	21.80	0.01
519	21.80	-0.04
520	21.80	-0.04
521	21.65	-0.04
522	21.65	-0.00
523	21.65	-0.00
524	21.56	-0.00
525	21.56	-0.01
526	21.56	-0.01
527	21.79	-0.01
528	21.79	-0.04
529	21.79	-0.04
530	21.85	-0.04
531	21.85	0.00
532	21.85	0.00
533	21.78	0.00
534	21.78	-0.04
535	21.78	-0.04
536	21.79	-0.04
537	21.79	0.00
538	21.79	0.00
539	21.61	0.00
540	21.61	-0.02
541	21.61	-0.02
542	21.59	-0.02
543	21.59	-0.03
544	21.59	-0.03
545	21.91	-0.03
546	21.91	-0.00
547	21.91	-0.00
548	21.65	-0.00
549	21.65	-0.04
550	21.65	-0.04
551	21.37	-0.04
552	21.37	0.00
553	21.37	0.00
554	21.73	0.00
555	21.73	-0.02
556	21.73	-0.02
557	21.77	-0.02
558	21.77	-0.03
559	21.77	-0.03
560	21.95	-0.03
561	21.95	-0.00
562	21.95	-0.00
563	21.68	-0.00
564	21.68	-0.04
565	21.68	-0.04
566	21.86	-0.04
567	21.86	0.01
568	21.86	0.01
569	21.77	0.01
570	21.77	-0.02
571	21.77	-0.02
572	21.73	-0.02
573	21.73	-0.03
574	21.73	-0.03
575	21.87	-0.03
576	21.87	-0.00
577	21.87	-0.00
578	21.64	-0.00
579	21.64	-0.04
580	21.64	-0.04
581	21.58	-0.04
582	21.58	0.01
583	21.58	0.01
584	21.78	0.01
585	21.78	-0.03
586	21.78	-0.03
587	22.02	-0.03
588	22.02	-0.03
589	22.02	-0.03
590	21.66	-0.03
591	21.66	0.00
592	21.66	0.00
593	21.57	0.00
594	21.57	-0.04
595	21.57	-0.04
596	21.74	-0.04
597	21.74	0.01
598	21.74	0.01
599	21.68	0.01
600	21.68	-0.03
601	21.68	-0.03
602	21.71	-0.03
603	21.71	-0.02
604	21.71	-0.02
605	21.55	-0.02
606	21.55	-0.00
607	21.55	-0.00
608	21.49	-0.00
609	21.49	-0.04
610	21.49	-0.04
611	21.50	-0.04
612	21.50	0.01
613	21.50	0.01
614	21.92	0.01
615	21.92	-0.04
616	21.92	-0.04
617	21.72	-0.04
618	21.72	-0.02
619	21.72	-0.02
620	21.49	-0.02
621	21.49	-0.00
622	21.49	-0.00
623	21.69	-0.00
624	21.69	-0.04
625	21.69	-0.04
626	21.50	-0.04
627	21.50	0.00
628	21.50	0.00
629	21.59	0.00
630	21.59	-0.04
631	21.59	-0.04
632	21.77	-0.04
633	21.77	-0.01
634	21.77	-0.01
635	21.47	-0.01
636	21.47	-0.00
637	21.47	-0.00
638	21.54	-0.00
639	21.54	-0.03
640	21.54	-0.03
641	21.70	-0.03
642	21.70	0.01
643	21.70	0.01
644	21.81	0.01
645	21.81	-0.04
646	21.81	-0.04
647	21.41	-0.04
648	21.41	-0.01
649	21.41	-0.01
650	21.67	-0.01
651	21.67	-0.00
652	21.67	-0.00
653	21.69	-0.00
654	21.69	-0.03
655	21.69	-0.03
656	21.64	-0.03
657	21.64	0.00
658	21.64	0.00
659	21.55	0.00
660	21.55	-0.04
661	21.55	-0.04
662	21.21	-0.04
663	21.21	-0.01
664	21.21	-0.01
665	21.42	-0.01
666	21.42	-0.00
667	21.42	-0.00
668	21.13	-0.00
669	21.13	-0.03
670	21.13	-0.03
671	21.45	-0.03
672	21.45	0.01
673	21.45	0.01
674	21.39	0.01
675	21.39	-0.04
676	21.39	-0.04
677	21.30	-0.04
678	21.30	-0.00
679	21.30	-0.00
680	21.55	-0.00
681	21.55	-0.00
682	21.55	-0.00
683	21.49	-0.00
684	21.49	-0.03
685	21.49	-0.03
686	21.58	-0.03
687	21.58	0.01
688	21.58	0.01
689	21.22	0.01
690	21.22	-0.04
691	21.22	-0.04
692	21.31	-0.04
693	21.31	-0.00
694	21.31	-0.00
695	21.49	-0.00
696	21.49	-0.00
697	21.49	-0.00
698	21.50	-0.00
699	21.50	-0.02
700	21.50	-0.02
701	21.52	-0.02
702	21.52	0.01
703	21.52	0.01
704	21.30	0.01
705	21.30	-0.03
706	21.30	-0.03
707	21.42	-0.03
708	21.42	0.01
709	21.42	0.01
710	21.45	0.01
711	21.45	-0.00
712	21.45	-0.00
713	21.49	-0.00
714	21.49	-0.03
715	21.49	-0.03
716	21.39	-0.03
717	21.39	0.00
718	21.39	0.00
719	21.15	0.00
720	21.15	-0.03
721	21.15	-0.03
722	21.34	-0.03
723	21.34	0.00
724	21.34	0.00
725	21.70	0.00
726	21.70	-0.01
727	21.70	-0.01
728	21.72	-0.01
729	21.72	-0.03
730	21.72	-0.03
731	21.36	-0.03
732	21.36	0.00
733	21.36	0.00
734	21.76	0.00
735	21.76	-0.04
736	21.76	-0.04
737	21.63	-0.04
738	21.63	0.01
739	21.63	0.01
740	21.85	0.01
741	21.85	-0.01
742	21.85	-0.01
743	21.56	-0.01
744	21.56	-0.01
745	21.56	-0.01
746	21.03	-0.01
747	21.03	0.02
748	21.03	0.02
749	20.79	0.02
750	20.79	-0.01
751	20.79	-0.01
752	21.02	-0.01
753	21.02	0.03
754	21.02	0.03
755	21.12	0.03
756	21.12	-0.01
757	21.12	-0.01
758	21.08	-0.01
759	21.08	-0.00
760	21.08	-0.00
761	21.31	-0.00
762	21.31	0.02
763	21.31	0.02
764	21.20	0.02
765	21.20	-0.02
766	21.20	-0.02
767	20.98	-0.02
768	20.98	0.03
769	20.98	0.03
770	21.40	0.03
771	21.40	-0.01
772	21.40	-0.01
773	21.18	-0.01
774	21.18	-0.01
775	21.18	-0.01
776	21.00	-0.01
777	21.00	0.02
778	21.00	0.02
779	21.18	0.02
780	21.18	-0.03
781	21.18	-0.03
782	21.16	-0.03
783	21.16	0.02
784	21.16	0.02
785	21.18	0.02
786	21.18	-0.01
787	21.18	-0.01
788	21.19	-0.01
789	21.19	0.00
790	21.19	0.00
791	21.27	0.00
792	21.27	0.01
793	21.27	0.01
794	21.05	0.01
795	21.05	-0.01
796	21.05	-0.01
797	21.27	-0.01
798	21.27	0.03
799	21.27	0.03
800	20.99	0.03
801	20.99	-0.02
802	20.99	-0.02
803	21.12	-0.02
804	21.12	0.00
805	21.12	0.00
806	21.00	0.00
807	21.00	0.02
808	21.00	0.02
809	21.37	0.02
810	21.37	-0.01
811	21.37	-0.01
812	21.36	-0.01
813	21.36	0.03
814	21.36	0.03
815	21.05	0.03
816	21.05	-0.01
817	21.05	-0.01
818	21.30	-0.01
819	21.30	0.01
820	21.30	0.01
821	21.17	0.01
822	21.17	0.01
823	21.17	0.01
824	21.19	0.01
825	21.19	-0.02
826	21.19	-0.02
827	21.29	-0.02
828	21.29	0.02
829	21.29	0.02
830	21.00	0.02
831	21.00	-0.02
832	21.00	-0.02
833	21.04	-0.02
834	21.04	0.01
835	21.04	0.01
836	21.36	0.01
837	21.36	0.00
838	21.36	0.00
839	21.75	0.00
840	21.75	-0.03
841	21.75	-0.03
842	21.03	-0.03
843	21.03	0.02
844	21.03	0.02
845	21.43	0.02
846	21.43	-0.03
847	21.43	-0.03
848	21.30	-0.03
849	21.30	0.01
850	21.30	0.01
851	21.17	0.01
852	21.17	0.01
853	21.17	0.01
854	21.38	0.01
855	21.38	-0.02
856	21.38	-0.02
857	21.02	-0.02
858	21.02	0.02
859	21.02	0.02
860	21.00	0.02
861	21.00	-0.02
862	21.00	-0.02
863	21.12	-0.02
864	21.12	0.01
865	21.12	0.01
866	21.27	0.01
867	21.27	-0.01
868	21.27	-0.01
869	21.50	-0.01
870	21.50	-0.04
871	21.50	-0.04
872	21.71	-0.04
873	21.71	-0.01
874	21.71	-0.01
875	21.90	-0.01
876	21.90	-0.05
877	21.90	-0.05
878	21.46	-0.05
879	21.46	-0.01
880	21.46	-0.01
881	21.88	-0.01
882	21.88	-0.03
883	21.88	-0.03
884	21.85	-0.03
885	21.85	-0.04
886	21.85	-0.04
887	21.52	-0.04
888	21.52	-0.01
889	21.52	-0.01
890	21.60	-0.01
891	21.60	-0.05
892	21.60	-0.05
893	21.99	-0.05
894	21.99	-0.01
895	21.99	-0.01
896	21.68	-0.01
897	21.68	-0.02
898	21.68	-0.02
899	21.46	-0.02
900	21.46	-0.03
901	21.46	-0.03
902	21.79	-0.03
903	21.79	-0.01
904	21.79	-0.01
905	21.33	-0.01
906	21.33	-0.04
907	21.33	-0.04
908	21.70	-0.04
909	21.70	0.00
910	21.70	0.00
911	21.59	0.00
912	21.59	-0.03
913	21.59	-0.03
914	21.59	-0.03
915	21.59	-0.02
916	21.59	-0.02
917	21.28	-0.02
918	21.28	-0.00
919	21.28	-0.00
920	21.65	-0.00
921	21.65	-0.04
922	21.65	-0.04
923	21.60	-0.04
924	21.60	0.01
925	21.60	0.01
926	21.06	0.01
927	21.06	-0.02
928	21.06	-0.02
929	21.43	-0.02
930	21.43	-0.01
931	21.43	-0.01
932	21.16	-0.01
933	21.16	0.01
934	21.16	0.01
935	21.27	0.01
936	21.27	-0.02
937	21.27	-0.02
938	21.37	-0.02
939	21.37	0.01
940	21.37	0.01
941	21.09	0.01
942	21.09	-0.02
943	21.09	-0.02
944	21.23	-0.02
945	21.23	-0.01
946	21.23	-0.01
947	20.98	-0.01
948	20.98	0.00
949	20.98	0.00
950	21.36	0.00
951	21.36	-0.02
952	21.36	-0.02
953	21.07	-0.02
954	21.07	0.02
955	21.07	0.02
956	21.10	0.02
957	21.10	-0.02
958	21.10	-0.02
959	21.40	-0.02
960	21.40	-0.00
961	21.40	-0.00
962	21.33	-0.00
963	21.33	-0.00
964	21.33	-0.00
965	21.40	-0.00
966	21.40	-0.02
967	21.40	-0.02
968	21.27	-0.02
969	21.27	0.01
970	21.27	0.01
971	21.24	0.01
972	21.24	-0.03
973	21.24	-0.03
974	21.04	-0.03
975	21.04	-0.00
976	21.04	-0.00
977	21.55	-0.00
978	21.55	-0.00
979	21.55	-0.00
980	21.18	-0.00
981	21.18	-0.02
982	21.18	-0.02
983	21.26	-0.02
984	21.26	0.01
985	21.26	0.01
986	21.35	0.01
987	21.35	-0.02
988	21.35	-0.02
989	21.13	-0.02
990	21.13	0.01
991	21.13	0.01
992	21.19	0.01
993	21.19	0.00
994	21.19	0.00
995	21.13	0.00
996	21.13	-0.01
997	21.13	-0.01
998	21.19	-0.01
999	21.19	0.01
1000	21.19	0.01
1001	20.99	0.01
1002	20.99	-0.03
1003	20.99	-0.03
1004	21.43	-0.03
1005	21.43	0.01
1006	21.43	0.01
1007	21.09	0.01
1008	21.09	-0.00
1009	21.09	-0.00
1010	21.00	-0.00
1011	21.00	-0.01
1012	21.00	-0.01
1013	21.10	-0.01
1014	21.10	0.02
1015	21.10	0.02
1016	20.96	0.02
1017	20.96	-0.02
1018	20.96	-0.02
1019	21.25	-0.02
1020	21.25	0.01
1021	21.25	0.01
1022	21.18	0.01
1023	21.18	-0.01
1024	21.18	-0.01
1025	21.41	-0.01
1026	21.41	-0.03
1027	21.41	-0.03
1028	21.67	-0.03
1029	21.67	-0.01
1030	21.67	-0.01
1031	21.60	-0.01
1032	21.60	-0.05
1033	21.60	-0.05
1034	22.01	-0.05
1035	22.01	-0.01
1036	22.01	-0.01
1037	21.53	-0.01
1038	21.53	-0.02
1039	21.53	-0.02
1040	21.53	-0.02
1041	21.53	-0.04
1042	21.53	-0.04
1043	21.59	-0.04
1044	21.59	-0.01
1045	21.59	-0.01
1046	21.81	-0.01
1047	21.81	-0.05
1048	21.81	-0.05
1049	21.61	-0.05
1050	21.61	-0.01
1051	21.61	-0.01
1052	21.41	-0.01
1053	21.41	-0.02
1054	21.41	-0.02
1055	21.67	-0.02
1056	21.67	-0.03
1057	21.67	-0.03
1058	21.63	-0.03
1059	21.63	-0.01
1060	21.63	-0.01
1061	21.73	-0.01
1062	21.73	-0.05
1063	21.73	-0.05
1064	21.48	-0.05
1065	21.48	-0.00
1066	21.48	-0.00
1067	21.60	-0.00
1068	21.60	-0.02
1069	21.60	-0.02
1070	21.73	-0.02
1071	21.73	-0.03
1072	21.73	-0.03
1073	21.62	-0.03
1074	21.62	-0.01
1075	21.62	-0.01
1076	21.86	-0.01
1077	21.86	-0.04
1078	21.86	-0.04
1079	21.29	-0.04
1080	21.29	-0.00
1081	21.29	-0.00
1082	21.59	-0.00
1083	21.59	-0.02
1084	21.59	-0.02
1085	21.45	-0.02
1086	21.45	-0.02
1087	21.45	-0.02
1088	21.49	-0.02
1089	21.49	0.00
1090	21.49	0.00
1091	21.28	0.00
1092	21.28	-0.03
1093	21.28	-0.03
1094	21.31	-0.03
1095	21.31	0.01
1096	21.31	0.01
1097	21.31	0.01
1098	21.31	-0.01
1099	21.31	-0.01
1100	21.01	-0.01
1101	21.01	-0.01
1102	21.01	-0.01
1103	21.44	-0.01
1104	21.44	0.01
1105	21.44	0.01
1106	20.98	0.01
1107	20.98	-0.03
1108	20.98	-0.03
1109	21.26	-0.03
1110	21.26	0.01
1111	21.26	0.01
1112	21.05	0.01
1113	21.05	-0.01
1114	21.05	-0.01
1115	21.49	-0.01
1116	21.49	-0.01
1117	21.49	-0.01
1118	21.12	-0.01
1119	21.12	0.01
1120	21.12	0.01
1121	20.95	0.01
1122	20.95	-0.02
1123	20.95	-0.02
1124	21.37	-0.02
1125	21.37	0.01
1126	21.37	0.01
1127	21.22	0.01
1128	21.22	-0.02
1129	21.22	-0.02
1130	21.63	-0.02
1131	21.63	-0.01
1132	21.63	-0.01
1133	21.19	-0.01
1134	21.19	0.01
1135	21.19	0.01
1136	21.00	0.01
1137	21.00	-0.02
1138	21.00	-0.02
1139	21.19	-0.02
1140	21.19	0.02
1141	21.19	0.02
1142	21.25	0.02
1143	21.25	-0.01
1144	21.25	-0.01
1145	21.51	-0.01
1146	21.51	-0.01
1147	21.51	-0.01
1148	21.16	-0.01
1149	21.16	0.01
1150	21.16	0.01
1151	21.46	0.01
1152	21.46	-0.02
1153	21.46	-0.02
1154	21.25	-0.02
1155	21.25	0.02
1156	21.25	0.02
1157	21.26	0.02
1158	21.26	-0.01
1159	21.26	-0.01
1160	21.45	-0.01
1161	21.45	-0.01
1162	21.45	-0.01
1163	21.20	-0.01
1164	21.20	0.00
1165	21.20	0.00
1166	21.09	0.00
1167	21.09	-0.03
1168	21.09	-0.03
1169	21.05	-0.03
1170	21.05	0.02
1171	21.05	0.02
1172	21.45	0.02
1173	21.45	-0.02
1174	21.45	-0.02
1175	21.27	-0.02
1176	21.27	-0.01
1177	21.27	-0.01
1178	21.34	-0.01
1179	21.34	0.01
1180	21.34	0.01
1181	21.54	0.01
1182	21.54	-0.02
1183	21.54	-0.02
1184	21.43	-0.02
1185	21.43	0.02
1186	21.43	0.02
1187	21.52	0.02
1188	21.52	-0.02
1189	21.52	-0.02
1190	21.21	-0.02
1191	21.21	-0.01
1192	21.21	-0.01
1193	21.28	-0.01
1194	21.28	0.00
1195	21.28	0.00
1196	21.34	0.00
1197	21.34	-0.03
1198	21.34	-0.03
1199	21.62	-0.03
1200	21.62	0.02
1201	21.62	0.02
1202	21.26	0.02
1203	21.26	-0.01
1204	21.26	-0.01
1205	21.35	-0.01
1206	21.35	-0.00
1207	21.35	-0.00
1208	21.52	-0.00
1209	21.52	0.01
1210	21.52	0.01
1211	21.23	0.01
1212	21.23	-0.02
1213	21.23	-0.02
1214	21.66	-0.02
1215	21.66	0.02
1216	21.66	0.02
1217	21.17	0.02
1218	21.17	-0.02
1219	21.17	-0.02
1220	21.19	-0.02
1221	21.19	-0.01
1222	21.19	-0.01
1223	21.46	-0.01
1224	21.46	0.00
1225	21.46	0.00
1226	21.53	0.00
1227	21.53	-0.02
1228	21.53	-0.02
1229	21.56	-0.02
1230	21.56	0.01
1231	21.56	0.01
1232	21.44	0.01
1233	21.44	-0.02
1234	21.44	-0.02
1235	21.24	-0.02
1236	21.24	-0.01
1237	21.24	-0.01
1238	21.32	-0.01
1239	21.32	0.01
1240	21.32	0.01
1241	21.10	0.01
1242	21.10	-0.02
1243	21.10	-0.02
1244	20.46	-0.02
1245	20.46	0.02
1246	20.46	0.02
1247	20.79	0.02
1248	20.79	-0.02
1249	20.79	-0.02
1250	20.64	-0.02
1251	20.64	-0.01
1252	20.64	-0.01
1253	20.88	-0.01
1254	20.88	0.00
1255	20.88	0.00
1256	20.99	0.00
1257	20.99	-0.02
1258	20.99	-0.02
1259	20.72	-0.02
1260	20.72	0.02
1261	20.72	0.02
1262	20.86	0.02
1263	20.86	-0.02
1264	20.86	-0.02
1265	20.67	-0.02
1266	20.67	-0.00
1267	20.67	-0.00
1268	21.00	-0.00
1269	21.00	0.00
1270	21.00	0.00
1271	20.91	0.00
1272	20.91	-0.02
1273	20.91	-0.02
1274	20.56	-0.02
1275	20.56	0.02
1276	20.56	0.02
1277	20.95	0.02
1278	20.95	-0.02
1279	20.95	-0.02
1280	20.84	-0.02
1281	20.84	-0.00
1282	20.84	-0.00
1283	20.87	-0.00
1284	20.87	0.00
1285	20.87	0.00
1286	20.72	0.00
1287	20.72	-0.02
1288	20.72	-0.02
1289	20.84	-0.02
1290	20.84	0.02
1291	20.84	0.02
1292	20.75	0.02
1293	20.75	-0.03
1294	20.75	-0.03
1295	20.68	-0.03
1296	20.68	-0.01
1297	20.68	-0.01
1298	21.06	-0.01
1299	21.06	-0.00
1300	21.06	-0.00
1301	20.90	-0.00
1302	20.90	-0.03
1303	20.90	-0.03
1304	20.91	-0.03
1305	20.91	0.02
1306	20.91	0.02
1307	20.83	0.02
1308	20.83	-0.02
1309	20.83	-0.02
1310	20.91	-0.02
1311	20.91	-0.01
1312	20.91	-0.01
1313	20.67	-0.01
1314	20.67	0.00
1315	20.67	0.00
1316	20.88	0.00
1317	20.88	-0.03
1318	20.88	-0.03
1319	20.98	-0.03
1320	20.98	0.02
1321	20.98	0.02
1322	20.45	0.02
1323	20.45	-0.01
1324	20.45	-0.01
1325	21.02	-0.01
1326	21.02	-0.00
1327	21.02	-0.00
1328	20.84	-0.00
1329	20.84	0.01
1330	20.84	0.01
1331	20.51	0.01
1332	20.51	-0.02
1333	20.51	-0.02
1334	20.78	-0.02
1335	20.78	0.02
1336	20.78	0.02
1337	20.96	0.02
1338	20.96	-0.01
1339	20.96	-0.01
1340	20.39	-0.01
1341	20.39	0.01
1342	20.39	0.01
1343	20.64	0.01
1344	20.64	0.02
1345	20.64	0.02
1346	20.83	0.02
1347	20.83	-0.01
1348	20.83	-0.01
1349	20.30	-0.01
1350	20.30	0.03
1351	20.30	0.03
1352	20.85	0.03
1353	20.85	-0.01
1354	20.85	-0.01
1355	20.68	-0.01
1356	20.68	0.00
1357	20.68	0.00
1358	20.60	0.00
1359	20.60	0.02
1360	20.60	0.02
1361	20.58	0.02
1362	20.58	-0.01
1363	20.58	-0.01
1364	20.63	-0.01
1365	20.63	0.03
1366	20.63	0.03
1367	20.62	0.03
1368	20.62	-0.01
1369	20.62	-0.01
1370	20.47	-0.01
1371	20.47	0.01
1372	20.47	0.01
1373	21.17	0.01
1374	21.17	-0.00
1375	21.17	-0.00
1376	20.99	-0.00
1377	20.99	-0.03
1378	20.99	-0.03
1379	21.36	-0.03
1380	21.36	0.01
1381	21.36	0.01
1382	21.14	0.01
1383	21.14	-0.03
1384	21.14	-0.03
1385	20.77	-0.03
1386	20.77	-0.01
1387	20.77	-0.01
1388	21.09	-0.01
1389	21.09	-0.00
1390	21.09	-0.00
1391	21.12	-0.00
1392	21.12	-0.03
1393	21.12	-0.03
1394	21.27	-0.03
1395	21.27	0.01
1396	21.27	0.01
1397	21.01	0.01
1398	21.01	-0.03
1399	21.01	-0.03
1400	21.02	-0.03
1401	21.02	-0.02
1402	21.02	-0.02
1403	21.12	-0.02
1404	21.12	-0.00
1405	21.12	-0.00
1406	21.05	-0.00
1407	21.05	-0.04
1408	21.05	-0.04
1409	21.22	-0.04
1410	21.22	0.01
1411	21.22	0.01
1412	21.01	0.01
1413	21.01	-0.03
1414	21.01	-0.03
1415	20.94	-0.03
1416	20.94	-0.02
1417	20.94	-0.02
1418	20.93	-0.02
1419	20.93	-0.00
1420	20.93	-0.00
1421	21.14	-0.00
1422	21.14	-0.04
1423	21.14	-0.04
1424	21.10	-0.04
1425	21.10	0.01
1426	21.10	0.01
1427	20.94	0.01
1428	20.94	-0.03
1429	20.94	-0.03
1430	21.02	-0.03
1431	21.02	-0.02
1432	21.02	-0.02
1433	21.02	-0.02
1434	21.02	-0.00
1435	21.02	-0.00
1436	21.17	-0.00
1437	21.17	-0.03
1438	21.17	-0.03
1439	20.79	-0.03
1440	20.79	0.01
1441	20.79	0.01
1442	21.02	0.01
1443	21.02	-0.03
1444	21.02	-0.03
1445	20.99	-0.03
1446	20.99	-0.01
1447	20.99	-0.01
1448	21.15	-0.01
1449	21.15	-0.00
1450	21.15	-0.00
1451	20.81	-0.00
1452	20.81	-0.03
1453	20.81	-0.03
1454	20.95	-0.03
1455	20.95	0.01
1456	20.95	0.01
1457	20.80	0.01
1458	20.80	-0.03
1459	20.80	-0.03
1460	20.88	-0.03
1461	20.88	-0.01
1462	20.88	-0.01
1463	20.95	-0.01
1464	20.95	-0.00
1465	20.95	-0.00
1466	20.91	-0.00
1467	20.91	-0.03
1468	20.91	-0.03
1469	20.72	-0.03
1470	20.72	0.01
1471	20.72	0.01
1472	20.96	0.01
1473	20.96	-0.03
1474	20.96	-0.03
1475	21.12	-0.03
1476	21.12	-0.01
1477	21.12	-0.01
1478	20.96	-0.01
1479	20.96	-0.00
1480	20.96	-0.00
1481	20.86	-0.00
1482	20.86	-0.03
1483	20.86	-0.03
1484	21.14	-0.03
1485	21.14	0.01
1486	21.14	0.01
1487	20.68	0.01
1488	20.68	-0.03
1489	20.68	-0.03
1490	20.76	-0.03
1491	20.76	-0.01
1492	20.76	-0.01
1493	21.14	-0.01
1494	21.14	-0.00
1495	21.14	-0.00
1496	20.72	-0.00
1497	20.72	-0.03
1498	20.72	-0.03
1499	20.88	-0.03
1500	20.88	0.01
1501	20.88	0.01
1502	20.94	0.01
1503	20.94	-0.03
1504	20.94	-0.03
1505	20.98	-0.03
1506	20.98	-0.01
1507	20.98	-0.01
1508	20.77	-0.01
1509	20.77	-0.00
1510	20.77	-0.00
1511	21.03	-0.00
1512	21.03	-0.03
1513	21.03	-0.03
1514	20.91	-0.03
1515	20.91	0.01
1516	20.91	0.01
1517	20.96	0.01
1518	20.96	-0.03
1519	20.96	-0.03
1520	21.08	-0.03
1521	21.08	-0.01
1522	21.08	-0.01
1523	20.78	-0.01
1524	20.78	-0.00
1525	20.78	-0.00
1526	20.94	-0.00
1527	20.94	-0.03
1528	20.94	-0.03
1529	20.83	-0.03
1530	20.83	0.01
1531	20.83	0.01
1532	21.14	0.01
1533	21.14	-0.03
1534	21.14	-0.03
1535	20.79	-0.03
1536	20.79	-0.01
1537	20.79	-0.01
1538	20.89	-0.01
1539	20.89	-0.00
1540	20.89	-0.00
1541	21.12	-0.00
1542	21.12	-0.03
1543	21.12	-0.03
1544	20.74	-0.03
1545	20.74	0.01
1546	20.74	0.01
1547	21.23	0.01
1548	21.23	-0.03
1549	21.23	-0.03
1550	20.92	-0.03
1551	20.92	-0.01
1552	20.92	-0.01
1553	20.83	-0.01
1554	20.83	-0.00
1555	20.83	-0.00
1556	21.07	-0.00
1557	21.07	-0.03
1558	21.07	-0.03
1559	21.25	-0.03
1560	21.25	0.01
1561	21.25	0.01
1562	20.85	0.01
1563	20.85	-0.02
1564	20.85	-0.02
1565	20.82	-0.02
1566	20.82	-0.01
1567	20.82	-0.01
1568	20.91	-0.01
1569	20.91	-0.00
1570	20.91	-0.00
1571	20.77	-0.00
1572	20.77	-0.03
1573	20.77	-0.03
1574	20.98	-0.03
1575	20.98	0.01
1576	20.98	0.01
1577	20.98	0.01
1578	20.98	-0.02
1579	20.98	-0.02
1580	20.71	-0.02
1581	20.71	-0.01
1582	20.71	-0.01
1583	20.89	-0.01
1584	20.89	-0.00
1585	20.89	-0.00
1586	21.32	-0.00
1587	21.32	-0.03
1588	21.32	-0.03
1589	20.93	-0.03
1590	20.93	0.01
1591	20.93	0.01
1592	21.02	0.01
1593	21.02	-0.03
1594	21.02	-0.03
1595	21.04	-0.03
1596	21.04	-0.01
1597	21.04	-0.01
1598	20.97	-0.01
1599	20.97	0.00
1600	20.97	0.00
1601	21.33	0.00
1602	21.33	-0.03
1603	21.33	-0.03
1604	21.07	-0.03
1605	21.07	0.01
1606	21.07	0.01
1607	20.91	0.01
1608	20.91	-0.03
1609	20.91	-0.03
1610	20.88	-0.03
1611	20.88	-0.01
1612	20.88	-0.01
1613	21.14	-0.01
1614	21.14	0.00
1615	21.14	0.00
1616	21.01	0.00
1617	21.01	-0.03
1618	21.01	-0.03
1619	20.87	-0.03
1620	20.87	0.02
1621	20.87	0.02
1622	21.09	0.02
1623	21.09	-0.02
1624	21.09	-0.02
1625	21.00	-0.02
1626	21.00	-0.01
1627	21.00	-0.01
1628	20.95	-0.01
1629	20.95	-0.00
1630	20.95	-0.00
1631	21.11	-0.00
1632	21.11	-0.03
1633	21.11	-0.03
1634	20.90	-0.03
1635	20.90	0.01
1636	20.90	0.01
1637	21.04	0.01
1638	21.04	-0.03
1639	21.04	-0.03
1640	21.01	-0.03
1641	21.01	-0.01
1642	21.01	-0.01
1643	21.23	-0.01
1644	21.23	-0.00
1645	21.23	-0.00
1646	20.91	-0.00
1647	20.91	-0.03
1648	20.91	-0.03
1649	21.03	-0.03
1650	21.03	0.01
1651	21.03	0.01
1652	21.12	0.01
1653	21.12	-0.03
1654	21.12	-0.03
1655	21.16	-0.03
1656	21.16	-0.01
1657	21.16	-0.01
1658	21.08	-0.01
1659	21.08	-0.00
1660	21.08	-0.00
1661	21.09	-0.00
1662	21.09	-0.03
1663	21.09	-0.03
1664	21.09	-0.03
1665	21.09	0.01
1666	21.09	0.01
1667	20.87	0.01
1668	20.87	-0.03
1669	20.87	-0.03
1670	21.34	-0.03
1671	21.34	-0.02
1672	21.34	-0.02
1673	21.07	-0.02
1674	21.07	-0.00
1675	21.07	-0.00
1676	21.25	-0.00
1677	21.25	-0.03
1678	21.25	-0.03
1679	21.17	-0.03
1680	21.17	0.01
1681	21.17	0.01
1682	20.86	0.01
1683	20.86	-0.02
1684	20.86	-0.02
1685	21.32	-0.02
1686	21.32	-0.02
1687	21.32	-0.02
1688	20.82	-0.02
1689	20.82	-0.00
1690	20.82	-0.00
1691	20.96	-0.00
1692	20.96	-0.03
1693	20.96	-0.03
1694	20.93	-0.03
1695	20.93	0.01
1696	20.93	0.01
1697	21.16	0.01
1698	21.16	-0.02
1699	21.16	-0.02
1700	21.04	-0.02
1701	21.04	-0.01
1702	21.04	-0.01
1703	21.06	-0.01
1704	21.06	-0.00
1705	21.06	-0.00
1706	21.17	-0.00
1707	21.17	-0.03
1708	21.17	-0.03
1709	20.78	-0.03
1710	20.78	0.01
1711	20.78	0.01
1712	21.16	0.01
1713	21.16	-0.02
1714	21.16	-0.02
1715	21.18	-0.02
1716	21.18	-0.01
1717	21.18	-0.01
1718	20.87	-0.01
1719	20.87	-0.00
1720	20.87	-0.00
1721	21.03	-0.00
1722	21.03	-0.04
1723	21.03	-0.04
1724	21.40	-0.04
1725	21.40	0.01
1726	21.40	0.01
1727	20.99	0.01
1728	20.99	-0.02
1729	20.99	-0.02
1730	20.93	-0.02
1731	20.93	-0.02
1732	20.93	-0.02
1733	21.21	-0.02
1734	21.21	-0.00
1735	21.21	-0.00
1736	20.73	-0.00
1737	20.73	-0.03
1738	20.73	-0.03
1739	21.29	-0.03
1740	21.29	0.01
1741	21.29	0.01
1742	20.92	0.01
1743	20.92	-0.02
1744	20.92	-0.02
1745	20.79	-0.02
1746	20.79	-0.02
1747	20.79	-0.02
1748	21.07	-0.02
1749	21.07	-0.00
1750	21.07	-0.00
1751	21.04	-0.00
1752	21.04	-0.03
1753	21.04	-0.03
1754	21.22	-0.03
1755	21.22	0.00
1756	21.22	0.00
1757	20.88	0.00
1758	20.88	-0.02
1759	20.88	-0.02
1760	21.01	-0.02
1761	21.01	-0.02
1762	21.01	-0.02
1763	21.08	-0.02
1764	21.08	-0.00
1765	21.08	-0.00
1766	20.94	-0.00
1767	20.94	-0.03
1768	20.94	-0.03
1769	21.10	-0.03
1770	21.10	0.01
1771	21.10	0.01
1772	20.94	0.01
1773	20.94	-0.02
1774	20.94	-0.02
1775	20.84	-0.02
1776	20.84	-0.02
1777	20.84	-0.02
1778	21.09	-0.02
1779	21.09	-0.00
1780	21.09	-0.00
1781	21.35	-0.00
1782	21.35	-0.04
1783	21.35	-0.04
1784	20.91	-0.04
1785	20.91	0.00
1786	20.91	0.00
1787	21.07	0.00
1788	21.07	-0.01
1789	21.07	-0.01
1790	21.14	-0.01
1791	21.14	-0.03
1792	21.14	-0.03
1793	21.23	-0.03
1794	21.23	-0.00
1795	21.23	-0.00
1796	21.36	-0.00
1797	21.36	-0.04
1798	21.36	-0.04
1799	20.96	-0.04
1800	20.96	0.01
1801	20.96	0.01
1802	21.16	0.01
1803	21.16	-0.02
1804	21.16	-0.02
1805	20.97	-0.02
1806	20.97	-0.02
1807	20.97	-0.02
1808	21.15	-0.02
1809	21.15	-0.00
1810	21.15	-0.00
1811	20.99	-0.00
1812	20.99	-0.04
1813	20.99	-0.04
1814	21.28	-0.04
1815	21.28	0.01
1816	21.28	0.01
1817	21.14	0.01
1818	21.14	-0.01
1819	21.14	-0.01
1820	20.98	-0.01
1821	20.98	-0.02
1822	20.98	-0.02
1823	21.41	-0.02
1824	21.41	0.00
1825	21.41	0.00
1826	20.95	0.00
1827	20.95	-0.03
1828	20.95	-0.03
1829	20.89	-0.03
1830	20.89	0.00
1831	20.89	0.00
1832	20.92	0.00
1833	20.92	-0.01
1834	20.92	-0.01
1835	21.22	-0.01
1836	21.22	-0.02
1837	21.22	-0.02
1838	21.17	-0.02
1839	21.17	0.00
1840	21.17	0.00
1841	21.00	0.00
1842	21.00	-0.04
1843	21.00	-0.04
1844	21.37	-0.04
1845	21.37	0.00
1846	21.37	0.00
1847	20.87	0.00
1848	20.87	-0.01
1849	20.87	-0.01
1850	21.21	-0.01
1851	21.21	-0.02
1852	21.21	-0.02
1853	21.13	-0.02
1854	21.13	0.00
1855	21.13	0.00
1856	20.98	0.00
1857	20.98	-0.03
1858	20.98	-0.03
1859	21.00	-0.03
1860	21.00	0.01
1861	21.00	0.01
1862	21.27	0.01
1863	21.27	-0.01
1864	21.27	-0.01
1865	21.08	-0.01
1866	21.08	-0.02
1867	21.08	-0.02
1868	20.90	-0.02
1869	20.90	0.00
1870	20.90	0.00
1871	21.05	0.00
1872	21.05	-0.04
1873	21.05	-0.04
1874	21.01	-0.04
1875	21.01	0.00
1876	21.01	0.00
1877	21.16	0.00
1878	21.16	-0.01
1879	21.16	-0.01
1880	21.18	-0.01
1881	21.18	-0.02
1882	21.18	-0.02
1883	20.85	-0.02
1884	20.85	0.01
1885	20.85	0.01
1886	20.95	0.01
1887	20.95	-0.03
1888	20.95	-0.03
1889	21.21	-0.03
1890	21.21	-0.00
1891	21.21	-0.00
1892	21.19	-0.00
1893	21.19	-0.00
1894	21.19	-0.00
1895	20.90	-0.00
1896	20.90	-0.02
1897	20.90	-0.02
1898	20.96	-0.02
1899	20.96	0.01
1900	20.96	0.01
1901	20.84	0.01
1902	20.84	-0.03
1903	20.84	-0.03
1904	21.15	-0.03
1905	21.15	-0.00
1906	21.15	-0.00
1907	21.19	-0.00
1908	21.19	-0.00
1909	21.19	-0.00
1910	21.01	-0.00
1911	21.01	-0.02
1912	21.01	-0.02
1913	20.93	-0.02
1914	20.93	0.01
1915	20.93	0.01
1916	21.05	0.01
1917	21.05	-0.03
1918	21.05	-0.03
1919	21.43	-0.03
1920	21.43	-0.00
1921	21.43	-0.00
1922	20.91	-0.00
1923	20.91	-0.01
1924	20.91	-0.01
1925	21.12	-0.01
1926	21.12	-0.03
1927	21.12	-0.03
1928	21.22	-0.03
1929	21.22	0.01
1930	21.22	0.01
1931	21.06	0.01
1932	21.06	-0.03
1933	21.06	-0.03
1934	21.00	-0.03
1935	21.00	0.00
1936	21.00	0.00
1937	20.93	0.00
1938	20.93	-0.01
1939	20.93	-0.01
1940	20.87	-0.01
1941	20.87	-0.02
1942	20.87	-0.02
1943	20.98	-0.02
1944	20.98	0.01
1945	20.98	0.01
1946	21.45	0.01
1947	21.45	-0.03
1948	21.45	-0.03
1949	21.15	-0.03
1950	21.15	-0.00
1951	21.15	-0.00
1952	21.02	-0.00
1953	21.02	-0.01
1954	21.02	-0.01
1955	21.21	-0.01
1956	21.21	-0.02
1957	21.21	-0.02
1958	20.77	-0.02
1959	20.77	0.01
1960	20.77	0.01
1961	21.31	0.01
1962	21.31	-0.03
1963	21.31	-0.03
1964	21.16	-0.03
1965	21.16	-0.00
1966	21.16	-0.00
1967	21.04	-0.00
1968	21.04	-0.00
1969	21.04	-0.00
1970	21.04	-0.00
1971	21.04	-0.03
1972	21.04	-0.03
1973	21.13	-0.03
1974	21.13	0.01
1975	21.13	0.01
1976	20.95	0.01
1977	20.95	-0.03
1978	20.95	-0.03
1979	20.96	-0.03
1980	20.96	-0.01
1981	20.96	-0.01
1982	21.09	-0.01
1983	21.09	-0.00
1984	21.09	-0.00
1985	20.99	-0.00
1986	20.99	-0.03
1987	20.99	-0.03
1988	20.99	-0.03
1989	20.99	0.01
1990	20.99	0.01
1991	21.03	0.01
1992	21.03	-0.03
1993	21.03	-0.03
1994	21.03	-0.03
1995	21.03	-0.01
1996	21.03	-0.01
1997	20.86	-0.01
1998	20.86	-0.00
1999	20.86	-0.00
2000	21.29	-0.00
2001	21.29	-0.03
2002	21.29	-0.03
2003	20.96	-0.03
2004	20.96	0.02
2005	20.96	0.02
2006	20.69	0.02
2007	20.69	-0.02
2008	20.69	-0.02
2009	20.77	-0.02
2010	20.77	0.01
2011	20.77	0.01
2012	20.69	0.01
2013	20.69	-0.00
2014	20.69	-0.00
2015	21.09	-0.00
2016	21.09	-0.04
2017	21.09	-0.04
2018	21.20	-0.04
2019	21.20	0.00
2020	21.20	0.00
2021	21.09	0.00
2022	21.09	-0.03
2023	21.09	-0.03
2024	21.21	-0.03
2025	21.21	-0.02
2026	21.21	-0.02
2027	21.12	-0.02
2028	21.12	-0.00
2029	21.12	-0.00
2030	21.40	-0.00
2031	21.40	-0.03
2032	21.40	-0.03
2033	20.83	-0.03
2034	20.83	0.01
2035	20.83	0.01
2036	21.23	0.01
2037	21.23	-0.03
2038	21.23	-0.03
2039	21.12	-0.03
2040	21.12	-0.02
2041	21.12	-0.02
2042	21.13	-0.02
2043	21.13	0.00
2044	21.13	0.00
2045	21.06	0.00
2046	21.06	-0.02
2047	21.06	-0.02
2048	20.64	-0.02
2049	20.64	0.03
2050	20.64	0.03
2051	20.49	0.03
2052	20.49	0.00
2053	20.49	0.00
2054	20.41	0.00
2055	20.41	0.01
2056	20.41	0.01
2057	20.93	0.01
2058	20.93	-0.00
2059	20.93	-0.00
2060	20.84	-0.00
2061	20.84	-0.04
2062	20.84	-0.04
2063	21.25	-0.04
2064	21.25	0.00
2065	21.25	0.00
2066	21.35	0.00
2067	21.35	-0.03
2068	21.35	-0.03
2069	21.01	-0.03
2070	21.01	-0.02
2071	21.01	-0.02
2072	21.28	-0.02
2073	21.28	-0.00
2074	21.28	-0.00
2075	20.95	-0.00
2076	20.95	-0.03
2077	20.95	-0.03
2078	20.75	-0.03
2079	20.75	0.01
2080	20.75	0.01
2081	20.88	0.01
2082	20.88	-0.02
2083	20.88	-0.02
2084	21.58	-0.02
2085	21.58	-0.02
2086	21.58	-0.02
2087	21.12	-0.02
2088	21.12	-0.00
2089	21.12	-0.00
2090	20.90	-0.00
2091	20.90	-0.04
2092	20.90	-0.04
2093	21.06	-0.04
2094	21.06	0.01
2095	21.06	0.01
2096	20.87	0.01
2097	20.87	-0.02
2098	20.87	-0.02
2099	21.29	-0.02
2100	21.29	-0.02
2101	21.29	-0.02
2102	20.95	-0.02
2103	20.95	0.00
2104	20.95	0.00
2105	20.98	0.00
2106	20.98	-0.03
2107	20.98	-0.03
2108	21.06	-0.03
2109	21.06	0.01
2110	21.06	0.01
2111	21.03	0.01
2112	21.03	-0.01
2113	21.03	-0.01
2114	21.19	-0.01
2115	21.19	-0.02
2116	21.19	-0.02
2117	20.82	-0.02
2118	20.82	0.00
2119	20.82	0.00
2120	21.14	0.00
2121	21.14	-0.03
2122	21.14	-0.03
2123	21.12	-0.03
2124	21.12	0.01
2125	21.12	0.01
2126	21.18	0.01
2127	21.18	-0.02
2128	21.18	-0.02
2129	21.20	-0.02
2130	21.20	-0.02
2131	21.20	-0.02
2132	20.89	-0.02
2133	20.89	0.00
2134	20.89	0.00
2135	20.82	0.00
2136	20.82	-0.03
2137	20.82	-0.03
2138	21.25	-0.03
2139	21.25	0.01
2140	21.25	0.01
2141	21.20	0.01
2142	21.20	-0.02
2143	21.20	-0.02
2144	20.94	-0.02
2145	20.94	-0.02
2146	20.94	-0.02
2147	21.03	-0.02
2148	21.03	0.00
2149	21.03	0.00
2150	21.32	0.00
2151	21.32	-0.03
2152	21.32	-0.03
2153	21.38	-0.03
2154	21.38	0.01
2155	21.38	0.01
2156	21.13	0.01
2157	21.13	-0.03
2158	21.13	-0.03
2159	20.96	-0.03
2160	20.96	-0.02
2161	20.96	-0.02
2162	21.12	-0.02
2163	21.12	-0.00
2164	21.12	-0.00
2165	21.25	-0.00
2166	21.25	-0.04
2167	21.25	-0.04
2168	21.48	-0.04
2169	21.48	0.00
2170	21.48	0.00
2171	21.12	0.00
2172	21.12	-0.02
2173	21.12	-0.02
2174	21.21	-0.02
2175	21.21	-0.03
2176	21.21	-0.03
2177	21.37	-0.03
2178	21.37	-0.00
2179	21.37	-0.00
2180	21.04	-0.00
2181	21.04	-0.04
2182	21.04	-0.04
2183	21.36	-0.04
2184	21.36	0.01
2185	21.36	0.01
2186	21.16	0.01
2187	21.16	-0.03
2188	21.16	-0.03
2189	20.98	-0.03
2190	20.98	-0.03
2191	20.98	-0.03
2192	21.29	-0.03
2193	21.29	-0.01
2194	21.29	-0.01
2195	21.57	-0.01
2196	21.57	-0.04
2197	21.57	-0.04
2198	21.28	-0.04
2199	21.28	0.01
2200	21.28	0.01
2201	21.33	0.01
2202	21.33	-0.03
2203	21.33	-0.03
2204	21.42	-0.03
2205	21.42	-0.02
2206	21.42	-0.02
2207	21.10	-0.02
2208	21.10	-0.01
2209	21.10	-0.01
2210	21.45	-0.01
2211	21.45	-0.04
2212	21.45	-0.04
2213	21.40	-0.04
2214	21.40	0.00
2215	21.40	0.00
2216	21.05	0.00
2217	21.05	-0.03
2218	21.05	-0.03
2219	21.37	-0.03
2220	21.37	-0.02
2221	21.37	-0.02
2222	21.60	-0.02
2223	21.60	-0.01
2224	21.60	-0.01
2225	21.25	-0.01
2226	21.25	-0.04
2227	21.25	-0.04
2228	21.24	-0.04
2229	21.24	0.00
2230	21.24	0.00
2231	21.38	0.00
2232	21.38	-0.03
2233	21.38	-0.03
2234	20.99	-0.03
2235	20.99	-0.03
2236	20.99	-0.03
2237	21.42	-0.03
2238	21.42	-0.01
2239	21.42	-0.01
2240	21.59	-0.01
2241	21.59	-0.04
2242	21.59	-0.04
2243	21.31	-0.04
2244	21.31	-0.00
2245	21.31	-0.00
2246	21.42	-0.00
2247	21.42	-0.03
2248	21.42	-0.03
2249	21.45	-0.03
2250	21.45	-0.03
2251	21.45	-0.03
2252	21.51	-0.03
2253	21.51	-0.01
2254	21.51	-0.01
2255	21.22	-0.01
2256	21.22	-0.04
2257	21.22	-0.04
2258	21.31	-0.04
2259	21.31	0.01
2260	21.31	0.01
2261	21.44	0.01
2262	21.44	-0.03
2263	21.44	-0.03
2264	21.38	-0.03
2265	21.38	-0.03
2266	21.38	-0.03
2267	21.58	-0.03
2268	21.58	-0.01
2269	21.58	-0.01
2270	21.02	-0.01
2271	21.02	-0.04
2272	21.02	-0.04
2273	21.21	-0.04
2274	21.21	0.00
2275	21.21	0.00
2276	21.25	0.00
2277	21.25	-0.03
2278	21.25	-0.03
2279	21.53	-0.03
2280	21.53	-0.02
2281	21.53	-0.02
2282	21.13	-0.02
2283	21.13	-0.01
2284	21.13	-0.01
2285	21.54	-0.01
2286	21.54	-0.04
2287	21.54	-0.04
2288	21.36	-0.04
2289	21.36	0.00
2290	21.36	0.00
2291	21.36	0.00
2292	21.36	-0.03
2293	21.36	-0.03
2294	21.60	-0.03
2295	21.60	-0.03
2296	21.60	-0.03
2297	21.24	-0.03
2298	21.24	-0.01
2299	21.24	-0.01
2300	21.38	-0.01
2301	21.38	-0.04
2302	21.38	-0.04
2303	21.38	-0.04
2304	21.38	0.00
2305	21.38	0.00
2306	21.61	0.00
2307	21.61	-0.03
2308	21.61	-0.03
2309	21.27	-0.03
2310	21.27	-0.02
2311	21.27	-0.02
2312	21.50	-0.02
2313	21.50	-0.01
2314	21.50	-0.01
2315	21.57	-0.01
2316	21.57	-0.04
2317	21.57	-0.04
2318	21.34	-0.04
2319	21.34	0.00
2320	21.34	0.00
2321	21.59	0.00
2322	21.59	-0.04
2323	21.59	-0.04
2324	21.41	-0.04
2325	21.41	-0.02
2326	21.41	-0.02
2327	21.38	-0.02
2328	21.38	-0.01
2329	21.38	-0.01
2330	21.38	-0.01
2331	21.38	-0.04
2332	21.38	-0.04
2333	21.79	-0.04
2334	21.79	-0.00
2335	21.79	-0.00
2336	21.44	-0.00
2337	21.44	-0.04
2338	21.44	-0.04
2339	21.43	-0.04
2340	21.43	-0.03
2341	21.43	-0.03
2342	21.55	-0.03
2343	21.55	-0.01
2344	21.55	-0.01
2345	21.36	-0.01
2346	21.36	-0.04
2347	21.36	-0.04
2348	21.60	-0.04
2349	21.60	0.00
2350	21.60	0.00
2351	21.31	0.00
2352	21.31	-0.04
2353	21.31	-0.04
2354	21.21	-0.04
2355	21.21	-0.02
2356	21.21	-0.02
2357	21.37	-0.02
2358	21.37	-0.01
2359	21.37	-0.01
2360	21.29	-0.01
2361	21.29	-0.04
2362	21.29	-0.04
2363	21.55	-0.04
2364	21.55	0.01
2365	21.55	0.01
2366	21.26	0.01
2367	21.26	-0.03
2368	21.26	-0.03
2369	21.49	-0.03
2370	21.49	-0.02
2371	21.49	-0.02
2372	21.15	-0.02
2373	21.15	-0.01
2374	21.15	-0.01
2375	21.79	-0.01
2376	21.79	-0.04
2377	21.79	-0.04
2378	21.33	-0.04
2379	21.33	0.01
2380	21.33	0.01
2381	21.27	0.01
2382	21.27	-0.03
2383	21.27	-0.03
2384	21.35	-0.03
2385	21.35	-0.02
2386	21.35	-0.02
2387	21.49	-0.02
2388	21.49	-0.01
2389	21.49	-0.01
2390	21.62	-0.01
2391	21.62	-0.03
2392	21.62	-0.03
2393	21.04	-0.03
2394	21.04	0.01
2395	21.04	0.01
2396	21.30	0.01
2397	21.30	-0.03
2398	21.30	-0.03
2399	21.22	-0.03
2400	21.22	-0.02
2401	21.22	-0.02
2402	21.44	-0.02
2403	21.44	-0.00
2404	21.44	-0.00
2405	21.44	-0.00
2406	21.44	-0.03
2407	21.44	-0.03
2408	21.10	-0.03
2409	21.10	0.01
2410	21.10	0.01
2411	21.23	0.01
2412	21.23	-0.03
2413	21.23	-0.03
2414	21.40	-0.03
2415	21.40	-0.01
2416	21.40	-0.01
2417	21.46	-0.01
2418	21.46	-0.01
2419	21.46	-0.01
2420	20.88	-0.01
2421	20.88	-0.03
2422	20.88	-0.03
2423	21.34	-0.03
2424	21.34	0.01
2425	21.34	0.01
2426	21.15	0.01
2427	21.15	-0.03
2428	21.15	-0.03
2429	21.11	-0.03
2430	21.11	-0.01
2431	21.11	-0.01
2432	21.40	-0.01
2433	21.40	-0.00
2434	21.40	-0.00
2435	21.06	-0.00
2436	21.06	-0.03
2437	21.06	-0.03
2438	21.34	-0.03
2439	21.34	0.01
2440	21.34	0.01
2441	20.95	0.01
2442	20.95	-0.03
2443	20.95	-0.03
2444	21.52	-0.03
2445	21.52	-0.01
2446	21.52	-0.01
2447	21.11	-0.01
2448	21.11	-0.01
2449	21.11	-0.01
2450	21.30	-0.01
2451	21.30	-0.03
2452	21.30	-0.03
2453	21.45	-0.03
2454	21.45	0.01
2455	21.45	0.01
2456	21.28	0.01
2457	21.28	-0.03
2458	21.28	-0.03
2459	21.34	-0.03
2460	21.34	-0.01
2461	21.34	-0.01
2462	21.01	-0.01
2463	21.01	0.00
2464	21.01	0.00
2465	21.04	0.00
2466	21.04	-0.03
2467	21.04	-0.03
2468	21.10	-0.03
2469	21.10	0.01
2470	21.10	0.01
2471	21.52	0.01
2472	21.52	-0.03
2473	21.52	-0.03
2474	21.20	-0.03
2475	21.20	-0.01
2476	21.20	-0.01
2477	21.16	-0.01
2478	21.16	-0.01
2479	21.16	-0.01
2480	21.51	-0.01
2481	21.51	-0.03
2482	21.51	-0.03
2483	21.18	-0.03
2484	21.18	0.01
2485	21.18	0.01
2486	21.48	0.01
2487	21.48	-0.04
2488	21.48	-0.04
2489	21.30	-0.04
2490	21.30	-0.01
2491	21.30	-0.01
2492	21.35	-0.01
2493	21.35	-0.01
2494	21.35	-0.01
2495	21.40	-0.01
2496	21.40	-0.03
2497	21.40	-0.03
2498	21.67	-0.03
2499	21.67	0.01
2500	21.67	0.01
2501	21.35	0.01
2502	21.35	-0.04
2503	21.35	-0.04
2504	21.08	-0.04
2505	21.08	-0.01
2506	21.08	-0.01
2507	21.42	-0.01
2508	21.42	-0.01
2509	21.42	-0.01
2510	21.10	-0.01
2511	21.10	-0.03
2512	21.10	-0.03
2513	21.43	-0.03
2514	21.43	0.01
2515	21.43	0.01
2516	21.10	0.01
2517	21.10	-0.04
2518	21.10	-0.04
2519	21.39	-0.04
2520	21.39	-0.01
2521	21.39	-0.01
2522	21.24	-0.01
2523	21.24	-0.01
2524	21.24	-0.01
2525	21.45	-0.01
2526	21.45	-0.03
2527	21.45	-0.03
2528	21.79	-0.03
2529	21.79	0.01
2530	21.79	0.01
2531	21.19	0.01
2532	21.19	-0.04
2533	21.19	-0.04
2534	21.42	-0.04
2535	21.42	-0.01
2536	21.42	-0.01
2537	21.31	-0.01
2538	21.31	-0.01
2539	21.31	-0.01
2540	21.49	-0.01
2541	21.49	-0.03
2542	21.49	-0.03
2543	21.42	-0.03
2544	21.42	0.01
2545	21.42	0.01
2546	21.16	0.01
2547	21.16	-0.04
2548	21.16	-0.04
2549	21.29	-0.04
2550	21.29	-0.01
2551	21.29	-0.01
2552	21.24	-0.01
2553	21.24	-0.01
2554	21.24	-0.01
2555	21.54	-0.01
2556	21.54	-0.03
2557	21.54	-0.03
2558	21.09	-0.03
2559	21.09	0.01
2560	21.09	0.01
2561	21.37	0.01
2562	21.37	-0.04
2563	21.37	-0.04
2564	21.40	-0.04
2565	21.40	-0.00
2566	21.40	-0.00
2567	21.18	-0.00
2568	21.18	-0.00
2569	21.18	-0.00
2570	21.30	-0.00
2571	21.30	-0.03
2572	21.30	-0.03
2573	21.19	-0.03
2574	21.19	0.01
2575	21.19	0.01
2576	21.17	0.01
2577	21.17	-0.03
2578	21.17	-0.03
2579	21.26	-0.03
2580	21.26	-0.01
2581	21.26	-0.01
2582	21.56	-0.01
2583	21.56	-0.01
2584	21.56	-0.01
2585	21.14	-0.01
2586	21.14	-0.03
2587	21.14	-0.03
2588	21.36	-0.03
2589	21.36	0.01
2590	21.36	0.01
2591	21.23	0.01
2592	21.23	-0.03
2593	21.23	-0.03
2594	21.32	-0.03
2595	21.32	-0.00
2596	21.32	-0.00
2597	21.63	-0.00
2598	21.63	-0.01
2599	21.63	-0.01
2600	21.26	-0.01
2601	21.26	-0.03
2602	21.26	-0.03
2603	20.99	-0.03
2604	20.99	0.01
2605	20.99	0.01
2606	21.22	0.01
2607	21.22	-0.03
2608	21.22	-0.03
2609	21.53	-0.03
2610	21.53	-0.01
2611	21.53	-0.01
2612	21.44	-0.01
2613	21.44	-0.01
2614	21.44	-0.01
2615	21.09	-0.01
2616	21.09	-0.03
2617	21.09	-0.03
2618	21.33	-0.03
2619	21.33	0.01
2620	21.33	0.01
2621	21.22	0.01
2622	21.22	-0.03
2623	21.22	-0.03
2624	21.33	-0.03
2625	21.33	-0.00
2626	21.33	-0.00
2627	21.45	-0.00
2628	21.45	-0.01
2629	21.45	-0.01
2630	21.05	-0.01
2631	21.05	-0.03
2632	21.05	-0.03
2633	21.15	-0.03
2634	21.15	0.01
2635	21.15	0.01
2636	21.26	0.01
2637	21.26	-0.03
2638	21.26	-0.03
2639	21.34	-0.03
2640	21.34	-0.01
2641	21.34	-0.01
2642	21.23	-0.01
2643	21.23	-0.01
2644	21.23	-0.01
2645	21.32	-0.01
2646	21.32	-0.03
2647	21.32	-0.03
2648	21.14	-0.03
2649	21.14	0.01
2650	21.14	0.01
2651	21.46	0.01
2652	21.46	-0.03
2653	21.46	-0.03
2654	21.22	-0.03
2655	21.22	-0.01
2656	21.22	-0.01
2657	21.18	-0.01
2658	21.18	-0.01
2659	21.18	-0.01
2660	21.28	-0.01
2661	21.28	-0.03
2662	21.28	-0.03
2663	21.32	-0.03
2664	21.32	0.01
2665	21.32	0.01
2666	21.30	0.01
2667	21.30	-0.03
2668	21.30	-0.03
2669	21.09	-0.03
2670	21.09	-0.00
2671	21.09	-0.00
2672	21.43	-0.00
2673	21.43	-0.00
2674	21.43	-0.00
2675	21.27	-0.00
2676	21.27	-0.03
2677	21.27	-0.03
2678	21.03	-0.03
2679	21.03	0.01
2680	21.03	0.01
2681	21.36	0.01
2682	21.36	-0.03
2683	21.36	-0.03
2684	21.21	-0.03
2685	21.21	-0.01
2686	21.21	-0.01
2687	21.05	-0.01
2688	21.05	-0.00
2689	21.05	-0.00
2690	21.24	-0.00
2691	21.24	-0.03
2692	21.24	-0.03
2693	21.18	-0.03
2694	21.18	0.01
2695	21.18	0.01
2696	21.03	0.01
2697	21.03	-0.03
2698	21.03	-0.03
2699	21.21	-0.03
2700	21.21	-0.00
2701	21.21	-0.00
2702	21.22	-0.00
2703	21.22	-0.00
2704	21.22	-0.00
2705	21.17	-0.00
2706	21.17	-0.03
2707	21.17	-0.03
2708	21.27	-0.03
2709	21.27	0.01
2710	21.27	0.01
2711	21.18	0.01
2712	21.18	-0.04
2713	21.18	-0.04
2714	21.07	-0.04
2715	21.07	-0.00
2716	21.07	-0.00
2717	20.87	-0.00
2718	20.87	0.00
2719	20.87	0.00
2720	21.41	0.00
2721	21.41	-0.02
2722	21.41	-0.02
2723	20.82	-0.02
2724	20.82	0.01
2725	20.82	0.01
2726	20.98	0.01
2727	20.98	-0.03
2728	20.98	-0.03
2729	21.34	-0.03
2730	21.34	0.00
2731	21.34	0.00
2732	21.01	0.00
2733	21.01	-0.00
2734	21.01	-0.00
2735	21.14	-0.00
2736	21.14	-0.03
2737	21.14	-0.03
2738	21.14	-0.03
2739	21.14	0.01
2740	21.14	0.01
2741	20.95	0.01
2742	20.95	-0.03
2743	20.95	-0.03
2744	21.18	-0.03
2745	21.18	-0.00
2746	21.18	-0.00
2747	21.48	-0.00
2748	21.48	-0.00
2749	21.48	-0.00
2750	21.12	-0.00
2751	21.12	-0.02
2752	21.12	-0.02
2753	21.16	-0.02
2754	21.16	0.02
2755	21.16	0.02
2756	21.20	0.02
2757	21.20	-0.03
2758	21.20	-0.03
2759	21.06	-0.03
2760	21.06	-0.01
2761	21.06	-0.01
2762	21.27	-0.01
2763	21.27	-0.00
2764	21.27	-0.00
2765	21.15	-0.00
2766	21.15	-0.02
2767	21.15	-0.02
2768	21.09	-0.02
2769	21.09	0.01
2770	21.09	0.01
2771	21.11	0.01
2772	21.11	-0.03
2773	21.11	-0.03
2774	21.30	-0.03
2775	21.30	-0.00
2776	21.30	-0.00
2777	21.55	-0.00
2778	21.55	-0.01
2779	21.55	-0.01
2780	20.97	-0.01
2781	20.97	-0.02
2782	20.97	-0.02
2783	21.09	-0.02
2784	21.09	0.01
2785	21.09	0.01
2786	21.26	0.01
2787	21.26	-0.03
2788	21.26	-0.03
2789	21.37	-0.03
2790	21.37	-0.00
2791	21.37	-0.00
2792	21.17	-0.00
2793	21.17	-0.00
2794	21.17	-0.00
2795	20.84	-0.00
2796	20.84	-0.02
2797	20.84	-0.02
2798	21.05	-0.02
2799	21.05	0.01
2800	21.05	0.01
2801	21.15	0.01
2802	21.15	-0.03
2803	21.15	-0.03
2804	21.69	-0.03
2805	21.69	-0.00
2806	21.69	-0.00
2807	21.22	-0.00
2808	21.22	-0.00
2809	21.22	-0.00
2810	21.43	-0.00
2811	21.43	-0.02
2812	21.43	-0.02
2813	21.22	-0.02
2814	21.22	0.01
2815	21.22	0.01
2816	21.18	0.01
2817	21.18	-0.03
2818	21.18	-0.03
2819	21.42	-0.03
2820	21.42	0.00
2821	21.42	0.00
2822	21.26	0.00
2823	21.26	-0.00
2824	21.26	-0.00
2825	21.20	-0.00
2826	21.20	-0.02
2827	21.20	-0.02
2828	21.17	-0.02
2829	21.17	0.01
2830	21.17	0.01
2831	21.35	0.01
2832	21.35	-0.03
2833	21.35	-0.03
2834	21.31	-0.03
2835	21.31	-0.00
2836	21.31	-0.00
2837	21.26	-0.00
2838	21.26	-0.00
2839	21.26	-0.00
2840	21.46	-0.00
2841	21.46	-0.03
2842	21.46	-0.03
2843	21.22	-0.03
2844	21.22	0.01
2845	21.22	0.01
2846	21.48	0.01
2847	21.48	-0.03
2848	21.48	-0.03
2849	21.13	-0.03
2850	21.13	-0.01
2851	21.13	-0.01
2852	21.05	-0.01
2853	21.05	-0.01
2854	21.05	-0.01
2855	21.30	-0.01
2856	21.30	-0.02
2857	21.30	-0.02
2858	21.29	-0.02
2859	21.29	0.01
2860	21.29	0.01
2861	21.12	0.01
2862	21.12	-0.03
2863	21.12	-0.03
2864	21.27	-0.03
2865	21.27	-0.00
2866	21.27	-0.00
2867	21.23	-0.00
2868	21.23	-0.00
2869	21.23	-0.00
2870	21.15	-0.00
2871	21.15	-0.02
2872	21.15	-0.02
2873	21.32	-0.02
2874	21.32	0.01
2875	21.32	0.01
2876	21.04	0.01
2877	21.04	-0.03
2878	21.04	-0.03
2879	21.19	-0.03
2880	21.19	-0.00
2881	21.19	-0.00
2882	20.96	-0.00
2883	20.96	0.00
2884	20.96	0.00
2885	21.50	0.00
2886	21.50	-0.02
2887	21.50	-0.02
2888	21.23	-0.02
2889	21.23	0.01
2890	21.23	0.01
2891	20.98	0.01
2892	20.98	-0.03
2893	20.98	-0.03
2894	21.25	-0.03
2895	21.25	0.00
2896	21.25	0.00
2897	21.17	0.00
2898	21.17	-0.00
2899	21.17	-0.00
2900	21.22	-0.00
2901	21.22	-0.02
2902	21.22	-0.02
2903	21.24	-0.02
2904	21.24	0.01
2905	21.24	0.01
2906	21.12	0.01
2907	21.12	-0.02
2908	21.12	-0.02
2909	20.99	-0.02
2910	20.99	0.00
2911	20.99	0.00
2912	21.32	0.00
2913	21.32	0.00
2914	21.32	0.00
2915	21.36	0.00
2916	21.36	-0.02
2917	21.36	-0.02
2918	21.34	-0.02
2919	21.34	0.02
2920	21.34	0.02
2921	21.22	0.02
2922	21.22	-0.03
2923	21.22	-0.03
2924	21.19	-0.03
2925	21.19	0.00
2926	21.19	0.00
2927	21.35	0.00
2928	21.35	0.01
2929	21.35	0.01
2930	21.32	0.01
2931	21.32	-0.02
2932	21.32	-0.02
2933	20.91	-0.02
2934	20.91	0.01
2935	20.91	0.01
2936	21.36	0.01
2937	21.36	-0.03
2938	21.36	-0.03
2939	21.36	-0.03
2940	21.36	-0.00
2941	21.36	-0.00
2942	21.40	-0.00
2943	21.40	-0.00
2944	21.40	-0.00
2945	21.15	-0.00
2946	21.15	-0.02
2947	21.15	-0.02
2948	21.45	-0.02
2949	21.45	0.01
2950	21.45	0.01
2951	21.41	0.01
2952	21.41	-0.03
2953	21.41	-0.03
2954	21.33	-0.03
2955	21.33	-0.00
2956	21.33	-0.00
2957	21.46	-0.00
2958	21.46	0.00
2959	21.46	0.00
2960	21.11	0.00
2961	21.11	-0.02
2962	21.11	-0.02
2963	21.13	-0.02
2964	21.13	0.01
2965	21.13	0.01
2966	21.03	0.01
2967	21.03	-0.03
2968	21.03	-0.03
2969	21.55	-0.03
2970	21.55	-0.00
2971	21.55	-0.00
2972	21.20	-0.00
2973	21.20	-0.00
2974	21.20	-0.00
2975	21.38	-0.00
2976	21.38	-0.03
2977	21.38	-0.03
2978	21.35	-0.03
2979	21.35	0.01
2980	21.35	0.01
2981	21.14	0.01
2982	21.14	-0.03
2983	21.14	-0.03
2984	21.39	-0.03
2985	21.39	0.00
2986	21.39	0.00
2987	21.14	0.00
2988	21.14	-0.00
2989	21.14	-0.00
2990	20.90	-0.00
2991	20.90	-0.02
2992	20.90	-0.02
2993	21.16	-0.02
2994	21.16	0.01
2995	21.16	0.01
2996	21.41	0.01
2997	21.41	-0.03
2998	21.41	-0.03
2999	21.28	-0.03
3000	21.28	0.01
3001	21.28	0.01
3002	21.24	0.01
3003	21.24	0.00
3004	21.24	0.00
3005	21.33	0.00
3006	21.33	-0.02
3007	21.33	-0.02
3008	21.08	-0.02
3009	21.08	0.01
3010	21.08	0.01
3011	21.43	0.01
3012	21.43	-0.03
3013	21.43	-0.03
3014	21.09	-0.03
3015	21.09	-0.00
3016	21.09	-0.00
3017	21.14	-0.00
3018	21.14	-0.00
3019	21.14	-0.00
3020	21.21	-0.00
3021	21.21	-0.02
3022	21.21	-0.02
3023	21.26	-0.02
3024	21.26	0.01
3025	21.26	0.01
3026	21.21	0.01
3027	21.21	-0.03
3028	21.21	-0.03
3029	21.13	-0.03
3030	21.13	0.00
3031	21.13	0.00
3032	21.43	0.00
3033	21.43	-0.00
3034	21.43	-0.00
3035	21.01	-0.00
3036	21.01	-0.02
3037	21.01	-0.02
3038	21.25	-0.02
3039	21.25	0.01
3040	21.25	0.01
3041	21.19	0.01
3042	21.19	-0.03
3043	21.19	-0.03
3044	21.32	-0.03
3045	21.32	0.00
3046	21.32	0.00
3047	21.02	0.00
3048	21.02	-0.00
3049	21.02	-0.00
3050	21.43	-0.00
3051	21.43	-0.02
3052	21.43	-0.02
3053	21.23	-0.02
3054	21.23	0.01
3055	21.23	0.01
3056	21.21	0.01
3057	21.21	-0.03
3058	21.21	-0.03
3059	21.43	-0.03
3060	21.43	-0.00
3061	21.43	-0.00
3062	21.24	-0.00
3063	21.24	-0.00
3064	21.24	-0.00
3065	21.40	-0.00
3066	21.40	-0.02
3067	21.40	-0.02
3068	21.23	-0.02
3069	21.23	0.01
3070	21.23	0.01
3071	21.06	0.01
3072	21.06	-0.04
3073	21.06	-0.04
3074	21.25	-0.04
3075	21.25	0.00
3076	21.25	0.00
3077	21.27	0.00
3078	21.27	-0.00
3079	21.27	-0.00
3080	21.59	-0.00
3081	21.59	-0.02
3082	21.59	-0.02
3083	21.16	-0.02
3084	21.16	0.01
3085	21.16	0.01
3086	21.15	0.01
3087	21.15	-0.03
3088	21.15	-0.03
3089	21.50	-0.03
3090	21.50	-0.00
3091	21.50	-0.00
3092	21.27	-0.00
3093	21.27	-0.00
3094	21.27	-0.00
3095	21.31	-0.00
3096	21.31	-0.02
3097	21.31	-0.02
3098	21.01	-0.02
3099	21.01	0.01
3100	21.01	0.01
3101	21.13	0.01
3102	21.13	-0.03
3103	21.13	-0.03
3104	20.89	-0.03
3105	20.89	0.00
3106	20.89	0.00
3107	21.33	0.00
3108	21.33	-0.00
3109	21.33	-0.00
3110	21.11	-0.00
3111	21.11	-0.02
3112	21.11	-0.02
3113	21.16	-0.02
3114	21.16	0.01
3115	21.16	0.01
3116	21.29	0.01
3117	21.29	-0.03
3118	21.29	-0.03
3119	21.03	-0.03
3120	21.03	0.01
3121	21.03	0.01
3122	21.50	0.01
3123	21.50	-0.00
3124	21.50	-0.00
3125	21.10	-0.00
3126	21.10	-0.02
3127	21.10	-0.02
3128	21.19	-0.02
3129	21.19	0.01
3130	21.19	0.01
3131	21.38	0.01
3132	21.38	-0.03
3133	21.38	-0.03
3134	21.72	-0.03
3135	21.72	0.01
3136	21.72	0.01
3137	21.24	0.01
3138	21.24	-0.00
3139	21.24	-0.00
3140	21.44	-0.00
3141	21.44	-0.02
3142	21.44	-0.02
3143	21.50	-0.02
3144	21.50	0.01
3145	21.50	0.01
3146	21.31	0.01
3147	21.31	-0.03
3148	21.31	-0.03
3149	21.54	-0.03
3150	21.54	-0.00
3151	21.54	-0.00
3152	21.48	-0.00
3153	21.48	-0.00
3154	21.48	-0.00
3155	21.34	-0.00
3156	21.34	-0.02
3157	21.34	-0.02
3158	21.68	-0.02
3159	21.68	0.01
3160	21.68	0.01
3161	21.65	0.01
3162	21.65	-0.03
3163	21.65	-0.03
3164	21.57	-0.03
3165	21.57	0.00
3166	21.57	0.00
3167	21.36	0.00
3168	21.36	-0.01
3169	21.36	-0.01
3170	21.51	-0.01
3171	21.51	-0.02
3172	21.51	-0.02
3173	21.26	-0.02
3174	21.26	0.01
3175	21.26	0.01
3176	21.41	0.01
3177	21.41	-0.04
3178	21.41	-0.04
3179	21.58	-0.04
3180	21.58	0.00
3181	21.58	0.00
3182	21.36	0.00
3183	21.36	-0.01
3184	21.36	-0.01
3185	21.41	-0.01
3186	21.41	-0.02
3187	21.41	-0.02
3188	21.50	-0.02
3189	21.50	0.00
3190	21.50	0.00
3191	21.68	0.00
3192	21.68	-0.04
3193	21.68	-0.04
3194	21.34	-0.04
3195	21.34	0.00
3196	21.34	0.00
3197	21.30	0.00
3198	21.30	-0.01
3199	21.30	-0.01
3200	21.29	-0.01
3201	21.29	-0.02
3202	21.29	-0.02
3203	21.41	-0.02
3204	21.41	0.01
3205	21.41	0.01
3206	21.36	0.01
3207	21.36	-0.03
3208	21.36	-0.03
3209	21.15	-0.03
3210	21.15	0.01
3211	21.15	0.01
3212	21.28	0.01
3213	21.28	-0.01
3214	21.28	-0.01
3215	21.12	-0.01
3216	21.12	-0.01
3217	21.12	-0.01
3218	21.45	-0.01
3219	21.45	0.01
3220	21.45	0.01
3221	21.21	0.01
3222	21.21	-0.03
3223	21.21	-0.03
3224	21.50	-0.03
3225	21.50	0.01
3226	21.50	0.01
3227	21.21	0.01
3228	21.21	-0.01
3229	21.21	-0.01
3230	21.26	-0.01
3231	21.26	-0.02
3232	21.26	-0.02
3233	21.41	-0.02
3234	21.41	0.01
3235	21.41	0.01
3236	21.09	0.01
3237	21.09	-0.03
3238	21.09	-0.03ets Jun  8 2016 00:22:57
3239	21.17	-0.03
3240	21.17	0.01
3241	21.17	0.01
3242	21.07	0.01
3243	21.07	-0.01
3244	21.07	-0.01
3245	21.29	-0.01
3246	21.29	-0.02
3247	21.29	-0.02
3248	21.15	-0.02
3249	21.15	0.00
3250	21.15	0.00
3251	21.43	0.00
3252	21.43	-0.04
3253	21.43	-0.04
3254	21.39	-0.04
3255	21.39	0.01
3256	21.39	0.01
3257	21.10	0.01
3258	21.10	-0.01
3259	21.10	-0.01
3260	21.56	-0.01
3261	21.56	-0.02
3262	21.56	-0.02
3263	21.06	-0.02
3264	21.06	0.00
3265	21.06	0.00
3266	21.20	0.00
3267	21.20	-0.04
3268	21.20	-0.04
3269	20.99	-0.04
3270	20.99	0.01
3271	20.99	0.01
3272	21.36	0.01
3273	21.36	-0.01
3274	21.36	-0.01
3275	21.14	-0.01
3276	21.14	-0.02
3277	21.14	-0.02
3278	21.25	-0.02
3279	21.25	0.01
3280	21.25	0.01
3281	21.13	0.01
3282	21.13	-0.03
3283	21.13	-0.03
3284	20.93	-0.03
3285	20.93	0.02
3286	20.93	0.02
3287	21.40	0.02
3288	21.40	-0.01
3289	21.40	-0.01
3290	21.16	-0.01
3291	21.16	-0.02
3292	21.16	-0.02
3293	20.85	-0.02
3294	20.85	0.01
3295	20.85	0.01
3296	21.17	0.01
3297	21.17	-0.03
3298	21.17	-0.03
3299	21.20	-0.03
3300	21.20	0.02
3301	21.20	0.02
3302	21.19	0.02
3303	21.19	-0.01
3304	21.19	-0.01
3305	20.84	-0.01
3306	20.84	-0.02
3307	20.84	-0.02
3308	21.21	-0.02
3309	21.21	0.01
3310	21.21	0.01
3311	20.92	0.01
3312	20.92	-0.03
3313	20.92	-0.03
3314	21.03	-0.03
3315	21.03	0.01
3316	21.03	0.01
3317	21.10	0.01
3318	21.10	-0.03
3319	21.10	-0.03
3320	21.19	-0.03
3321	21.19	-0.02
3322	21.19	-0.02
3323	20.99	-0.02
3324	20.99	-0.00
3325	20.99	-0.00
3326	21.19	-0.00
3327	21.19	-0.04
3328	21.19	-0.04
3329	21.31	-0.04
3330	21.31	0.01
3331	21.31	0.01
3332	20.99	0.01
3333	20.99	-0.03
3334	20.99	-0.03
3335	21.15	-0.03
3336	21.15	-0.02
3337	21.15	-0.02
3338	21.16	-0.02
3339	21.16	-0.00
3340	21.16	-0.00
3341	21.18	-0.00
3342	21.18	-0.04
3343	21.18	-0.04
3344	21.30	-0.04
3345	21.30	0.00
3346	21.30	0.00
3347	21.08	0.00
3348	21.08	-0.04
3349	21.08	-0.04
3350	20.99	-0.04
3351	20.99	-0.02
3352	20.99	-0.02
3353	20.98	-0.02
3354	20.98	-0.00
3355	20.98	-0.00
3356	21.38	-0.00
3357	21.38	-0.04
3358	21.38	-0.04
3359	20.95	-0.04
3360	20.95	0.01
3361	20.95	0.01
3362	21.22	0.01
3363	21.22	-0.04
3364	21.22	-0.04
3365	21.14	-0.04
3366	21.14	-0.02
3367	21.14	-0.02
3368	20.98	-0.02
3369	20.98	-0.00
3370	20.98	-0.00
3371	21.36	-0.00
3372	21.36	-0.04
3373	21.36	-0.04
3374	21.00	-0.04
3375	21.00	0.01
3376	21.00	0.01
3377	21.02	0.01
3378	21.02	-0.04
3379	21.02	-0.04
3380	20.98	-0.04
3381	20.98	-0.01
3382	20.98	-0.01
3383	21.30	-0.01
3384	21.30	-0.00
3385	21.30	-0.00
3386	20.89	-0.00
3387	20.89	-0.03
3388	20.89	-0.03
3389	21.19	-0.03
3390	21.19	0.01
3391	21.19	0.01
3392	21.23	0.01
3393	21.23	-0.04
3394	21.23	-0.04
3395	2.11	-0.04
3396	2.11	-0.02
3397	2.11	-0.02
3398	-10.62	-0.02
3399	-10.62	-0.02
3400	-10.62	-0.02
3401	3.08	-0.02
3402	3.08	-0.03
3403	3.08	-0.03
3404	4.30	-0.03
3405	4.30	0.00
3406	4.30	0.00
3407	-3.92	0.00
3408	-3.92	-0.04
3409	-3.92	-0.04
3410	0.76	-0.04
3411	0.76	-0.00
3412	0.76	-0.00
3413	2.17	-0.00
3414	2.17	-0.01
3415	2.17	-0.01
3416	-0.99	-0.01
3417	-0.99	-0.03
3418	-0.99	-0.03
3419	0.26	-0.03
3420	0.26	0.01
3421	0.26	0.01
3422	0.97	0.01
3423	0.97	-0.04
3424	0.97	-0.04
3425	-0.04	-0.04
3426	-0.04	-0.00
3427	-0.04	-0.00
3428	0.24	-0.00
3429	0.24	-0.01
3430	0.24	-0.01
3431	0.46	-0.01
3432	0.46	-0.03
3433	0.46	-0.03
3434	0.20	-0.03
3435	0.20	-0.00
3436	0.20	-0.00
3437	0.27	-0.00
3438	0.27	-0.04
3439	0.27	-0.04
3440	0.30	-0.04
3441	0.30	-0.00
3442	0.30	-0.00
3443	0.24	-0.00
3444	0.24	-0.01
3445	0.24	-0.01
3446	0.24	-0.01
3447	0.24	-0.03
3448	0.24	-0.03
3449	0.27	-0.03
3450	0.27	-0.00
3451	0.27	-0.00
3452	0.25	-0.00
3453	0.25	-0.04
3454	0.25	-0.04
3455	0.25	-0.04
3456	0.25	0.01
3457	0.25	0.01
3458	0.27	0.01
3459	0.27	-0.02
3460	0.27	-0.02
3461	0.29	-0.02
3462	0.29	-0.03
3463	0.29	-0.03
3464	0.29	-0.03
3465	0.29	0.00
3466	0.29	0.00
3467	0.31	0.00
3468	0.31	-0.04
3469	0.31	-0.04
3470	0.31	-0.04
3471	0.31	-0.00
3472	0.31	-0.00
3473	0.31	-0.00
3474	0.31	-0.02
3475	0.31	-0.02
3476	0.32	-0.02
3477	0.32	-0.03
3478	0.32	-0.03
3479	0.34	-0.03
3480	0.34	-0.00
3481	0.34	-0.00
3482	0.33	-0.00
3483	0.33	-0.04
3484	0.33	-0.04
3485	0.34	-0.04
3486	0.34	0.01
3487	0.34	0.01
3488	0.35	0.01
3489	0.35	-0.02
3490	0.35	-0.02
3491	0.34	-0.02
3492	0.34	-0.03
3493	0.34	-0.03
