Contador    P0  P1
0	-2.22	-2.22
1	-2.22	-2.22
2	7.71	-2.22
3	7.71	7.59
4	7.71	7.59
5	7.62	7.59
6	7.62	7.62
7	7.62	7.62
8	7.42	7.62
9	7.42	7.59
10	7.42	7.59
11	7.48	7.59
12	7.48	7.64
13	7.48	7.64
14	7.43	7.64
15	7.43	7.60
16	7.43	7.60
17	7.46	7.60
18	7.46	7.62
19	7.46	7.62
20	7.58	7.62
21	0.00	0.01
22	0.00	0.01
23	-0.01	0.01
24	-0.01	-0.02
25	-0.01	-0.02
26	-0.02	-0.02
27	-0.02	0.02
28	-0.02	0.02
29	0.09	0.02
30	0.09	-0.02
31	0.09	-0.02
32	0.20	-0.02
33	0.20	-0.00
34	0.20	-0.00
35	0.06	-0.00
36	0.06	0.01
37	0.06	0.01
38	-0.06	0.01
39	-0.06	-0.02
40	-0.06	-0.02
41	-0.06	-0.02
42	-0.06	0.02
43	-0.06	0.02
44	-0.04	0.02
45	-0.04	-0.02
46	-0.04	-0.02
47	0.00	-0.02
48	0.00	0.00
49	0.00	0.00
50	0.04	0.00
51	0.04	0.00
52	0.04	0.00
53	0.08	0.00
54	0.08	-0.02
55	0.08	-0.02
56	0.09	-0.02
57	0.09	0.02
58	0.09	0.02
59	0.10	0.02
60	0.10	-0.03
61	0.10	-0.03
62	0.12	-0.03
63	0.12	0.01
64	0.12	0.01
65	0.12	0.01
66	0.12	0.00
67	0.12	0.00
68	0.12	0.00
69	0.12	-0.02
70	0.12	-0.02
71	0.10	-0.02
72	0.10	0.02
73	0.10	0.02
74	0.08	0.02
75	0.08	-0.03
76	0.08	-0.03
77	0.09	-0.03
78	0.09	0.01
79	0.09	0.01
80	0.10	0.01
81	0.10	0.00
82	0.10	0.00
83	0.11	0.00
84	0.11	-0.02
85	0.11	-0.02
86	0.14	-0.02
87	0.14	0.02
88	0.14	0.02
89	0.14	0.02
90	0.14	-0.02
91	0.14	-0.02
92	0.16	-0.02
93	0.16	0.02
94	0.16	0.02
95	0.15	0.02
96	0.15	-0.00
97	0.15	-0.00
98	0.17	-0.00
99	0.17	-0.02
100	0.17	-0.02
101	0.18	-0.02
102	0.18	0.01
103	0.18	0.01
104	0.17	0.01
105	0.17	-0.03
106	0.17	-0.03
107	0.18	-0.03
108	0.18	0.02
109	0.18	0.02
110	0.18	0.02
111	0.18	-0.01
112	0.18	-0.01
113	0.18	-0.01
114	0.18	-0.01
115	0.18	-0.01
116	0.17	-0.01
117	0.17	0.01
118	0.17	0.01
119	0.19	0.01
120	0.19	-0.03
121	0.19	-0.03
122	0.17	-0.03
123	0.17	0.02
124	0.17	0.02
125	0.16	0.02
126	0.16	-0.01
127	0.16	-0.01
128	0.14	-0.01
129	0.14	-0.01
130	0.14	-0.01
131	0.14	-0.01
132	0.14	0.01
133	0.14	0.01
134	0.13	0.01
135	0.13	-0.03
136	0.13	-0.03
137	0.10	-0.03
138	0.10	0.02
139	0.10	0.02
140	0.09	0.02
141	0.09	-0.01
142	0.09	-0.01
143	0.08	-0.01
144	0.08	0.00
145	0.08	0.00
146	0.05	0.00
147	0.05	0.04
148	0.05	0.04
149	-0.04	0.04
150	-0.04	0.00
151	-0.04	0.00
152	-0.03	0.00
153	-0.03	0.04
154	-0.03	0.04
155	-0.04	0.04
156	-0.04	0.00
157	-0.04	0.00
158	-0.02	0.00
159	-0.02	0.01
160	-0.02	0.01
161	0.00	0.01
162	0.00	0.02
163	0.00	0.02
164	-0.01	0.02
165	-0.01	-0.01
166	-0.01	-0.01
167	-0.02	-0.01
168	-0.02	0.03
169	-0.02	0.03
170	0.00	0.03
171	0.00	-0.01
172	0.00	-0.01
173	0.01	-0.01
174	0.01	0.01
175	0.01	0.01
176	0.00	0.01
177	0.00	0.02
178	0.00	0.02
179	0.00	0.02
180	0.00	-0.00
181	0.00	-0.00
182	0.01	-0.00
183	0.01	0.03
184	0.01	0.03
185	0.03	0.03
186	0.03	-0.02
187	0.03	-0.02
188	0.03	-0.02
189	0.03	0.01
190	0.03	0.01
191	0.03	0.01
192	0.03	0.01
193	0.03	0.01
194	0.03	0.01
195	0.03	-0.02
196	0.03	-0.02
197	0.05	-0.02
198	0.05	0.03
199	0.05	0.03
200	0.02	0.03
201	0.02	-0.02
202	0.02	-0.02
203	0.01	-0.02
204	0.01	0.01
205	0.01	0.01
206	0.06	0.01
207	0.06	0.01
208	0.06	0.01
209	0.00	0.01
210	0.00	-0.01
211	0.00	-0.01
212	11.22	-0.01
213	11.22	0.03
214	11.22	0.03
215	20.54	0.03
216	20.54	-0.02
217	20.54	-0.02
218	19.74	-0.02
219	19.74	0.02
220	19.74	0.02
221	18.39	0.02
222	18.39	0.01
223	18.39	0.01
224	17.97	0.01
225	17.97	-0.01
226	17.97	-0.01
227	18.01	-0.01
228	18.01	0.02
229	18.01	0.02
230	18.17	0.02
231	18.17	-0.02
232	18.17	-0.02
233	18.33	-0.02
234	18.33	0.02
235	18.33	0.02
236	18.46	0.02
237	18.46	0.01
238	18.46	0.01
239	18.45	0.01
240	18.45	-0.01
241	18.45	-0.01
242	18.56	-0.01
243	18.56	0.02
244	18.56	0.02
245	18.61	0.02
246	18.61	-0.02
247	18.61	-0.02
248	18.63	-0.02
249	18.63	0.03
250	18.63	0.03
251	18.57	0.03
252	18.57	0.00
253	18.57	0.00
254	18.51	0.00
255	18.51	-0.00
256	18.51	-0.00
257	18.47	-0.00
258	18.47	0.02
259	18.47	0.02
260	18.59	0.02
261	18.59	-0.01
262	18.59	-0.01
263	18.60	-0.01
264	18.60	0.03
265	18.60	0.03
266	18.47	0.03
267	18.47	0.01
268	18.47	0.01
269	18.61	0.01
270	18.61	0.00
271	18.61	0.00
272	18.50	0.00
273	18.50	0.03
274	18.50	0.03
275	18.40	0.03
276	18.40	-0.01
277	18.40	-0.01
278	18.34	-0.01
279	18.34	0.04
280	18.34	0.04
281	18.22	0.04
282	18.22	0.00
283	18.22	0.00
284	18.34	0.00
285	18.34	-0.01
286	18.34	-0.01
287	18.38	-0.01
288	18.38	0.02
289	18.38	0.02
290	18.41	0.02
291	18.41	-0.01
292	18.41	-0.01
293	18.25	-0.01
294	18.25	0.04
295	18.25	0.04
296	18.26	0.04
297	18.26	0.00
298	18.26	0.00
299	18.31	0.00
300	18.31	0.01
301	18.31	0.01
302	18.35	0.01
303	18.35	0.03
304	18.35	0.03
305	18.37	0.03
306	18.37	-0.01
307	18.37	-0.01
308	18.22	-0.01
309	18.22	0.03
310	18.22	0.03
311	18.28	0.03
312	18.28	-0.01
313	18.28	-0.01
314	18.39	-0.01
315	18.39	0.01
316	18.39	0.01
317	18.45	0.01
318	18.45	0.02
319	18.45	0.02
320	18.43	0.02
321	18.43	-0.01
322	18.43	-0.01
323	18.31	-0.01
324	18.31	0.03
325	18.31	0.03
326	18.24	0.03
327	18.24	-0.01
328	18.24	-0.01
329	18.31	-0.01
330	18.31	0.01
331	18.31	0.01
332	18.32	0.01
333	18.32	0.02
334	18.32	0.02
335	18.25	0.02
336	18.25	-0.01
337	18.25	-0.01
338	18.21	-0.01
339	18.21	0.03
340	18.21	0.03
341	18.25	0.03
342	18.25	-0.01
343	18.25	-0.01
344	18.31	-0.01
345	18.31	0.01
346	18.31	0.01
347	18.22	0.01
348	18.22	0.02
349	18.22	0.02
350	18.21	0.02
351	18.21	-0.01
352	18.21	-0.01
353	18.23	-0.01
354	18.23	0.03
355	18.23	0.03
356	18.23	0.03
357	18.23	-0.01
358	18.23	-0.01
359	18.25	-0.01
360	18.25	0.02
361	18.25	0.02
362	18.18	0.02
363	18.18	0.01
364	18.18	0.01
365	18.12	0.01
366	18.12	-0.01
367	18.12	-0.01
368	18.14	-0.01
369	18.14	0.03
370	18.14	0.03
371	18.29	0.03
372	18.29	-0.02
373	18.29	-0.02
374	18.25	-0.02
375	18.25	0.02
376	18.25	0.02
377	18.23	0.02
378	18.23	0.01
379	18.23	0.01
380	18.19	0.01
381	18.19	-0.01
382	18.19	-0.01
383	18.17	-0.01
384	18.17	0.02
385	18.17	0.02
386	18.23	0.02
387	18.23	-0.02
388	18.23	-0.02
389	18.65	-0.02
390	18.65	-0.01
391	18.65	-0.01
392	18.54	-0.01
393	18.54	-0.01
394	18.54	-0.01
395	18.48	-0.01
396	18.48	-0.03
397	18.48	-0.03
398	18.71	-0.03
399	18.71	0.00
400	18.71	0.00
401	18.77	0.00
402	18.77	-0.04
403	18.77	-0.04
404	18.65	-0.04
405	18.65	-0.01
406	18.65	-0.01
407	18.67	-0.01
408	18.67	-0.01
409	18.67	-0.01
410	18.61	-0.01
411	18.61	-0.04
412	18.61	-0.04
413	18.64	-0.04
414	18.64	0.00
415	18.64	0.00
416	18.65	0.00
417	18.65	-0.04
418	18.65	-0.04
419	18.58	-0.04
420	18.58	-0.01
421	18.58	-0.01
422	18.50	-0.01
423	18.50	-0.01
424	18.50	-0.01
425	18.60	-0.01
426	18.60	-0.04
427	18.60	-0.04
428	18.70	-0.04
429	18.70	0.00
430	18.70	0.00
431	18.54	0.00
432	18.54	-0.04
433	18.54	-0.04
434	18.61	-0.04
435	18.61	-0.01
436	18.61	-0.01
437	18.58	-0.01
438	18.58	-0.02
439	18.58	-0.02
440	18.60	-0.02
441	18.60	-0.04
442	18.60	-0.04
443	18.60	-0.04
444	18.60	-0.00
445	18.60	-0.00
446	18.59	-0.00
447	18.59	-0.05
448	18.59	-0.05
449	18.54	-0.05
450	18.54	-0.00
451	18.54	-0.00
452	18.58	-0.00
453	18.58	-0.02
454	18.58	-0.02
455	18.67	-0.02
456	18.67	-0.04
457	18.67	-0.04
458	18.64	-0.04
459	18.64	-0.01
460	18.64	-0.01
461	18.62	-0.01
462	18.62	-0.05
463	18.62	-0.05
464	18.55	-0.05
465	18.55	-0.00
466	18.55	-0.00
467	18.59	-0.00
468	18.59	-0.02
469	18.59	-0.02
470	18.63	-0.02
471	18.63	-0.04
472	18.63	-0.04
473	18.62	-0.04
474	18.62	-0.01
475	18.62	-0.01
476	18.55	-0.01
477	18.55	-0.05
478	18.55	-0.05
479	18.56	-0.05
480	18.56	-0.00
481	18.56	-0.00
482	18.65	-0.00
483	18.65	-0.03
484	18.65	-0.03
485	18.64	-0.03
486	18.64	-0.03
487	18.64	-0.03
488	18.60	-0.03
489	18.60	-0.01
490	18.60	-0.01
491	18.64	-0.01
492	18.64	-0.04
493	18.64	-0.04
494	18.64	-0.04
495	18.64	-0.00
496	18.64	-0.00
497	18.59	-0.00
498	18.59	-0.02
499	18.59	-0.02
500	18.54	-0.02
501	18.54	-0.03
502	18.54	-0.03
503	18.48	-0.03
504	18.48	-0.01
505	18.48	-0.01
506	18.51	-0.01
507	18.51	-0.05
508	18.51	-0.05
509	18.74	-0.05
510	18.74	0.00
511	18.74	0.00
512	18.74	0.00
513	18.74	-0.03
514	18.74	-0.03
515	18.63	-0.03
516	18.63	-0.03
517	18.63	-0.03
518	18.60	-0.03
519	18.60	-0.01
520	18.60	-0.01
521	18.60	-0.01
522	18.60	-0.05
523	18.60	-0.05
524	18.68	-0.05
525	18.68	0.00
526	18.68	0.00
527	18.63	0.00
528	18.63	-0.03
529	18.63	-0.03
530	18.57	-0.03
531	18.57	-0.02
532	18.57	-0.02
533	18.57	-0.02
534	18.57	-0.00
535	18.57	-0.00
536	18.69	-0.00
537	18.69	-0.04
538	18.69	-0.04
539	18.69	-0.04
540	18.69	0.00
541	18.69	0.00
542	18.66	0.00
543	18.66	-0.03
544	18.66	-0.03
545	18.66	-0.03
546	18.66	-0.03
547	18.66	-0.03
548	18.58	-0.03
549	18.58	-0.01
550	18.58	-0.01
551	18.65	-0.01
552	18.65	-0.05
553	18.65	-0.05
554	18.64	-0.05
555	18.64	0.00
556	18.64	0.00
557	18.55	0.00
558	18.55	-0.03
559	18.55	-0.03
560	18.55	-0.03
561	18.55	-0.02
562	18.55	-0.02
563	18.60	-0.02
564	18.60	-0.01
565	18.60	-0.01
566	18.63	-0.01
567	18.63	-0.04
568	18.63	-0.04
569	18.59	-0.04
570	18.59	0.00
571	18.59	0.00
572	18.62	0.00
573	18.62	-0.03
574	18.62	-0.03
575	18.55	-0.03
576	18.55	-0.02
577	18.55	-0.02
578	18.49	-0.02
579	18.49	-0.00
580	18.49	-0.00
581	18.50	-0.00
582	18.50	-0.04
583	18.50	-0.04
584	18.46	-0.04
585	18.46	0.01
586	18.46	0.01
587	18.46	0.01
588	18.46	-0.03
589	18.46	-0.03
590	18.51	-0.03
591	18.51	-0.02
592	18.51	-0.02
593	18.61	-0.02
594	18.61	-0.00
595	18.61	-0.00
596	18.57	-0.00
597	18.57	-0.04
598	18.57	-0.04
599	18.53	-0.04
600	18.53	0.01
601	18.53	0.01
602	18.52	0.01
603	18.52	-0.03
604	18.52	-0.03
605	18.55	-0.03
606	18.55	-0.02
607	18.55	-0.02
608	18.62	-0.02
609	18.62	-0.00
610	18.62	-0.00
611	18.51	-0.00
612	18.51	-0.04
613	18.51	-0.04
614	18.47	-0.04
615	18.47	0.01
616	18.47	0.01
617	18.41	0.01
618	18.41	-0.03
619	18.41	-0.03
620	18.55	-0.03
621	18.55	-0.02
622	18.55	-0.02
623	18.51	-0.02
624	18.51	-0.01
625	18.51	-0.01
626	18.49	-0.01
627	18.49	-0.03
628	18.49	-0.03
629	18.47	-0.03
630	18.47	0.01
631	18.47	0.01
632	18.50	0.01
633	18.50	-0.03
634	18.50	-0.03
635	18.56	-0.03
636	18.56	-0.02
637	18.56	-0.02
638	18.47	-0.02
639	18.47	-0.00
640	18.47	-0.00
641	18.43	-0.00
642	18.43	-0.04
643	18.43	-0.04
644	18.44	-0.04
645	18.44	0.01
646	18.44	0.01
647	18.55	0.01
648	18.55	-0.03
649	18.55	-0.03
650	18.56	-0.03
651	18.56	-0.02
652	18.56	-0.02
653	18.53	-0.02
654	18.53	-0.01
655	18.53	-0.01
656	18.49	-0.01
657	18.49	-0.04
658	18.49	-0.04
659	18.52	-0.04
660	18.52	0.01
661	18.52	0.01
662	18.59	0.01
663	18.59	-0.03
664	18.59	-0.03
665	18.50	-0.03
666	18.50	-0.02
667	18.50	-0.02
668	18.47	-0.02
669	18.47	-0.00
670	18.47	-0.00
671	18.46	-0.00
672	18.46	-0.04
673	18.46	-0.04
674	18.53	-0.04
675	18.53	0.01
676	18.53	0.01
677	18.54	0.01
678	18.54	-0.03
679	18.54	-0.03
680	18.45	-0.03
681	18.45	-0.02
682	18.45	-0.02
683	18.48	-0.02
684	18.48	-0.00
685	18.48	-0.00
686	18.44	-0.00
687	18.44	-0.03
688	18.44	-0.03
689	18.51	-0.03
690	18.51	0.00
691	18.51	0.00
692	18.46	0.00
693	18.46	-0.03
694	18.46	-0.03
695	18.43	-0.03
696	18.43	-0.01
697	18.43	-0.01
698	18.37	-0.01
699	18.37	-0.00
700	18.37	-0.00
701	18.38	-0.00
702	18.38	-0.02
703	18.38	-0.02
704	18.43	-0.02
705	18.43	0.01
706	18.43	0.01
707	18.48	0.01
708	18.48	-0.03
709	18.48	-0.03
710	18.46	-0.03
711	18.46	-0.01
712	18.46	-0.01
713	18.38	-0.01
714	18.38	-0.00
715	18.38	-0.00
716	18.34	-0.00
717	18.34	-0.02
718	18.34	-0.02
719	18.34	-0.02
720	18.34	0.01
721	18.34	0.01
722	18.24	0.01
723	18.24	-0.03
724	18.24	-0.03
725	18.17	-0.03
726	18.17	-0.01
727	18.17	-0.01
728	18.18	-0.01
729	18.18	0.00
730	18.18	0.00
731	18.29	0.00
732	18.29	-0.03
733	18.29	-0.03
734	18.30	-0.03
735	18.30	0.02
736	18.30	0.02
737	18.34	0.02
738	18.34	-0.03
739	18.34	-0.03
740	18.29	-0.03
741	18.29	-0.00
742	18.29	-0.00
743	18.26	-0.00
744	18.26	0.00
745	18.26	0.00
746	18.30	0.00
747	18.30	-0.03
748	18.30	-0.03
749	18.29	-0.03
750	18.29	0.01
751	18.29	0.01
752	18.18	0.01
753	18.18	-0.03
754	18.18	-0.03
755	18.18	-0.03
756	18.18	-0.00
757	18.18	-0.00
758	18.35	-0.00
759	18.35	0.00
760	18.35	0.00
761	18.29	0.00
762	18.29	-0.02
763	18.29	-0.02
764	18.29	-0.02
765	18.29	0.02
766	18.29	0.02
767	18.24	0.02
768	18.24	-0.02
769	18.24	-0.02
770	18.18	-0.02
771	18.18	0.00
772	18.18	0.00
773	18.24	0.00
774	18.24	0.00
775	18.24	0.00
776	18.27	0.00
777	18.27	-0.02
778	18.27	-0.02
779	18.21	-0.02
780	18.21	0.01
781	18.21	0.01
782	18.12	0.01
783	18.12	-0.03
784	18.12	-0.03
785	18.33	-0.03
786	18.33	-0.01
787	18.33	-0.01
788	18.33	-0.01
789	18.33	0.00
790	18.33	0.00
791	18.28	0.00
792	18.28	-0.02
793	18.28	-0.02
794	18.27	-0.02
795	18.27	0.02
796	18.27	0.02
797	18.17	0.02
798	18.17	-0.02
799	18.17	-0.02
800	18.25	-0.02
801	18.25	0.00
802	18.25	0.00
803	18.26	0.00
804	18.26	0.01
805	18.26	0.01
806	18.20	0.01
807	18.20	-0.02
808	18.20	-0.02
809	18.22	-0.02
810	18.22	0.02
811	18.22	0.02
812	18.31	0.02
813	18.31	-0.03
814	18.31	-0.03
815	18.31	-0.03
816	18.31	-0.00
817	18.31	-0.00
818	18.31	-0.00
819	18.31	0.00
820	18.31	0.00
821	18.31	0.00
822	18.31	-0.02
823	18.31	-0.02
824	18.28	-0.02
825	18.28	0.01
826	18.28	0.01
827	18.33	0.01
828	18.33	-0.03
829	18.33	-0.03
830	18.32	-0.03
831	18.32	-0.01
832	18.32	-0.01
833	18.22	-0.01
834	18.22	0.00
835	18.22	0.00
836	18.18	0.00
837	18.18	-0.03
838	18.18	-0.03
839	18.30	-0.03
840	18.30	0.01
841	18.30	0.01
842	18.37	0.01
843	18.37	-0.03
844	18.37	-0.03
845	18.38	-0.03
846	18.38	-0.00
847	18.38	-0.00
848	18.39	-0.00
849	18.39	0.00
850	18.39	0.00
851	18.31	0.00
852	18.31	-0.02
853	18.31	-0.02
854	18.37	-0.02
855	18.37	0.01
856	18.37	0.01
857	18.38	0.01
858	18.38	-0.03
859	18.38	-0.03
860	18.33	-0.03
861	18.33	-0.00
862	18.33	-0.00
863	18.33	-0.00
864	18.33	0.00
865	18.33	0.00
866	18.35	0.00
867	18.35	-0.03
868	18.35	-0.03
869	18.49	-0.03
870	18.49	0.01
871	18.49	0.01
872	18.41	0.01
873	18.41	-0.03
874	18.41	-0.03
875	18.38	-0.03
876	18.38	-0.00
877	18.38	-0.00
878	18.39	-0.00
879	18.39	0.00
880	18.39	0.00
881	18.33	0.00
882	18.33	-0.02
883	18.33	-0.02
884	18.33	-0.02
885	18.33	0.01
886	18.33	0.01
887	18.30	0.01
888	18.30	-0.03
889	18.30	-0.03
890	18.21	-0.03
891	18.21	-0.00
892	18.21	-0.00
893	18.20	-0.00
894	18.20	0.00
895	18.20	0.00
896	18.31	0.00
897	18.31	-0.02
898	18.31	-0.02
899	18.33	-0.02
900	18.33	0.01
901	18.33	0.01
902	18.30	0.01
903	18.30	-0.03
904	18.30	-0.03
905	18.31	-0.03
906	18.31	-0.01
907	18.31	-0.01
908	17.86	-0.01
909	17.86	0.03
910	17.86	0.03
911	17.88	0.03
912	17.88	0.00
913	17.88	0.00
914	17.84	0.00
915	17.84	0.04
916	17.84	0.04
917	17.74	0.04
918	17.74	-0.00
919	17.74	-0.00
920	17.77	-0.00
921	17.77	0.02
922	17.77	0.02
923	18.01	0.02
924	18.01	0.01
925	18.01	0.01
926	18.30	0.01
927	18.30	-0.02
928	18.30	-0.02
929	18.31	-0.02
930	18.31	0.02
931	18.31	0.02
932	18.06	0.02
933	18.06	-0.01
934	18.06	-0.01
935	17.92	-0.01
936	17.92	0.00
937	17.92	0.00
938	18.23	0.00
939	18.23	0.01
940	18.23	0.01
941	18.20	0.01
942	18.20	-0.01
943	18.20	-0.01
944	18.08	-0.01
945	18.08	0.02
946	18.08	0.02
947	18.04	0.02
948	18.04	-0.03
949	18.04	-0.03
950	18.03	-0.03
951	18.03	0.01
952	18.03	0.01
953	18.11	0.01
954	18.11	0.00
955	18.11	0.00
956	18.15	0.00
957	18.15	-0.02
958	18.15	-0.02
959	18.14	-0.02
960	18.14	0.02
961	18.14	0.02
962	18.10	0.02
963	18.10	-0.03
964	18.10	-0.03
965	18.16	-0.03
966	18.16	0.01
967	18.16	0.01
968	18.19	0.01
969	18.19	0.00
970	18.19	0.00
971	18.10	0.00
972	18.10	-0.02
973	18.10	-0.02
974	18.06	-0.02
975	18.06	0.01
976	18.06	0.01
977	18.19	0.01
978	18.19	-0.03
979	18.19	-0.03
980	18.30	-0.03
981	18.30	0.00
982	18.30	0.00
983	18.25	0.00
984	18.25	0.00
985	18.25	0.00
986	18.20	0.00
987	18.20	-0.02
988	18.20	-0.02
989	18.16	-0.02
990	18.16	0.02
991	18.16	0.02
992	18.15	0.02
993	18.15	-0.03
994	18.15	-0.03
995	18.20	-0.03
996	18.20	0.00
997	18.20	0.00
998	18.12	0.00
999	18.12	0.00
1000	18.12	0.00
1001	18.12	0.00
1002	18.12	-0.02
1003	18.12	-0.02
1004	18.14	-0.02
1005	18.14	0.01
1006	18.14	0.01
1007	18.29	0.01
1008	18.29	-0.03
1009	18.29	-0.03
1010	18.24	-0.03
1011	18.24	0.00
1012	18.24	0.00
1013	18.26	0.00
1014	18.26	-0.01
1015	18.26	-0.01
1016	18.27	-0.01
1017	18.27	-0.02
1018	18.27	-0.02
1019	18.22	-0.02
1020	18.22	0.01
1021	18.22	0.01
1022	18.27	0.01
1023	18.27	-0.03
1024	18.27	-0.03
1025	18.24	-0.03
1026	18.24	0.00
1027	18.24	0.00
1028	18.15	0.00
1029	18.15	-0.01
1030	18.15	-0.01
1031	18.06	-0.01
1032	18.06	-0.02
1033	18.06	-0.02
1034	18.16	-0.02
1035	18.16	0.01
1036	18.16	0.01
1037	18.31	0.01
1038	18.31	-0.04
1039	18.31	-0.04
1040	18.22	-0.04
1041	18.22	0.00
1042	18.22	0.00
1043	18.31	0.00
1044	18.31	-0.01
1045	18.31	-0.01
1046	18.21	-0.01
1047	18.21	-0.02
1048	18.21	-0.02
1049	18.22	-0.02
1050	18.22	0.01
1051	18.22	0.01
1052	18.24	0.01
1053	18.24	-0.04
1054	18.24	-0.04
1055	18.24	-0.04
1056	18.24	0.01
1057	18.24	0.01
1058	18.26	0.01
1059	18.26	-0.01
1060	18.26	-0.01
1061	18.30	-0.01
1062	18.30	-0.02
1063	18.30	-0.02
1064	18.30	-0.02
1065	18.30	0.00
1066	18.30	0.00
1067	18.20	0.00
1068	18.20	-0.03
1069	18.20	-0.03
1070	18.28	-0.03
1071	18.28	0.00
1072	18.28	0.00
1073	18.23	0.00
1074	18.23	-0.01
1075	18.23	-0.01
1076	18.34	-0.01
1077	18.34	-0.02
1078	18.34	-0.02
1079	18.28	-0.02
1080	18.28	0.00
1081	18.28	0.00
1082	18.17	0.00
1083	18.17	-0.04
1084	18.17	-0.04
1085	18.20	-0.04
1086	18.20	0.00
1087	18.20	0.00
1088	18.28	0.00
1089	18.28	-0.02
1090	18.28	-0.02
1091	18.30	-0.02
1092	18.30	-0.02
1093	18.30	-0.02
1094	18.31	-0.02
1095	18.31	0.00
1096	18.31	0.00
1097	18.28	0.00
1098	18.28	-0.04
1099	18.28	-0.04
1100	18.20	-0.04
1101	18.20	0.01
1102	18.20	0.01
1103	18.26	0.01
1104	18.26	-0.02
1105	18.26	-0.02
1106	18.21	-0.02
1107	18.21	-0.03
1108	18.21	-0.03
1109	18.18	-0.03
1110	18.18	0.00
1111	18.18	0.00
1112	18.15	0.00
1113	18.15	-0.04
1114	18.15	-0.04
1115	18.17	-0.04
1116	18.17	0.01
1117	18.17	0.01
1118	18.29	0.01
1119	18.29	-0.01
1120	18.29	-0.01
1121	18.27	-0.01
1122	18.27	-0.03
1123	18.27	-0.03
1124	18.25	-0.03
1125	18.25	-0.00
1126	18.25	-0.00
1127	18.17	-0.00
1128	18.17	-0.04
1129	18.17	-0.04
1130	18.16	-0.04
1131	18.16	0.01
1132	18.16	0.01
1133	18.22	0.01
1134	18.22	-0.02
1135	18.22	-0.02
1136	18.18	-0.02
1137	18.18	-0.02
1138	18.18	-0.02
1139	18.12	-0.02
1140	18.12	0.00
1141	18.12	0.00
1142	18.11	0.00
1143	18.11	-0.04
1144	18.11	-0.04
1145	18.25	-0.04
1146	18.25	0.01
1147	18.25	0.01
1148	18.24	0.01
1149	18.24	-0.02
1150	18.24	-0.02
1151	18.23	-0.02
1152	18.23	-0.02
1153	18.23	-0.02
1154	18.24	-0.02
1155	18.24	0.00
1156	18.24	0.00
1157	18.19	0.00
1158	18.19	-0.04
1159	18.19	-0.04
1160	18.20	-0.04
1161	18.20	0.01
1162	18.20	0.01
1163	18.22	0.01
1164	18.22	-0.02
1165	18.22	-0.02
1166	18.12	-0.02
1167	18.12	-0.02
1168	18.12	-0.02
1169	18.12	-0.02
1170	18.12	0.00
1171	18.12	0.00
1172	18.24	0.00
1173	18.24	-0.04
1174	18.24	-0.04
1175	18.27	-0.04
1176	18.27	0.01
1177	18.27	0.01
1178	18.27	0.01
1179	18.27	-0.02
1180	18.27	-0.02
1181	18.31	-0.02
1182	18.31	-0.02
1183	18.31	-0.02
1184	18.21	-0.02
1185	18.21	-0.00
1186	18.21	-0.00
1187	18.27	-0.00
1188	18.27	-0.03
1189	18.27	-0.03
1190	18.25	-0.03
1191	18.25	0.01
1192	18.25	0.01
1193	18.16	0.01
1194	18.16	-0.03
1195	18.16	-0.03
1196	18.14	-0.03
1197	18.14	-0.01
1198	18.14	-0.01
1199	18.23	-0.01
1200	18.23	-0.00
1201	18.23	-0.00
1202	18.25	-0.00
1203	18.25	-0.03
1204	18.25	-0.03
1205	18.19	-0.03
1206	18.19	0.01
1207	18.19	0.01
1208	18.20	0.01
1209	18.20	-0.03
1210	18.20	-0.03
1211	18.20	-0.03
1212	18.20	-0.01
1213	18.20	-0.01
1214	18.26	-0.01
1215	18.26	0.00
1216	18.26	0.00
1217	18.25	0.00
1218	18.25	-0.02
1219	18.25	-0.02
1220	18.12	-0.02
1221	18.12	0.01
1222	18.12	0.01
1223	18.13	0.01
1224	18.13	-0.03
1225	18.13	-0.03
1226	18.21	-0.03
1227	18.21	-0.00
1228	18.21	-0.00
1229	18.21	-0.00
1230	18.21	-0.00
1231	18.21	-0.00
1232	18.16	-0.00
1233	18.16	-0.03
1234	18.16	-0.03
1235	18.18	-0.03
1236	18.18	0.01
1237	18.18	0.01
1238	18.13	0.01
1239	18.13	-0.03
1240	18.13	-0.03
1241	18.20	-0.03
1242	18.20	-0.00
1243	18.20	-0.00
1244	18.22	-0.00
1245	18.22	-0.00
1246	18.22	-0.00
1247	18.12	-0.00
1248	18.12	-0.02
1249	18.12	-0.02
1250	18.05	-0.02
1251	18.05	0.01
1252	18.05	0.01
1253	18.16	0.01
1254	18.16	-0.04
1255	18.16	-0.04
1256	18.31	-0.04
1257	18.31	-0.01
1258	18.31	-0.01
1259	18.35	-0.01
1260	18.35	-0.01
1261	18.35	-0.01
1262	18.35	-0.01
1263	18.35	-0.03
1264	18.35	-0.03
1265	18.35	-0.03
1266	18.35	0.01
1267	18.35	0.01
1268	18.34	0.01
1269	18.34	-0.04
1270	18.34	-0.04
1271	18.44	-0.04
1272	18.44	-0.01
1273	18.44	-0.01
1274	18.34	-0.01
1275	18.34	-0.01
1276	18.34	-0.01
1277	18.20	-0.01
1278	18.20	-0.03
1279	18.20	-0.03
1280	18.21	-0.03
1281	18.21	0.00
1282	18.21	0.00
1283	18.34	0.00
1284	18.34	-0.04
1285	18.34	-0.04
1286	18.41	-0.04
1287	18.41	-0.01
1288	18.41	-0.01
1289	18.39	-0.01
1290	18.39	-0.01
1291	18.39	-0.01
1292	18.32	-0.01
1293	18.32	-0.03
1294	18.32	-0.03
1295	18.29	-0.03
1296	18.29	0.00
1297	18.29	0.00
1298	18.33	0.00
1299	18.33	-0.04
1300	18.33	-0.04
1301	18.23	-0.04
1302	18.23	-0.01
1303	18.23	-0.01
1304	18.21	-0.01
1305	18.21	-0.01
1306	18.21	-0.01
1307	18.18	-0.01
1308	18.18	-0.03
1309	18.18	-0.03
1310	18.30	-0.03
1311	18.30	-0.00
1312	18.30	-0.00
1313	18.28	-0.00
1314	18.28	-0.04
1315	18.28	-0.04
1316	18.30	-0.04
1317	18.30	-0.01
1318	18.30	-0.01
1319	18.26	-0.01
1320	18.26	-0.01
1321	18.26	-0.01
1322	18.23	-0.01
1323	18.23	-0.03
1324	18.23	-0.03
1325	18.36	-0.03
1326	18.36	-0.00
1327	18.36	-0.00
1328	18.31	-0.00
1329	18.31	-0.05
1330	18.31	-0.05
1331	18.22	-0.05
1332	18.22	-0.00
1333	18.22	-0.00
1334	18.18	-0.00
1335	18.18	-0.01
1336	18.18	-0.01
1337	18.30	-0.01
1338	18.30	-0.03
1339	18.30	-0.03
1340	18.34	-0.03
1341	18.34	0.00
1342	18.34	0.00
1343	18.29	0.00
1344	18.29	-0.05
1345	18.29	-0.05
1346	18.32	-0.05
1347	18.32	-0.00
1348	18.32	-0.00
1349	18.25	-0.00
1350	18.25	-0.02
1351	18.25	-0.02
1352	18.32	-0.02
1353	18.32	-0.03
1354	18.32	-0.03
1355	18.37	-0.03
1356	18.37	-0.00
1357	18.37	-0.00
1358	18.34	-0.00
1359	18.34	-0.05
1360	18.34	-0.05
1361	18.30	-0.05
1362	18.30	0.00
1363	18.30	0.00
1364	18.31	0.00
1365	18.31	-0.02
1366	18.31	-0.02
1367	18.42	-0.02
1368	18.42	-0.03
1369	18.42	-0.03
1370	18.33	-0.03
1371	18.33	-0.01
1372	18.33	-0.01
1373	18.36	-0.01
1374	18.36	-0.04
1375	18.36	-0.04
1376	18.35	-0.04
1377	18.35	0.01
1378	18.35	0.01
1379	18.42	0.01
1380	18.42	-0.02
1381	18.42	-0.02
1382	18.44	-0.02
1383	18.44	-0.02
1384	18.44	-0.02
1385	18.32	-0.02
1386	18.32	-0.01
1387	18.32	-0.01
1388	18.35	-0.01
1389	18.35	-0.04
1390	18.35	-0.04
1391	18.39	-0.04
1392	18.39	0.00
1393	18.39	0.00
1394	18.36	0.00
1395	18.36	-0.03
1396	18.36	-0.03
1397	18.27	-0.03
1398	18.27	-0.02
1399	18.27	-0.02
1400	18.29	-0.02
1401	18.29	-0.01
1402	18.29	-0.01
1403	18.28	-0.01
1404	18.28	-0.04
1405	18.28	-0.04
1406	18.32	-0.04
1407	18.32	0.00
1408	18.32	0.00
1409	18.30	0.00
1410	18.30	-0.04
1411	18.30	-0.04
1412	18.18	-0.04
1413	18.18	-0.02
1414	18.18	-0.02
1415	18.18	-0.02
1416	18.18	-0.00
1417	18.18	-0.00
1418	18.25	-0.00
1419	18.25	-0.03
1420	18.25	-0.03
1421	18.36	-0.03
1422	18.36	0.00
1423	18.36	0.00
1424	18.34	0.00
1425	18.34	-0.04
1426	18.34	-0.04
1427	18.30	-0.04
1428	18.30	-0.01
1429	18.30	-0.01
1430	18.24	-0.01
1431	18.24	-0.00
1432	18.24	-0.00
1433	18.27	-0.00
1434	18.27	-0.03
1435	18.27	-0.03
1436	18.29	-0.03
1437	18.29	0.01
1438	18.29	0.01
1439	18.20	0.01
1440	18.20	-0.04
1441	18.20	-0.04
1442	18.04	-0.04
1443	18.04	-0.01
1444	18.04	-0.01
1445	18.12	-0.01
1446	18.12	-0.01
1447	18.12	-0.01
1448	18.32	-0.01
1449	18.32	-0.03
1450	18.32	-0.03
1451	18.21	-0.03
1452	18.21	0.00
1453	18.21	0.00
1454	18.21	0.00
1455	18.21	-0.04
1456	18.21	-0.04
1457	18.29	-0.04
1458	18.29	-0.00
1459	18.29	-0.00
1460	18.19	-0.00
1461	18.19	-0.01
1462	18.19	-0.01
1463	18.25	-0.01
1464	18.25	-0.03
1465	18.25	-0.03
1466	18.18	-0.03
1467	18.18	0.00
1468	18.18	0.00
1469	18.11	0.00
1470	18.11	-0.04
1471	18.11	-0.04
1472	18.03	-0.04
1473	18.03	0.00
1474	18.03	0.00
1475	18.24	0.00
1476	18.24	-0.02
1477	18.24	-0.02
1478	18.27	-0.02
1479	18.27	-0.02
1480	18.27	-0.02
1481	18.24	-0.02
1482	18.24	-0.00
1483	18.24	-0.00
1484	18.20	-0.00
1485	18.20	-0.04
1486	18.20	-0.04
1487	18.12	-0.04
1488	18.12	0.00
1489	18.12	0.00
1490	18.17	0.00
1491	18.17	-0.02
1492	18.17	-0.02
1493	18.22	-0.02
1494	18.22	-0.03
1495	18.22	-0.03
1496	18.16	-0.03
1497	18.16	-0.00
1498	18.16	-0.00
1499	18.11	-0.00
1500	18.11	-0.04
1501	18.11	-0.04
1502	18.24	-0.04
1503	18.24	0.01
1504	18.24	0.01
1505	18.26	0.01
1506	18.26	-0.03
1507	18.26	-0.03
1508	18.18	-0.03
1509	18.18	-0.02
1510	18.18	-0.02
1511	18.18	-0.02
1512	18.18	-0.00
1513	18.18	-0.00
1514	18.19	-0.00
1515	18.19	-0.04
1516	18.19	-0.04
1517	18.25	-0.04
1518	18.25	0.01
1519	18.25	0.01
1520	18.19	0.01
1521	18.19	-0.03
1522	18.19	-0.03
1523	18.16	-0.03
1524	18.16	-0.01
1525	18.16	-0.01
1526	18.12	-0.01
1527	18.12	-0.01
1528	18.12	-0.01
1529	18.22	-0.01
1530	18.22	-0.04
1531	18.22	-0.04
1532	18.28	-0.04
1533	18.28	0.01
1534	18.28	0.01
1535	18.24	0.01
1536	18.24	-0.03
1537	18.24	-0.03
1538	18.25	-0.03
1539	18.25	-0.01
1540	18.25	-0.01
1541	18.24	-0.01
1542	18.24	-0.00
1543	18.24	-0.00
1544	18.33	-0.00
1545	18.33	-0.03
1546	18.33	-0.03
1547	18.27	-0.03
1548	18.27	0.01
1549	18.27	0.01
1550	18.15	0.01
1551	18.15	-0.04
1552	18.15	-0.04
1553	18.11	-0.04
1554	18.11	-0.00
1555	18.11	-0.00
1556	18.15	-0.00
1557	18.15	-0.01
1558	18.15	-0.01
1559	18.25	-0.01
1560	18.25	-0.03
1561	18.25	-0.03
1562	18.27	-0.03
1563	18.27	0.00
1564	18.27	0.00
1565	18.25	0.00
1566	18.25	-0.04
1567	18.25	-0.04
1568	18.22	-0.04
1569	18.22	0.00
1570	18.22	0.00
1571	18.28	0.00
1572	18.28	-0.01
1573	18.28	-0.01
1574	18.28	-0.01
1575	18.28	-0.02
1576	18.28	-0.02
1577	18.23	-0.02
1578	18.23	0.00
1579	18.23	0.00
1580	18.13	0.00
1581	18.13	-0.04
1582	18.13	-0.04
1583	18.13	-0.04
1584	18.13	0.01
1585	18.13	0.01
1586	18.24	0.01
1587	18.24	-0.02
1588	18.24	-0.02
1589	18.24	-0.02
1590	18.24	-0.02
1591	18.24	-0.02
1592	18.19	-0.02
1593	18.19	-0.00
1594	18.19	-0.00
1595	18.24	-0.00
1596	18.24	-0.03
1597	18.24	-0.03
1598	18.21	-0.03
1599	18.21	0.01
1600	18.21	0.01
1601	18.27	0.01
1602	18.27	-0.02
1603	18.27	-0.02
1604	18.19	-0.02
1605	18.19	-0.02
1606	18.19	-0.02
1607	18.08	-0.02
1608	18.08	-0.00
1609	18.08	-0.00
1610	18.09	-0.00
1611	18.09	-0.03
1612	18.09	-0.03
1613	18.26	-0.03
1614	18.26	0.01
1615	18.26	0.01
1616	18.24	0.01
1617	18.24	-0.03
1618	18.24	-0.03
1619	18.22	-0.03
1620	18.22	-0.01
1621	18.22	-0.01
1622	18.21	-0.01
1623	18.21	0.00
1624	18.21	0.00
1625	18.19	0.00
1626	18.19	-0.03
1627	18.19	-0.03
1628	18.25	-0.03
1629	18.25	0.01
1630	18.25	0.01
1631	18.21	0.01
1632	18.21	-0.03
1633	18.21	-0.03
1634	18.03	-0.03
1635	18.03	0.00
1636	18.03	0.00
1637	17.99	0.00
1638	17.99	-0.01
1639	17.99	-0.01
1640	18.17	-0.01
1641	18.17	-0.02
1642	18.17	-0.02
1643	18.18	-0.02
1644	18.18	0.01
1645	18.18	0.01
1646	18.19	0.01
1647	18.19	-0.04
1648	18.19	-0.04
1649	18.13	-0.04
1650	18.13	0.01
1651	18.13	0.01
1652	18.07	0.01
1653	18.07	-0.01
1654	18.07	-0.01
1655	18.07	-0.01
1656	18.07	-0.02
1657	18.07	-0.02
1658	18.11	-0.02
1659	18.11	0.00
1660	18.11	0.00
1661	18.08	0.00
1662	18.08	-0.03
1663	18.08	-0.03
1664	18.09	-0.03
1665	18.09	0.01
1666	18.09	0.01
1667	18.19	0.01
1668	18.19	-0.02
1669	18.19	-0.02
1670	18.20	-0.02
1671	18.20	-0.02
1672	18.20	-0.02
1673	18.22	-0.02
1674	18.22	0.00
1675	18.22	0.00
1676	18.20	0.00
1677	18.20	-0.03
1678	18.20	-0.03
1679	18.05	-0.03
1680	18.05	0.01
1681	18.05	0.01
1682	18.11	0.01
1683	18.11	-0.02
1684	18.11	-0.02
1685	18.06	-0.02
1686	18.06	-0.01
1687	18.06	-0.01
1688	18.05	-0.01
1689	18.05	0.00
1690	18.05	0.00
1691	17.97	0.00
1692	17.97	-0.02
1693	17.97	-0.02
1694	17.93	-0.02
1695	17.93	0.03
1696	17.93	0.03
1697	17.87	0.03
1698	17.87	-0.02
1699	17.87	-0.02
1700	17.85	-0.02
1701	17.85	0.01
1702	17.85	0.01
1703	17.89	0.01
1704	17.89	0.01
1705	17.89	0.01
1706	17.78	0.01
1707	17.78	-0.01
1708	17.78	-0.01
1709	17.87	-0.01
1710	17.87	0.03
1711	17.87	0.03
1712	17.88	0.03
1713	17.88	-0.02
1714	17.88	-0.02
1715	17.79	-0.02
1716	17.79	0.01
1717	17.79	0.01
1718	17.69	0.01
1719	17.69	0.02
1720	17.69	0.02
1721	17.72	0.02
1722	17.72	-0.00
1723	17.72	-0.00
1724	17.66	-0.00
1725	17.66	0.03
1726	17.66	0.03
1727	17.97	0.03
1728	17.97	-0.02
1729	17.97	-0.02
1730	17.97	-0.02
1731	17.97	0.01
1732	17.97	0.01
1733	17.96	0.01
1734	17.96	0.00
1735	17.96	0.00
1736	17.95	0.00
1737	17.95	-0.01
1738	17.95	-0.01
1739	17.98	-0.01
1740	17.98	0.02
1741	17.98	0.02
1742	17.90	0.02
1743	17.90	-0.02
1744	17.90	-0.02
1745	17.86	-0.02
1746	17.86	0.02
1747	17.86	0.02
1748	17.87	0.02
1749	17.87	-0.00
1750	17.87	-0.00
1751	18.03	-0.00
1752	18.03	-0.01
1753	18.03	-0.01
1754	17.93	-0.01
1755	17.93	0.01
1756	17.93	0.01
1757	17.95	0.01
1758	17.95	-0.02
1759	17.95	-0.02
1760	17.95	-0.02
1761	17.95	0.02
1762	17.95	0.02
1763	17.96	0.02
1764	17.96	-0.01
1765	17.96	-0.01
1766	18.04	-0.01
1767	18.04	-0.01
1768	18.04	-0.01
1769	17.92	-0.01
1770	17.92	0.01
1771	17.92	0.01
1772	17.88	0.01
1773	17.88	-0.02
1774	17.88	-0.02
1775	17.78	-0.02
1776	17.78	0.03
1777	17.78	0.03
1778	17.97	0.03
1779	17.97	-0.01
1780	17.97	-0.01
1781	17.97	-0.01
1782	17.97	0.00
1783	17.97	0.00
1784	17.99	0.00
1785	17.99	0.01
1786	17.99	0.01
1787	17.95	0.01
1788	17.95	-0.02
1789	17.95	-0.02
1790	17.94	-0.02
1791	17.94	0.03
1792	17.94	0.03
1793	17.98	0.03
1794	17.98	-0.01
1795	17.98	-0.01
1796	17.97	-0.01
1797	17.97	0.01
1798	17.97	0.01
1799	17.89	0.01
1800	17.89	0.02
1801	17.89	0.02
1802	17.84	0.02
1803	17.84	-0.01
1804	17.84	-0.01
1805	17.94	-0.01
1806	17.94	0.02
1807	17.94	0.02
1808	17.91	0.02
1809	17.91	-0.02
1810	17.91	-0.02
1811	17.93	-0.02
1812	17.93	0.01
1813	17.93	0.01
1814	17.86	0.01
1815	17.86	0.01
1816	17.86	0.01
1817	17.83	0.01
1818	17.83	-0.01
1819	17.83	-0.01
1820	17.88	-0.01
1821	17.88	0.03
1822	17.88	0.03
1823	17.88	0.03
1824	17.88	-0.02
1825	17.88	-0.02
1826	17.78	-0.02
1827	17.78	0.01
1828	17.78	0.01
1829	17.85	0.01
1830	17.85	0.01
1831	17.85	0.01
1832	17.96	0.01
1833	17.96	-0.01
1834	17.96	-0.01
1835	18.00	-0.01
1836	18.00	0.02
1837	18.00	0.02
1838	17.99	0.02
1839	17.99	-0.02
1840	17.99	-0.02
1841	17.91	-0.02
1842	17.91	0.02
1843	17.91	0.02
1844	17.82	0.02
1845	17.82	0.00
1846	17.82	0.00
1847	17.89	0.00
1848	17.89	-0.00
1849	17.89	-0.00
1850	17.92	-0.00
1851	17.92	0.02
1852	17.92	0.02
1853	17.85	0.02
1854	17.85	-0.02
1855	17.85	-0.02
1856	17.80	-0.02
1857	17.80	0.02
1858	17.80	0.02
1859	17.86	0.02
1860	17.86	0.00
1861	17.86	0.00
1862	17.93	0.00
1863	17.93	-0.01
1864	17.93	-0.01
1865	17.92	-0.01
1866	17.92	0.02
1867	17.92	0.02
1868	17.89	0.02
1869	17.89	-0.02
1870	17.89	-0.02
1871	17.84	-0.02
1872	17.84	0.02
1873	17.84	0.02
1874	17.96	0.02
1875	17.96	-0.01
1876	17.96	-0.01
1877	17.99	-0.01
1878	17.99	-0.00
1879	17.99	-0.00
1880	17.89	-0.00
1881	17.89	0.01
1882	17.89	0.01
1883	17.88	0.01
1884	17.88	-0.02
1885	17.88	-0.02
1886	17.98	-0.02
1887	17.98	0.02
1888	17.98	0.02
1889	18.04	0.02
1890	18.04	-0.02
1891	18.04	-0.02
1892	17.93	-0.02
1893	17.93	0.00
1894	17.93	0.00
1895	17.87	0.00
1896	17.87	0.02
1897	17.87	0.02
1898	17.86	0.02
1899	17.86	-0.01
1900	17.86	-0.01
1901	17.89	-0.01
1902	17.89	0.03
1903	17.89	0.03
1904	17.94	0.03
1905	17.94	-0.02
1906	17.94	-0.02
1907	17.91	-0.02
1908	17.91	0.01
1909	17.91	0.01
1910	17.89	0.01
1911	17.89	0.01
1912	17.89	0.01
1913	17.89	0.01
1914	17.89	-0.01
1915	17.89	-0.01
1916	18.07	-0.01
1917	18.07	0.02
1918	18.07	0.02
1919	18.03	0.02
1920	18.03	-0.02
1921	18.03	-0.02
1922	18.02	-0.02
1923	18.02	0.01
1924	18.02	0.01
1925	17.96	0.01
1926	17.96	0.01
1927	17.96	0.01
1928	18.00	0.01
1929	18.00	-0.01
1930	18.00	-0.01
1931	18.00	-0.01
1932	18.00	0.02
1933	18.00	0.02
1934	17.96	0.02
1935	17.96	-0.02
1936	17.96	-0.02
1937	17.88	-0.02
1938	17.88	0.02
1939	17.88	0.02
1940	17.79	0.02
1941	17.79	0.01
1942	17.79	0.01
1943	17.93	0.01
1944	17.93	-0.01
1945	17.93	-0.01
1946	17.97	-0.01
1947	17.97	0.02
1948	17.97	0.02
1949	17.93	0.02
1950	17.93	-0.02
1951	17.93	-0.02
1952	17.88	-0.02
1953	17.88	0.02
1954	17.88	0.02
1955	17.93	0.02
1956	17.93	0.00
1957	17.93	0.00
1958	17.94	0.00
1959	17.94	-0.01
1960	17.94	-0.01
1961	17.92	-0.01
1962	17.92	0.02
1963	17.92	0.02
1964	17.84	0.02
1965	17.84	-0.02
1966	17.84	-0.02
1967	17.82	-0.02
1968	17.82	0.02
1969	17.82	0.02
1970	17.96	0.02
1971	17.96	0.00
1972	17.96	0.00
1973	17.97	0.00
1974	17.97	-0.01
1975	17.97	-0.01
1976	17.97	-0.01
1977	17.97	0.02
1978	17.97	0.02
1979	17.97	0.02
1980	17.97	-0.02
1981	17.97	-0.02
1982	17.86	-0.02
1983	17.86	0.02
1984	17.86	0.02
1985	17.96	0.02
1986	17.96	-0.00
1987	17.96	-0.00
1988	17.95	-0.00
1989	17.95	-0.01
1990	17.95	-0.01
1991	17.87	-0.01
1992	17.87	0.01
1993	17.87	0.01
1994	17.90	0.01
1995	17.90	-0.02
1996	17.90	-0.02
1997	17.98	-0.02
1998	17.98	0.03
1999	17.98	0.03
2000	18.00	0.03
2001	18.00	-0.01
2002	18.00	-0.01
2003	17.97	-0.01
2004	17.97	0.00
2005	17.97	0.00
2006	17.93	0.00
2007	17.93	0.01
2008	17.93	0.01
2009	17.91	0.01
2010	17.91	-0.02
2011	17.91	-0.02
2012	17.97	-0.02
2013	17.97	0.02
2014	17.97	0.02
2015	18.00	0.02
2016	18.00	-0.01
2017	18.00	-0.01
2018	17.90	-0.01
2019	17.90	-0.00
2020	17.90	-0.00
2021	17.94	-0.00
2022	17.94	0.02
2023	17.94	0.02
2024	17.99	0.02
2025	17.99	-0.02
2026	17.99	-0.02
2027	17.97	-0.02
2028	17.97	0.03
2029	17.97	0.03
2030	17.91	0.03
2031	17.91	-0.01
2032	17.91	-0.01
2033	17.87	-0.01
2034	17.87	0.00
2035	17.87	0.00
2036	17.88	0.00
2037	17.88	0.02
2038	17.88	0.02
2039	17.97	0.02
2040	17.97	-0.01
2041	17.97	-0.01
2042	18.03	-0.01
2043	18.03	0.02
2044	18.03	0.02
2045	17.91	0.02
2046	17.91	-0.02
2047	17.91	-0.02
2048	17.93	-0.02
2049	17.93	0.00
2050	17.93	0.00
2051	17.98	0.00
2052	17.98	0.02
2053	17.98	0.02
2054	18.04	0.02
2055	18.04	-0.01
2056	18.04	-0.01
2057	18.04	-0.01
2058	18.04	0.03
2059	18.04	0.03
2060	18.05	0.03
2061	18.05	-0.02
2062	18.05	-0.02
2063	18.00	-0.02
2064	18.00	0.01
2065	18.00	0.01
2066	17.99	0.01
2067	17.99	0.01
2068	17.99	0.01
2069	18.03	0.01
2070	18.03	-0.01
2071	18.03	-0.01
2072	18.00	-0.01
2073	18.00	0.02
2074	18.00	0.02
2075	17.93	0.02
2076	17.93	-0.02
2077	17.93	-0.02
2078	17.89	-0.02
2079	17.89	0.01
2080	17.89	0.01
2081	18.06	0.01
2082	18.06	0.01
2083	18.06	0.01
2084	18.04	0.01
2085	18.04	-0.01
2086	18.04	-0.01
2087	17.98	-0.01
2088	17.98	0.02
2089	17.98	0.02
2090	18.02	0.02
2091	18.02	-0.02
2092	18.02	-0.02
2093	17.93	-0.02
2094	17.93	0.01
2095	17.93	0.01
2096	18.01	0.01
2097	18.01	0.00
2098	18.01	0.00
2099	18.00	0.00
2100	18.00	-0.01
2101	18.00	-0.01
2102	17.99	-0.01
2103	17.99	0.02
2104	17.99	0.02
2105	17.91	0.02
2106	17.91	-0.02
2107	17.91	-0.02
2108	18.01	-0.02
2109	18.01	0.02
2110	18.01	0.02
2111	17.97	0.02
2112	17.97	0.00
2113	17.97	0.00
2114	18.02	0.00
2115	18.02	-0.01
2116	18.02	-0.01
2117	18.02	-0.01
2118	18.02	0.02
2119	18.02	0.02
2120	18.00	0.02
2121	18.00	-0.02
2122	18.00	-0.02
2123	18.01	-0.02
2124	18.01	0.02
2125	18.01	0.02
2126	18.00	0.02
2127	18.00	0.00
2128	18.00	0.00
2129	17.99	0.00
2130	17.99	-0.01
2131	17.99	-0.01
2132	17.96	-0.01
2133	17.96	0.01
2134	17.96	0.01
2135	18.06	0.01
2136	18.06	-0.02
2137	18.06	-0.02
2138	18.00	-0.02
2139	18.00	0.02
2140	18.00	0.02
2141	17.93	0.02
2142	17.93	-0.00
2143	17.93	-0.00
2144	18.01	-0.00
2145	18.01	-0.01
2146	18.01	-0.01
2147	17.99	-0.01
2148	17.99	0.02
2149	17.99	0.02
2150	18.05	0.02
2151	18.05	-0.02
2152	18.05	-0.02
2153	18.00	-0.02
2154	18.00	0.02
2155	18.00	0.02
2156	17.95	0.02
2157	17.95	-0.01
2158	17.95	-0.01
2159	17.93	-0.01
2160	17.93	-0.00
2161	17.93	-0.00
2162	18.00	-0.00
2163	18.00	0.01
2164	18.00	0.01
2165	18.10	0.01
2166	18.10	-0.02
2167	18.10	-0.02
2168	18.05	-0.02
2169	18.05	0.02
2170	18.05	0.02
2171	18.06	0.02
2172	18.06	-0.01
2173	18.06	-0.01
2174	18.01	-0.01
2175	18.01	-0.00
2176	18.01	-0.00
2177	18.08	-0.00
2178	18.08	0.01
2179	18.08	0.01
2180	18.01	0.01
2181	18.01	-0.02
2182	18.01	-0.02
2183	17.97	-0.02
2184	17.97	0.02
2185	17.97	0.02
2186	17.96	0.02
2187	17.96	-0.01
2188	17.96	-0.01
2189	18.04	-0.01
2190	18.04	-0.00
2191	18.04	-0.00
2192	18.14	-0.00
2193	18.14	0.01
2194	18.14	0.01
2195	18.12	0.01
2196	18.12	-0.02
2197	18.12	-0.02
2198	18.13	-0.02
2199	18.13	0.02
2200	18.13	0.02
2201	18.12	0.02
2202	18.12	-0.02
2203	18.12	-0.02
2204	18.11	-0.02
2205	18.11	-0.00
2206	18.11	-0.00
2207	18.12	-0.00
2208	18.12	0.01
2209	18.12	0.01
2210	18.00	0.01
2211	18.00	-0.02
2212	18.00	-0.02
2213	17.95	-0.02
2214	17.95	0.02
2215	17.95	0.02
2216	18.10	0.02
2217	18.10	-0.02
2218	18.10	-0.02
2219	18.18	-0.02
2220	18.18	0.00
2221	18.18	0.00
2222	18.07	0.00
2223	18.07	0.01
2224	18.07	0.01
2225	18.12	0.01
2226	18.12	-0.01
2227	18.12	-0.01
2228	18.09	-0.01
2229	18.09	0.02
2230	18.09	0.02
2231	18.07	0.02
2232	18.07	-0.02
2233	18.07	-0.02
2234	18.10	-0.02
2235	18.10	0.01
2236	18.10	0.01
2237	18.01	0.01
2238	18.01	0.00
2239	18.01	0.00
2240	17.95	0.00
2241	17.95	-0.01
2242	17.95	-0.01
2243	17.94	-0.01
2244	17.94	0.02
2245	17.94	0.02
2246	18.10	0.02
2247	18.10	-0.02
2248	18.10	-0.02
2249	18.05	-0.02
2250	18.05	0.01
2251	18.05	0.01
2252	18.02	0.01
2253	18.02	0.01
2254	18.02	0.01
2255	18.03	0.01
2256	18.03	-0.01
2257	18.03	-0.01
2258	18.04	-0.01
2259	18.04	0.02
2260	18.04	0.02
2261	18.08	0.02
2262	18.08	-0.02
2263	18.08	-0.02
2264	18.01	-0.02
2265	18.01	0.02
2266	18.01	0.02
2267	17.90	0.02
2268	17.90	0.00
2269	17.90	0.00
2270	17.85	0.00
2271	17.85	-0.01
2272	17.85	-0.01
2273	18.01	-0.01
2274	18.01	0.01
2275	18.01	0.01
2276	18.02	0.01
2277	18.02	-0.02
2278	18.02	-0.02
2279	17.96	-0.02
2280	17.96	0.02
2281	17.96	0.02
2282	18.00	0.02
2283	18.00	-0.00
2284	18.00	-0.00
2285	17.97	-0.00
2286	17.97	-0.01
2287	17.97	-0.01
2288	18.01	-0.01
2289	18.01	0.01
2290	18.01	0.01
2291	17.97	0.01
2292	17.97	-0.02
2293	17.97	-0.02
2294	17.94	-0.02
2295	17.94	0.02
2296	17.94	0.02
2297	17.96	0.02
2298	17.96	-0.00
2299	17.96	-0.00
2300	18.06	-0.00
2301	18.06	-0.00
2302	18.06	-0.00
2303	18.05	-0.00
2304	18.05	0.01
2305	18.05	0.01
2306	17.99	0.01
2307	17.99	-0.02
2308	17.99	-0.02
2309	18.04	-0.02
2310	18.04	0.02
2311	18.04	0.02
2312	18.00	0.02
2313	18.00	-0.01
2314	18.00	-0.01
2315	18.06	-0.01
2316	18.06	0.00
2317	18.06	0.00
2318	18.01	0.00
2319	18.01	0.01
2320	18.01	0.01
2321	17.92	0.01
2322	17.92	-0.02
2323	17.92	-0.02
2324	17.92	-0.02
2325	17.92	0.02
2326	17.92	0.02
2327	18.02	0.02
2328	18.02	-0.02
2329	18.02	-0.02
2330	18.05	-0.02
2331	18.05	0.00
2332	18.05	0.00
2333	18.03	0.00
2334	18.03	0.02
2335	18.03	0.02
2336	18.07	0.02
2337	18.07	-0.02
2338	18.07	-0.02
2339	18.03	-0.02
2340	18.03	0.02
2341	18.03	0.02
2342	18.10	0.02
2343	18.10	-0.02
2344	18.10	-0.02
2345	18.02	-0.02
2346	18.02	0.01
2347	18.02	0.01
2348	17.89	0.01
2349	17.89	0.01
2350	17.89	0.01
2351	17.91	0.01
2352	17.91	-0.01
2353	17.91	-0.01
2354	18.06	-0.01
2355	18.06	0.02
2356	18.06	0.02
2357	18.15	0.02
2358	18.15	-0.02
2359	18.15	-0.02
2360	18.13	-0.02
2361	18.13	0.01
2362	18.13	0.01
2363	18.12	0.01
2364	18.12	0.01
2365	18.12	0.01
2366	18.05	0.01
2367	18.05	-0.01
2368	18.05	-0.01
2369	18.05	-0.01
2370	18.05	0.02
2371	18.05	0.02
2372	18.10	0.02
2373	18.10	-0.02
2374	18.10	-0.02
2375	18.07	-0.02
2376	18.07	0.01
2377	18.07	0.01
2378	17.96	0.01
2379	17.96	0.00
2380	17.96	0.00
2381	18.03	0.00
2382	18.03	-0.01
2383	18.03	-0.01
2384	18.12	-0.01
2385	18.12	0.02
2386	18.12	0.02
2387	18.07	0.02
2388	18.07	-0.02
2389	18.07	-0.02
2390	18.08	-0.02
2391	18.08	0.02
2392	18.08	0.02
2393	18.10	0.02
2394	18.10	0.00
2395	18.10	0.00
2396	18.17	0.00
2397	18.17	-0.01
2398	18.17	-0.01
2399	18.09	-0.01
2400	18.09	0.02
2401	18.09	0.02
2402	17.96	0.02
2403	17.96	-0.02
2404	17.96	-0.02
2405	17.90	-0.02
2406	17.90	0.02
2407	17.90	0.02
2408	17.85	0.02
2409	17.85	-0.00
2410	17.85	-0.00
2411	18.03	-0.00
2412	18.03	-0.01
2413	18.03	-0.01
2414	18.04	-0.01
2415	18.04	0.01
2416	18.04	0.01
2417	18.11	0.01
2418	18.11	-0.03
2419	18.11	-0.03
2420	18.11	-0.03
2421	18.11	0.02
2422	18.11	0.02
2423	18.12	0.02
2424	18.12	-0.01
2425	18.12	-0.01
2426	18.09	-0.01
2427	18.09	-0.01
2428	18.09	-0.01
2429	18.03	-0.01
2430	18.03	0.01
2431	18.03	0.01
2432	18.01	0.01
2433	18.01	-0.03
2434	18.01	-0.03
2435	18.03	-0.03
2436	18.03	0.02
2437	18.03	0.02
2438	18.14	0.02
2439	18.14	-0.01
2440	18.14	-0.01
2441	18.16	-0.01
2442	18.16	-0.01
2443	18.16	-0.01
2444	18.14	-0.01
2445	18.14	0.01
2446	18.14	0.01
2447	18.12	0.01
2448	18.12	-0.02
2449	18.12	-0.02
2450	18.05	-0.02
2451	18.05	0.02
2452	18.05	0.02
2453	18.08	0.02
2454	18.08	-0.01
2455	18.08	-0.01
2456	18.01	-0.01
2457	18.01	-0.01
2458	18.01	-0.01
2459	17.96	-0.01
2460	17.96	0.01
2461	17.96	0.01
2462	18.01	0.01
2463	18.01	-0.02
2464	18.01	-0.02
2465	18.14	-0.02
2466	18.14	0.02
2467	18.14	0.02
2468	18.12	0.02
2469	18.12	-0.01
2470	18.12	-0.01
2471	18.10	-0.01
2472	18.10	-0.00
2473	18.10	-0.00
2474	18.05	-0.00
2475	18.05	0.01
2476	18.05	0.01
2477	18.08	0.01
2478	18.08	-0.02
2479	18.08	-0.02
2480	18.09	-0.02
2481	18.09	0.02
2482	18.09	0.02
2483	18.04	0.02
2484	18.04	-0.02
2485	18.04	-0.02
2486	17.99	-0.02
2487	17.99	0.00
2488	17.99	0.00
2489	18.02	0.00
2490	18.02	0.01
2491	18.02	0.01
2492	18.05	0.01
2493	18.05	-0.02
2494	18.05	-0.02
2495	18.09	-0.02
2496	18.09	0.02
2497	18.09	0.02
2498	18.05	0.02
2499	18.05	-0.02
2500	18.05	-0.02
2501	18.01	-0.02
2502	18.01	0.00
2503	18.01	0.00
2504	17.97	0.00
2505	17.97	0.01
2506	17.97	0.01
2507	18.03	0.01
2508	18.03	-0.02
2509	18.03	-0.02
2510	18.05	-0.02
2511	18.05	0.02
2512	18.05	0.02
2513	17.99	0.02
2514	17.99	-0.02
2515	17.99	-0.02
2516	18.04	-0.02
2517	18.04	0.00
2518	18.04	0.00
2519	18.05	0.00
2520	18.05	0.01
2521	18.05	0.01
2522	18.15	0.01
2523	18.15	-0.02
2524	18.15	-0.02
2525	18.08	-0.02
2526	18.08	0.02
2527	18.08	0.02
2528	18.12	0.02
2529	18.12	-0.02
2530	18.12	-0.02
2531	18.09	-0.02
2532	18.09	0.00
2533	18.09	0.00
2534	18.06	0.00
2535	18.06	0.01
2536	18.06	0.01
2537	18.03	0.01
2538	18.03	-0.02
2539	18.03	-0.02
2540	18.06	-0.02
2541	18.06	0.02
2542	18.06	0.02
2543	18.02	0.02
2544	18.02	-0.02
2545	18.02	-0.02
2546	18.01	-0.02
2547	18.01	0.01
2548	18.01	0.01
2549	18.07	0.01
2550	18.07	0.01
2551	18.07	0.01
2552	18.13	0.01
2553	18.13	-0.02
2554	18.13	-0.02
2555	18.09	-0.02
2556	18.09	0.02
2557	18.09	0.02
2558	18.07	0.02
2559	18.07	-0.02
2560	18.07	-0.02
2561	18.10	-0.02
2562	18.10	0.01
2563	18.10	0.01
2564	18.17	0.01
2565	18.17	0.01
2566	18.17	0.01
2567	18.08	0.01
2568	18.08	-0.01
2569	18.08	-0.01
2570	18.03	-0.01
2571	18.03	0.02
2572	18.03	0.02
2573	18.10	0.02
2574	18.10	-0.02
2575	18.10	-0.02
2576	18.21	-0.02
2577	18.21	0.01
2578	18.21	0.01
2579	18.05	0.01
2580	18.05	0.01
2581	18.05	0.01
2582	9.88	0.01
2583	9.88	-0.02
2584	9.88	-0.02
2585	-3.87	-0.02
2586	-3.87	0.01
2587	-3.87	0.01
2588	-3.88	0.01
2589	-3.88	-0.02
2590	-3.88	-0.02
2591	1.95	-0.02
2592	1.95	0.01
2593	1.95	0.01
2594	1.89	0.01
2595	1.89	0.01
2596	1.89	0.01
2597	-1.25	0.01
2598	-1.25	-0.02
2599	-1.25	-0.02
2600	-1.31	-0.02
2601	-1.31	0.02
2602	-1.31	0.02
2603	0.49	0.02
2604	0.49	-0.02
2605	0.49	-0.02
2606	0.46	-0.02
2607	0.46	0.00
2608	0.46	0.00
2609	-0.61	0.00
2610	-0.61	0.01
2611	-0.61	0.01
2612	-0.58	0.01
2613	-0.58	-0.02
2614	-0.58	-0.02
2615	-0.06	-0.02
2616	-0.06	0.02
2617	-0.06	0.02
2618	-0.15	0.02
2619	-0.15	-0.02
2620	-0.15	-0.02
2621	-0.38	-0.02
2622	-0.38	0.00
2623	-0.38	0.00
2624	-0.34	0.00
2625	-0.34	0.01
2626	-0.34	0.01
2627	-0.30	0.01
2628	-0.30	-0.02
2629	-0.30	-0.02
2630	-0.32	-0.02
2631	-0.32	0.02
2632	-0.32	0.02
2633	-0.30	0.02
2634	-0.30	-0.02
2635	-0.30	-0.02
2636	-0.30	-0.02
2637	-0.30	0.00
2638	-0.30	0.00
2639	-0.30	0.00
2640	-0.30	0.01
2641	-0.30	0.01
2642	-0.26	0.01
2643	-0.26	-0.02
2644	-0.26	-0.02
2645	-0.24	-0.02
2646	-0.24	0.02
2647	-0.24	0.02
2648	-0.23	0.02
2649	-0.23	-0.02
2650	-0.23	-0.02
2651	-0.22	-0.02
2652	-0.22	0.00
2653	-0.22	0.00
2654	-0.22	0.00
2655	-0.22	0.01
2656	-0.22	0.01
2657	-0.24	0.01
2658	-0.24	-0.02
2659	-0.24	-0.02
2660	-0.24	-0.02
2661	-0.24	0.02
2662	-0.24	0.02
2663	-0.25	0.02
2664	-0.25	-0.02
2665	-0.25	-0.02
2666	-0.26	-0.02
2667	-0.26	0.00
2668	-0.26	0.00
2669	-0.27	0.00
2670	-0.27	0.01
2671	-0.27	0.01
2672	-0.27	0.01
2673	-0.27	-0.02
2674	-0.27	-0.02
2675	-0.28	-0.02
2676	-0.28	0.02
2677	-0.28	0.02
2678	-0.28	0.02
2679	-0.28	-0.02
2680	-0.28	-0.02
2681	-0.28	-0.02
2682	-0.28	-0.00
2683	-0.28	-0.00
2684	-0.29	-0.00
2685	-0.29	0.01
2686	-0.29	0.01
2687	-0.27	0.01
2688	-0.27	-0.02
2689	-0.27	-0.02
2690	-0.28	-0.02
2691	-0.28	0.02
2692	-0.28	0.02
2693	-0.27	0.02
2694	-0.27	-0.02
2695	-0.27	-0.02
2696	-0.26	-0.02
2697	-0.26	-0.00
2698	-0.26	-0.00
2699	-0.26	-0.00
2700	-0.26	0.01
2701	-0.26	0.01
2702	-0.25	0.01
2703	-0.25	-0.02
2704	-0.25	-0.02
2705	-0.25	-0.02
2706	-0.25	0.02
2707	-0.25	0.02
2708	-0.26	0.02
2709	-0.26	-0.02
2710	-0.26	-0.02
2711	-0.25	-0.02
2712	-0.25	-0.00
2713	-0.25	-0.00
2714	-0.25	-0.00
2715	-0.25	0.02
2716	-0.25	0.02
2717	-0.25	0.02
2718	-0.25	-0.02
2719	-0.25	-0.02
2720	-0.24	-0.02
2721	-0.24	0.02
2722	-0.24	0.02
2723	-0.24	0.02
2724	-0.24	-0.02
2725	-0.24	-0.02
2726	-0.22	-0.02
2727	-0.22	-0.00
2728	-0.22	-0.00
2729	-0.22	-0.00
2730	-0.22	0.01
2731	-0.22	0.01
2732	-0.23	0.01
2733	-0.23	-0.02
2734	-0.23	-0.02
2735	-0.22	-0.02
2736	-0.22	0.02
2737	-0.22	0.02
2738	-0.23	0.02
2739	-0.23	-0.01
2740	-0.23	-0.01
