Contador    P0  P1
0	-2.22	-2.22
1	-2.22	-2.22
2	8.66	-2.22
3	8.66	7.61
4	8.66	7.61
5	8.74	7.61
6	8.74	7.58
7	8.74	7.58
8	8.75	7.58
9	8.75	7.62
10	8.75	7.62
11	8.68	7.62
12	8.68	7.58
13	8.68	7.58
14	8.74	7.58
15	8.74	7.59
16	8.74	7.59
17	8.75	7.59
18	8.75	7.61
19	8.75	7.61
20	8.79	7.61
21	-0.00	-0.04
22	-0.00	-0.04
23	-0.02	-0.04
24	-0.02	0.01
25	-0.02	0.01
26	-0.05	0.01
27	-0.05	-0.03
28	-0.05	-0.03
29	-0.06	-0.03
30	-0.06	-0.02
31	-0.06	-0.02
32	-0.10	-0.02
33	-0.10	-0.00
34	-0.10	-0.00
35	-0.18	-0.00
36	-0.18	-0.04
37	-0.18	-0.04
38	-0.17	-0.04
39	-0.17	0.01
40	-0.17	0.01
41	-0.18	0.01
42	-0.18	-0.02
43	-0.18	-0.02
44	-0.17	-0.02
45	-0.17	-0.02
46	-0.17	-0.02
47	-0.19	-0.02
48	-0.19	-0.00
49	-0.19	-0.00
50	-0.19	-0.00
51	-0.19	-0.04
52	-0.19	-0.04
53	-0.20	-0.04
54	-0.20	0.01
55	-0.20	0.01
56	-0.19	0.01
57	-0.19	-0.02
58	-0.19	-0.02
59	-0.20	-0.02
60	-0.20	-0.03
61	-0.20	-0.03
62	-0.20	-0.03
63	-0.20	-0.01
64	-0.20	-0.01
65	-0.17	-0.01
66	-0.17	-0.05
67	-0.17	-0.05
68	-0.15	-0.05
69	-0.15	-0.00
70	-0.15	-0.00
71	-0.12	-0.00
72	-0.12	-0.03
73	-0.12	-0.03
74	-0.13	-0.03
75	-0.13	-0.04
76	-0.13	-0.04
77	-0.13	-0.04
78	-0.13	-0.00
79	-0.13	-0.00
80	-0.15	-0.00
81	-0.15	-0.05
82	-0.15	-0.05
83	-0.15	-0.05
84	-0.15	0.00
85	-0.15	0.00
86	-0.15	0.00
87	-0.15	-0.02
88	-0.15	-0.02
89	-0.15	-0.02
90	-0.15	-0.03
91	-0.15	-0.03
92	-0.16	-0.03
93	-0.16	-0.00
94	-0.16	-0.00
95	-0.20	-0.00
96	-0.20	-0.04
97	-0.20	-0.04
98	-0.21	-0.04
99	-0.21	0.00
100	-0.21	0.00
101	-0.22	0.00
102	-0.22	-0.02
103	-0.22	-0.02
104	-0.22	-0.02
105	-0.22	-0.03
106	-0.22	-0.03
107	-0.22	-0.03
108	-0.22	0.00
109	-0.22	0.00
110	-0.21	0.00
111	-0.21	-0.04
112	-0.21	-0.04
113	-0.20	-0.04
114	-0.20	0.00
115	-0.20	0.00
116	-0.20	0.00
117	-0.20	-0.02
118	-0.20	-0.02
119	-0.20	-0.02
120	-0.20	-0.03
121	-0.20	-0.03
122	-0.18	-0.03
123	-0.18	-0.00
124	-0.18	-0.00
125	-0.18	-0.00
126	-0.18	-0.05
127	-0.18	-0.05
128	-0.19	-0.05
129	-0.19	0.00
130	-0.19	0.00
131	-0.22	0.00
132	-0.22	-0.02
133	-0.22	-0.02
134	-0.23	-0.02
135	-0.23	-0.03
136	-0.23	-0.03
137	-0.24	-0.03
138	-0.24	0.00
139	-0.24	0.00
140	-0.25	0.00
141	-0.25	-0.04
142	-0.25	-0.04
143	-0.25	-0.04
144	-0.25	0.00
145	-0.25	0.00
146	-0.26	0.00
147	-0.26	-0.01
148	-0.26	-0.01
149	-0.28	-0.01
150	-0.28	-0.03
151	-0.28	-0.03
152	-0.29	-0.03
153	-0.29	0.00
154	-0.29	0.00
155	0.54	0.00
156	0.54	-0.04
157	0.54	-0.04
158	11.92	-0.04
159	11.92	0.00
160	11.92	0.00
161	15.68	0.00
162	15.68	-0.01
163	15.68	-0.01
164	15.50	-0.01
165	15.50	-0.03
166	15.50	-0.03
167	15.04	-0.03
168	15.04	0.00
169	15.04	0.00
170	14.70	0.00
171	14.70	-0.04
172	14.70	-0.04
173	14.55	-0.04
174	14.55	0.01
175	14.55	0.01
176	14.72	0.01
177	14.72	-0.01
178	14.72	-0.01
179	14.73	-0.01
180	14.73	-0.03
181	14.73	-0.03
182	14.71	-0.03
183	14.71	0.00
184	14.71	0.00
185	14.76	0.00
186	14.76	-0.04
187	14.76	-0.04
188	14.83	-0.04
189	14.83	-0.00
190	14.83	-0.00
191	14.94	-0.00
192	14.94	-0.01
193	14.94	-0.01
194	14.92	-0.01
195	14.92	-0.03
196	14.92	-0.03
197	14.92	-0.03
198	14.92	0.00
199	14.92	0.00
200	14.86	0.00
201	14.86	-0.04
202	14.86	-0.04
203	14.98	-0.04
204	14.98	-0.00
205	14.98	-0.00
206	15.03	-0.00
207	15.03	-0.01
208	15.03	-0.01
209	14.92	-0.01
210	14.92	-0.03
211	14.92	-0.03
212	14.91	-0.03
213	14.91	0.01
214	14.91	0.01
215	14.92	0.01
216	14.92	-0.04
217	14.92	-0.04
218	15.04	-0.04
219	15.04	0.00
220	15.04	0.00
221	15.05	0.00
222	15.05	-0.01
223	15.05	-0.01
224	14.91	-0.01
225	14.91	-0.03
226	14.91	-0.03
227	14.85	-0.03
228	14.85	0.01
229	14.85	0.01
230	14.99	0.01
231	14.99	-0.04
232	14.99	-0.04
233	15.04	-0.04
234	15.04	-0.00
235	15.04	-0.00
236	14.94	-0.00
237	14.94	-0.01
238	14.94	-0.01
239	14.83	-0.01
240	14.83	-0.03
241	14.83	-0.03
242	14.82	-0.03
243	14.82	0.01
244	14.82	0.01
245	14.86	0.01
246	14.86	-0.04
247	14.86	-0.04
248	14.86	-0.04
249	14.86	-0.00
250	14.86	-0.00
251	14.78	-0.00
252	14.78	-0.01
253	14.78	-0.01
254	14.75	-0.01
255	14.75	-0.03
256	14.75	-0.03
257	14.82	-0.03
258	14.82	0.01
259	14.82	0.01
260	14.90	0.01
261	14.90	-0.04
262	14.90	-0.04
263	14.90	-0.04
264	14.90	-0.00
265	14.90	-0.00
266	14.90	-0.00
267	14.90	-0.01
268	14.90	-0.01
269	14.81	-0.01
270	14.81	-0.03
271	14.81	-0.03
272	14.85	-0.03
273	14.85	0.01
274	14.85	0.01
275	14.87	0.01
276	14.87	-0.04
277	14.87	-0.04
278	14.83	-0.04
279	14.83	-0.00
280	14.83	-0.00
281	14.70	-0.00
282	14.70	-0.01
283	14.70	-0.01
284	14.75	-0.01
285	14.75	-0.03
286	14.75	-0.03
287	14.84	-0.03
288	14.84	0.01
289	14.84	0.01
290	14.84	0.01
291	14.84	-0.04
292	14.84	-0.04
293	14.79	-0.04
294	14.79	-0.00
295	14.79	-0.00
296	14.81	-0.00
297	14.81	-0.01
298	14.81	-0.01
299	14.78	-0.01
300	14.78	-0.03
301	14.78	-0.03
302	14.84	-0.03
303	14.84	0.00
304	14.84	0.00
305	14.78	0.00
306	14.78	-0.04
307	14.78	-0.04
308	14.72	-0.04
309	14.72	-0.00
310	14.72	-0.00
311	14.71	-0.00
312	14.71	-0.01
313	14.71	-0.01
314	14.87	-0.01
315	14.87	-0.03
316	14.87	-0.03
317	14.90	-0.03
318	14.90	0.00
319	14.90	0.00
320	14.81	0.00
321	14.81	-0.04
322	14.81	-0.04
323	14.76	-0.04
324	14.76	-0.00
325	14.76	-0.00
326	14.70	-0.00
327	14.70	-0.01
328	14.70	-0.01
329	14.75	-0.01
330	14.75	-0.03
331	14.75	-0.03
332	14.75	-0.03
333	14.75	0.01
334	14.75	0.01
335	14.71	0.01
336	14.71	-0.04
337	14.71	-0.04
338	14.58	-0.04
339	14.58	-0.00
340	14.58	-0.00
341	14.75	-0.00
342	14.75	-0.01
343	14.75	-0.01
344	14.79	-0.01
345	14.79	-0.03
346	14.79	-0.03
347	14.70	-0.03
348	14.70	0.01
349	14.70	0.01
350	14.70	0.01
351	14.70	-0.04
352	14.70	-0.04
353	14.67	-0.04
354	14.67	-0.00
355	14.67	-0.00
356	14.73	-0.00
357	14.73	-0.00
358	14.73	-0.00
359	14.72	-0.00
360	14.72	-0.03
361	14.72	-0.03
362	14.64	-0.03
363	14.64	0.01
364	14.64	0.01
365	14.62	0.01
366	14.62	-0.04
367	14.62	-0.04
368	14.73	-0.04
369	14.73	0.00
370	14.73	0.00
371	14.78	0.00
372	14.78	-0.01
373	14.78	-0.01
374	14.75	-0.01
375	14.75	-0.03
376	14.75	-0.03
377	14.80	-0.03
378	14.80	0.01
379	14.80	0.01
380	14.77	0.01
381	14.77	-0.04
382	14.77	-0.04
383	14.80	-0.04
384	14.80	-0.00
385	14.80	-0.00
386	14.83	-0.00
387	14.83	-0.01
388	14.83	-0.01
389	14.71	-0.01
390	14.71	-0.03
391	14.71	-0.03
392	14.67	-0.03
393	14.67	0.01
394	14.67	0.01
395	14.78	0.01
396	14.78	-0.04
397	14.78	-0.04
398	14.83	-0.04
399	14.83	0.00
400	14.83	0.00
401	14.81	0.00
402	14.81	-0.01
403	14.81	-0.01
404	14.81	-0.01
405	14.81	-0.03
406	14.81	-0.03
407	14.76	-0.03
408	14.76	0.01
409	14.76	0.01
410	14.85	0.01
411	14.85	-0.04
412	14.85	-0.04
413	14.86	-0.04
414	14.86	0.00
415	14.86	0.00
416	14.78	0.00
417	14.78	-0.01
418	14.78	-0.01
419	14.68	-0.01
420	14.68	-0.02
421	14.68	-0.02
422	14.76	-0.02
423	14.76	0.01
424	14.76	0.01
425	14.93	0.01
426	14.93	-0.04
427	14.93	-0.04
428	14.84	-0.04
429	14.84	0.00
430	14.84	0.00
431	14.78	0.00
432	14.78	-0.01
433	14.78	-0.01
434	14.77	-0.01
435	14.77	-0.02
436	14.77	-0.02
437	14.85	-0.02
438	14.85	0.00
439	14.85	0.00
440	14.85	0.00
441	14.85	-0.04
442	14.85	-0.04
443	14.85	-0.04
444	14.85	0.00
445	14.85	0.00
446	14.75	0.00
447	14.75	-0.01
448	14.75	-0.01
449	14.78	-0.01
450	14.78	-0.03
451	14.78	-0.03
452	14.91	-0.03
453	14.91	0.00
454	14.91	0.00
455	14.85	0.00
456	14.85	-0.04
457	14.85	-0.04
458	14.81	-0.04
459	14.81	0.00
460	14.81	0.00
461	14.79	0.00
462	14.79	-0.01
463	14.79	-0.01
464	14.81	-0.01
465	14.81	-0.03
466	14.81	-0.03
467	14.86	-0.03
468	14.86	0.01
469	14.86	0.01
470	14.76	0.01
471	14.76	-0.04
472	14.76	-0.04
473	14.73	-0.04
474	14.73	0.00
475	14.73	0.00
476	14.67	0.00
477	14.67	-0.01
478	14.67	-0.01
479	14.84	-0.01
480	14.84	-0.03
481	14.84	-0.03
482	14.81	-0.03
483	14.81	0.01
484	14.81	0.01
485	14.80	0.01
486	14.80	-0.04
487	14.80	-0.04
488	14.78	-0.04
489	14.78	0.00
490	14.78	0.00
491	14.73	0.00
492	14.73	-0.01
493	14.73	-0.01
494	14.83	-0.01
495	14.83	-0.03
496	14.83	-0.03
497	14.84	-0.03
498	14.84	0.00
499	14.84	0.00
500	14.75	0.00
501	14.75	-0.04
502	14.75	-0.04
503	14.67	-0.04
504	14.67	0.00
505	14.67	0.00
506	14.90	0.00
507	14.90	-0.01
508	14.90	-0.01
509	14.95	-0.01
510	14.95	-0.03
511	14.95	-0.03
512	14.85	-0.03
513	14.85	0.00
514	14.85	0.00
515	14.83	0.00
516	14.83	-0.04
517	14.83	-0.04
518	14.81	-0.04
519	14.81	0.01
520	14.81	0.01
521	14.85	0.01
522	14.85	-0.01
523	14.85	-0.01
524	14.83	-0.01
525	14.83	-0.03
526	14.83	-0.03
527	14.81	-0.03
528	14.81	0.00
529	14.81	0.00
530	14.81	0.00
531	14.81	-0.04
532	14.81	-0.04
533	14.82	-0.04
534	14.82	0.01
535	14.82	0.01
536	14.86	0.01
537	14.86	-0.01
538	14.86	-0.01
539	14.89	-0.01
540	14.89	-0.03
541	14.89	-0.03
542	14.93	-0.03
543	14.93	0.00
544	14.93	0.00
545	14.90	0.00
546	14.90	-0.04
547	14.90	-0.04
548	14.91	-0.04
549	14.91	0.00
550	14.91	0.00
551	14.94	0.00
552	14.94	-0.01
553	14.94	-0.01
554	14.83	-0.01
555	14.83	-0.03
556	14.83	-0.03
557	14.80	-0.03
558	14.80	0.00
559	14.80	0.00
560	14.82	0.00
561	14.82	-0.04
562	14.82	-0.04
563	14.91	-0.04
564	14.91	0.00
565	14.91	0.00
566	14.90	0.00
567	14.90	-0.01
568	14.90	-0.01
569	14.94	-0.01
570	14.94	-0.02
571	14.94	-0.02
572	14.87	-0.02
573	14.87	0.00
574	14.87	0.00
575	14.90	0.00
576	14.90	-0.04
577	14.90	-0.04
578	14.94	-0.04
579	14.94	0.01
580	14.94	0.01
581	14.80	0.01
582	14.80	-0.01
583	14.80	-0.01
584	14.74	-0.01
585	14.74	-0.02
586	14.74	-0.02
587	14.76	-0.02
588	14.76	0.00
589	14.76	0.00
590	14.85	0.00
591	14.85	-0.04
592	14.85	-0.04
593	14.87	-0.04
594	14.87	0.01
595	14.87	0.01
596	14.85	0.01
597	14.85	-0.02
598	14.85	-0.02
599	14.85	-0.02
600	14.85	-0.03
601	14.85	-0.03
602	14.83	-0.03
603	14.83	0.00
604	14.83	0.00
605	14.86	0.00
606	14.86	-0.04
607	14.86	-0.04
608	14.84	-0.04
609	14.84	0.01
610	14.84	0.01
611	14.78	0.01
612	14.78	-0.02
613	14.78	-0.02
614	14.82	-0.02
615	14.82	-0.02
616	14.82	-0.02
617	15.01	-0.02
618	15.01	0.00
619	15.01	0.00
620	14.96	0.00
621	14.96	-0.04
622	14.96	-0.04
623	14.91	-0.04
624	14.91	0.01
625	14.91	0.01
626	14.87	0.01
627	14.87	-0.02
628	14.87	-0.02
629	14.84	-0.02
630	14.84	-0.02
631	14.84	-0.02
632	14.95	-0.02
633	14.95	-0.00
634	14.95	-0.00
635	14.93	-0.00
636	14.93	-0.04
637	14.93	-0.04
638	14.86	-0.04
639	14.86	0.01
640	14.86	0.01
641	14.85	0.01
642	14.85	-0.02
643	14.85	-0.02
644	15.01	-0.02
645	15.01	-0.02
646	15.01	-0.02
647	14.94	-0.02
648	14.94	0.00
649	14.94	0.00
650	14.91	0.00
651	14.91	-0.04
652	14.91	-0.04
653	14.96	-0.04
654	14.96	0.01
655	14.96	0.01
656	14.96	0.01
657	14.96	-0.02
658	14.96	-0.02
659	15.00	-0.02
660	15.00	-0.02
661	15.00	-0.02
662	14.93	-0.02
663	14.93	0.00
664	14.93	0.00
665	14.86	0.00
666	14.86	-0.04
667	14.86	-0.04
668	14.87	-0.04
669	14.87	0.01
670	14.87	0.01
671	15.00	0.01
672	15.00	-0.03
673	15.00	-0.03
674	15.00	-0.03
675	15.00	-0.02
676	15.00	-0.02
677	14.99	-0.02
678	14.99	-0.00
679	14.99	-0.00
680	14.92	-0.00
681	14.92	-0.04
682	14.92	-0.04
683	14.89	-0.04
684	14.89	0.01
685	14.89	0.01
686	14.96	0.01
687	14.96	-0.03
688	14.96	-0.03
689	14.94	-0.03
690	14.94	-0.02
691	14.94	-0.02
692	14.85	-0.02
693	14.85	0.00
694	14.85	0.00
695	14.82	0.00
696	14.82	-0.03
697	14.82	-0.03
698	14.89	-0.03
699	14.89	0.01
700	14.89	0.01
701	15.03	0.01
702	15.03	-0.03
703	15.03	-0.03
704	14.99	-0.03
705	14.99	-0.01
706	14.99	-0.01
707	14.95	-0.01
708	14.95	0.00
709	14.95	0.00
710	14.93	0.00
711	14.93	-0.03
712	14.93	-0.03
713	14.96	-0.03
714	14.96	0.01
715	14.96	0.01
716	14.94	0.01
717	14.94	-0.03
718	14.94	-0.03
719	14.91	-0.03
720	14.91	-0.02
721	14.91	-0.02
722	14.91	-0.02
723	14.91	0.00
724	14.91	0.00
725	15.05	0.00
726	15.05	-0.03
727	15.05	-0.03
728	15.09	-0.03
729	15.09	0.01
730	15.09	0.01
731	14.98	0.01
732	14.98	-0.03
733	14.98	-0.03
734	14.89	-0.03
735	14.89	-0.01
736	14.89	-0.01
737	14.90	-0.01
738	14.90	-0.00
739	14.90	-0.00
740	14.96	-0.00
741	14.96	-0.03
742	14.96	-0.03
743	15.03	-0.03
744	15.03	0.01
745	15.03	0.01
746	14.95	0.01
747	14.95	-0.04
748	14.95	-0.04
749	14.89	-0.04
750	14.89	-0.01
751	14.89	-0.01
752	14.94	-0.01
753	14.94	-0.00
754	14.94	-0.00
755	15.02	-0.00
756	15.02	-0.03
757	15.02	-0.03
758	15.00	-0.03
759	15.00	0.01
760	15.00	0.01
761	14.96	0.01
762	14.96	-0.04
763	14.96	-0.04
764	14.92	-0.04
765	14.92	-0.00
766	14.92	-0.00
767	14.93	-0.00
768	14.93	-0.00
769	14.93	-0.00
770	14.98	-0.00
771	14.98	-0.03
772	14.98	-0.03
773	14.92	-0.03
774	14.92	0.01
775	14.92	0.01
776	14.91	0.01
777	14.91	-0.04
778	14.91	-0.04
779	14.89	-0.04
780	14.89	-0.00
781	14.89	-0.00
782	15.03	-0.00
783	15.03	-0.00
784	15.03	-0.00
785	15.00	-0.00
786	15.00	-0.03
787	15.00	-0.03
788	14.98	-0.03
789	14.98	0.00
790	14.98	0.00
791	15.03	0.00
792	15.03	-0.04
793	15.03	-0.04
794	14.98	-0.04
795	14.98	0.00
796	14.98	0.00
797	15.02	0.00
798	15.02	-0.01
799	15.02	-0.01
800	15.02	-0.01
801	15.02	-0.03
802	15.02	-0.03
803	15.06	-0.03
804	15.06	0.01
805	15.06	0.01
806	15.00	0.01
807	15.00	-0.04
808	15.00	-0.04
809	15.09	-0.04
810	15.09	0.01
811	15.09	0.01
812	15.09	0.01
813	15.09	-0.01
814	15.09	-0.01
815	15.06	-0.01
816	15.06	-0.03
817	15.06	-0.03
818	15.07	-0.03
819	15.07	0.00
820	15.07	0.00
821	14.99	0.00
822	14.99	-0.04
823	14.99	-0.04
824	15.05	-0.04
825	15.05	0.01
826	15.05	0.01
827	15.01	0.01
828	15.01	-0.01
829	15.01	-0.01
830	14.98	-0.01
831	14.98	-0.03
832	14.98	-0.03
833	14.95	-0.03
834	14.95	0.00
835	14.95	0.00
836	15.06	0.00
837	15.06	-0.04
838	15.06	-0.04
839	15.09	-0.04
840	15.09	0.01
841	15.09	0.01
842	15.03	0.01
843	15.03	-0.02
844	15.03	-0.02
845	15.00	-0.02
846	15.00	-0.02
847	15.00	-0.02
848	15.00	-0.02
849	15.00	0.00
850	15.00	0.00
851	15.10	0.00
852	15.10	-0.04
853	15.10	-0.04
854	15.13	-0.04
855	15.13	0.01
856	15.13	0.01
857	15.02	0.01
858	15.02	-0.02
859	15.02	-0.02
860	14.97	-0.02
861	14.97	-0.02
862	14.97	-0.02
863	15.10	-0.02
864	15.10	0.00
865	15.10	0.00
866	15.22	0.00
867	15.22	-0.04
868	15.22	-0.04
869	15.08	-0.04
870	15.08	0.01
871	15.08	0.01
872	15.06	0.01
873	15.06	-0.03
874	15.06	-0.03
875	15.01	-0.03
876	15.01	-0.02
877	15.01	-0.02
878	15.12	-0.02
879	15.12	0.00
880	15.12	0.00
881	15.12	0.00
882	15.12	-0.03
883	15.12	-0.03
884	15.12	-0.03
885	15.12	0.01
886	15.12	0.01
887	15.05	0.01
888	15.05	-0.03
889	15.05	-0.03
890	15.01	-0.03
891	15.01	-0.02
892	15.01	-0.02
893	15.12	-0.02
894	15.12	0.00
895	15.12	0.00
896	15.09	0.00
897	15.09	-0.03
898	15.09	-0.03
899	15.08	-0.03
900	15.08	0.01
901	15.08	0.01
902	15.06	0.01
903	15.06	-0.03
904	15.06	-0.03
905	15.11	-0.03
906	15.11	-0.01
907	15.11	-0.01
908	15.14	-0.01
909	15.14	0.00
910	15.14	0.00
911	15.05	0.00
912	15.05	-0.03
913	15.05	-0.03
914	15.03	-0.03
915	15.03	0.01
916	15.03	0.01
917	15.09	0.01
918	15.09	-0.03
919	15.09	-0.03
920	15.15	-0.03
921	15.15	-0.01
922	15.15	-0.01
923	15.10	-0.01
924	15.10	-0.00
925	15.10	-0.00
926	15.14	-0.00
927	15.14	-0.03
928	15.14	-0.03
929	15.11	-0.03
930	15.11	0.01
931	15.11	0.01
932	15.06	0.01
933	15.06	-0.04
934	15.06	-0.04
935	15.10	-0.04
936	15.10	-0.01
937	15.10	-0.01
938	15.07	-0.01
939	15.07	-0.00
940	15.07	-0.00
941	15.01	-0.00
942	15.01	-0.03
943	15.01	-0.03
944	15.02	-0.03
945	15.02	0.01
946	15.02	0.01
947	15.15	0.01
948	15.15	-0.04
949	15.15	-0.04
950	15.07	-0.04
951	15.07	-0.01
952	15.07	-0.01
953	14.99	-0.01
954	14.99	-0.01
955	14.99	-0.01
956	15.03	-0.01
957	15.03	-0.03
958	15.03	-0.03
959	15.05	-0.03
960	15.05	0.01
961	15.05	0.01
962	15.14	0.01
963	15.14	-0.04
964	15.14	-0.04
965	15.14	-0.04
966	15.14	-0.00
967	15.14	-0.00
968	15.04	-0.00
969	15.04	-0.00
970	15.04	-0.00
971	14.95	-0.00
972	14.95	-0.03
973	14.95	-0.03
974	15.11	-0.03
975	15.11	0.01
976	15.11	0.01
977	15.10	0.01
978	15.10	-0.04
979	15.10	-0.04
980	15.01	-0.04
981	15.01	0.00
982	15.01	0.00
983	14.99	0.00
984	14.99	-0.01
985	14.99	-0.01
986	15.00	-0.01
987	15.00	-0.03
988	15.00	-0.03
989	15.14	-0.03
990	15.14	0.01
991	15.14	0.01
992	15.05	0.01
993	15.05	-0.04
994	15.05	-0.04
995	14.97	-0.04
996	14.97	0.00
997	14.97	0.00
998	14.88	0.00
999	14.88	-0.01
1000	14.88	-0.01
1001	15.04	-0.01
1002	15.04	-0.02
1003	15.04	-0.02
1004	15.10	-0.02
1005	15.10	0.01
1006	15.10	0.01
1007	15.04	0.01
1008	15.04	-0.04
1009	15.04	-0.04
1010	14.96	-0.04
1011	14.96	0.01
1012	14.96	0.01
1013	14.96	0.01
1014	14.96	-0.01
1015	14.96	-0.01
1016	15.08	-0.01
1017	15.08	-0.03
1018	15.08	-0.03
1019	15.04	-0.03
1020	15.04	0.00
1021	15.04	0.00
1022	14.99	0.00
1023	14.99	-0.04
1024	14.99	-0.04
1025	14.99	-0.04
1026	14.99	0.00
1027	14.99	0.00
1028	14.98	0.00
1029	14.98	-0.02
1030	14.98	-0.02
1031	15.04	-0.02
1032	15.04	-0.02
1033	15.04	-0.02
1034	15.04	-0.02
1035	15.04	0.00
1036	15.04	0.00
1037	15.03	0.00
1038	15.03	-0.04
1039	15.03	-0.04
1040	14.93	-0.04
1041	14.93	0.01
1042	14.93	0.01
1043	15.02	0.01
1044	15.02	-0.02
1045	15.02	-0.02
1046	15.08	-0.02
1047	15.08	-0.02
1048	15.08	-0.02
1049	15.02	-0.02
1050	15.02	0.00
1051	15.02	0.00
1052	14.99	0.00
1053	14.99	-0.04
1054	14.99	-0.04
1055	15.05	-0.04
1056	15.05	0.01
1057	15.05	0.01
1058	15.07	0.01
1059	15.07	-0.02
1060	15.07	-0.02
1061	15.08	-0.02
1062	15.08	-0.02
1063	15.08	-0.02
1064	15.08	-0.02
1065	15.08	0.00
1066	15.08	0.00
1067	15.06	0.00
1068	15.06	-0.04
1069	15.06	-0.04
1070	15.05	-0.04
1071	15.05	0.01
1072	15.05	0.01
1073	15.02	0.01
1074	15.02	-0.01
1075	15.02	-0.01
1076	15.02	-0.01
1077	15.02	-0.02
1078	15.02	-0.02
1079	14.92	-0.02
1080	14.92	0.00
1081	14.92	0.00
1082	14.98	0.00
1083	14.98	-0.04
1084	14.98	-0.04
1085	15.09	-0.04
1086	15.09	0.01
1087	15.09	0.01
1088	15.08	0.01
1089	15.08	-0.02
1090	15.08	-0.02
1091	15.01	-0.02
1092	15.01	-0.02
1093	15.01	-0.02
1094	15.01	-0.02
1095	15.01	0.00
1096	15.01	0.00
1097	15.04	0.00
1098	15.04	-0.04
1099	15.04	-0.04
1100	15.05	-0.04
1101	15.05	0.01
1102	15.05	0.01
1103	15.00	0.01
1104	15.00	-0.02
1105	15.00	-0.02
1106	14.94	-0.02
1107	14.94	-0.02
1108	14.94	-0.02
1109	14.94	-0.02
1110	14.94	0.00
1111	14.94	0.00
1112	15.09	0.00
1113	15.09	-0.04
1114	15.09	-0.04
1115	15.07	-0.04
1116	15.07	0.01
1117	15.07	0.01
1118	15.05	0.01
1119	15.05	-0.02
1120	15.05	-0.02
1121	15.11	-0.02
1122	15.11	-0.02
1123	15.11	-0.02
1124	15.15	-0.02
1125	15.15	0.00
1126	15.15	0.00
1127	15.08	0.00
1128	15.08	-0.04
1129	15.08	-0.04
1130	15.03	-0.04
1131	15.03	0.01
1132	15.03	0.01
1133	14.98	0.01
1134	14.98	-0.02
1135	14.98	-0.02
1136	15.01	-0.02
1137	15.01	-0.02
1138	15.01	-0.02
1139	15.15	-0.02
1140	15.15	0.00
1141	15.15	0.00
1142	15.03	0.00
1143	15.03	-0.04
1144	15.03	-0.04
1145	14.99	-0.04
1146	14.99	0.01
1147	14.99	0.01
1148	14.99	0.01
1149	14.99	-0.02
1150	14.99	-0.02
1151	15.03	-0.02
1152	15.03	-0.02
1153	15.03	-0.02
1154	15.07	-0.02
1155	15.07	0.00
1156	15.07	0.00
1157	15.06	0.00
1158	15.06	-0.04
1159	15.06	-0.04
1160	15.02	-0.04
1161	15.02	0.01
1162	15.02	0.01
1163	15.00	0.01
1164	15.00	-0.02
1165	15.00	-0.02
1166	15.07	-0.02
1167	15.07	-0.02
1168	15.07	-0.02
1169	15.03	-0.02
1170	15.03	-0.00
1171	15.03	-0.00
1172	14.98	-0.00
1173	14.98	-0.04
1174	14.98	-0.04
1175	15.10	-0.04
1176	15.10	0.01
1177	15.10	0.01
1178	15.08	0.01
1179	15.08	-0.02
1180	15.08	-0.02
1181	15.12	-0.02
1182	15.12	-0.02
1183	15.12	-0.02
1184	15.14	-0.02
1185	15.14	0.00
1186	15.14	0.00
1187	15.10	0.00
1188	15.10	-0.04
1189	15.10	-0.04
1190	15.08	-0.04
1191	15.08	0.01
1192	15.08	0.01
1193	15.20	0.01
1194	15.20	-0.02
1195	15.20	-0.02
1196	15.17	-0.02
1197	15.17	-0.02
1198	15.17	-0.02
1199	15.05	-0.02
1200	15.05	0.00
1201	15.05	0.00
1202	15.10	0.00
1203	15.10	-0.04
1204	15.10	-0.04
1205	15.09	-0.04
1206	15.09	0.01
1207	15.09	0.01
1208	15.15	0.01
1209	15.15	-0.02
1210	15.15	-0.02
1211	15.08	-0.02
1212	15.08	-0.02
1213	15.08	-0.02
1214	15.01	-0.02
1215	15.01	0.00
1216	15.01	0.00
1217	15.05	0.00
1218	15.05	-0.04
1219	15.05	-0.04
1220	15.18	-0.04
1221	15.18	0.01
1222	15.18	0.01
1223	15.23	0.01
1224	15.23	-0.02
1225	15.23	-0.02
1226	15.17	-0.02
1227	15.17	-0.02
1228	15.17	-0.02
1229	15.20	-0.02
1230	15.20	-0.00
1231	15.20	-0.00
1232	15.09	-0.00
1233	15.09	-0.04
1234	15.09	-0.04
1235	15.22	-0.04
1236	15.22	0.01
1237	15.22	0.01
1238	15.25	0.01
1239	15.25	-0.02
1240	15.25	-0.02
1241	15.12	-0.02
1242	15.12	-0.02
1243	15.12	-0.02
1244	15.09	-0.02
1245	15.09	0.00
1246	15.09	0.00
1247	15.09	0.00
1248	15.09	-0.04
1249	15.09	-0.04
1250	15.14	-0.04
1251	15.14	0.01
1252	15.14	0.01
1253	15.10	0.01
1254	15.10	-0.02
1255	15.10	-0.02
1256	15.17	-0.02
1257	15.17	-0.02
1258	15.17	-0.02
1259	15.18	-0.02
1260	15.18	0.00
1261	15.18	0.00
1262	15.18	0.00
1263	15.18	-0.04
1264	15.18	-0.04
1265	15.25	-0.04
1266	15.25	0.01
1267	15.25	0.01
1268	15.17	0.01
1269	15.17	-0.02
1270	15.17	-0.02
1271	15.07	-0.02
1272	15.07	-0.02
1273	15.07	-0.02
1274	15.16	-0.02
1275	15.16	0.00
1276	15.16	0.00
1277	15.22	0.00
1278	15.22	-0.04
1279	15.22	-0.04
1280	15.18	-0.04
1281	15.18	0.01
1282	15.18	0.01
1283	15.20	0.01
1284	15.20	-0.02
1285	15.20	-0.02
1286	15.12	-0.02
1287	15.12	-0.02
1288	15.12	-0.02
1289	15.19	-0.02
1290	15.19	0.00
1291	15.19	0.00
1292	15.20	0.00
1293	15.20	-0.04
1294	15.20	-0.04
1295	15.14	-0.04
1296	15.14	0.01
1297	15.14	0.01
1298	15.10	0.01
1299	15.10	-0.02
1300	15.10	-0.02
1301	15.08	-0.02
1302	15.08	-0.02
1303	15.08	-0.02
1304	15.17	-0.02
1305	15.17	0.00
1306	15.17	0.00
1307	15.14	0.00
1308	15.14	-0.04
1309	15.14	-0.04
1310	15.11	-0.04
1311	15.11	0.01
1312	15.11	0.01
1313	15.15	0.01
1314	15.15	-0.02
1315	15.15	-0.02
1316	15.07	-0.02
1317	15.07	-0.02
1318	15.07	-0.02
1319	15.20	-0.02
1320	15.20	0.00
1321	15.20	0.00
1322	15.16	0.00
1323	15.16	-0.04
1324	15.16	-0.04
1325	15.02	-0.04
1326	15.02	0.01
1327	15.02	0.01
1328	15.03	0.01
1329	15.03	-0.02
1330	15.03	-0.02
1331	15.19	-0.02
1332	15.19	-0.02
1333	15.19	-0.02
1334	15.14	-0.02
1335	15.14	-0.00
1336	15.14	-0.00
1337	15.14	-0.00
1338	15.14	-0.04
1339	15.14	-0.04
1340	15.17	-0.04
1341	15.17	0.01
1342	15.17	0.01
1343	15.13	0.01
1344	15.13	-0.02
1345	15.13	-0.02
1346	15.17	-0.02
1347	15.17	-0.02
1348	15.17	-0.02
1349	15.14	-0.02
1350	15.14	0.00
1351	15.14	0.00
1352	15.17	0.00
1353	15.17	-0.04
1354	15.17	-0.04
1355	15.11	-0.04
1356	15.11	0.01
1357	15.11	0.01
1358	15.24	0.01
1359	15.24	-0.02
1360	15.24	-0.02
1361	15.18	-0.02
1362	15.18	-0.02
1363	15.18	-0.02
1364	15.12	-0.02
1365	15.12	0.00
1366	15.12	0.00
1367	15.15	0.00
1368	15.15	-0.04
1369	15.15	-0.04
1370	15.09	-0.04
1371	15.09	0.01
1372	15.09	0.01
1373	15.17	0.01
1374	15.17	-0.02
1375	15.17	-0.02
1376	15.20	-0.02
1377	15.20	-0.02
1378	15.20	-0.02
1379	15.10	-0.02
1380	15.10	-0.00
1381	15.10	-0.00
1382	15.03	-0.00
1383	15.03	-0.04
1384	15.03	-0.04
1385	15.21	-0.04
1386	15.21	0.01
1387	15.21	0.01
1388	15.22	0.01
1389	15.22	-0.02
1390	15.22	-0.02
1391	15.16	-0.02
1392	15.16	-0.02
1393	15.16	-0.02
1394	15.09	-0.02
1395	15.09	-0.00
1396	15.09	-0.00
1397	15.08	-0.00
1398	15.08	-0.04
1399	15.08	-0.04
1400	15.13	-0.04
1401	15.13	0.01
1402	15.13	0.01
1403	15.16	0.01
1404	15.16	-0.02
1405	15.16	-0.02
1406	15.13	-0.02
1407	15.13	-0.02
1408	15.13	-0.02
1409	15.12	-0.02
1410	15.12	-0.00
1411	15.12	-0.00
1412	15.19	-0.00
1413	15.19	-0.04
1414	15.19	-0.04
1415	15.29	-0.04
1416	15.29	0.01
1417	15.29	0.01
1418	15.22	0.01
1419	15.22	-0.02
1420	15.22	-0.02
1421	15.18	-0.02
1422	15.18	-0.02
1423	15.18	-0.02
1424	15.16	-0.02
1425	15.16	0.00
1426	15.16	0.00
1427	15.23	0.00
1428	15.23	-0.04
1429	15.23	-0.04
1430	15.20	-0.04
1431	15.20	0.01
1432	15.20	0.01
1433	15.10	0.01
1434	15.10	-0.02
1435	15.10	-0.02
1436	15.04	-0.02
1437	15.04	-0.02
1438	15.04	-0.02
1439	15.17	-0.02
1440	15.17	0.00
1441	15.17	0.00
1442	15.26	0.00
1443	15.26	-0.04
1444	15.26	-0.04
1445	15.17	-0.04
1446	15.17	0.01
1447	15.17	0.01
1448	15.17	0.01
1449	15.17	-0.02
1450	15.17	-0.02
1451	15.10	-0.02
1452	15.10	-0.02
1453	15.10	-0.02
1454	15.10	-0.02
1455	15.10	0.00
1456	15.10	0.00
1457	15.23	0.00
1458	15.23	-0.04
1459	15.23	-0.04
1460	15.12	-0.04
1461	15.12	0.01
1462	15.12	0.01
1463	15.09	0.01
1464	15.09	-0.02
1465	15.09	-0.02
1466	15.14	-0.02
1467	15.14	-0.02
1468	15.14	-0.02
1469	15.19	-0.02
1470	15.19	0.00
1471	15.19	0.00
1472	15.16	0.00
1473	15.16	-0.04
1474	15.16	-0.04
1475	15.06	-0.04
1476	15.06	0.01
1477	15.06	0.01
1478	15.14	0.01
1479	15.14	-0.02
1480	15.14	-0.02
1481	15.15	-0.02
1482	15.15	-0.02
1483	15.15	-0.02
1484	15.24	-0.02
1485	15.24	0.00
1486	15.24	0.00
1487	15.16	0.00
1488	15.16	-0.04
1489	15.16	-0.04
1490	15.08	-0.04
1491	15.08	0.01
1492	15.08	0.01
1493	15.12	0.01
1494	15.12	-0.02
1495	15.12	-0.02
1496	15.23	-0.02
1497	15.23	-0.02
1498	15.23	-0.02
1499	15.19	-0.02
1500	15.19	0.00
1501	15.19	0.00
1502	15.17	0.00
1503	15.17	-0.04
1504	15.17	-0.04
1505	15.17	-0.04
1506	15.17	0.01
1507	15.17	0.01
1508	15.15	0.01
1509	15.15	-0.02
1510	15.15	-0.02
1511	15.18	-0.02
1512	15.18	-0.02
1513	15.18	-0.02
1514	15.13	-0.02
1515	15.13	0.00
1516	15.13	0.00
1517	15.05	0.00
1518	15.05	-0.04
1519	15.05	-0.04
1520	14.99	-0.04
1521	14.99	0.01
1522	14.99	0.01
1523	15.14	0.01
1524	15.14	-0.02
1525	15.14	-0.02
1526	15.19	-0.02
1527	15.19	-0.02
1528	15.19	-0.02
1529	15.17	-0.02
1530	15.17	0.00
1531	15.17	0.00
1532	15.16	0.00
1533	15.16	-0.04
1534	15.16	-0.04
1535	15.07	-0.04
1536	15.07	0.01
1537	15.07	0.01
1538	15.14	0.01
1539	15.14	-0.02
1540	15.14	-0.02
1541	15.14	-0.02
1542	15.14	-0.02
1543	15.14	-0.02
1544	15.03	-0.02
1545	15.03	0.00
1546	15.03	0.00
1547	15.02	0.00
1548	15.02	-0.03
1549	15.02	-0.03
1550	15.14	-0.03
1551	15.14	0.01
1552	15.14	0.01
1553	15.14	0.01
1554	15.14	-0.02
1555	15.14	-0.02
1556	15.14	-0.02
1557	15.14	-0.02
1558	15.14	-0.02
1559	15.20	-0.02
1560	15.20	0.00
1561	15.20	0.00
1562	15.24	0.00
1563	15.24	-0.04
1564	15.24	-0.04
1565	15.25	-0.04
1566	15.25	0.01
1567	15.25	0.01
1568	15.20	0.01
1569	15.20	-0.02
1570	15.20	-0.02
1571	15.06	-0.02
1572	15.06	-0.02
1573	15.06	-0.02
1574	15.05	-0.02
1575	15.05	0.00
1576	15.05	0.00
1577	15.18	0.00
1578	15.18	-0.04
1579	15.18	-0.04
1580	15.22	-0.04
1581	15.22	0.01
1582	15.22	0.01
1583	15.23	0.01
1584	15.23	-0.02
1585	15.23	-0.02
1586	15.15	-0.02
1587	15.15	-0.02
1588	15.15	-0.02
1589	15.18	-0.02
1590	15.18	-0.00
1591	15.18	-0.00
1592	15.25	-0.00
1593	15.25	-0.04
1594	15.25	-0.04
1595	15.21	-0.04
1596	15.21	0.01
1597	15.21	0.01
1598	15.11	0.01
1599	15.11	-0.02
1600	15.11	-0.02
1601	15.06	-0.02
1602	15.06	-0.01
1603	15.06	-0.01
1604	15.19	-0.01
1605	15.19	0.00
1606	15.19	0.00
1607	15.26	0.00
1608	15.26	-0.04
1609	15.26	-0.04
1610	15.16	-0.04
1611	15.16	0.01
1612	15.16	0.01
1613	15.16	0.01
1614	15.16	-0.02
1615	15.16	-0.02
1616	15.09	-0.02
1617	15.09	-0.02
1618	15.09	-0.02
1619	15.13	-0.02
1620	15.13	0.00
1621	15.13	0.00
1622	15.13	0.00
1623	15.13	-0.04
1624	15.13	-0.04
1625	15.09	-0.04
1626	15.09	0.01
1627	15.09	0.01
1628	15.08	0.01
1629	15.08	-0.02
1630	15.08	-0.02
1631	15.18	-0.02
1632	15.18	-0.02
1633	15.18	-0.02
1634	15.26	-0.02
1635	15.26	-0.00
1636	15.26	-0.00
1637	15.14	-0.00
1638	15.14	-0.04
1639	15.14	-0.04
1640	15.09	-0.04
1641	15.09	0.01
1642	15.09	0.01
1643	15.14	0.01
1644	15.14	-0.02
1645	15.14	-0.02
1646	15.14	-0.02
1647	15.14	-0.02
1648	15.14	-0.02
1649	15.23	-0.02
1650	15.23	0.00
1651	15.23	0.00
1652	15.15	0.00
1653	15.15	-0.04
1654	15.15	-0.04
1655	15.07	-0.04
1656	15.07	0.01
1657	15.07	0.01
1658	15.19	0.01
1659	15.19	-0.02
1660	15.19	-0.02
1661	15.31	-0.02
1662	15.31	-0.01
1663	15.31	-0.01
1664	15.26	-0.01
1665	15.26	0.00
1666	15.26	0.00
1667	15.16	0.00
1668	15.16	-0.04
1669	15.16	-0.04
1670	15.09	-0.04
1671	15.09	0.01
1672	15.09	0.01
1673	15.14	0.01
1674	15.14	-0.02
1675	15.14	-0.02
1676	15.24	-0.02
1677	15.24	-0.02
1678	15.24	-0.02
1679	15.21	-0.02
1680	15.21	0.00
1681	15.21	0.00
1682	15.13	0.00
1683	15.13	-0.04
1684	15.13	-0.04
1685	15.17	-0.04
1686	15.17	0.01
1687	15.17	0.01
1688	15.26	0.01
1689	15.26	-0.02
1690	15.26	-0.02
1691	15.22	-0.02
1692	15.22	-0.02
1693	15.22	-0.02
1694	15.21	-0.02
1695	15.21	0.00
1696	15.21	0.00
1697	15.20	0.00
1698	15.20	-0.04
1699	15.20	-0.04
1700	15.16	-0.04
1701	15.16	0.01
1702	15.16	0.01
1703	15.27	0.01
1704	15.27	-0.02
1705	15.27	-0.02
1706	15.20	-0.02
1707	15.20	-0.02
1708	15.20	-0.02
1709	15.13	-0.02
1710	15.13	0.00
1711	15.13	0.00
1712	15.15	0.00
1713	15.15	-0.04
1714	15.15	-0.04
1715	15.24	-0.04
1716	15.24	0.01
1717	15.24	0.01
1718	15.21	0.01
1719	15.21	-0.02
1720	15.21	-0.02
1721	15.20	-0.02
1722	15.20	-0.02
1723	15.20	-0.02
1724	15.26	-0.02
1725	15.26	0.00
1726	15.26	0.00
1727	15.18	0.00
1728	15.18	-0.04
1729	15.18	-0.04
1730	15.21	-0.04
1731	15.21	0.01
1732	15.21	0.01
1733	15.19	0.01
1734	15.19	-0.02
1735	15.19	-0.02
1736	15.13	-0.02
1737	15.13	-0.02
1738	15.13	-0.02
1739	15.09	-0.02
1740	15.09	0.00
1741	15.09	0.00
1742	15.15	0.00
1743	15.15	-0.04
1744	15.15	-0.04
1745	15.21	-0.04
1746	15.21	0.01
1747	15.21	0.01
1748	15.22	0.01
1749	15.22	-0.02
1750	15.22	-0.02
1751	15.21	-0.02
1752	15.21	-0.02
1753	15.21	-0.02
1754	15.17	-0.02
1755	15.17	0.00
1756	15.17	0.00
1757	15.18	0.00
1758	15.18	-0.03
1759	15.18	-0.03
1760	15.18	-0.03
1761	15.18	0.01
1762	15.18	0.01
1763	15.16	0.01
1764	15.16	-0.03
1765	15.16	-0.03
1766	15.18	-0.03
1767	15.18	-0.02
1768	15.18	-0.02
1769	15.28	-0.02
1770	15.28	0.00
1771	15.28	0.00
1772	15.22	0.00
1773	15.22	-0.03
1774	15.22	-0.03
1775	15.17	-0.03
1776	15.17	0.01
1777	15.17	0.01
1778	15.17	0.01
1779	15.17	-0.03
1780	15.17	-0.03
1781	15.15	-0.03
1782	15.15	-0.02
1783	15.15	-0.02
1784	15.22	-0.02
1785	15.22	-0.00
1786	15.22	-0.00
1787	15.18	-0.00
1788	15.18	-0.04
1789	15.18	-0.04
1790	15.13	-0.04
1791	15.13	0.01
1792	15.13	0.01
1793	15.10	0.01
1794	15.10	-0.03
1795	15.10	-0.03
1796	15.19	-0.03
1797	15.19	-0.02
1798	15.19	-0.02
1799	15.23	-0.02
1800	15.23	0.00
1801	15.23	0.00
1802	15.15	0.00
1803	15.15	-0.04
1804	15.15	-0.04
1805	15.18	-0.04
1806	15.18	0.01
1807	15.18	0.01
1808	15.15	0.01
1809	15.15	-0.02
1810	15.15	-0.02
1811	15.26	-0.02
1812	15.26	-0.02
1813	15.26	-0.02
1814	15.21	-0.02
1815	15.21	0.00
1816	15.21	0.00
1817	15.10	0.00
1818	15.10	-0.04
1819	15.10	-0.04
1820	15.08	-0.04
1821	15.08	0.01
1822	15.08	0.01
1823	15.14	0.01
1824	15.14	-0.03
1825	15.14	-0.03
1826	15.25	-0.03
1827	15.25	-0.02
1828	15.25	-0.02
1829	15.14	-0.02
1830	15.14	0.00
1831	15.14	0.00
1832	15.16	0.00
1833	15.16	-0.03
1834	15.16	-0.03
1835	15.17	-0.03
1836	15.17	0.01
1837	15.17	0.01
1838	15.19	0.01
1839	15.19	-0.03
1840	15.19	-0.03
1841	15.22	-0.03
1842	15.22	-0.01
1843	15.22	-0.01
1844	15.20	-0.01
1845	15.20	0.00
1846	15.20	0.00
1847	15.17	0.00
1848	15.17	-0.04
1849	15.17	-0.04
1850	15.17	-0.04
1851	15.17	0.01
1852	15.17	0.01
1853	15.26	0.01
1854	15.26	-0.03
1855	15.26	-0.03
1856	15.17	-0.03
1857	15.17	-0.02
1858	15.17	-0.02
1859	15.15	-0.02
1860	15.15	-0.00
1861	15.15	-0.00
1862	15.21	-0.00
1863	15.21	-0.03
1864	15.21	-0.03
1865	15.21	-0.03
1866	15.21	0.01
1867	15.21	0.01
1868	15.20	0.01
1869	15.20	-0.03
1870	15.20	-0.03
1871	15.15	-0.03
1872	15.15	-0.02
1873	15.15	-0.02
1874	15.14	-0.02
1875	15.14	-0.00
1876	15.14	-0.00
1877	15.10	-0.00
1878	15.10	-0.03
1879	15.10	-0.03
1880	15.27	-0.03
1881	15.27	0.01
1882	15.27	0.01
1883	15.23	0.01
1884	15.23	-0.03
1885	15.23	-0.03
1886	15.16	-0.03
1887	15.16	-0.02
1888	15.16	-0.02
1889	15.28	-0.02
1890	15.28	0.00
1891	15.28	0.00
1892	15.25	0.00
1893	15.25	-0.04
1894	15.25	-0.04
1895	15.22	-0.04
1896	15.22	0.01
1897	15.22	0.01
1898	15.17	0.01
1899	15.17	-0.03
1900	15.17	-0.03
1901	15.17	-0.03
1902	15.17	-0.01
1903	15.17	-0.01
1904	15.10	-0.01
1905	15.10	-0.00
1906	15.10	-0.00
1907	15.21	-0.00
1908	15.21	-0.03
1909	15.21	-0.03
1910	15.24	-0.03
1911	15.24	0.01
1912	15.24	0.01
1913	15.11	0.01
1914	15.11	-0.03
1915	15.11	-0.03
1916	15.15	-0.03
1917	15.15	-0.01
1918	15.15	-0.01
1919	15.19	-0.01
1920	15.19	0.00
1921	15.19	0.00
1922	15.25	0.00
1923	15.25	-0.04
1924	15.25	-0.04
1925	15.15	-0.04
1926	15.15	0.01
1927	15.15	0.01
1928	15.02	0.01
1929	15.02	-0.03
1930	15.02	-0.03
1931	14.99	-0.03
1932	14.99	-0.01
1933	14.99	-0.01
1934	15.13	-0.01
1935	15.13	-0.00
1936	15.13	-0.00
1937	15.13	-0.00
1938	15.13	-0.04
1939	15.13	-0.04
1940	15.12	-0.04
1941	15.12	0.01
1942	15.12	0.01
1943	15.12	0.01
1944	15.12	-0.03
1945	15.12	-0.03
1946	15.07	-0.03
1947	15.07	-0.02
1948	15.07	-0.02
1949	15.17	-0.02
1950	15.17	0.00
1951	15.17	0.00
1952	15.17	0.00
1953	15.17	-0.03
1954	15.17	-0.03
1955	15.05	-0.03
1956	15.05	0.01
1957	15.05	0.01
1958	15.06	0.01
1959	15.06	-0.03
1960	15.06	-0.03
1961	15.11	-0.03
1962	15.11	-0.02
1963	15.11	-0.02
1964	15.16	-0.02
1965	15.16	0.00
1966	15.16	0.00
1967	15.18	0.00
1968	15.18	-0.04
1969	15.18	-0.04
1970	15.11	-0.04
1971	15.11	0.01
1972	15.11	0.01
1973	15.07	0.01
1974	15.07	-0.02
1975	15.07	-0.02
1976	15.11	-0.02
1977	15.11	-0.02
1978	15.11	-0.02
1979	15.12	-0.02
1980	15.12	0.00
1981	15.12	0.00
1982	15.07	0.00
1983	15.07	-0.04
1984	15.07	-0.04
1985	15.09	-0.04
1986	15.09	0.01
1987	15.09	0.01
1988	15.13	0.01
1989	15.13	-0.02
1990	15.13	-0.02
1991	15.21	-0.02
1992	15.21	-0.02
1993	15.21	-0.02
1994	15.14	-0.02
1995	15.14	0.00
1996	15.14	0.00
1997	15.16	0.00
1998	15.16	-0.04
1999	15.16	-0.04
2000	15.17	-0.04
2001	15.17	0.01
2002	15.17	0.01
2003	15.12	0.01
2004	15.12	-0.02
2005	15.12	-0.02
2006	15.12	-0.02
2007	15.12	-0.02
2008	15.12	-0.02
2009	15.08	-0.02
2010	15.08	0.00
2011	15.08	0.00
2012	15.09	0.00
2013	15.09	-0.04
2014	15.09	-0.04
2015	15.14	-0.04
2016	15.14	0.01
2017	15.14	0.01
2018	15.19	0.01
2019	15.19	-0.02
2020	15.19	-0.02
2021	15.11	-0.02
2022	15.11	-0.02
2023	15.11	-0.02
2024	15.11	-0.02
2025	15.11	0.00
2026	15.11	0.00
2027	15.10	0.00
2028	15.10	-0.04
2029	15.10	-0.04
2030	15.06	-0.04
2031	15.06	0.01
2032	15.06	0.01
2033	15.10	0.01
2034	15.10	-0.02
2035	15.10	-0.02
2036	15.08	-0.02
2037	15.08	-0.02
2038	15.08	-0.02
2039	15.02	-0.02
2040	15.02	0.00
2041	15.02	0.00
2042	15.03	0.00
2043	15.03	-0.04
2044	15.03	-0.04
2045	15.14	-0.04
2046	15.14	0.01
2047	15.14	0.01
2048	15.14	0.01
2049	15.14	-0.01
2050	15.14	-0.01
2051	15.13	-0.01
2052	15.13	-0.03
2053	15.13	-0.03
2054	15.15	-0.03
2055	15.15	0.00
2056	15.15	0.00
2057	15.09	0.00
2058	15.09	-0.04
2059	15.09	-0.04
2060	15.10	-0.04
2061	15.10	0.00
2062	15.10	0.00
2063	15.09	0.00
2064	15.09	-0.01
2065	15.09	-0.01
2066	14.99	-0.01
2067	14.99	-0.02
2068	14.99	-0.02
2069	15.02	-0.02
2070	15.02	0.01
2071	15.02	0.01
2072	15.18	0.01
2073	15.18	-0.04
2074	15.18	-0.04
2075	15.11	-0.04
2076	15.11	0.00
2077	15.11	0.00
2078	15.09	0.00
2079	15.09	-0.01
2080	15.09	-0.01
2081	15.10	-0.01
2082	15.10	-0.02
2083	15.10	-0.02
2084	15.08	-0.02
2085	15.08	0.01
2086	15.08	0.01
2087	15.14	0.01
2088	15.14	-0.04
2089	15.14	-0.04
2090	15.14	-0.04
2091	15.14	-0.00
2092	15.14	-0.00
2093	15.07	-0.00
2094	15.07	-0.01
2095	15.07	-0.01
2096	15.08	-0.01
2097	15.08	-0.03
2098	15.08	-0.03
2099	15.19	-0.03
2100	15.19	0.01
2101	15.19	0.01
2102	15.15	0.01
2103	15.15	-0.04
2104	15.15	-0.04
2105	15.10	-0.04
2106	15.10	-0.01
2107	15.10	-0.01
2108	15.09	-0.01
2109	15.09	-0.00
2110	15.09	-0.00
2111	15.08	-0.00
2112	15.08	-0.03
2113	15.08	-0.03
2114	15.13	-0.03
2115	15.13	0.01
2116	15.13	0.01
2117	15.11	0.01
2118	15.11	-0.03
2119	15.11	-0.03
2120	15.09	-0.03
2121	15.09	-0.01
2122	15.09	-0.01
2123	15.04	-0.01
2124	15.04	-0.00
2125	15.04	-0.00
2126	15.17	-0.00
2127	15.17	-0.03
2128	15.17	-0.03
2129	15.18	-0.03
2130	15.18	0.01
2131	15.18	0.01
2132	15.11	0.01
2133	15.11	-0.03
2134	15.11	-0.03
2135	15.10	-0.03
2136	15.10	-0.01
2137	15.10	-0.01
2138	15.10	-0.01
2139	15.10	0.00
2140	15.10	0.00
2141	15.14	0.00
2142	15.14	-0.04
2143	15.14	-0.04
2144	15.15	-0.04
2145	15.15	0.01
2146	15.15	0.01
2147	15.06	0.01
2148	15.06	-0.03
2149	15.06	-0.03
2150	15.00	-0.03
2151	15.00	-0.02
2152	15.00	-0.02
2153	15.05	-0.02
2154	15.05	0.00
2155	15.05	0.00
2156	15.18	0.00
2157	15.18	-0.04
2158	15.18	-0.04
2159	15.07	-0.04
2160	15.07	0.01
2161	15.07	0.01
2162	15.05	0.01
2163	15.05	-0.02
2164	15.05	-0.02
2165	15.08	-0.02
2166	15.08	-0.02
2167	15.08	-0.02
2168	15.16	-0.02
2169	15.16	-0.00
2170	15.16	-0.00
2171	15.15	-0.00
2172	15.15	-0.04
2173	15.15	-0.04
2174	15.12	-0.04
2175	15.12	0.01
2176	15.12	0.01
2177	15.06	0.01
2178	15.06	-0.02
2179	15.06	-0.02
2180	15.05	-0.02
2181	15.05	-0.02
2182	15.05	-0.02
2183	15.22	-0.02
2184	15.22	0.00
2185	15.22	0.00
2186	15.16	0.00
2187	15.16	-0.04
2188	15.16	-0.04
2189	15.11	-0.04
2190	15.11	0.01
2191	15.11	0.01
2192	15.12	0.01
2193	15.12	-0.02
2194	15.12	-0.02
2195	15.10	-0.02
2196	15.10	-0.03
2197	15.10	-0.03
2198	15.13	-0.03
2199	15.13	0.00
2200	15.13	0.00
2201	15.10	0.00
2202	15.10	-0.04
2203	15.10	-0.04
2204	15.05	-0.04
2205	15.05	0.01
2206	15.05	0.01
2207	15.02	0.01
2208	15.02	-0.01
2209	15.02	-0.01
2210	15.20	-0.01
2211	15.20	-0.03
2212	15.20	-0.03
2213	15.18	-0.03
2214	15.18	0.01
2215	15.18	0.01
2216	15.05	0.01
2217	15.05	-0.04
2218	15.05	-0.04
2219	15.05	-0.04
2220	15.05	0.00
2221	15.05	0.00
2222	15.10	0.00
2223	15.10	-0.01
2224	15.10	-0.01
2225	15.17	-0.01
2226	15.17	-0.02
2227	15.17	-0.02
2228	15.10	-0.02
2229	15.10	0.01
2230	15.10	0.01
2231	15.00	0.01
2232	15.00	-0.04
2233	15.00	-0.04
2234	15.01	-0.04
2235	15.01	-0.00
2236	15.01	-0.00
2237	15.12	-0.00
2238	15.12	-0.00
2239	15.12	-0.00
2240	15.12	-0.00
2241	15.12	-0.02
2242	15.12	-0.02
2243	15.07	-0.02
2244	15.07	0.01
2245	15.07	0.01
2246	15.12	0.01
2247	15.12	-0.03
2248	15.12	-0.03
2249	15.10	-0.03
2250	15.10	-0.01
2251	15.10	-0.01
2252	15.14	-0.01
2253	15.14	0.00
2254	15.14	0.00
2255	15.13	0.00
2256	15.13	-0.03
2257	15.13	-0.03
2258	15.09	-0.03
2259	15.09	0.01
2260	15.09	0.01
2261	15.07	0.01
2262	15.07	-0.04
2263	15.07	-0.04
2264	15.18	-0.04
2265	15.18	-0.01
2266	15.18	-0.01
2267	15.17	-0.01
2268	15.17	0.00
2269	15.17	0.00
2270	15.07	0.00
2271	15.07	-0.03
2272	15.07	-0.03
2273	15.07	-0.03
2274	15.07	0.01
2275	15.07	0.01
2276	15.10	0.01
2277	15.10	-0.03
2278	15.10	-0.03
2279	15.15	-0.03
2280	15.15	-0.02
2281	15.15	-0.02
2282	15.12	-0.02
2283	15.12	0.00
2284	15.12	0.00
2285	15.06	0.00
2286	15.06	-0.03
2287	15.06	-0.03
2288	14.97	-0.03
2289	14.97	0.01
2290	14.97	0.01
2291	15.03	0.01
2292	15.03	-0.02
2293	15.03	-0.02
2294	15.13	-0.02
2295	15.13	-0.02
2296	15.13	-0.02
2297	15.13	-0.02
2298	15.13	0.00
2299	15.13	0.00
2300	15.12	0.00
2301	15.12	-0.04
2302	15.12	-0.04
2303	15.04	-0.04
2304	15.04	0.01
2305	15.04	0.01
2306	15.09	0.01
2307	15.09	-0.02
2308	15.09	-0.02
2309	15.13	-0.02
2310	15.13	-0.02
2311	15.13	-0.02
2312	15.08	-0.02
2313	15.08	0.00
2314	15.08	0.00
2315	15.06	0.00
2316	15.06	-0.04
2317	15.06	-0.04
2318	15.10	-0.04
2319	15.10	0.01
2320	15.10	0.01
2321	15.13	0.01
2322	15.13	-0.01
2323	15.13	-0.01
2324	15.06	-0.01
2325	15.06	-0.02
2326	15.06	-0.02
2327	15.06	-0.02
2328	15.06	0.00
2329	15.06	0.00
2330	15.05	0.00
2331	15.05	-0.04
2332	15.05	-0.04
2333	15.08	-0.04
2334	15.08	0.00
2335	15.08	0.00
2336	15.10	0.00
2337	15.10	-0.01
2338	15.10	-0.01
2339	15.06	-0.01
2340	15.06	-0.02
2341	15.06	-0.02
2342	14.99	-0.02
2343	14.99	0.01
2344	14.99	0.01
2345	14.98	0.01
2346	14.98	-0.04
2347	14.98	-0.04
2348	15.10	-0.04
2349	15.10	0.00
2350	15.10	0.00
2351	15.08	0.00
2352	15.08	-0.01
2353	15.08	-0.01
2354	15.07	-0.01
2355	15.07	-0.02
2356	15.07	-0.02
2357	15.06	-0.02
2358	15.06	0.01
2359	15.06	0.01
2360	15.05	0.01
2361	15.05	-0.04
2362	15.05	-0.04
2363	15.09	-0.04
2364	15.09	-0.01
2365	15.09	-0.01
2366	15.06	-0.01
2367	15.06	-0.01
2368	15.06	-0.01
2369	15.02	-0.01
2370	15.02	-0.03
2371	15.02	-0.03
2372	15.05	-0.03
2373	15.05	0.01
2374	15.05	0.01
2375	15.16	0.01
2376	15.16	-0.04
2377	15.16	-0.04
2378	15.10	-0.04
2379	15.10	-0.01
2380	15.10	-0.01
2381	15.06	-0.01
2382	15.06	-0.00
2383	15.06	-0.00
2384	15.11	-0.00
2385	15.11	-0.03
2386	15.11	-0.03
2387	15.05	-0.03
2388	15.05	0.01
2389	15.05	0.01
2390	15.12	0.01
2391	15.12	-0.03
2392	15.12	-0.03
2393	15.03	-0.03
2394	15.03	-0.01
2395	15.03	-0.01
2396	15.00	-0.01
2397	15.00	0.00
2398	15.00	0.00
2399	14.96	0.00
2400	14.96	-0.03
2401	14.96	-0.03
2402	15.10	-0.03
2403	15.10	0.01
2404	15.10	0.01
2405	15.09	0.01
2406	15.09	-0.03
2407	15.09	-0.03
2408	15.07	-0.03
2409	15.07	-0.01
2410	15.07	-0.01
2411	15.10	-0.01
2412	15.10	0.00
2413	15.10	0.00
2414	15.05	0.00
2415	15.05	-0.03
2416	15.05	-0.03
2417	15.12	-0.03
2418	15.12	0.01
2419	15.12	0.01
2420	15.09	0.01
2421	15.09	-0.03
2422	15.09	-0.03
2423	15.07	-0.03
2424	15.07	-0.01
2425	15.07	-0.01
2426	14.99	-0.01
2427	14.99	0.00
2428	14.99	0.00
2429	15.09	0.00
2430	15.09	-0.03
2431	15.09	-0.03
2432	15.13	-0.03
2433	15.13	0.01
2434	15.13	0.01
2435	15.10	0.01
2436	15.10	-0.02
2437	15.10	-0.02
2438	15.09	-0.02
2439	15.09	-0.02
2440	15.09	-0.02
2441	15.05	-0.02
2442	15.05	0.00
2443	15.05	0.00
2444	15.12	0.00
2445	15.12	-0.04
2446	15.12	-0.04
2447	15.05	-0.04
2448	15.05	0.01
2449	15.05	0.01
2450	15.03	0.01
2451	15.03	-0.02
2452	15.03	-0.02
2453	15.07	-0.02
2454	15.07	-0.02
2455	15.07	-0.02
2456	15.10	-0.02
2457	15.10	0.00
2458	15.10	0.00
2459	15.15	0.00
2460	15.15	-0.04
2461	15.15	-0.04
2462	15.11	-0.04
2463	15.11	0.01
2464	15.11	0.01
2465	15.08	0.01
2466	15.08	-0.02
2467	15.08	-0.02
2468	15.04	-0.02
2469	15.04	-0.02
2470	15.04	-0.02
2471	15.10	-0.02
2472	15.10	0.00
2473	15.10	0.00
2474	15.10	0.00
2475	15.10	-0.04
2476	15.10	-0.04
2477	15.11	-0.04
2478	15.11	0.01
2479	15.11	0.01
2480	15.09	0.01
2481	15.09	-0.01
2482	15.09	-0.01
2483	15.10	-0.01
2484	15.10	-0.02
2485	15.10	-0.02
2486	15.14	-0.02
2487	15.14	0.01
2488	15.14	0.01
2489	15.10	0.01
2490	15.10	-0.04
2491	15.10	-0.04
2492	15.07	-0.04
2493	15.07	0.00
2494	15.07	0.00
2495	15.02	0.00
2496	15.02	-0.01
2497	15.02	-0.01
2498	15.03	-0.01
2499	15.03	-0.02
2500	15.03	-0.02
2501	15.10	-0.02
2502	15.10	0.01
2503	15.10	0.01
2504	15.07	0.01
2505	15.07	-0.04
2506	15.07	-0.04
2507	15.07	-0.04
2508	15.07	0.00
2509	15.07	0.00
2510	15.07	0.00
2511	15.07	-0.01
2512	15.07	-0.01
2513	15.19	-0.01
2514	15.19	-0.02
2515	15.19	-0.02
2516	15.15	-0.02
2517	15.15	0.01
2518	15.15	0.01
2519	15.11	0.01
2520	15.11	-0.03
2521	15.11	-0.03
2522	15.11	-0.03
2523	15.11	-0.00
2524	15.11	-0.00
2525	15.04	-0.00
2526	15.04	0.00
2527	15.04	0.00
2528	15.09	0.00
2529	15.09	-0.02
2530	15.09	-0.02
2531	15.05	-0.02
2532	15.05	0.01
2533	15.05	0.01
2534	15.02	0.01
2535	15.02	-0.03
2536	15.02	-0.03
2537	15.08	-0.03
2538	15.08	-0.00
2539	15.08	-0.00
2540	15.17	-0.00
2541	15.17	0.00
2542	15.17	0.00
2543	15.14	0.00
2544	15.14	-0.02
2545	15.14	-0.02
2546	15.11	-0.02
2547	15.11	0.01
2548	15.11	0.01
2549	15.12	0.01
2550	15.12	-0.03
2551	15.12	-0.03
2552	15.05	-0.03
2553	15.05	-0.01
2554	15.05	-0.01
2555	15.07	-0.01
2556	15.07	0.00
2557	15.07	0.00
2558	15.05	0.00
2559	15.05	-0.02
2560	15.05	-0.02
2561	15.03	-0.02
2562	15.03	0.02
2563	15.03	0.02
2564	15.00	0.02
2565	15.00	-0.02
2566	15.00	-0.02
2567	15.08	-0.02
2568	15.08	-0.01
2569	15.08	-0.01
2570	15.14	-0.01
2571	15.14	0.00
2572	15.14	0.00
2573	15.11	0.00
2574	15.11	-0.03
2575	15.11	-0.03
2576	15.15	-0.03
2577	15.15	0.01
2578	15.15	0.01
2579	15.13	0.01
2580	15.13	-0.02
2581	15.13	-0.02
2582	15.16	-0.02
2583	15.16	-0.01
2584	15.16	-0.01
2585	15.06	-0.01
2586	15.06	0.00
2587	15.06	0.00
2588	15.02	0.00
2589	15.02	-0.03
2590	15.02	-0.03
2591	14.95	-0.03
2592	14.95	0.01
2593	14.95	0.01
2594	15.09	0.01
2595	15.09	-0.02
2596	15.09	-0.02
2597	15.16	-0.02
2598	15.16	-0.02
2599	15.16	-0.02
2600	15.06	-0.02
2601	15.06	0.00
2602	15.06	0.00
2603	15.06	0.00
2604	15.06	-0.04
2605	15.06	-0.04
2606	15.05	-0.04
2607	15.05	0.01
2608	15.05	0.01
2609	15.11	0.01
2610	15.11	-0.02
2611	15.11	-0.02
2612	15.08	-0.02
2613	15.08	-0.02
2614	15.08	-0.02
2615	15.03	-0.02
2616	15.03	-0.00
2617	15.03	-0.00
2618	15.03	-0.00
2619	15.03	-0.04
2620	15.03	-0.04
2621	15.07	-0.04
2622	15.07	0.01
2623	15.07	0.01
2624	15.09	0.01
2625	15.09	-0.02
2626	15.09	-0.02
2627	15.07	-0.02
2628	15.07	-0.02
2629	15.07	-0.02
2630	15.02	-0.02
2631	15.02	0.00
2632	15.02	0.00
2633	15.04	0.00
2634	15.04	-0.04
2635	15.04	-0.04
2636	15.13	-0.04
2637	15.13	0.01
2638	15.13	0.01
2639	15.15	0.01
2640	15.15	-0.01
2641	15.15	-0.01
2642	15.04	-0.01
2643	15.04	-0.02
2644	15.04	-0.02
2645	15.02	-0.02
2646	15.02	0.00
2647	15.02	0.00
2648	15.07	0.00
2649	15.07	-0.04
2650	15.07	-0.04
2651	15.12	-0.04
2652	15.12	0.00
2653	15.12	0.00
2654	15.08	0.00
2655	15.08	-0.01
2656	15.08	-0.01
2657	15.04	-0.01
2658	15.04	-0.02
2659	15.04	-0.02
2660	15.07	-0.02
2661	15.07	0.00
2662	15.07	0.00
2663	15.12	0.00
2664	15.12	-0.04
2665	15.12	-0.04
2666	15.11	-0.04
2667	15.11	0.00
2668	15.11	0.00
2669	15.06	0.00
2670	15.06	-0.01
2671	15.06	-0.01
2672	15.02	-0.01
2673	15.02	-0.02
2674	15.02	-0.02
2675	15.03	-0.02
2676	15.03	0.01
2677	15.03	0.01
2678	15.12	0.01
2679	15.12	-0.04
2680	15.12	-0.04
2681	15.05	-0.04
2682	15.05	0.00
2683	15.05	0.00
2684	14.98	0.00
2685	14.98	-0.01
2686	14.98	-0.01
2687	15.01	-0.01
2688	15.01	-0.02
2689	15.01	-0.02
2690	15.04	-0.02
2691	15.04	0.01
2692	15.04	0.01
2693	15.09	0.01
2694	15.09	-0.03
2695	15.09	-0.03
2696	15.02	-0.03
2697	15.02	-0.00
2698	15.02	-0.00
2699	14.96	-0.00
2700	14.96	-0.00
2701	14.96	-0.00
2702	14.95	-0.00
2703	14.95	-0.02
2704	14.95	-0.02
2705	15.02	-0.02
2706	15.02	0.01
2707	15.02	0.01
2708	15.04	0.01
2709	15.04	-0.03
2710	15.04	-0.03
2711	15.02	-0.03
2712	15.02	-0.01
2713	15.02	-0.01
2714	15.04	-0.01
2715	15.04	-0.00
2716	15.04	-0.00
2717	15.02	-0.00
2718	15.02	-0.03
2719	15.02	-0.03
2720	15.09	-0.03
2721	15.09	0.01
2722	15.09	0.01
2723	15.06	0.01
2724	15.06	-0.03
2725	15.06	-0.03
2726	14.98	-0.03
2727	14.98	-0.01
2728	14.98	-0.01
2729	14.97	-0.01
2730	14.97	0.00
2731	14.97	0.00
2732	15.06	0.00
2733	15.06	-0.03
2734	15.06	-0.03
2735	15.11	-0.03
2736	15.11	0.01
2737	15.11	0.01
2738	15.05	0.01
2739	15.05	-0.03
2740	15.05	-0.03
2741	15.01	-0.03
2742	15.01	-0.01
2743	15.01	-0.01
2744	15.01	-0.01
2745	15.01	0.00
2746	15.01	0.00
2747	15.08	0.00
2748	15.08	-0.03
2749	15.08	-0.03
2750	14.98	-0.03
2751	14.98	0.01
2752	14.98	0.01
2753	15.01	0.01
2754	15.01	-0.03
2755	15.01	-0.03
2756	14.99	-0.03
2757	14.99	-0.01
2758	14.99	-0.01
2759	15.02	-0.01
2760	15.02	-0.00
2761	15.02	-0.00
2762	15.02	-0.00
2763	15.02	-0.03
2764	15.02	-0.03
2765	15.02	-0.03
2766	15.02	0.01
2767	15.02	0.01
2768	15.02	0.01
2769	15.02	-0.02
2770	15.02	-0.02
2771	15.01	-0.02
2772	15.01	-0.02
2773	15.01	-0.02
2774	15.04	-0.02
2775	15.04	0.00
2776	15.04	0.00
2777	15.06	0.00
2778	15.06	-0.04
2779	15.06	-0.04
2780	15.01	-0.04
2781	15.01	0.01
2782	15.01	0.01
2783	14.95	0.01
2784	14.95	-0.02
2785	14.95	-0.02
2786	15.03	-0.02
2787	15.03	-0.02
2788	15.03	-0.02
2789	15.09	-0.02
2790	15.09	0.00
2791	15.09	0.00
2792	15.03	0.00
2793	15.03	-0.04
2794	15.03	-0.04
2795	15.01	-0.04
2796	15.01	0.01
2797	15.01	0.01
2798	14.96	0.01
2799	14.96	-0.02
2800	14.96	-0.02
2801	15.02	-0.02
2802	15.02	-0.02
2803	15.02	-0.02
2804	14.99	-0.02
2805	14.99	0.00
2806	14.99	0.00
2807	14.93	0.00
2808	14.93	-0.04
2809	14.93	-0.04
2810	14.93	-0.04
2811	14.93	0.01
2812	14.93	0.01
2813	14.95	0.01
2814	14.95	-0.02
2815	14.95	-0.02
2816	15.06	-0.02
2817	15.06	-0.02
2818	15.06	-0.02
2819	15.05	-0.02
2820	15.05	0.00
2821	15.05	0.00
2822	14.97	0.00
2823	14.97	-0.04
2824	14.97	-0.04
2825	14.98	-0.04
2826	14.98	0.01
2827	14.98	0.01
2828	15.03	0.01
2829	15.03	-0.01
2830	15.03	-0.01
2831	15.02	-0.01
2832	15.02	-0.02
2833	15.02	-0.02
2834	14.91	-0.02
2835	14.91	0.00
2836	14.91	0.00
2837	14.93	0.00
2838	14.93	-0.04
2839	14.93	-0.04
2840	14.94	-0.04
2841	14.94	0.01
2842	14.94	0.01
2843	15.08	0.01
2844	15.08	-0.01
2845	15.08	-0.01
2846	15.06	-0.01
2847	15.06	-0.02
2848	15.06	-0.02
2849	15.01	-0.02
2850	15.01	0.01
2851	15.01	0.01
2852	14.99	0.01
2853	14.99	-0.04
2854	14.99	-0.04
2855	14.94	-0.04
2856	14.94	0.01
2857	14.94	0.01
2858	15.01	0.01
2859	15.01	-0.01
2860	15.01	-0.01
2861	14.99	-0.01
2862	14.99	-0.02
2863	14.99	-0.02
2864	14.99	-0.02
2865	14.99	0.00
2866	14.99	0.00
2867	14.94	0.00
2868	14.94	-0.04
2869	14.94	-0.04
2870	15.09	-0.04
2871	15.09	0.00
2872	15.09	0.00
2873	15.06	0.00
2874	15.06	-0.01
2875	15.06	-0.01
2876	15.00	-0.01
2877	15.00	-0.03
2878	15.00	-0.03
2879	14.95	-0.03
2880	14.95	0.01
2881	14.95	0.01
2882	14.97	0.01
2883	14.97	-0.03
2884	14.97	-0.03
2885	15.04	-0.03
2886	15.04	-0.00
2887	15.04	-0.00
2888	15.00	-0.00
2889	15.00	-0.00
2890	15.00	-0.00
2891	14.98	-0.00
2892	14.98	-0.02
2893	14.98	-0.02
2894	14.93	-0.02
2895	14.93	0.01
2896	14.93	0.01
2897	15.02	0.01
2898	15.02	-0.03
2899	15.02	-0.03
2900	15.04	-0.03
2901	15.04	-0.00
2902	15.04	-0.00
2903	14.95	-0.00
2904	14.95	0.00
2905	14.95	0.00
2906	15.02	0.00
2907	15.02	-0.02
2908	15.02	-0.02
2909	15.05	-0.02
2910	15.05	0.01
2911	15.05	0.01
2912	15.08	0.01
2913	15.08	-0.03
2914	15.08	-0.03
2915	15.03	-0.03
2916	15.03	-0.01
2917	15.03	-0.01
2918	14.99	-0.01
2919	14.99	-0.00
2920	14.99	-0.00
2921	14.95	-0.00
2922	14.95	-0.03
2923	14.95	-0.03
2924	15.07	-0.03
2925	15.07	0.01
2926	15.07	0.01
2927	15.09	0.01
2928	15.09	-0.03
2929	15.09	-0.03
2930	15.06	-0.03
2931	15.06	-0.01
2932	15.06	-0.01
2933	15.07	-0.01
2934	15.07	0.00
2935	15.07	0.00
2936	14.96	0.00
2937	14.96	-0.03
2938	14.96	-0.03
2939	15.01	-0.03
2940	15.01	0.01
2941	15.01	0.01
2942	15.05	0.01
2943	15.05	-0.03
2944	15.05	-0.03
2945	14.99	-0.03
2946	14.99	-0.01
2947	14.99	-0.01
2948	14.99	-0.01
2949	14.99	0.00
2950	14.99	0.00
2951	15.02	0.00
2952	15.02	-0.03
2953	15.02	-0.03
2954	15.05	-0.03
2955	15.05	0.01
2956	15.05	0.01
2957	15.07	0.01
2958	15.07	-0.02
2959	15.07	-0.02
2960	15.02	-0.02
2961	15.02	-0.02
2962	15.02	-0.02
2963	14.97	-0.02
2964	14.97	0.00
2965	14.97	0.00
2966	15.03	0.00
2967	15.03	-0.04
2968	15.03	-0.04
2969	15.02	-0.04
2970	15.02	0.01
2971	15.02	0.01
2972	14.94	0.01
2973	14.94	-0.02
2974	14.94	-0.02
2975	14.95	-0.02
2976	14.95	-0.02
2977	14.95	-0.02
2978	15.01	-0.02
2979	15.01	0.00
2980	15.01	0.00
2981	15.08	0.00
2982	15.08	-0.04
2983	15.08	-0.04
2984	15.02	-0.04
2985	15.02	0.01
2986	15.02	0.01
2987	15.03	0.01
2988	15.03	-0.02
2989	15.03	-0.02
2990	15.08	-0.02
2991	15.08	-0.02
2992	15.08	-0.02
2993	15.07	-0.02
2994	15.07	0.00
2995	15.07	0.00
2996	15.09	0.00
2997	15.09	-0.03
2998	15.09	-0.03
2999	14.99	-0.03
3000	14.99	0.01
3001	14.99	0.01
3002	14.97	0.01
3003	14.97	-0.01
3004	14.97	-0.01
3005	15.02	-0.01
3006	15.02	-0.02
3007	15.02	-0.02
3008	15.12	-0.02
3009	15.12	0.00
3010	15.12	0.00
3011	15.07	0.00
3012	15.07	-0.04
3013	15.07	-0.04
3014	15.05	-0.04
3015	15.05	0.01
3016	15.05	0.01
3017	15.03	0.01
3018	15.03	-0.01
3019	15.03	-0.01
3020	15.03	-0.01
3021	15.03	-0.02
3022	15.03	-0.02
3023	15.09	-0.02
3024	15.09	0.00
3025	15.09	0.00
3026	15.02	0.00
3027	15.02	-0.03
3028	15.02	-0.03
3029	15.00	-0.03
3030	15.00	0.01
3031	15.00	0.01
3032	14.96	0.01
3033	14.96	-0.01
3034	14.96	-0.01
3035	15.08	-0.01
3036	15.08	-0.03
3037	15.08	-0.03
3038	15.04	-0.03
3039	15.04	0.00
3040	15.04	0.00
3041	14.98	0.00
3042	14.98	-0.03
3043	14.98	-0.03
3044	15.03	-0.03
3045	15.03	0.00
3046	15.03	0.00
3047	15.00	0.00
3048	15.00	-0.00
3049	15.00	-0.00
3050	15.00	-0.00
3051	15.00	-0.02
3052	15.00	-0.02
3053	15.06	-0.02
3054	15.06	0.01
3055	15.06	0.01
3056	14.96	0.01
3057	14.96	-0.03
3058	14.96	-0.03
3059	14.95	-0.03
3060	14.95	0.00
3061	14.95	0.00
3062	15.09	0.00
3063	15.09	-0.00
3064	15.09	-0.00
3065	15.02	-0.00
3066	15.02	-0.02
3067	15.02	-0.02
3068	15.00	-0.02
3069	15.00	0.01
3070	15.00	0.01
3071	15.01	0.01
3072	15.01	-0.04
3073	15.01	-0.04
3074	14.98	-0.04
3075	14.98	0.00
3076	14.98	0.00
3077	15.06	0.00
3078	15.06	0.00
3079	15.06	0.00
3080	15.05	0.00
3081	15.05	-0.02
3082	15.05	-0.02
3083	14.99	-0.02
3084	14.99	0.01
3085	14.99	0.01
3086	14.98	0.01
3087	14.98	-0.03
3088	14.98	-0.03
3089	15.06	-0.03
3090	15.06	-0.00
3091	15.06	-0.00
3092	15.07	-0.00
3093	15.07	0.00
3094	15.07	0.00
3095	15.07	0.00
3096	15.07	-0.02
3097	15.07	-0.02
3098	15.03	-0.02
3099	15.03	0.01
3100	15.03	0.01
3101	15.02	0.01
3102	15.02	-0.03
3103	15.02	-0.03
3104	15.07	-0.03
3105	15.07	-0.01
3106	15.07	-0.01
3107	15.07	-0.01
3108	15.07	0.00
3109	15.07	0.00
3110	15.05	0.00
3111	15.05	-0.02
3112	15.05	-0.02
3113	15.03	-0.02
3114	15.03	0.01
3115	15.03	0.01
3116	15.07	0.01
3117	15.07	-0.03
3118	15.07	-0.03
3119	15.10	-0.03
3120	15.10	-0.01
3121	15.10	-0.01
3122	15.07	-0.01
3123	15.07	0.00
3124	15.07	0.00
3125	15.05	0.00
3126	15.05	-0.03
3127	15.05	-0.03
3128	14.98	-0.03
3129	14.98	0.01
3130	14.98	0.01
3131	15.06	0.01
3132	15.06	-0.02
3133	15.06	-0.02
3134	15.02	-0.02
3135	15.02	-0.01
3136	15.02	-0.01
3137	14.99	-0.01
3138	14.99	0.00
3139	14.99	0.00
3140	14.98	0.00
3141	14.98	-0.03
3142	14.98	-0.03
3143	15.00	-0.03
3144	15.00	0.01
3145	15.00	0.01
3146	15.06	0.01
3147	15.06	-0.02
3148	15.06	-0.02
3149	15.06	-0.02
3150	15.06	-0.01
3151	15.06	-0.01
3152	15.10	-0.01
3153	15.10	0.00
3154	15.10	0.00
3155	15.04	0.00
3156	15.04	-0.03
3157	15.04	-0.03
3158	15.03	-0.03
3159	15.03	0.01
3160	15.03	0.01
3161	15.05	0.01
3162	15.05	-0.02
3163	15.05	-0.02
3164	15.06	-0.02
3165	15.06	-0.02
3166	15.06	-0.02
3167	15.02	-0.02
3168	15.02	0.00
3169	15.02	0.00
3170	15.04	0.00
3171	15.04	-0.03
3172	15.04	-0.03
3173	15.11	-0.03
3174	15.11	0.01
3175	15.11	0.01
3176	15.02	0.01
3177	15.02	-0.01
3178	15.02	-0.01
3179	14.98	-0.01
3180	14.98	-0.02
3181	14.98	-0.02
3182	15.01	-0.02
3183	15.01	0.00
3184	15.01	0.00
3185	15.06	0.00
3186	15.06	-0.03
3187	15.06	-0.03
3188	15.06	-0.03
3189	15.06	0.01
3190	15.06	0.01
3191	15.05	0.01
3192	15.05	-0.02
3193	15.05	-0.02
3194	15.01	-0.02
3195	15.01	-0.02
3196	15.01	-0.02
3197	15.01	-0.02
3198	15.01	0.00
3199	15.01	0.00
3200	15.09	0.00
3201	15.09	-0.03
3202	15.09	-0.03
3203	15.01	-0.03
3204	15.01	0.01
3205	15.01	0.01
3206	14.99	0.01
3207	14.99	-0.01
3208	14.99	-0.01
3209	14.99	-0.01
3210	14.99	-0.02
3211	14.99	-0.02
3212	14.96	-0.02
3213	14.96	0.01
3214	14.96	0.01
3215	15.01	0.01
3216	15.01	-0.03
3217	15.01	-0.03
3218	14.99	-0.03
3219	14.99	0.01
3220	14.99	0.01
3221	14.97	0.01
3222	14.97	-0.01
3223	14.97	-0.01
3224	14.98	-0.01
3225	14.98	-0.02
3226	14.98	-0.02
3227	15.08	-0.02
3228	15.08	0.01
3229	15.08	0.01
3230	15.06	0.01
3231	15.06	-0.04
3232	15.06	-0.04
3233	14.98	-0.04
3234	14.98	0.01
3235	14.98	0.01
3236	15.00	0.01
3237	15.00	-0.01
3238	15.00	-0.01
3239	14.94	-0.01
3240	14.94	-0.02
3241	14.94	-0.02
3242	14.98	-0.02
3243	14.98	0.01
3244	14.98	0.01
3245	15.00	0.01
3246	15.00	-0.03
3247	15.00	-0.03
3248	14.96	-0.03
3249	14.96	0.00
3250	14.96	0.00
3251	14.96	0.00
3252	14.96	-0.00
3253	14.96	-0.00
3254	15.06	-0.00
3255	15.06	-0.02
3256	15.06	-0.02
3257	14.99	-0.02
3258	14.99	0.01
3259	14.99	0.01
3260	14.96	0.01
3261	14.96	-0.03
3262	14.96	-0.03
3263	15.00	-0.03
3264	15.00	-0.00
3265	15.00	-0.00
3266	14.94	-0.00
3267	14.94	0.00
3268	14.94	0.00
3269	14.98	0.00
3270	14.98	-0.02
3271	14.98	-0.02
3272	15.05	-0.02
3273	15.05	0.01
3274	15.05	0.01
3275	15.04	0.01
3276	15.04	-0.03
3277	15.04	-0.03
3278	15.03	-0.03
3279	15.03	-0.00
3280	15.03	-0.00
3281	15.06	-0.00
3282	15.06	0.00
3283	15.06	0.00
3284	15.11	0.00
3285	15.11	-0.02
3286	15.11	-0.02
3287	15.05	-0.02
3288	15.05	0.01
3289	15.05	0.01
3290	15.07	0.01
3291	15.07	-0.03
3292	15.07	-0.03
3293	14.98	-0.03
3294	14.98	-0.00
3295	14.98	-0.00
3296	15.00	-0.00
3297	15.00	0.00
3298	15.00	0.00
3299	15.02	0.00
3300	15.02	-0.02
3301	15.02	-0.02
3302	14.94	-0.02
3303	14.94	0.01
3304	14.94	0.01
3305	14.92	0.01
3306	14.92	-0.03
3307	14.92	-0.03
3308	14.95	-0.03
3309	14.95	-0.01
3310	14.95	-0.01
3311	15.02	-0.01
3312	15.02	0.00
3313	15.02	0.00
3314	14.99	0.00
3315	14.99	-0.02
3316	14.99	-0.02
3317	15.02	-0.02
3318	15.02	0.01
3319	15.02	0.01
3320	14.96	0.01
3321	14.96	-0.03
3322	14.96	-0.03
3323	14.96	-0.03
3324	14.96	-0.01
3325	14.96	-0.01
3326	14.99	-0.01
3327	14.99	0.01
3328	14.99	0.01
3329	14.93	0.01
3330	14.93	-0.02
3331	14.93	-0.02
3332	14.93	-0.02
3333	14.93	0.01
3334	14.93	0.01
3335	14.98	0.01
3336	14.98	-0.03
3337	14.98	-0.03
3338	15.04	-0.03
3339	15.04	-0.01
3340	15.04	-0.01
3341	15.00	-0.01
3342	15.00	0.00
3343	15.00	0.00
3344	15.00	0.00
3345	15.00	-0.03
3346	15.00	-0.03
3347	14.97	-0.03
3348	14.97	0.01
3349	14.97	0.01
3350	14.93	0.01
3351	14.93	-0.02
3352	14.93	-0.02
3353	15.02	-0.02
3354	15.02	-0.01
3355	15.02	-0.01
3356	15.01	-0.01
3357	15.01	0.01
3358	15.01	0.01
3359	14.98	0.01
3360	14.98	-0.03
3361	14.98	-0.03
3362	15.02	-0.03
3363	15.02	0.01
3364	15.02	0.01
3365	15.07	0.01
3366	15.07	-0.02
3367	15.07	-0.02
3368	15.01	-0.02
3369	15.01	-0.01
3370	15.01	-0.01
3371	15.02	-0.01
3372	15.02	0.01
3373	15.02	0.01
3374	15.04	0.01
3375	15.04	-0.03
3376	15.04	-0.03
3377	15.01	-0.03
3378	15.01	0.01
3379	15.01	0.01
3380	15.05	0.01
3381	15.05	-0.02
3382	15.05	-0.02
3383	14.97	-0.02
3384	14.97	-0.01
3385	14.97	-0.01
3386	14.95	-0.01
3387	14.95	0.01
3388	14.95	0.01
3389	14.92	0.01
3390	14.92	-0.03
3391	14.92	-0.03
3392	15.03	-0.03
3393	15.03	0.02
3394	15.03	0.02
3395	15.01	0.02
3396	15.01	-0.02
3397	15.01	-0.02
3398	14.94	-0.02
3399	14.94	-0.02
3400	14.94	-0.02
3401	14.98	-0.02
3402	14.98	0.01
3403	14.98	0.01
3404	14.95	0.01
3405	14.95	-0.03
3406	14.95	-0.03
3407	15.01	-0.03
3408	15.01	0.01
3409	15.01	0.01
3410	14.97	0.01
3411	14.97	-0.01
3412	14.97	-0.01
3413	14.94	-0.01
3414	14.94	-0.02
3415	14.94	-0.02
3416	14.91	-0.02
3417	14.91	0.00
3418	14.91	0.00
3419	15.01	0.00
3420	15.01	-0.04
3421	15.01	-0.04
3422	15.00	-0.04
3423	15.00	0.01
3424	15.00	0.01
3425	14.99	0.01
3426	14.99	-0.01
3427	14.99	-0.01
3428	15.01	-0.01
3429	15.01	-0.02
3430	15.01	-0.02
3431	14.97	-0.02
3432	14.97	0.01
3433	14.97	0.01
3434	15.02	0.01
3435	15.02	-0.03
3436	15.02	-0.03
3437	15.00	-0.03
3438	15.00	0.01
3439	15.00	0.01
3440	14.95	0.01
3441	14.95	-0.01
3442	14.95	-0.01
3443	14.95	-0.01
3444	14.95	-0.02
3445	14.95	-0.02
3446	15.02	-0.02
3447	15.02	0.01
3448	15.02	0.01
3449	15.06	0.01
3450	15.06	-0.03
3451	15.06	-0.03
3452	14.99	-0.03
3453	14.99	0.01
3454	14.99	0.01
3455	15.00	0.01
3456	15.00	-0.01
3457	15.00	-0.01
3458	14.97	-0.01
3459	14.97	-0.02
3460	14.97	-0.02
3461	14.99	-0.02
3462	14.99	0.00
3463	14.99	0.00
3464	15.04	0.00
3465	15.04	-0.03
3466	15.04	-0.03
3467	14.98	-0.03
3468	14.98	0.01
3469	14.98	0.01
3470	14.92	0.01
3471	14.92	-0.01
3472	14.92	-0.01
3473	14.96	-0.01
3474	14.96	-0.02
3475	14.96	-0.02
3476	15.03	-0.02
3477	15.03	0.01
3478	15.03	0.01
3479	14.99	0.01
3480	14.99	-0.03
3481	14.99	-0.03
3482	14.95	-0.03
3483	14.95	0.01
3484	14.95	0.01
3485	14.96	0.01
3486	14.96	-0.00
3487	14.96	-0.00
3488	15.00	-0.00
3489	15.00	-0.02
3490	15.00	-0.02
3491	15.02	-0.02
3492	15.02	0.01
3493	15.02	0.01
3494	14.98	0.01
3495	14.98	-0.03
3496	14.98	-0.03
3497	14.93	-0.03
3498	14.93	0.01
3499	14.93	0.01
3500	14.97	0.01
3501	14.97	0.00
3502	14.97	0.00
3503	15.01	0.00
3504	15.01	-0.02
3505	15.01	-0.02
3506	14.97	-0.02
3507	14.97	0.01
3508	14.97	0.01
3509	14.99	0.01
3510	14.99	-0.03
3511	14.99	-0.03
3512	14.96	-0.03
3513	14.96	0.01
3514	14.96	0.01
3515	14.91	0.01
3516	14.91	0.00
3517	14.91	0.00
3518	14.94	0.00
3519	14.94	-0.02
3520	14.94	-0.02
3521	15.07	-0.02
3522	15.07	0.01
3523	15.07	0.01
3524	15.02	0.01
3525	15.02	-0.03
3526	15.02	-0.03
3527	15.03	-0.03
3528	15.03	0.00
3529	15.03	0.00
3530	15.11	0.00
3531	15.11	0.00
3532	15.11	0.00
3533	15.05	0.00
3534	15.05	-0.02
3535	15.05	-0.02
3536	14.99	-0.02
3537	14.99	0.01
3538	14.99	0.01
3539	14.97	0.01
3540	14.97	-0.04
3541	14.97	-0.04
3542	14.94	-0.04
3543	14.94	-0.00
3544	14.94	-0.00
3545	15.05	-0.00
3546	15.05	0.00
3547	15.05	0.00
3548	15.04	0.00
3549	15.04	-0.02
3550	15.04	-0.02
3551	15.00	-0.02
3552	15.00	0.01
3553	15.00	0.01
3554	14.97	0.01
3555	14.97	-0.03
3556	14.97	-0.03
3557	15.10	-0.03
3558	15.10	-0.00
3559	15.10	-0.00
3560	15.06	-0.00
3561	15.06	0.00
3562	15.06	0.00
3563	15.01	0.00
3564	15.01	-0.02
3565	15.01	-0.02
3566	15.09	-0.02
3567	15.09	0.01
3568	15.09	0.01
3569	15.01	0.01
3570	15.01	-0.03
3571	15.01	-0.03
3572	15.05	-0.03
3573	15.05	-0.01
3574	15.05	-0.01
3575	15.03	-0.01
3576	15.03	0.00
3577	15.03	0.00
3578	15.00	0.00
3579	15.00	-0.03
3580	15.00	-0.03
3581	14.99	-0.03
3582	14.99	0.01
3583	14.99	0.01
3584	15.11	0.01
3585	15.11	-0.03
3586	15.11	-0.03
3587	15.15	-0.03
3588	15.15	-0.01
3589	15.15	-0.01
3590	15.09	-0.01
3591	15.09	0.00
3592	15.09	0.00
3593	15.07	0.00
3594	15.07	-0.02
3595	15.07	-0.02
3596	15.07	-0.02
3597	15.07	0.01
3598	15.07	0.01
3599	15.12	0.01
3600	15.12	-0.03
3601	15.12	-0.03
3602	15.09	-0.03
3603	15.09	-0.01
3604	15.09	-0.01
3605	15.06	-0.01
3606	15.06	0.00
3607	15.06	0.00
3608	15.05	0.00
3609	15.05	-0.02
3610	15.05	-0.02
3611	15.15	-0.02
3612	15.15	0.01
3613	15.15	0.01
3614	15.13	0.01
3615	15.13	-0.03
3616	15.13	-0.03
3617	15.08	-0.03
3618	15.08	-0.01
3619	15.08	-0.01
3620	15.07	-0.01
3621	15.07	0.00
3622	15.07	0.00
3623	15.06	0.00
3624	15.06	-0.03
3625	15.06	-0.03
3626	15.12	-0.03
3627	15.12	0.01
3628	15.12	0.01
3629	15.07	0.01
3630	15.07	-0.02
3631	15.07	-0.02
3632	15.05	-0.02
3633	15.05	-0.01
3634	15.05	-0.01
3635	14.98	-0.01
3636	14.98	0.00
3637	14.98	0.00
3638	15.06	0.00
3639	15.06	-0.03
3640	15.06	-0.03
3641	15.12	-0.03
3642	15.12	0.01
3643	15.12	0.01
3644	15.08	0.01
3645	15.08	-0.02
3646	15.08	-0.02
3647	15.12	-0.02
3648	15.12	-0.01
3649	15.12	-0.01
3650	15.04	-0.01
3651	15.04	0.00
3652	15.04	0.00
3653	15.08	0.00
3654	15.08	-0.03
3655	15.08	-0.03
3656	15.15	-0.03
3657	15.15	0.01
3658	15.15	0.01
3659	15.09	0.01
3660	15.09	-0.02
3661	15.09	-0.02
3662	15.06	-0.02
3663	15.06	-0.02
3664	15.06	-0.02
3665	15.10	-0.02
3666	15.10	0.00
3667	15.10	0.00
3668	15.13	0.00
3669	15.13	-0.04
3670	15.13	-0.04
3671	15.11	-0.04
3672	15.11	0.01
3673	15.11	0.01
3674	15.11	0.01
3675	15.11	-0.02
3676	15.11	-0.02
3677	15.09	-0.02
3678	15.09	-0.02
3679	15.09	-0.02
3680	15.10	-0.02
3681	15.10	0.00
3682	15.10	0.00
3683	15.11	0.00
3684	15.11	-0.04
3685	15.11	-0.04
3686	15.04	-0.04
3687	15.04	0.01
3688	15.04	0.01
3689	15.03	0.01
3690	15.03	-0.02
3691	15.03	-0.02
3692	15.05	-0.02
3693	15.05	-0.02
3694	15.05	-0.02
3695	15.16	-0.02
3696	15.16	0.00
3697	15.16	0.00
3698	15.10	0.00
3699	15.10	-0.04
3700	15.10	-0.04
3701	15.10	-0.04
3702	15.10	0.01
3703	15.10	0.01
3704	15.09	0.01
3705	15.09	-0.01
3706	15.09	-0.01
3707	15.08	-0.01
3708	15.08	-0.02
3709	15.08	-0.02
3710	15.12	-0.02
3711	15.12	0.00
3712	15.12	0.00
3713	15.09	0.00
3714	15.09	-0.04
3715	15.09	-0.04
3716	15.04	-0.04
3717	15.04	0.01
3718	15.04	0.01
3719	15.04	0.01
3720	15.04	-0.01
3721	15.04	-0.01
3722	15.13	-0.01
3723	15.13	-0.02
3724	15.13	-0.02
3725	15.14	-0.02
3726	15.14	0.00
3727	15.14	0.00
3728	15.12	0.00
3729	15.12	-0.04
3730	15.12	-0.04
3731	15.09	-0.04
3732	15.09	0.01
3733	15.09	0.01
3734	15.05	0.01
3735	15.05	-0.01
3736	15.05	-0.01
3737	15.12	-0.01
3738	15.12	-0.02
3739	15.12	-0.02
3740	15.10	-0.02
3741	15.10	0.00
3742	15.10	0.00
3743	15.09	0.00
3744	15.09	-0.03
3745	15.09	-0.03
3746	15.04	-0.03
3747	15.04	0.00
3748	15.04	0.00
3749	15.12	0.00
3750	15.12	-0.01
3751	15.12	-0.01
3752	15.16	-0.01
3753	15.16	-0.02
3754	15.16	-0.02
3755	15.13	-0.02
3756	15.13	0.01
3757	15.13	0.01
3758	15.10	0.01
3759	15.10	-0.04
3760	15.10	-0.04
3761	15.08	-0.04
3762	15.08	0.00
3763	15.08	0.00
3764	15.14	0.00
3765	15.14	-0.01
3766	15.14	-0.01
3767	15.09	-0.01
3768	15.09	-0.02
3769	15.09	-0.02
3770	15.05	-0.02
3771	15.05	0.01
3772	15.05	0.01
3773	15.01	0.01
3774	15.01	-0.03
3775	15.01	-0.03
3776	15.12	-0.03
3777	15.12	0.00
3778	15.12	0.00
3779	15.10	0.00
3780	15.10	-0.00
3781	15.10	-0.00
3782	15.08	-0.00
3783	15.08	-0.02
3784	15.08	-0.02
3785	15.09	-0.02
3786	15.09	0.01
3787	15.09	0.01
3788	15.09	0.01
3789	15.09	-0.03
3790	15.09	-0.03
3791	15.13	-0.03
3792	15.13	0.00
3793	15.13	0.00
3794	15.09	0.00
3795	15.09	0.00
3796	15.09	0.00
3797	15.06	0.00
3798	15.06	-0.02
3799	15.06	-0.02
3800	15.03	-0.02
3801	15.03	0.01
3802	15.03	0.01
3803	15.10	0.01
3804	15.10	-0.04
3805	15.10	-0.04
3806	15.11	-0.04
3807	15.11	-0.00
3808	15.11	-0.00
3809	15.12	-0.00
3810	15.12	-0.00
3811	15.12	-0.00
3812	15.10	-0.00
3813	15.10	-0.02
3814	15.10	-0.02
3815	15.09	-0.02
3816	15.09	0.01
3817	15.09	0.01
3818	15.14	0.01
3819	15.14	-0.04
3820	15.14	-0.04
3821	15.07	-0.04
3822	15.07	-0.00
3823	15.07	-0.00
3824	15.00	-0.00
3825	15.00	-0.00
3826	15.00	-0.00
3827	15.02	-0.00
3828	15.02	-0.03
3829	15.02	-0.03
3830	15.09	-0.03
3831	15.09	0.01
3832	15.09	0.01
3833	15.19	0.01
3834	15.19	-0.03
3835	15.19	-0.03
3836	15.15	-0.03
3837	15.15	-0.01
3838	15.15	-0.01
3839	15.13	-0.01
3840	15.13	-0.00
3841	15.13	-0.00
3842	15.07	-0.00
3843	15.07	-0.03
3844	15.07	-0.03
3845	15.16	-0.03
3846	15.16	0.01
3847	15.16	0.01
3848	15.15	0.01
3849	15.15	-0.03
3850	15.15	-0.03
3851	15.11	-0.03
3852	15.11	-0.01
3853	15.11	-0.01
3854	15.03	-0.01
3855	15.03	0.01
3856	15.03	0.01
3857	15.08	0.01
3858	15.08	-0.03
3859	15.08	-0.03
3860	15.20	-0.03
3861	15.20	0.01
3862	15.20	0.01
3863	15.15	0.01
3864	15.15	-0.02
3865	15.15	-0.02
3866	15.10	-0.02
3867	15.10	-0.01
3868	15.10	-0.01
3869	15.05	-0.01
3870	15.05	0.00
3871	15.05	0.00
3872	15.11	0.00
3873	15.11	-0.03
3874	15.11	-0.03
3875	15.14	-0.03
3876	15.14	0.01
3877	15.14	0.01
3878	15.06	0.01
3879	15.06	-0.02
3880	15.06	-0.02
3881	15.03	-0.02
3882	15.03	-0.01
3883	15.03	-0.01
3884	15.01	-0.01
3885	15.01	0.00
3886	15.01	0.00
3887	15.15	0.00
3888	15.15	-0.04
3889	15.15	-0.04
3890	15.18	-0.04
3891	15.18	0.01
3892	15.18	0.01
3893	15.14	0.01
3894	15.14	-0.02
3895	15.14	-0.02
3896	15.10	-0.02
3897	15.10	-0.02
3898	15.10	-0.02
3899	15.11	-0.02
3900	15.11	0.00
3901	15.11	0.00
3902	15.16	0.00
3903	15.16	-0.03
3904	15.16	-0.03
3905	15.09	-0.03
3906	15.09	0.01
3907	15.09	0.01
3908	15.06	0.01
3909	15.06	-0.02
3910	15.06	-0.02
3911	15.04	-0.02
3912	15.04	-0.02
3913	15.04	-0.02
3914	15.15	-0.02
3915	15.15	0.00
3916	15.15	0.00
3917	15.12	0.00
3918	15.12	-0.03
3919	15.12	-0.03
3920	15.08	-0.03
3921	15.08	0.01
3922	15.08	0.01
3923	15.09	0.01
3924	15.09	-0.02
3925	15.09	-0.02
3926	15.10	-0.02
3927	15.10	-0.02
3928	15.10	-0.02
3929	15.15	-0.02
3930	15.15	0.01
3931	15.15	0.01
3932	15.13	0.01
3933	15.13	-0.03
3934	15.13	-0.03
3935	15.09	-0.03
3936	15.09	0.01
3937	15.09	0.01
3938	15.02	0.01
3939	15.02	-0.01
3940	15.02	-0.01
3941	15.15	-0.01
3942	15.15	-0.02
3943	15.15	-0.02
3944	15.15	-0.02
3945	15.15	0.00
3946	15.15	0.00
3947	15.09	0.00
3948	15.09	-0.03
3949	15.09	-0.03
3950	15.06	-0.03
3951	15.06	0.01
3952	15.06	0.01
3953	15.10	0.01
3954	15.10	-0.01
3955	15.10	-0.01
3956	15.17	-0.01
3957	15.17	-0.02
3958	15.17	-0.02
3959	15.09	-0.02
3960	15.09	0.00
3961	15.09	0.00
3962	15.09	0.00
3963	15.09	-0.04
3964	15.09	-0.04
3965	15.03	-0.04
3966	15.03	0.01
3967	15.03	0.01
3968	15.12	0.01
3969	15.12	-0.01
3970	15.12	-0.01
3971	15.20	-0.01
3972	15.20	-0.02
3973	15.20	-0.02
3974	15.10	-0.02
3975	15.10	0.01
3976	15.10	0.01
3977	15.09	0.01
3978	15.09	-0.04
3979	15.09	-0.04
3980	15.10	-0.04
3981	15.10	0.01
3982	15.10	0.01
3983	15.14	0.01
3984	15.14	-0.01
3985	15.14	-0.01
3986	15.14	-0.01
3987	15.14	-0.02
3988	15.14	-0.02
3989	15.07	-0.02
3990	15.07	0.00
3991	15.07	0.00
3992	15.03	0.00
3993	15.03	-0.04
3994	15.03	-0.04
3995	15.03	-0.04
3996	15.03	0.00
3997	15.03	0.00
3998	15.06	0.00
3999	15.06	-0.01
4000	15.06	-0.01
4001	15.00	-0.01
4002	15.00	-0.03
4003	15.00	-0.03
4004	15.03	-0.03
4005	15.03	0.00
4006	15.03	0.00
4007	15.09	0.00
4008	15.09	-0.04
4009	15.09	-0.04
4010	15.11	-0.04
4011	15.11	0.00
4012	15.11	0.00
4013	15.09	0.00
4014	15.09	-0.01
4015	15.09	-0.01
4016	15.04	-0.01
4017	15.04	-0.02
4018	15.04	-0.02
4019	15.06	-0.02
4020	15.06	0.01
4021	15.06	0.01
4022	15.08	0.01
4023	15.08	-0.04
4024	15.08	-0.04
4025	15.16	-0.04
4026	15.16	-0.00
4027	15.16	-0.00
4028	15.10	-0.00
4029	15.10	-0.00
4030	15.10	-0.00
4031	15.09	-0.00
4032	15.09	-0.02
4033	15.09	-0.02
4034	15.09	-0.02
4035	15.09	0.01
4036	15.09	0.01
4037	15.05	0.01
4038	15.05	-0.03
4039	15.05	-0.03
4040	15.12	-0.03
4041	15.12	-0.00
4042	15.12	-0.00
4043	15.07	-0.00
4044	15.07	-0.00
4045	15.07	-0.00
4046	15.06	-0.00
4047	15.06	-0.03
4048	15.06	-0.03
4049	15.04	-0.03
4050	15.04	0.01
4051	15.04	0.01
4052	15.09	0.01
4053	15.09	-0.04
4054	15.09	-0.04
4055	15.11	-0.04
4056	15.11	-0.00
4057	15.11	-0.00
4058	15.10	-0.00
4059	15.10	-0.00
4060	15.10	-0.00
4061	15.11	-0.00
4062	15.11	-0.02
4063	15.11	-0.02
4064	15.09	-0.02
4065	15.09	0.01
4066	15.09	0.01
4067	15.11	0.01
4068	15.11	-0.03
4069	15.11	-0.03
4070	15.09	-0.03
4071	15.09	-0.01
4072	15.09	-0.01
4073	15.06	-0.01
4074	15.06	0.00
4075	15.06	0.00
4076	15.07	0.00
4077	15.07	-0.03
4078	15.07	-0.03
4079	15.19	-0.03
4080	15.19	0.01
4081	15.19	0.01
4082	15.15	0.01
4083	15.15	-0.03
4084	15.15	-0.03
4085	15.11	-0.03
4086	15.11	-0.01
4087	15.11	-0.01
4088	15.13	-0.01
4089	15.13	0.00
4090	15.13	0.00
4091	15.11	0.00
4092	15.11	-0.03
4093	15.11	-0.03
4094	15.16	-0.03
4095	15.16	0.01
4096	15.16	0.01
4097	15.17	0.01
4098	15.17	-0.03
4099	15.17	-0.03
4100	15.08	-0.03
4101	15.08	-0.01
4102	15.08	-0.01
4103	15.06	-0.01
4104	15.06	0.00
4105	15.06	0.00
4106	15.15	0.00
4107	15.15	-0.03
4108	15.15	-0.03
4109	15.20	-0.03
4110	15.20	0.01
4111	15.20	0.01
4112	15.14	0.01
4113	15.14	-0.02
4114	15.14	-0.02
4115	15.11	-0.02
4116	15.11	-0.02
4117	15.11	-0.02
4118	15.05	-0.02
4119	15.05	0.01
4120	15.05	0.01
4121	15.14	0.01
4122	15.14	-0.03
4123	15.14	-0.03
4124	15.16	-0.03
4125	15.16	0.01
4126	15.16	0.01
4127	14.74	0.01
4128	14.74	-0.02
4129	14.74	-0.02
4130	4.07	-0.02
4131	4.07	-0.02
4132	4.07	-0.02
4133	-2.23	-0.02
4134	-2.23	0.00
4135	-2.23	0.00
4136	-2.11	0.00
4137	-2.11	-0.04
4138	-2.11	-0.04
4139	0.87	-0.04
4140	0.87	0.01
4141	0.87	0.01
4142	0.94	0.01
4143	0.94	-0.02
4144	0.94	-0.02
4145	-0.65	-0.02
4146	-0.65	-0.02
4147	-0.65	-0.02
4148	-0.69	-0.02
4149	-0.69	0.00
4150	-0.69	0.00
4151	0.21	0.00
4152	0.21	-0.04
4153	0.21	-0.04
4154	0.22	-0.04
4155	0.22	0.01
4156	0.22	0.01
4157	-0.34	0.01
4158	-0.34	-0.02
4159	-0.34	-0.02
4160	-0.35	-0.02
4161	-0.35	-0.02
4162	-0.35	-0.02
4163	-0.00	-0.02
4164	-0.00	0.00
4165	-0.00	0.00
4166	0.00	0.00
4167	0.00	-0.04
4168	0.00	-0.04
4169	-0.22	-0.04
4170	-0.22	0.01
4171	-0.22	0.01
4172	-0.24	0.01
4173	-0.24	-0.01
4174	-0.24	-0.01
4175	-0.08	-0.01
4176	-0.08	-0.02
4177	-0.08	-0.02
4178	-0.08	-0.02
4179	-0.08	0.00
4180	-0.08	0.00
4181	-0.19	0.00
4182	-0.19	-0.04
4183	-0.19	-0.04
4184	-0.22	-0.04
4185	-0.22	0.01
4186	-0.22	0.01
4187	-0.17	0.01
4188	-0.17	-0.01
4189	-0.17	-0.01
4190	-0.15	-0.01
4191	-0.15	-0.02
4192	-0.15	-0.02
4193	-0.19	-0.02
4194	-0.19	0.01
4195	-0.19	0.01
4196	-0.20	0.01
