Tempo(s)    P0(KPa) P0+Coluna(KPa)  P1(KPa) P1+Coluna(KPa)  Vazao(L/min)    Pulsos
0.000	-0.02	10.57	0.01	7.80	0.000	0
0.032	-0.00	10.58	0.02	7.82	0.000	0
0.064	0.01	10.60	0.03	7.82	0.000	0
0.096	0.01	10.60	-0.00	7.79	0.000	0
0.128	0.01	10.60	0.04	7.83	0.000	0
0.160	0.01	10.60	0.03	7.82	0.000	0
0.192	0.01	10.60	0.02	7.82	0.000	0
0.224	0.02	10.60	0.03	7.82	0.000	0
0.256	0.01	10.60	-0.00	7.79	0.000	0
0.288	0.01	10.60	0.04	7.83	0.000	0
0.320	0.02	10.60	0.03	7.82	0.000	0
0.352	0.01	10.60	0.02	7.81	0.000	0
0.384	0.02	10.60	0.03	7.82	0.000	0
0.416	0.02	10.60	0.01	7.80	0.000	0
0.448	0.03	10.61	0.04	7.83	0.000	0
0.480	0.02	10.60	0.03	7.82	0.000	0
0.512	0.02	10.61	0.02	7.81	0.000	0
0.544	0.02	10.60	0.03	7.82	0.000	0
0.576	0.02	10.61	0.00	7.79	0.000	0
0.608	0.02	10.60	0.04	7.83	0.000	0
0.640	0.02	10.60	0.03	7.82	0.000	0
0.672	0.02	10.60	0.02	7.82	0.000	0
0.704	0.02	10.60	0.03	7.82	0.000	0
0.736	0.02	10.60	0.00	7.79	0.000	0
0.768	0.02	10.60	0.04	7.83	0.000	0
0.800	0.02	10.60	0.02	7.82	0.000	0
0.832	0.02	10.61	0.03	7.82	0.000	0
0.864	0.02	10.60	0.03	7.82	0.000	0
0.896	0.02	10.60	0.01	7.80	0.000	0
0.928	0.02	10.61	0.04	7.83	0.000	0
0.960	0.02	10.61	0.03	7.82	0.000	0
0.992	0.02	10.60	0.02	7.82	0.000	0
1.024	0.03	10.61	0.03	7.82	0.000	0
1.056	0.02	10.61	0.00	7.79	0.000	0
1.088	0.03	10.62	0.04	7.83	0.000	0
1.120	0.03	10.62	0.02	7.82	0.000	0
1.152	0.03	10.62	0.02	7.82	0.000	0
1.184	0.03	10.62	0.02	7.82	0.000	0
1.216	0.02	10.61	-0.01	7.78	0.000	0
1.248	0.03	10.62	0.03	7.82	0.000	0
1.280	0.03	10.62	0.02	7.81	0.000	0
1.312	0.03	10.62	0.01	7.80	0.000	0
1.344	0.03	10.62	0.02	7.81	0.000	0
1.376	0.03	10.62	-0.01	7.78	0.000	0
1.408	0.04	10.62	0.03	7.82	0.000	0
1.440	0.04	10.62	0.01	7.80	0.000	0
1.472	0.04	10.62	0.01	7.80	0.000	0
1.504	0.04	10.62	0.02	7.81	0.000	0
1.536	0.04	10.63	-0.01	7.78	0.000	0
1.568	0.04	10.63	0.03	7.82	0.000	0
1.600	0.04	10.63	0.01	7.80	0.000	0
1.632	0.04	10.62	0.01	7.80	0.000	0
1.664	5.13	15.72	0.03	7.83	0.000	0
1.696	18.42	29.01	0.01	7.80	0.000	0
1.728	21.43	32.02	0.05	7.84	0.000	0
1.760	22.21	32.79	0.03	7.82	0.000	0
1.792	21.74	32.32	0.03	7.82	0.000	0
1.824	20.94	31.52	0.03	7.82	0.000	0
1.856	20.18	30.76	0.01	7.80	0.000	0
1.888	19.89	30.47	0.04	7.83	0.000	0
1.920	20.18	30.76	0.02	7.82	0.000	0
1.952	20.47	31.05	0.02	7.82	0.000	0
1.984	20.80	31.39	0.02	7.82	0.000	0
2.016	21.18	31.77	-0.00	7.79	0.000	0
2.048	21.38	31.96	0.03	7.82	0.000	0
2.080	21.48	32.07	0.01	7.80	0.000	0
2.112	21.65	32.23	0.02	7.81	1.229	268
2.144	21.71	32.29	0.02	7.81	1.229	268
2.176	21.77	32.35	-0.00	7.79	1.229	268
2.208	21.85	32.43	0.03	7.82	1.229	268
2.240	21.71	32.30	0.01	7.80	1.229	268
2.272	21.54	32.13	0.02	7.81	1.229	268
2.304	21.41	31.99	0.02	7.81	1.229	268
2.336	21.45	32.03	-0.00	7.79	1.229	268
2.368	21.64	32.23	0.03	7.82	1.229	268
2.400	21.81	32.40	0.01	7.80	1.229	268
2.432	21.90	32.49	0.02	7.81	1.229	268
2.464	21.87	32.45	0.01	7.80	1.229	268
2.496	21.76	32.35	-0.00	7.79	1.229	268
2.528	21.62	32.20	0.03	7.82	1.229	268
2.560	21.63	32.21	0.01	7.80	1.229	268
2.592	21.83	32.42	0.02	7.81	1.317	287
2.624	21.92	32.50	0.02	7.81	1.317	287
2.656	21.81	32.39	-0.00	7.79	1.317	287
2.688	21.81	32.40	0.03	7.82	1.317	287
2.720	21.87	32.46	0.01	7.80	1.317	287
2.752	21.78	32.37	0.02	7.81	1.317	287
2.784	21.69	32.27	0.02	7.81	1.317	287
2.816	21.58	32.17	-0.00	7.79	1.317	287
2.848	21.53	32.11	0.03	7.82	1.317	287
2.880	21.50	32.09	0.01	7.80	1.317	287
2.912	21.58	32.16	0.02	7.81	1.317	287
2.944	21.51	32.09	0.02	7.81	1.317	287
2.976	21.58	32.16	0.00	7.79	1.317	287
3.008	21.71	32.30	0.04	7.83	1.317	287
3.040	21.66	32.24	0.01	7.80	1.317	287
3.072	21.58	32.16	0.02	7.82	1.312	286
3.104	21.58	32.16	0.02	7.81	1.312	286
3.136	21.56	32.15	0.00	7.79	1.312	286
3.168	21.57	32.15	0.04	7.83	1.312	286
3.200	21.52	32.10	0.02	7.81	1.312	286
3.232	21.56	32.14	0.03	7.82	1.312	286
3.264	21.56	32.14	0.03	7.82	1.312	286
3.296	21.48	32.07	0.00	7.79	1.312	286
3.328	21.38	31.96	0.04	7.83	1.312	286
3.360	21.32	31.91	0.02	7.81	1.312	286
3.392	21.40	31.98	0.03	7.82	1.312	286
3.424	21.54	32.12	0.02	7.82	1.312	286
3.456	21.53	32.12	0.01	7.80	1.312	286
3.488	21.41	31.99	0.04	7.83	1.312	286
3.520	21.39	31.98	0.02	7.81	1.317	287
3.552	21.34	31.92	0.03	7.82	1.317	287
3.584	21.34	31.93	0.03	7.82	1.317	287
3.616	21.37	31.95	0.01	7.80	1.317	287
3.648	21.45	32.03	0.05	7.84	1.317	287
3.680	21.28	31.87	0.02	7.81	1.317	287
3.712	21.28	31.87	0.04	7.83	1.317	287
3.744	21.18	31.77	0.03	7.82	1.317	287
3.776	21.21	31.79	0.02	7.81	1.317	287
3.808	21.42	32.00	0.05	7.84	1.317	287
3.840	21.53	32.11	0.02	7.81	1.317	287
3.872	21.40	31.99	0.04	7.83	1.317	287
3.904	21.29	31.88	0.03	7.83	1.317	287
3.936	21.29	31.88	0.02	7.81	1.317	287
3.968	21.24	31.83	0.05	7.84	1.317	287
4.000	21.12	31.70	0.02	7.82	1.307	285
4.032	21.23	31.81	0.04	7.83	1.307	285
4.064	21.32	31.90	0.04	7.83	1.307	285
4.096	21.38	31.96	0.02	7.81	1.307	285
4.128	21.31	31.89	0.05	7.84	1.307	285
4.160	21.27	31.86	0.02	7.81	1.307	285
4.192	21.19	31.78	0.04	7.83	1.307	285
4.224	21.25	31.84	0.03	7.82	1.307	285
4.256	21.32	31.91	0.02	7.81	1.307	285
4.288	21.31	31.89	0.05	7.84	1.307	285
4.320	21.33	31.91	0.02	7.81	1.307	285
4.352	21.32	31.91	0.04	7.83	1.307	285
4.384	21.32	31.91	0.03	7.82	1.307	285
4.416	21.27	31.86	0.02	7.81	1.307	285
4.448	21.35	31.94	0.05	7.84	1.307	285
4.480	21.26	31.85	0.02	7.81	1.303	284
4.512	21.17	31.75	0.04	7.83	1.303	284
4.544	21.17	31.75	0.03	7.82	1.303	284
4.576	21.16	31.74	0.02	7.81	1.303	284
4.608	21.07	31.66	0.05	7.84	1.303	284
4.640	21.14	31.72	0.02	7.81	1.303	284
4.672	21.31	31.90	0.04	7.83	1.303	284
4.704	21.27	31.86	0.03	7.82	1.303	284
4.736	21.24	31.82	0.02	7.81	1.303	284
4.768	21.24	31.82	0.05	7.84	1.303	284
4.800	21.19	31.78	0.02	7.81	1.303	284
4.832	21.14	31.73	0.04	7.83	1.303	284
4.864	21.19	31.78	0.02	7.82	1.303	284
4.896	21.25	31.83	0.02	7.81	1.303	284
4.928	21.29	31.87	0.05	7.84	1.298	283
4.960	21.26	31.85	0.01	7.80	1.298	283
4.992	21.18	31.76	0.04	7.83	1.298	283
5.024	21.15	31.74	0.02	7.81	1.298	283
5.056	21.27	31.85	0.02	7.81	1.298	283
5.088	21.33	31.91	0.05	7.84	1.298	283
5.120	21.33	31.91	0.01	7.80	1.298	283
5.152	21.32	31.91	0.04	7.83	1.298	283
5.184	21.27	31.86	0.02	7.82	1.298	283
5.216	21.27	31.85	0.02	7.81	1.298	283
5.248	21.37	31.95	0.05	7.84	1.298	283
5.280	21.38	31.97	0.01	7.80	1.298	283
5.312	21.38	31.96	0.04	7.83	1.298	283
5.344	21.29	31.88	0.03	7.82	1.298	283
5.376	21.23	31.81	0.02	7.81	1.298	283
5.408	21.21	31.79	0.05	7.84	1.303	284
5.440	21.25	31.84	0.01	7.80	1.303	284
5.472	21.45	32.03	0.04	7.83	1.303	284
5.504	21.51	32.10	0.02	7.81	1.303	284
5.536	21.41	31.99	0.02	7.81	1.303	284
5.568	21.38	31.96	0.05	7.84	1.303	284
5.600	21.34	31.93	0.01	7.80	1.303	284
5.632	21.32	31.90	0.05	7.84	1.303	284
5.664	21.26	31.85	0.03	7.82	1.303	284
5.696	21.32	31.90	0.03	7.82	1.303	284
5.728	21.42	32.00	0.05	7.84	1.303	284
5.760	21.41	32.00	0.01	7.80	1.303	284
5.792	21.26	31.85	0.04	7.83	1.303	284
5.824	21.22	31.81	0.02	7.82	1.303	284
5.856	21.33	31.91	0.03	7.82	1.303	284
5.888	21.48	32.06	0.05	7.84	1.303	284
5.920	21.47	32.06	0.01	7.80	1.303	284
5.952	21.31	31.90	0.04	7.83	1.303	284
5.984	21.33	31.91	0.02	7.81	1.303	284
6.016	21.31	31.89	0.02	7.81	1.303	284
6.048	21.32	31.90	0.04	7.83	1.303	284
6.080	21.42	32.00	0.01	7.80	1.303	284
6.112	21.43	32.02	0.03	7.83	1.303	284
6.144	21.47	32.05	0.01	7.80	1.303	284
6.176	21.43	32.02	0.02	7.81	1.303	284
6.208	21.37	31.95	0.04	7.83	1.303	284
6.240	21.15	31.74	0.00	7.79	1.303	284
6.272	20.51	31.10	0.03	7.82	1.303	284
6.304	20.17	30.76	0.01	7.80	1.303	284
6.336	20.01	30.60	0.02	7.81	1.298	283
6.368	19.94	30.53	0.03	7.83	1.298	283
6.400	20.03	30.62	0.00	7.79	1.298	283
6.432	20.07	30.66	0.03	7.82	1.298	283
6.464	20.06	30.65	0.01	7.80	1.298	283
6.496	19.98	30.56	0.02	7.81	1.298	283
6.528	20.10	30.69	0.03	7.82	1.298	283
6.560	20.11	30.70	0.00	7.79	1.298	283
6.592	20.11	30.69	0.03	7.82	1.298	283
6.624	20.07	30.65	0.00	7.79	1.298	283
6.656	20.11	30.69	0.02	7.81	1.298	283
6.688	20.07	30.66	0.03	7.82	1.298	283
6.720	20.09	30.68	0.00	7.79	1.298	283
6.752	20.11	30.70	0.03	7.82	1.298	283
6.784	20.03	30.61	0.00	7.79	1.298	283
6.816	20.03	30.62	0.02	7.81	1.252	273
6.848	20.07	30.65	0.03	7.82	1.252	273
6.880	20.13	30.72	0.01	7.80	1.252	273
6.912	20.19	30.77	0.03	7.82	1.252	273
6.944	20.20	30.79	0.01	7.80	1.252	273
6.976	20.20	30.78	0.02	7.81	1.252	273
7.008	20.13	30.71	0.03	7.82	1.252	273
7.040	20.03	30.61	0.00	7.79	1.252	273
7.072	19.93	30.51	0.03	7.82	1.252	273
7.104	20.01	30.59	0.01	7.80	1.252	273
7.136	20.11	30.69	0.02	7.81	1.252	273
7.168	20.18	30.77	0.03	7.82	1.252	273
7.200	20.12	30.70	0.01	7.80	1.252	273
7.232	20.10	30.68	0.03	7.82	1.252	273
7.264	20.07	30.65	0.00	7.79	1.257	274
7.296	20.08	30.66	0.03	7.82	1.257	274
7.328	19.94	30.52	0.03	7.82	1.257	274
7.360	19.92	30.51	0.01	7.80	1.257	274
7.392	20.01	30.60	0.03	7.82	1.257	274
7.424	20.08	30.67	0.00	7.79	1.257	274
7.456	19.95	30.53	0.03	7.82	1.257	274
7.488	19.95	30.53	0.03	7.82	1.257	274
7.520	20.02	30.60	0.01	7.80	1.257	274
7.552	20.00	30.59	0.03	7.82	1.257	274
7.584	20.08	30.67	-0.00	7.79	1.257	274
7.616	20.22	30.80	0.03	7.82	1.257	274
7.648	20.22	30.81	0.03	7.82	1.257	274
7.680	20.13	30.72	0.02	7.81	1.257	274
7.712	20.08	30.67	0.03	7.82	1.257	274
7.744	20.05	30.64	-0.00	7.79	1.257	274
7.776	19.98	30.56	0.03	7.82	1.257	274
7.808	20.09	30.67	0.03	7.82	1.257	274
7.840	20.04	30.63	0.02	7.81	1.257	274
7.872	20.03	30.62	0.03	7.82	1.257	274
7.904	19.98	30.56	-0.00	7.79	1.257	274
7.936	20.04	30.63	0.03	7.82	1.257	274
7.968	20.05	30.64	0.02	7.82	1.257	274
8.000	20.08	30.67	0.02	7.81	1.257	274
8.032	20.18	30.76	0.03	7.82	1.257	274
8.064	20.11	30.69	-0.00	7.79	1.257	274
8.096	20.09	30.68	0.03	7.82	1.257	274
8.128	20.14	30.73	0.02	7.81	1.257	274
8.160	20.09	30.68	0.02	7.81	1.257	274
8.192	20.08	30.66	0.02	7.81	1.257	274
8.224	20.01	30.59	-0.00	7.79	1.266	276
8.256	20.08	30.67	0.03	7.83	1.266	276
8.288	20.08	30.66	0.02	7.81	1.266	276
8.320	19.98	30.57	0.02	7.81	1.266	276
8.352	19.99	30.58	0.02	7.82	1.266	276
8.384	20.05	30.63	-0.00	7.79	1.266	276
8.416	20.01	30.60	0.03	7.83	1.266	276
8.448	20.22	30.80	0.01	7.80	1.266	276
8.480	20.25	30.83	0.03	7.82	1.266	276
8.512	20.12	30.71	0.02	7.82	1.266	276
8.544	20.01	30.59	0.01	7.80	1.266	276
8.576	20.00	30.58	0.03	7.83	1.266	276
8.608	20.05	30.64	0.01	7.80	1.266	276
8.640	20.02	30.60	0.02	7.82	1.266	276
8.672	20.09	30.68	0.02	7.81	1.261	275
8.704	20.14	30.72	0.01	7.80	1.261	275
8.736	20.07	30.65	0.04	7.83	1.261	275
8.768	20.06	30.64	0.01	7.80	1.261	275
8.800	20.10	30.68	0.03	7.82	1.261	275
8.832	20.17	30.75	0.02	7.81	1.261	275
8.864	20.29	30.88	0.01	7.80	1.261	275
8.896	20.17	30.75	0.04	7.83	1.261	275
8.928	19.97	30.55	0.00	7.79	1.261	275
8.960	19.91	30.50	0.03	7.82	1.261	275
8.992	20.01	30.59	0.01	7.80	1.261	275
9.024	20.11	30.69	0.01	7.80	1.261	275
9.056	20.01	30.59	0.04	7.83	1.261	275
9.088	20.12	30.71	0.00	7.79	1.261	275
9.120	20.17	30.76	0.03	7.82	1.261	275
9.152	20.13	30.72	0.01	7.80	1.266	276
9.184	20.01	30.59	0.01	7.80	1.266	276
9.216	19.98	30.57	0.04	7.83	1.266	276
9.248	20.06	30.65	0.00	7.79	1.266	276
9.280	20.14	30.73	0.03	7.82	1.266	276
9.312	20.16	30.75	0.02	7.81	1.266	276
9.344	20.09	30.68	0.01	7.80	1.266	276
9.376	20.02	30.60	0.04	7.83	1.266	276
9.408	20.08	30.67	-0.00	7.79	1.266	276
9.440	20.04	30.62	0.03	7.82	1.266	276
9.472	20.03	30.62	0.01	7.80	1.266	276
9.504	19.97	30.55	0.02	7.81	1.266	276
9.536	20.11	30.69	0.03	7.82	1.266	276
9.568	20.15	30.74	0.00	7.79	1.266	276
9.600	20.12	30.70	0.03	7.82	1.266	276
9.632	20.02	30.60	0.01	7.80	1.266	276
9.664	20.05	30.64	0.02	7.81	1.266	276
9.696	20.06	30.65	0.03	7.83	1.266	276
9.728	20.08	30.66	0.01	7.80	1.266	276
9.760	20.08	30.67	0.03	7.82	1.266	276
9.792	20.13	30.72	0.01	7.80	1.266	276
9.824	20.12	30.70	0.02	7.82	1.266	276
9.856	20.12	30.70	0.03	7.83	1.266	276
9.888	20.09	30.67	0.00	7.79	1.266	276
9.920	20.04	30.63	0.03	7.82	1.266	276
9.952	20.05	30.64	0.01	7.80	1.266	276
9.984	20.12	30.71	0.03	7.82	1.266	276
10.016	20.11	30.70	0.03	7.82	1.266	276
10.048	20.08	30.67	0.01	7.80	1.266	276
10.080	20.03	30.62	0.03	7.82	1.266	276
10.112	20.04	30.62	0.01	7.80	1.266	276
10.144	20.15	30.74	0.03	7.82	1.266	276
10.176	20.22	30.80	0.03	7.83	1.266	276
10.208	20.11	30.69	0.01	7.80	1.266	276
10.240	20.04	30.63	0.03	7.82	1.266	276
10.272	20.01	30.60	0.01	7.80	1.266	276
10.304	20.10	30.68	0.03	7.82	1.266	276
10.336	20.16	30.75	0.03	7.82	1.266	276
10.368	20.14	30.72	0.02	7.81	1.266	276
10.400	20.19	30.78	0.04	7.83	1.266	276
10.432	20.12	30.71	0.00	7.79	1.266	276
10.464	20.05	30.63	0.03	7.82	1.266	276
10.496	20.01	30.59	0.03	7.82	1.266	276
10.528	20.00	30.59	0.02	7.81	1.266	276
10.560	20.07	30.65	0.03	7.82	1.266	276
10.592	20.25	30.84	0.00	7.79	1.266	276
10.624	20.28	30.86	0.04	7.83	1.266	276
10.656	20.11	30.70	0.03	7.82	1.266	276
10.688	19.96	30.55	0.02	7.81	1.266	276
10.720	20.07	30.66	0.03	7.82	1.266	276
10.752	20.12	30.70	-0.00	7.79	1.266	276
10.784	20.04	30.62	0.04	7.83	1.266	276
10.816	20.06	30.65	0.03	7.82	1.266	276
10.848	20.18	30.77	0.03	7.82	1.266	276
10.880	20.11	30.69	0.03	7.82	1.266	276
10.912	20.08	30.67	0.00	7.79	1.266	276
10.944	20.10	30.69	0.04	7.83	1.266	276
10.976	20.14	30.72	0.02	7.82	1.266	276
11.008	20.20	30.79	0.03	7.82	1.266	276
11.040	20.25	30.83	0.03	7.82	1.266	276
11.072	20.04	30.62	0.01	7.80	1.266	276
11.104	20.06	30.64	0.04	7.83	1.266	276
11.136	20.07	30.66	0.03	7.82	1.266	276
11.168	20.09	30.68	0.03	7.82	1.266	276
11.200	20.06	30.65	0.03	7.82	1.266	276
11.232	20.11	30.70	0.01	7.80	1.266	276
11.264	20.21	30.79	0.04	7.83	1.266	276
11.296	20.22	30.81	0.02	7.81	1.266	276
11.328	20.11	30.70	0.03	7.82	1.266	276
11.360	20.09	30.68	0.02	7.82	1.266	276
11.392	20.12	30.70	0.01	7.80	1.266	276
11.424	20.06	30.65	0.04	7.83	1.266	276
11.456	20.16	30.74	0.01	7.80	1.266	276
11.488	20.15	30.74	0.03	7.82	1.271	277
11.520	19.98	30.57	0.02	7.82	1.271	277
11.552	19.99	30.58	0.01	7.80	1.271	277
11.584	20.10	30.69	0.04	7.83	1.271	277
11.616	20.10	30.69	0.01	7.80	1.271	277
11.648	20.02	30.61	0.03	7.82	1.271	277
11.680	20.15	30.73	0.02	7.81	1.271	277
11.712	20.18	30.77	0.02	7.81	1.271	277
11.744	20.07	30.65	0.04	7.83	1.271	277
11.776	19.97	30.55	0.01	7.80	1.271	277
11.808	19.96	30.54	0.03	7.82	1.271	277
11.840	20.01	30.60	0.02	7.82	1.271	277
11.872	20.01	30.60	0.02	7.81	1.271	277
11.904	20.06	30.65	0.04	7.83	1.271	277
11.936	19.97	30.56	0.01	7.80	1.271	277
11.968	19.90	30.48	0.03	7.83	1.266	276
12.000	19.91	30.50	0.02	7.81	1.266	276
12.032	19.91	30.49	0.02	7.81	1.266	276
12.064	19.83	30.41	0.04	7.83	1.266	276
12.096	19.93	30.52	0.01	7.80	1.266	276
12.128	20.03	30.62	0.04	7.83	1.266	276
12.160	20.12	30.70	0.02	7.81	1.266	276
12.192	19.95	30.54	0.02	7.82	1.266	276
12.224	19.82	30.40	0.04	7.83	1.266	276
12.256	19.83	30.42	0.01	7.80	1.266	276
12.288	19.83	30.42	0.04	7.83	1.266	276
12.320	20.01	30.60	0.02	7.81	1.266	276
12.352	20.07	30.66	0.03	7.82	1.266	276
12.384	19.99	30.58	0.04	7.83	1.266	276
12.416	19.92	30.50	0.01	7.80	1.257	274
12.448	19.88	30.46	0.04	7.83	1.257	274
12.480	19.85	30.44	0.02	7.81	1.257	274
12.512	19.91	30.49	0.03	7.82	1.257	274
12.544	19.96	30.54	0.04	7.83	1.257	274
12.576	20.05	30.64	0.01	7.80	1.257	274
12.608	20.03	30.62	0.04	7.83	1.257	274
12.640	19.90	30.49	0.01	7.80	1.257	274
12.672	19.81	30.39	0.03	7.82	1.257	274
12.704	19.63	30.22	0.04	7.83	1.257	274
12.736	19.68	30.27	0.01	7.80	1.257	274
12.768	19.76	30.34	0.04	7.83	1.257	274
12.800	19.70	30.29	0.01	7.80	1.257	274
12.832	19.66	30.25	0.03	7.82	1.257	274
12.864	19.66	30.24	0.04	7.83	1.257	274
12.896	19.66	30.24	0.02	7.81	1.257	274
12.928	19.57	30.15	0.04	7.83	1.257	274
12.960	19.58	30.16	0.01	7.80	1.257	274
12.992	19.65	30.23	0.03	7.83	1.257	274
13.024	19.64	30.23	0.04	7.83	1.257	274
13.056	19.63	30.22	0.02	7.81	1.257	274
13.088	19.57	30.15	0.04	7.83	1.257	274
13.120	19.53	30.12	0.01	7.80	1.257	274
13.152	19.53	30.11	0.03	7.83	1.257	274
13.184	19.47	30.06	0.04	7.83	1.257	274
13.216	19.48	30.07	0.02	7.81	1.257	274
13.248	19.52	30.11	0.04	7.83	1.257	274
13.280	19.51	30.10	0.01	7.80	1.257	274
13.312	19.59	30.18	0.03	7.83	1.257	274
13.344	19.65	30.23	0.04	7.83	1.257	274
13.376	19.59	30.17	0.02	7.81	1.248	272
13.408	19.65	30.23	0.04	7.83	1.248	272
13.440	19.66	30.24	0.01	7.80	1.248	272
13.472	19.59	30.18	0.04	7.83	1.248	272
13.504	19.57	30.15	0.04	7.83	1.248	272
13.536	19.54	30.12	0.02	7.81	1.248	272
13.568	19.50	30.09	0.04	7.83	1.248	272
13.600	19.61	30.19	0.02	7.81	1.248	272
13.632	19.69	30.28	0.04	7.83	1.248	272
13.664	19.65	30.23	0.04	7.83	1.248	272
13.696	19.62	30.21	0.02	7.82	1.248	272
13.728	19.62	30.21	0.04	7.83	1.248	272
13.760	19.60	30.18	0.01	7.80	1.248	272
13.792	19.54	30.13	0.04	7.83	1.248	272
13.824	19.54	30.13	0.04	7.83	1.252	273
13.856	19.66	30.25	0.03	7.82	1.252	273
13.888	19.69	30.27	0.04	7.83	1.252	273
13.920	19.61	30.19	0.01	7.80	1.252	273
13.952	19.54	30.12	0.04	7.83	1.252	273
13.984	19.56	30.14	0.04	7.83	1.252	273
14.016	19.63	30.21	0.03	7.82	1.252	273
14.048	19.63	30.22	0.03	7.83	1.252	273
14.080	19.68	30.27	0.01	7.80	1.252	273
14.112	19.63	30.21	0.04	7.83	1.252	273
14.144	19.66	30.24	0.03	7.82	1.252	273
14.176	19.74	30.33	0.03	7.82	1.252	273
14.208	19.77	30.35	0.03	7.83	1.252	273
14.240	19.70	30.28	0.01	7.80	1.252	273
14.272	19.75	30.34	0.04	7.83	1.252	273
14.304	19.83	30.42	0.03	7.82	1.252	273
14.336	19.73	30.32	0.03	7.82	1.252	273
14.368	19.62	30.21	0.04	7.83	1.252	273
14.400	19.51	30.10	0.01	7.80	1.252	273
14.432	19.58	30.17	0.04	7.83	1.252	273
14.464	19.61	30.20	0.03	7.82	1.252	273
14.496	19.73	30.31	0.03	7.82	1.252	273
14.528	19.68	30.27	0.03	7.83	1.252	273
14.560	19.59	30.17	0.01	7.80	1.252	273
14.592	19.63	30.22	0.04	7.83	1.252	273
14.624	19.62	30.20	0.03	7.82	1.252	273
14.656	19.55	30.13	0.03	7.82	1.252	273
14.688	19.55	30.13	0.03	7.83	1.252	273
14.720	19.66	30.24	0.01	7.80	1.252	273
14.752	19.67	30.26	0.04	7.83	1.257	274
14.784	19.67	30.26	0.03	7.82	1.257	274
14.816	19.62	30.21	0.03	7.82	1.257	274
14.848	19.64	30.23	0.03	7.82	1.257	274
14.880	19.64	30.23	0.00	7.79	1.257	274
14.912	19.73	30.32	0.05	7.84	1.257	274
14.944	19.82	30.40	0.03	7.82	1.257	274
14.976	19.81	30.40	0.03	7.82	1.257	274
15.008	19.70	30.29	0.03	7.82	1.257	274
15.040	19.69	30.28	0.01	7.80	1.257	274
15.072	19.66	30.24	0.04	7.83	1.257	274
15.104	19.62	30.20	0.03	7.82	1.257	274
15.136	19.62	30.20	0.03	7.82	1.257	274
15.168	19.76	30.34	0.03	7.82	1.257	274
15.200	19.71	30.30	0.01	7.80	1.257	274
15.232	19.68	30.27	0.05	7.84	1.257	274
15.264	19.69	30.28	0.03	7.82	1.257	274
15.296	19.68	30.26	0.03	7.82	1.257	274
15.328	19.68	30.26	0.03	7.82	1.257	274
15.360	19.74	30.33	0.01	7.80	1.257	274
15.392	19.77	30.36	0.04	7.83	1.257	274
15.424	19.70	30.28	0.03	7.82	1.257	274
15.456	19.59	30.18	0.03	7.82	1.257	274
15.488	19.53	30.12	0.03	7.82	1.257	274
15.520	19.62	30.21	0.01	7.80	1.257	274
15.552	19.61	30.19	0.04	7.83	1.257	274
15.584	19.64	30.23	0.03	7.82	1.257	274
15.616	19.73	30.31	0.03	7.82	1.257	274
15.648	19.72	30.31	0.03	7.83	1.257	274
15.680	19.62	30.21	0.01	7.80	1.257	274
15.712	19.62	30.21	0.04	7.83	1.243	271
15.744	19.69	30.28	0.03	7.82	1.243	271
15.776	19.72	30.30	0.03	7.82	1.243	271
15.808	19.76	30.34	0.03	7.82	1.243	271
15.840	19.74	30.33	0.01	7.80	1.243	271
15.872	19.64	30.22	0.04	7.83	1.243	271
15.904	19.64	30.22	0.03	7.82	1.243	271
15.936	19.72	30.31	0.03	7.82	1.243	271
15.968	19.68	30.27	0.03	7.82	1.243	271
16.000	19.65	30.23	0.01	7.80	1.243	271
16.032	19.76	30.34	0.04	7.83	1.243	271
16.064	19.78	30.37	0.03	7.82	1.243	271
16.096	19.66	30.25	0.03	7.82	1.243	271
16.128	19.53	30.12	0.03	7.82	1.243	271
16.160	19.55	30.14	0.01	7.80	1.252	273
16.192	19.64	30.23	0.04	7.83	1.252	273
16.224	19.72	30.31	0.03	7.82	1.252	273
16.256	19.82	30.40	0.03	7.82	1.252	273
16.288	19.81	30.40	0.03	7.82	1.252	273
16.320	19.80	30.39	0.00	7.79	1.252	273
16.352	19.68	30.27	0.04	7.83	1.252	273
16.384	19.63	30.21	0.03	7.82	1.252	273
16.416	19.62	30.20	0.03	7.82	1.252	273
16.448	19.79	30.38	0.03	7.82	1.252	273
16.480	19.83	30.41	0.00	7.79	1.252	273
16.512	19.81	30.40	0.04	7.83	1.252	273
16.544	19.79	30.37	0.03	7.82	1.252	273
16.576	19.71	30.30	0.03	7.82	1.252	273
16.608	19.68	30.27	0.04	7.83	1.252	273
16.640	19.74	30.33	-0.00	7.79	1.257	274
16.672	19.91	30.49	0.04	7.83	1.257	274
16.704	19.84	30.43	0.03	7.83	1.257	274
16.736	19.72	30.30	0.03	7.82	1.257	274
16.768	19.67	30.25	0.03	7.82	1.257	274
16.800	19.64	30.23	0.00	7.79	1.257	274
16.832	19.59	30.18	0.04	7.83	1.257	274
16.864	19.63	30.21	0.03	7.82	1.257	274
16.896	19.70	30.29	0.03	7.82	1.257	274
16.928	19.75	30.33	0.04	7.83	1.257	274
16.960	19.69	30.28	0.01	7.80	1.257	274
16.992	19.58	30.17	0.04	7.83	1.257	274
17.024	19.50	30.09	0.03	7.83	1.257	274
17.056	19.60	30.19	0.02	7.81	1.257	274
17.088	19.73	30.32	0.03	7.82	1.257	274
17.120	19.81	30.40	0.00	7.79	1.257	274
17.152	19.80	30.39	0.04	7.83	1.257	274
17.184	19.75	30.33	0.03	7.82	1.257	274
17.216	19.71	30.30	0.02	7.82	1.257	274
17.248	19.68	30.26	0.03	7.82	1.257	274
17.280	19.65	30.23	0.01	7.80	1.257	274
17.312	19.77	30.36	0.04	7.83	1.257	274
17.344	19.82	30.40	0.03	7.83	1.257	274
17.376	19.76	30.34	0.02	7.81	1.257	274
17.408	19.55	30.13	0.04	7.83	1.257	274
17.440	19.54	30.12	0.01	7.80	1.257	274
17.472	19.54	30.13	0.04	7.83	1.257	274
17.504	19.58	30.16	0.03	7.82	1.257	274
17.536	19.77	30.36	0.02	7.81	1.257	274
17.568	19.72	30.30	0.03	7.83	1.257	274
17.600	19.65	30.23	0.01	7.80	1.257	274
17.632	19.65	30.23	0.04	7.83	1.257	274
17.664	19.63	30.21	0.03	7.83	1.257	274
17.696	19.59	30.18	0.02	7.81	1.257	274
17.728	19.58	30.17	0.03	7.83	1.257	274
17.760	19.69	30.27	0.01	7.80	1.257	274
17.792	19.76	30.34	0.04	7.83	1.257	274
17.824	19.76	30.35	0.04	7.83	1.257	274
17.856	19.71	30.30	0.02	7.81	1.257	274
17.888	19.64	30.23	0.04	7.83	1.257	274
17.920	19.69	30.28	0.01	7.80	1.257	274
17.952	19.76	30.35	0.03	7.82	1.257	274
17.984	19.81	30.39	0.03	7.83	1.257	274
18.016	19.75	30.34	0.02	7.81	1.257	274
18.048	19.72	30.30	0.04	7.83	1.257	274
18.080	19.75	30.34	0.01	7.80	1.257	274
18.112	19.70	30.28	0.03	7.82	1.257	274
18.144	19.63	30.22	0.03	7.83	1.257	274
18.176	19.68	30.27	0.01	7.80	1.257	274
18.208	19.72	30.30	0.04	7.83	1.257	274
18.240	19.67	30.26	0.01	7.80	1.257	274
18.272	19.67	30.26	0.03	7.82	1.257	274
18.304	19.64	30.23	0.03	7.83	1.257	274
18.336	19.60	30.18	0.02	7.81	1.257	274
18.368	19.64	30.22	0.03	7.83	1.257	274
18.400	19.70	30.29	0.01	7.80	1.257	274
18.432	19.82	30.40	0.03	7.82	1.257	274
18.464	19.77	30.36	0.03	7.82	1.257	274
18.496	19.70	30.28	0.01	7.80	1.252	273
18.528	19.69	30.27	0.03	7.82	1.252	273
18.560	19.75	30.34	0.01	7.80	1.252	273
18.592	19.67	30.25	0.03	7.82	1.252	273
18.624	19.66	30.24	0.03	7.82	1.252	273
18.656	19.72	30.31	0.01	7.80	1.252	273
18.688	19.76	30.35	0.03	7.82	1.252	273
18.720	19.69	30.27	0.01	7.80	1.252	273
18.752	19.62	30.20	0.03	7.82	1.252	273
18.784	19.56	30.14	0.03	7.82	1.252	273
18.816	19.63	30.22	0.01	7.80	1.252	273
18.848	19.72	30.30	0.03	7.83	1.252	273
18.880	19.68	30.27	0.01	7.80	1.252	273
18.912	19.63	30.21	0.02	7.82	1.252	273
18.944	19.67	30.26	0.04	7.83	1.252	273
18.976	19.62	30.20	0.01	7.80	1.248	272
19.008	19.56	30.15	0.03	7.83	1.248	272
19.040	19.52	30.11	0.02	7.81	1.248	272
19.072	19.72	30.30	0.03	7.82	1.248	272
19.104	19.77	30.35	0.04	7.83	1.248	272
19.136	19.62	30.20	0.01	7.80	1.248	272
19.168	19.57	30.15	0.03	7.82	1.248	272
19.200	19.66	30.24	0.01	7.80	1.248	272
19.232	19.63	30.22	0.02	7.81	1.248	272
19.264	19.76	30.34	0.04	7.83	1.248	272
19.296	19.80	30.38	0.01	7.80	1.248	272
19.328	19.78	30.36	0.03	7.82	1.248	272
19.360	19.74	30.32	0.02	7.81	1.248	272
19.392	19.69	30.28	0.02	7.81	1.248	272
19.424	19.73	30.31	0.04	7.83	1.248	272
19.456	19.65	30.23	0.00	7.79	1.248	272
19.488	19.68	30.27	0.04	7.83	1.248	272
19.520	19.80	30.39	0.01	7.80	1.248	272
19.552	19.70	30.28	0.02	7.81	1.248	272
19.584	19.62	30.21	0.04	7.83	1.248	272
19.616	19.58	30.16	0.01	7.80	1.248	272
19.648	19.51	30.09	0.03	7.82	1.248	272
19.680	19.58	30.17	0.02	7.81	1.248	272
19.712	19.73	30.31	0.01	7.80	1.248	272
19.744	19.76	30.34	0.04	7.83	1.248	272
19.776	19.70	30.29	0.00	7.79	1.248	272
19.808	19.67	30.25	0.03	7.82	1.248	272
19.840	19.71	30.30	0.02	7.81	1.248	272
19.872	19.70	30.28	0.02	7.81	1.248	272
19.904	19.63	30.21	0.04	7.83	1.252	273
19.936	19.76	30.35	0.00	7.79	1.252	273
19.968	19.83	30.42	0.03	7.82	1.252	273
20.000	19.75	30.33	0.02	7.81	1.252	273
20.032	19.59	30.18	0.02	7.81	1.252	273
20.064	19.60	30.19	0.04	7.83	1.252	273
20.096	19.65	30.24	0.00	7.79	1.252	273
20.128	19.70	30.29	0.03	7.82	1.252	273
20.160	19.85	30.44	0.02	7.81	1.252	273
20.192	19.81	30.40	0.01	7.80	1.252	273
20.224	19.76	30.35	0.04	7.83	1.252	273
20.256	19.71	30.30	0.01	7.80	1.252	273
20.288	19.63	30.22	0.03	7.82	1.252	273
20.320	19.56	30.14	0.02	7.81	1.252	273
20.352	19.61	30.20	0.01	7.80	1.252	273
20.384	19.82	30.41	0.04	7.83	1.257	274
20.416	19.83	30.42	0.01	7.80	1.257	274
20.448	19.72	30.31	0.03	7.82	1.257	274
20.480	19.63	30.21	0.02	7.81	1.257	274
20.512	19.70	30.28	0.01	7.80	1.257	274
20.544	19.70	30.28	0.04	7.83	1.257	274
20.576	19.89	30.48	0.01	7.80	1.257	274
20.608	19.99	30.58	0.03	7.82	1.257	274
20.640	19.85	30.43	0.02	7.82	1.257	274
20.672	19.78	30.37	0.01	7.80	1.257	274
20.704	19.87	30.45	0.04	7.83	1.257	274
20.736	19.90	30.48	0.02	7.81	1.257	274
20.768	19.80	30.39	0.03	7.82	1.257	274
20.800	19.84	30.42	0.02	7.82	1.257	274
20.832	19.88	30.47	0.01	7.80	1.257	274
20.864	19.87	30.46	0.04	7.83	1.257	274
20.896	19.81	30.39	0.02	7.81	1.257	274
20.928	19.73	30.31	0.03	7.82	1.257	274
20.960	19.73	30.32	0.02	7.82	1.257	274
20.992	19.80	30.38	0.00	7.79	1.257	274
21.024	19.85	30.44	0.04	7.83	1.257	274
21.056	19.81	30.39	0.02	7.81	1.257	274
21.088	19.81	30.39	0.03	7.82	1.257	274
21.120	19.73	30.32	0.03	7.82	1.257	274
21.152	19.75	30.33	0.00	7.79	1.257	274
21.184	19.74	30.33	0.04	7.83	1.257	274
21.216	19.74	30.33	0.02	7.82	1.257	274
21.248	19.85	30.43	0.02	7.82	1.257	274
21.280	19.86	30.44	0.03	7.82	1.257	274
21.312	19.82	30.40	-0.00	7.79	1.261	275
21.344	19.83	30.42	0.04	7.83	1.261	275
21.376	19.75	30.33	0.03	7.82	1.261	275
21.408	19.71	30.30	0.02	7.81	1.261	275
21.440	19.88	30.47	0.03	7.82	1.261	275
21.472	19.96	30.55	-0.00	7.79	1.261	275
21.504	19.89	30.47	0.04	7.83	1.261	275
21.536	19.76	30.35	0.03	7.82	1.261	275
21.568	19.82	30.41	0.02	7.81	1.261	275
21.600	19.75	30.34	0.03	7.82	1.261	275
21.632	19.68	30.27	-0.00	7.79	1.261	275
21.664	19.73	30.31	0.03	7.83	1.261	275
21.696	19.72	30.30	0.03	7.82	1.261	275
21.728	19.67	30.25	0.02	7.81	1.261	275
21.760	19.68	30.26	0.03	7.82	1.261	275
21.792	19.69	30.27	0.00	7.79	1.261	275
21.824	19.68	30.26	0.03	7.82	1.261	275
21.856	19.73	30.32	0.03	7.82	1.261	275
21.888	19.95	30.53	0.02	7.81	1.261	275
21.920	19.99	30.58	0.03	7.82	1.261	275
21.952	19.87	30.45	0.01	7.80	1.261	275
21.984	19.87	30.46	0.03	7.82	1.261	275
22.016	19.89	30.48	0.03	7.82	1.261	275
22.048	19.79	30.38	0.02	7.81	1.261	275
22.080	19.79	30.38	0.03	7.83	1.261	275
22.112	19.97	30.55	0.00	7.79	1.261	275
22.144	19.96	30.55	0.03	7.82	1.261	275
22.176	19.93	30.52	0.03	7.83	1.261	275
22.208	19.87	30.46	0.02	7.81	1.261	275
22.240	19.84	30.43	0.03	7.82	1.261	275
22.272	19.80	30.39	0.01	7.80	1.261	275
22.304	19.91	30.50	0.03	7.82	1.261	275
22.336	20.04	30.62	0.03	7.82	1.261	275
22.368	19.94	30.52	0.01	7.80	1.261	275
22.400	19.81	30.40	0.03	7.82	1.261	275
22.432	19.83	30.41	0.01	7.80	1.261	275
22.464	19.84	30.43	0.03	7.82	1.261	275
22.496	19.85	30.43	0.03	7.82	1.261	275
22.528	19.95	30.54	0.01	7.80	1.261	275
22.560	20.07	30.66	0.03	7.82	1.261	275
22.592	20.02	30.60	0.01	7.80	1.261	275
22.624	19.92	30.51	0.02	7.82	1.261	275
22.656	19.84	30.43	0.04	7.83	1.261	275
22.688	19.87	30.46	0.01	7.80	1.261	275
22.720	19.89	30.48	0.03	7.82	1.266	276
22.752	19.99	30.58	0.01	7.80	1.266	276
22.784	20.04	30.62	0.02	7.81	1.266	276
22.816	20.02	30.60	0.03	7.83	1.266	276
22.848	19.97	30.55	0.00	7.79	1.266	276
22.880	19.92	30.51	0.03	7.82	1.266	276
22.912	19.94	30.52	0.01	7.80	1.266	276
22.944	19.94	30.52	0.02	7.81	1.266	276
22.976	20.06	30.65	0.03	7.83	1.266	276
23.008	20.14	30.73	0.00	7.79	1.266	276
23.040	20.09	30.68	0.03	7.83	1.266	276
23.072	19.97	30.56	0.02	7.81	1.266	276
23.104	19.87	30.45	0.02	7.81	1.266	276
23.136	19.86	30.45	0.04	7.83	1.266	276
23.168	19.92	30.50	0.00	7.79	1.266	276
23.200	20.00	30.59	0.03	7.82	1.266	276
23.232	19.99	30.58	0.02	7.81	1.266	276
23.264	20.00	30.59	0.02	7.81	1.266	276
23.296	19.95	30.54	0.04	7.83	1.266	276
23.328	19.92	30.51	-0.00	7.79	1.266	276
23.360	19.88	30.46	0.04	7.83	1.266	276
23.392	19.91	30.50	0.02	7.81	1.266	276
23.424	20.02	30.60	0.02	7.81	1.266	276
23.456	20.04	30.62	0.04	7.83	1.266	276
23.488	19.90	30.49	0.00	7.79	1.266	276
23.520	19.77	30.35	0.03	7.82	1.266	276
23.552	19.70	30.29	0.02	7.81	1.266	276
23.584	19.84	30.42	0.02	7.81	1.266	276
23.616	20.00	30.59	0.04	7.83	1.266	276
23.648	20.11	30.70	0.00	7.79	1.266	276
23.680	20.06	30.64	0.03	7.82	1.266	276
23.712	20.04	30.62	0.02	7.81	1.266	276
23.744	20.00	30.58	0.01	7.80	1.266	276
23.776	20.00	30.58	0.04	7.83	1.266	276
23.808	19.91	30.49	0.01	7.80	1.266	276
23.840	19.91	30.49	0.03	7.82	1.266	276
23.872	20.04	30.63	0.02	7.81	1.266	276
23.904	20.01	30.60	0.01	7.80	1.266	276
23.936	19.94	30.52	0.04	7.83	1.266	276
23.968	19.89	30.48	0.01	7.80	1.266	276
24.000	19.86	30.45	0.03	7.82	1.266	276
24.032	19.84	30.42	0.02	7.81	1.266	276
24.064	19.92	30.51	0.01	7.80	1.266	276
24.096	19.91	30.49	0.04	7.83	1.266	276
24.128	19.83	30.42	0.01	7.80	1.271	277
24.160	19.81	30.39	0.03	7.82	1.271	277
24.192	19.81	30.39	0.02	7.81	1.271	277
24.224	19.89	30.47	0.01	7.80	1.271	277
24.256	19.89	30.47	0.04	7.83	1.271	277
24.288	19.91	30.49	0.01	7.80	1.271	277
24.320	19.90	30.48	0.03	7.82	1.271	277
24.352	19.89	30.48	0.03	7.82	1.271	277
24.384	19.88	30.47	0.01	7.80	1.271	277
24.416	19.84	30.42	0.04	7.83	1.271	277
24.448	19.83	30.41	0.01	7.80	1.271	277
24.480	19.92	30.51	0.03	7.82	1.271	277
24.512	20.06	30.64	0.02	7.81	1.271	277
24.544	19.99	30.58	0.01	7.80	1.271	277
24.576	20.00	30.59	0.04	7.83	1.271	277
24.608	20.00	30.59	0.02	7.81	1.266	276
24.640	19.98	30.57	0.03	7.82	1.266	276
24.672	19.89	30.47	0.03	7.82	1.266	276
24.704	19.99	30.58	0.00	7.79	1.266	276
24.736	20.00	30.58	0.04	7.83	1.266	276
24.768	19.94	30.53	0.02	7.81	1.266	276
24.800	19.96	30.54	0.03	7.82	1.266	276
24.832	19.91	30.49	0.03	7.82	1.266	276
24.864	19.90	30.48	0.00	7.79	1.266	276
24.896	19.88	30.47	0.04	7.83	1.266	276
24.928	20.07	30.66	0.02	7.82	1.266	276
24.960	20.09	30.68	0.02	7.82	1.266	276
24.992	20.00	30.59	0.03	7.82	1.266	276
25.024	19.99	30.58	0.00	7.79	1.266	276
25.056	19.98	30.57	0.04	7.83	1.266	276
25.088	19.92	30.50	0.03	7.82	1.266	276
25.120	19.82	30.40	0.02	7.81	1.266	276
25.152	19.93	30.52	0.03	7.82	1.266	276
25.184	20.02	30.61	-0.00	7.79	1.266	276
25.216	20.05	30.63	0.04	7.83	1.266	276
25.248	19.98	30.57	0.03	7.82	1.266	276
25.280	19.96	30.55	0.02	7.81	1.266	276
25.312	19.91	30.50	0.03	7.82	1.266	276
25.344	19.95	30.54	-0.00	7.79	1.266	276
25.376	20.10	30.69	0.04	7.83	1.266	276
25.408	20.05	30.64	0.03	7.82	1.266	276
25.440	19.96	30.55	0.02	7.81	1.266	276
25.472	19.94	30.52	0.03	7.82	1.266	276
25.504	20.01	30.60	0.00	7.79	1.266	276
25.536	19.95	30.53	0.04	7.83	1.271	277
25.568	19.92	30.51	0.03	7.82	1.271	277
25.600	19.99	30.58	0.02	7.81	1.271	277
25.632	19.99	30.57	0.03	7.82	1.271	277
25.664	19.89	30.48	0.00	7.79	1.271	277
25.696	19.78	30.36	0.03	7.83	1.271	277
25.728	19.81	30.39	0.03	7.82	1.271	277
25.760	19.82	30.40	0.02	7.81	1.271	277
25.792	19.93	30.52	0.03	7.82	1.271	277
25.824	20.03	30.61	0.01	7.80	1.271	277
25.856	20.02	30.61	0.03	7.83	1.271	277
25.888	19.99	30.57	0.03	7.83	1.271	277
25.920	20.07	30.65	0.02	7.81	1.271	277
25.952	20.04	30.63	0.03	7.83	1.271	277
25.984	20.04	30.63	0.01	7.80	1.271	277
26.016	20.09	30.68	0.03	7.83	1.271	277
26.048	20.18	30.76	0.04	7.83	1.271	277
26.080	20.12	30.71	0.02	7.81	1.271	277
26.112	20.01	30.60	0.03	7.83	1.271	277
26.144	19.97	30.55	0.01	7.80	1.271	277
26.176	19.95	30.53	0.03	7.82	1.271	277
26.208	19.97	30.56	0.04	7.83	1.271	277
26.240	20.08	30.67	0.02	7.81	1.271	277
26.272	20.05	30.64	0.03	7.83	1.271	277
26.304	19.98	30.57	0.01	7.80	1.271	277
26.336	19.98	30.56	0.03	7.82	1.271	277
26.368	19.98	30.57	0.04	7.83	1.271	277
26.400	19.87	30.45	0.02	7.81	1.271	277
26.432	19.81	30.40	0.03	7.83	1.271	277
26.464	19.94	30.52	0.01	7.80	1.271	277
26.496	19.98	30.56	0.03	7.82	1.271	277
26.528	19.97	30.55	0.03	7.83	1.271	277
26.560	19.90	30.48	0.01	7.80	1.271	277
26.592	19.93	30.52	0.03	7.83	1.271	277
26.624	19.93	30.52	0.01	7.80	1.271	277
26.656	20.04	30.62	0.03	7.82	1.271	277
26.688	20.06	30.65	0.03	7.82	1.271	277
26.720	20.04	30.62	0.01	7.80	1.271	277
26.752	19.99	30.58	0.03	7.82	1.271	277
26.784	20.00	30.59	0.01	7.80	1.271	277
26.816	20.05	30.63	0.03	7.82	1.271	277
26.848	19.92	30.51	0.03	7.82	1.271	277
26.880	19.98	30.57	0.01	7.80	1.271	277
26.912	20.07	30.66	0.03	7.83	1.271	277
26.944	20.05	30.63	0.01	7.80	1.271	277
26.976	20.04	30.62	0.03	7.82	1.271	277
27.008	20.04	30.63	0.04	7.83	1.271	277
27.040	20.02	30.60	0.01	7.80	1.271	277
27.072	19.98	30.57	0.03	7.83	1.271	277
27.104	20.09	30.67	0.01	7.80	1.271	277
27.136	20.03	30.62	0.03	7.82	1.271	277
27.168	19.94	30.52	0.03	7.82	1.271	277
27.200	19.85	30.44	0.01	7.80	1.271	277
27.232	19.85	30.44	0.03	7.83	1.271	277
27.264	19.85	30.44	0.01	7.80	1.271	277
27.296	19.83	30.42	0.02	7.82	1.271	277
27.328	19.97	30.55	0.04	7.83	1.271	277
27.360	20.03	30.62	0.01	7.80	1.271	277
27.392	20.04	30.63	0.03	7.83	1.271	277
27.424	19.97	30.55	0.01	7.80	1.271	277
27.456	19.90	30.48	0.02	7.82	1.271	277
27.488	19.88	30.47	0.04	7.83	1.271	277
27.520	19.88	30.46	0.01	7.80	1.271	277
27.552	20.05	30.63	0.03	7.82	1.271	277
27.584	20.01	30.59	0.01	7.80	1.271	277
27.616	19.91	30.50	0.03	7.82	1.271	277
27.648	19.94	30.52	0.04	7.83	1.271	277
27.680	19.98	30.56	0.01	7.80	1.271	277
27.712	19.92	30.50	0.04	7.83	1.271	277
27.744	19.97	30.55	0.01	7.80	1.271	277
27.776	20.06	30.64	0.02	7.82	1.271	277
27.808	20.02	30.61	0.04	7.83	1.271	277
27.840	19.96	30.55	0.01	7.80	1.271	277
27.872	19.85	30.43	0.03	7.83	1.275	278
27.904	19.86	30.45	0.01	7.80	1.275	278
27.936	19.76	30.35	0.03	7.82	1.275	278
27.968	19.89	30.48	0.04	7.83	1.275	278
28.000	19.93	30.52	0.01	7.80	1.275	278
28.032	19.92	30.50	0.03	7.82	1.275	278
28.064	19.92	30.50	0.01	7.80	1.275	278
28.096	19.94	30.53	0.02	7.82	1.275	278
28.128	19.94	30.52	0.03	7.83	1.275	278
28.160	19.81	30.39	0.01	7.80	1.275	278
28.192	20.02	30.60	0.03	7.83	1.275	278
28.224	20.15	30.73	0.01	7.80	1.275	278
28.256	20.11	30.69	0.02	7.82	1.275	278
28.288	19.96	30.54	0.03	7.83	1.275	278
28.320	19.89	30.48	0.01	7.80	1.275	278
28.352	19.81	30.40	0.04	7.83	1.266	276
28.384	19.80	30.38	0.01	7.80	1.266	276
28.416	19.95	30.53	0.02	7.81	1.266	276
28.448	19.90	30.49	0.04	7.83	1.266	276
28.480	19.88	30.47	0.01	7.80	1.266	276
28.512	19.97	30.55	0.03	7.83	1.266	276
28.544	19.92	30.50	0.01	7.80	1.266	276
28.576	19.83	30.42	0.02	7.82	1.266	276
28.608	19.83	30.42	0.04	7.83	1.266	276
28.640	19.94	30.53	0.00	7.79	1.266	276
28.672	19.89	30.47	0.03	7.83	1.266	276
28.704	19.91	30.50	0.02	7.81	1.266	276
28.736	19.88	30.47	0.02	7.81	1.266	276
28.768	19.83	30.41	0.04	7.83	1.266	276
28.800	19.82	30.40	0.01	7.80	1.266	276
28.832	19.99	30.58	0.04	7.83	1.266	276
28.864	20.07	30.66	0.02	7.81	1.266	276
28.896	20.04	30.63	0.02	7.81	1.266	276
28.928	19.99	30.58	0.04	7.83	1.266	276
28.960	19.97	30.55	0.00	7.79	1.266	276
28.992	19.96	30.55	0.04	7.83	1.266	276
29.024	19.93	30.52	0.02	7.81	1.266	276
29.056	20.03	30.62	0.02	7.81	1.266	276
29.088	20.02	30.60	0.04	7.83	1.266	276
29.120	19.98	30.57	0.00	7.79	1.266	276
29.152	19.94	30.53	0.04	7.83	1.266	276
29.184	19.94	30.53	0.02	7.81	1.266	276
29.216	19.94	30.52	0.02	7.81	1.266	276
29.248	19.93	30.52	0.04	7.83	1.266	276
29.280	20.03	30.62	0.00	7.79	1.266	276
29.312	20.05	30.63	0.03	7.82	1.266	276
29.344	20.02	30.61	0.02	7.81	1.266	276
29.376	19.97	30.55	0.02	7.81	1.266	276
29.408	19.91	30.49	0.04	7.83	1.266	276
29.440	19.96	30.54	0.00	7.79	1.266	276
29.472	19.90	30.48	0.04	7.83	1.266	276
29.504	19.95	30.53	0.02	7.81	1.266	276
29.536	20.05	30.64	0.02	7.81	1.266	276
29.568	20.08	30.66	0.04	7.83	1.266	276
29.600	20.01	30.60	-0.00	7.79	1.266	276
29.632	19.97	30.55	0.03	7.83	1.266	276
29.664	20.00	30.58	0.02	7.81	1.266	276
29.696	20.14	30.72	0.01	7.80	1.266	276
29.728	20.22	30.80	0.04	7.83	1.266	276
29.760	20.21	30.79	0.00	7.79	1.261	275
29.792	20.13	30.71	0.03	7.82	1.261	275
29.824	20.11	30.70	0.02	7.81	1.261	275
29.856	20.09	30.68	0.02	7.81	1.261	275
29.888	19.99	30.58	0.04	7.83	1.261	275
29.920	20.00	30.59	0.00	7.79	1.261	275
29.952	20.13	30.72	0.04	7.83	1.261	275
29.984	20.12	30.70	0.02	7.81	1.261	275
30.016	20.00	30.59	0.02	7.81	1.261	275
30.048	19.90	30.48	0.04	7.83	1.261	275
30.080	19.95	30.53	0.00	7.79	1.261	275
30.112	20.01	30.60	0.03	7.82	1.261	275
30.144	20.07	30.65	0.02	7.81	1.261	275
30.176	20.03	30.61	0.02	7.81	1.261	275
30.208	19.94	30.53	0.05	7.84	1.261	275
30.240	19.90	30.49	0.01	7.80	1.261	275
30.272	19.90	30.49	0.03	7.82	1.261	275
30.304	19.95	30.53	0.02	7.81	1.261	275
30.336	20.03	30.62	0.02	7.81	1.261	275
30.368	20.12	30.70	0.04	7.83	1.261	275
30.400	20.15	30.73	0.01	7.80	1.261	275
30.432	20.08	30.67	0.03	7.82	1.261	275
30.464	19.97	30.56	0.02	7.81	1.261	275
30.496	19.91	30.50	0.01	7.80	1.261	275
30.528	19.98	30.57	0.04	7.83	1.261	275
30.560	20.13	30.71	0.01	7.80	1.261	275
30.592	20.22	30.80	0.03	7.82	1.261	275
30.624	20.15	30.73	0.02	7.81	1.261	275
30.656	20.13	30.72	0.01	7.80	1.261	275
30.688	20.04	30.62	0.04	7.83	1.261	275
30.720	20.00	30.58	0.01	7.80	1.261	275
30.752	19.95	30.54	0.03	7.82	1.261	275
30.784	19.93	30.51	0.02	7.81	1.261	275
30.816	20.13	30.71	0.01	7.80	1.261	275
30.848	20.16	30.74	0.04	7.83	1.261	275
30.880	20.09	30.67	0.01	7.80	1.261	275
30.912	20.00	30.58	0.03	7.82	1.261	275
30.944	19.93	30.52	0.02	7.82	1.261	275
30.976	19.89	30.48	0.01	7.80	1.261	275
31.008	19.95	30.53	0.04	7.83	1.261	275
31.040	20.01	30.59	0.01	7.80	1.261	275
31.072	19.98	30.57	0.03	7.82	1.261	275
31.104	19.94	30.53	0.02	7.81	1.261	275
31.136	20.03	30.62	0.01	7.80	1.261	275
31.168	19.99	30.58	0.04	7.83	1.261	275
31.200	19.97	30.55	0.01	7.80	1.261	275
31.232	20.02	30.60	0.03	7.82	1.261	275
31.264	20.10	30.69	0.02	7.82	1.261	275
31.296	20.10	30.68	0.01	7.80	1.261	275
31.328	20.00	30.58	0.04	7.83	1.261	275
31.360	19.87	30.45	0.01	7.80	1.261	275
31.392	19.99	30.58	0.03	7.82	1.261	275
31.424	20.08	30.66	0.02	7.82	1.261	275
31.456	20.13	30.72	0.01	7.80	1.261	275
31.488	20.07	30.65	0.04	7.83	1.261	275
31.520	20.01	30.59	0.01	7.80	1.261	275
31.552	19.96	30.54	0.03	7.82	1.261	275
31.584	19.96	30.54	0.02	7.82	1.261	275
31.616	19.96	30.55	0.01	7.80	1.257	274
31.648	19.92	30.50	0.04	7.83	1.257	274
31.680	19.92	30.50	0.01	7.80	1.257	274
31.712	19.96	30.54	0.03	7.82	1.257	274
31.744	19.86	30.44	0.03	7.82	1.257	274
31.776	19.85	30.44	0.01	7.80	1.257	274
31.808	19.92	30.51	0.04	7.83	1.257	274
31.840	20.01	30.60	0.02	7.81	1.257	274
31.872	20.17	30.75	0.03	7.82	1.257	274
31.904	20.22	30.80	0.02	7.82	1.257	274
31.936	20.17	30.75	0.01	7.80	1.257	274
31.968	20.15	30.74	0.04	7.83	1.257	274
32.000	20.10	30.68	0.01	7.80	1.257	274
32.032	20.03	30.62	0.03	7.82	1.257	274
32.064	20.01	30.59	0.02	7.82	1.257	274
32.096	20.03	30.62	0.01	7.80	1.257	274
32.128	20.06	30.64	0.04	7.83	1.257	274
32.160	20.00	30.59	0.02	7.81	1.257	274
32.192	19.95	30.53	0.03	7.82	1.257	274
32.224	19.89	30.48	0.02	7.81	1.257	274
32.256	19.84	30.43	0.01	7.80	1.257	274
32.288	19.97	30.55	0.04	7.83	1.257	274
32.320	20.00	30.59	0.01	7.80	1.257	274
32.352	19.94	30.52	0.03	7.82	1.257	274
32.384	19.88	30.47	0.02	7.82	1.257	274
32.416	19.84	30.42	0.01	7.80	1.257	274
32.448	19.84	30.42	0.04	7.83	1.257	274
32.480	19.86	30.44	0.02	7.81	1.257	274
32.512	19.91	30.49	0.03	7.82	1.257	274
32.544	20.06	30.65	0.02	7.82	1.257	274
32.576	20.12	30.70	0.01	7.80	1.257	274
32.608	20.00	30.59	0.04	7.83	1.257	274
32.640	19.88	30.47	0.01	7.80	1.257	274
32.672	19.86	30.44	0.03	7.82	1.257	274
32.704	19.91	30.49	0.02	7.82	1.257	274
32.736	20.05	30.63	0.01	7.80	1.257	274
32.768	20.13	30.71	0.03	7.83	1.257	274
32.800	20.09	30.68	0.01	7.80	1.257	274
32.832	20.06	30.65	0.03	7.82	1.257	274
32.864	20.05	30.64	0.02	7.82	1.257	274
32.896	19.96	30.55	0.01	7.80	1.257	274
32.928	19.81	30.39	0.04	7.83	1.257	274
32.960	19.85	30.44	0.02	7.81	1.257	274
32.992	19.88	30.47	0.03	7.82	1.257	274
33.024	19.95	30.54	0.02	7.82	1.252	273
33.056	19.89	30.48	0.01	7.80	1.252	273
33.088	19.83	30.42	0.04	7.83	1.252	273
33.120	19.89	30.48	0.01	7.80	1.252	273
33.152	19.90	30.48	0.03	7.82	1.252	273
33.184	20.01	30.59	0.02	7.82	1.252	273
33.216	20.02	30.60	0.01	7.80	1.252	273
33.248	20.02	30.61	0.04	7.83	1.252	273
33.280	19.93	30.51	0.01	7.80	1.252	273
33.312	19.91	30.49	0.03	7.82	1.252	273
33.344	19.92	30.50	0.02	7.82	1.252	273
33.376	19.85	30.44	0.01	7.80	1.252	273
33.408	20.01	30.60	0.04	7.83	1.252	273
33.440	20.09	30.68	0.01	7.80	1.252	273
33.472	20.07	30.65	0.03	7.82	1.252	273
33.504	19.94	30.53	0.02	7.81	1.257	274
33.536	19.93	30.52	0.01	7.80	1.257	274
33.568	19.92	30.50	0.04	7.83	1.257	274
33.600	20.00	30.59	0.01	7.80	1.257	274
33.632	20.12	30.70	0.03	7.82	1.257	274
33.664	20.17	30.75	0.03	7.82	1.257	274
33.696	19.97	30.55	0.01	7.80	1.257	274
33.728	19.98	30.57	0.04	7.83	1.257	274
33.760	19.94	30.52	0.01	7.80	1.257	274
33.792	19.89	30.48	0.03	7.82	1.257	274
33.824	19.84	30.43	0.02	7.81	1.257	274
33.856	19.87	30.45	0.01	7.80	1.257	274
33.888	19.95	30.53	0.04	7.83	1.257	274
33.920	19.88	30.46	0.01	7.80	1.257	274
33.952	19.74	30.32	0.03	7.82	1.257	274
33.984	19.74	30.33	0.02	7.82	1.257	274
34.016	19.86	30.44	0.01	7.80	1.257	274
34.048	20.02	30.60	0.04	7.83	1.257	274
34.080	20.03	30.62	0.01	7.80	1.257	274
34.112	19.91	30.50	0.03	7.82	1.257	274
34.144	19.96	30.54	0.02	7.81	1.257	274
34.176	19.95	30.54	0.01	7.80	1.257	274
34.208	19.96	30.55	0.04	7.83	1.257	274
34.240	19.87	30.46	0.01	7.80	1.257	274
34.272	19.93	30.52	0.03	7.82	1.257	274
34.304	20.04	30.62	0.02	7.81	1.257	274
34.336	20.03	30.62	0.01	7.80	1.257	274
34.368	19.87	30.45	0.04	7.83	1.257	274
34.400	19.81	30.39	0.00	7.79	1.257	274
34.432	19.86	30.44	0.03	7.82	1.252	273
34.464	19.88	30.47	0.02	7.81	1.252	273
34.496	20.06	30.64	0.01	7.80	1.252	273
34.528	20.13	30.71	0.04	7.83	1.252	273
34.560	19.94	30.53	0.01	7.80	1.252	273
34.592	19.93	30.52	0.03	7.82	1.252	273
34.624	19.91	30.49	0.02	7.81	1.252	273
34.656	19.89	30.47	0.01	7.80	1.252	273
34.688	19.82	30.40	0.04	7.83	1.252	273
34.720	19.94	30.53	0.00	7.79	1.252	273
34.752	19.99	30.57	0.03	7.82	1.252	273
34.784	19.88	30.47	0.02	7.81	1.252	273
34.816	19.81	30.40	0.01	7.80	1.252	273
34.848	19.86	30.44	0.04	7.83	1.252	273
34.880	19.88	30.47	0.00	7.79	1.261	275
34.912	20.02	30.61	0.03	7.82	1.261	275
34.944	20.13	30.71	0.02	7.81	1.261	275
34.976	20.13	30.72	0.02	7.81	1.261	275
35.008	20.07	30.65	0.04	7.83	1.261	275
35.040	19.99	30.58	-0.00	7.79	1.261	275
35.072	19.98	30.57	0.03	7.82	1.261	275
35.104	19.93	30.52	0.02	7.81	1.261	275
35.136	19.95	30.54	0.02	7.81	1.261	275
35.168	19.94	30.53	0.04	7.83	1.261	275
35.200	19.90	30.48	0.00	7.79	1.261	275
35.232	19.82	30.40	0.03	7.83	1.261	275
35.264	19.81	30.40	0.02	7.81	1.261	275
35.296	19.85	30.44	0.02	7.81	1.261	275
35.328	19.94	30.53	0.04	7.83	1.261	275
35.360	20.10	30.69	0.00	7.79	1.257	274
35.392	20.07	30.65	0.03	7.83	1.257	274
35.424	19.99	30.58	0.01	7.80	1.257	274
35.456	19.90	30.48	0.02	7.81	1.257	274
35.488	19.96	30.54	0.04	7.83	1.257	274
35.520	19.95	30.53	0.00	7.79	1.257	274
35.552	19.83	30.42	0.03	7.82	1.257	274
35.584	19.95	30.54	0.01	7.80	1.257	274
35.616	20.04	30.62	0.02	7.82	1.257	274
35.648	20.06	30.64	0.04	7.83	1.257	274
35.680	20.01	30.59	-0.00	7.79	1.257	274
35.712	19.97	30.55	0.03	7.82	1.257	274
35.744	19.97	30.55	0.01	7.80	1.257	274
35.776	20.04	30.62	0.02	7.82	1.257	274
35.808	20.10	30.68	0.04	7.83	1.257	274
35.840	20.05	30.64	0.01	7.80	1.266	276
35.872	19.90	30.49	0.03	7.83	1.266	276
35.904	19.89	30.48	0.01	7.80	1.266	276
35.936	19.97	30.55	0.03	7.82	1.266	276
35.968	19.93	30.51	0.03	7.83	1.266	276
36.000	19.90	30.48	0.00	7.79	1.266	276
36.032	19.98	30.57	0.03	7.83	1.266	276
36.064	20.01	30.59	0.01	7.80	1.266	276
36.096	19.94	30.52	0.03	7.82	1.266	276
36.128	19.88	30.47	0.03	7.82	1.266	276
36.160	19.85	30.43	0.01	7.80	1.266	276
36.192	19.86	30.44	0.03	7.83	1.266	276
36.224	19.93	30.52	0.01	7.80	1.266	276
36.256	19.97	30.55	0.03	7.82	1.266	276
36.288	19.94	30.53	0.03	7.83	1.261	275
36.320	19.95	30.54	0.01	7.80	1.261	275
36.352	19.97	30.55	0.03	7.82	1.261	275
36.384	19.93	30.52	0.00	7.79	1.261	275
36.416	19.84	30.42	0.03	7.82	1.261	275
36.448	20.00	30.59	0.03	7.82	1.261	275
36.480	20.09	30.67	0.01	7.80	1.261	275
36.512	20.03	30.61	0.03	7.82	1.261	275
36.544	20.10	30.68	0.01	7.80	1.261	275
36.576	20.09	30.68	0.03	7.82	1.261	275
36.608	20.06	30.64	0.03	7.82	1.261	275
36.640	20.08	30.66	0.01	7.80	1.261	275
36.672	20.11	30.69	0.03	7.82	1.261	275
36.704	20.07	30.66	0.00	7.79	1.261	275
36.736	20.06	30.64	0.03	7.82	1.261	275
36.768	20.05	30.64	0.03	7.82	1.271	277
36.800	20.04	30.62	0.02	7.81	1.271	277
36.832	19.95	30.54	0.03	7.82	1.271	277
36.864	19.90	30.48	-0.00	7.79	1.271	277
36.896	20.00	30.58	0.03	7.83	1.271	277
36.928	20.04	30.63	0.03	7.82	1.271	277
36.960	20.01	30.59	0.02	7.81	1.271	277
36.992	19.90	30.48	0.03	7.82	1.271	277
37.024	19.88	30.47	-0.00	7.79	1.271	277
37.056	19.82	30.40	0.03	7.83	1.271	277
37.088	19.98	30.57	0.02	7.82	1.271	277
37.120	20.11	30.69	0.02	7.81	1.271	277
37.152	20.08	30.66	0.03	7.82	1.271	277
37.184	20.09	30.68	0.00	7.79	1.271	277
37.216	19.96	30.54	0.04	7.83	1.271	277
37.248	20.03	30.61	0.02	7.81	1.275	278
37.280	20.01	30.59	0.02	7.81	1.275	278
37.312	20.06	30.64	0.03	7.82	1.275	278
37.344	20.11	30.69	-0.00	7.79	1.275	278
37.376	20.04	30.63	0.04	7.83	1.275	278
37.408	19.95	30.54	0.02	7.81	1.275	278
37.440	19.91	30.50	0.02	7.81	1.275	278
37.472	20.00	30.59	0.02	7.82	1.275	278
37.504	19.97	30.55	0.01	7.80	1.275	278
37.536	20.08	30.67	0.04	7.83	1.275	278
37.568	20.03	30.61	0.01	7.80	1.275	278
37.600	19.98	30.57	0.03	7.82	1.275	278
37.632	19.99	30.57	0.02	7.81	1.275	278
37.664	19.99	30.57	0.01	7.80	1.275	278
37.696	19.96	30.55	0.03	7.83	1.275	278
37.728	19.90	30.49	0.01	7.80	1.275	278
