Tempo(s)    P0(KPa) P0+Coluna(KPa)  P1(KPa) P1+Coluna(KPa)  Vazao(L/min)    Pulsos
0.000	0.20	8.22	-0.04	7.79	0.000	0
0.032	0.20	8.22	-0.00	7.82	0.000	0
0.064	0.25	8.27	-0.04	7.79	0.000	0
0.096	0.25	8.27	-0.01	7.82	0.000	0
0.128	0.25	8.27	-0.01	7.82	0.000	0
0.160	0.23	8.24	-0.02	7.81	0.000	0
0.192	0.20	8.22	-0.00	7.82	0.000	0
0.224	0.06	8.08	-0.03	7.79	0.000	0
0.256	0.13	8.15	0.01	7.83	0.000	0
0.288	-0.01	8.01	-0.00	7.82	0.000	0
0.320	-0.24	7.78	0.01	7.83	0.000	0
0.352	-0.31	7.71	0.01	7.83	0.000	0
0.384	-0.35	7.67	-0.02	7.80	0.000	0
0.416	-0.93	7.09	0.03	7.86	0.000	0
0.448	-0.85	7.17	0.01	7.83	0.000	0
0.480	-0.76	7.26	0.01	7.84	0.000	0
0.512	-0.82	7.20	0.01	7.84	0.000	0
0.544	-0.87	7.14	-0.01	7.82	0.000	0
0.576	-0.93	7.09	0.02	7.85	0.000	0
0.608	-0.84	7.18	-0.01	7.82	0.000	0
0.640	-0.91	7.10	0.01	7.84	0.000	0
0.672	-0.89	7.13	-0.00	7.83	0.000	0
0.704	-1.01	7.01	-0.00	7.82	0.000	0
0.736	-1.07	6.94	0.02	7.85	0.000	0
0.768	-1.25	6.77	-0.00	7.82	0.000	0
0.800	-1.60	6.42	0.03	7.86	0.000	0
0.832	-2.15	5.87	0.03	7.85	0.000	0
0.864	-2.86	5.16	0.04	7.86	0.000	0
0.896	-3.26	4.76	0.07	7.90	0.000	0
0.928	-4.12	3.90	0.05	7.87	0.000	0
0.960	-4.30	3.72	0.08	7.90	0.000	0
0.992	-4.33	3.69	0.06	7.89	0.000	0
1.024	-4.34	3.68	0.07	7.90	0.000	0
1.056	-4.39	3.63	0.09	7.91	0.000	0
1.088	-4.39	3.63	0.06	7.88	0.000	0
1.120	-4.27	3.74	0.09	7.92	0.000	0
1.152	-4.32	3.70	0.07	7.89	0.000	0
1.184	-4.44	3.58	0.08	7.91	0.000	0
1.216	-4.46	3.56	0.08	7.91	0.000	0
1.248	-4.08	3.94	0.05	7.87	0.000	0
1.280	-3.16	4.85	0.06	7.89	0.000	0
1.312	-3.24	4.78	0.04	7.86	0.000	0
1.344	-3.05	4.97	0.05	7.87	0.000	0
1.376	-2.72	5.30	0.05	7.87	0.000	0
1.408	-2.65	5.37	0.01	7.84	0.000	0
1.440	-2.58	5.44	0.04	7.86	0.000	0
1.472	-2.36	5.66	0.01	7.84	0.000	0
1.504	-2.11	5.91	0.03	7.86	0.000	0
1.536	-1.97	6.05	0.03	7.86	0.000	0
1.568	-2.00	6.02	0.01	7.84	0.000	0
1.600	-2.01	6.01	0.03	7.85	0.000	0
1.632	-1.93	6.09	0.00	7.83	0.000	0
1.664	-2.12	5.90	0.03	7.86	0.000	0
1.696	-2.04	5.98	0.03	7.85	0.000	0
1.728	-2.05	5.97	0.02	7.84	0.000	0
1.760	-2.24	5.78	0.03	7.86	0.000	0
1.792	-2.08	5.94	-0.00	7.82	0.000	0
1.824	-2.07	5.94	0.03	7.86	0.000	0
1.856	-1.81	6.20	0.02	7.85	0.000	0
1.888	-1.97	6.04	0.01	7.84	0.000	0
1.920	-1.94	6.08	0.02	7.85	0.000	0
1.952	-2.01	6.01	0.00	7.83	0.000	0
1.984	-2.07	5.94	0.04	7.86	0.000	0
2.016	-1.97	6.05	0.02	7.85	0.000	0
2.048	-1.99	6.03	0.02	7.85	0.000	0
2.080	-1.98	6.04	0.03	7.86	0.000	0
2.112	-2.07	5.95	0.01	7.83	0.000	0
2.144	-2.24	5.78	0.04	7.87	0.000	0
2.176	-1.89	6.13	0.02	7.85	0.000	0
2.208	-1.78	6.24	0.02	7.85	0.000	0
2.240	-1.70	6.32	0.02	7.85	0.000	0
2.272	-1.65	6.37	0.00	7.83	0.000	0
2.304	-2.12	5.90	0.04	7.86	0.000	0
2.336	-1.70	6.32	0.02	7.84	0.000	0
2.368	-1.75	6.27	0.03	7.86	0.000	0
2.400	-1.83	6.19	0.02	7.85	0.000	0
2.432	-1.79	6.23	0.01	7.84	0.000	0
2.464	-1.82	6.19	0.04	7.86	0.000	0
2.496	-1.79	6.23	-0.00	7.83	0.000	0
2.528	-1.90	6.12	0.03	7.85	0.000	0
2.560	-1.90	6.12	0.02	7.84	0.000	0
2.592	-1.88	6.14	0.01	7.84	0.000	0
2.624	-0.45	7.57	0.04	7.87	0.000	0
2.656	8.14	16.16	-0.01	7.82	0.000	0
2.688	12.20	20.22	0.02	7.85	0.000	0
2.720	13.43	21.45	0.01	7.83	0.000	0
2.752	13.88	21.90	0.01	7.83	0.000	0
2.784	13.72	21.74	0.03	7.86	0.000	0
2.816	13.09	21.11	-0.01	7.82	0.000	0
2.848	12.74	20.76	0.02	7.85	0.000	0
2.880	13.02	21.04	0.01	7.83	0.000	0
2.912	13.31	21.33	0.01	7.84	0.000	0
2.944	13.45	21.47	0.03	7.85	0.000	0
2.976	13.44	21.45	-0.01	7.82	0.000	0
3.008	13.31	21.33	0.02	7.85	0.000	0
3.040	13.26	21.28	0.01	7.83	1.028	224
3.072	13.42	21.44	0.01	7.84	1.028	224
3.104	13.54	21.56	0.03	7.85	1.028	224
3.136	13.52	21.54	-0.00	7.83	1.028	224
3.168	13.37	21.39	0.02	7.85	1.028	224
3.200	13.25	21.27	0.00	7.83	1.028	224
3.232	13.24	21.26	0.02	7.85	1.028	224
3.264	13.35	21.37	0.03	7.85	1.028	224
3.296	13.41	21.43	0.01	7.83	1.028	224
3.328	13.46	21.48	0.03	7.85	1.028	224
3.360	13.54	21.56	0.00	7.83	1.028	224
3.392	13.57	21.59	0.03	7.85	1.028	224
3.424	13.52	21.54	0.03	7.86	1.028	224
3.456	13.48	21.49	0.01	7.84	1.028	224
3.488	13.33	21.35	0.03	7.86	1.028	224
3.520	13.12	21.14	0.01	7.83	1.248	272
3.552	13.35	21.37	0.04	7.86	1.248	272
3.584	13.48	21.50	0.03	7.86	1.248	272
3.616	13.47	21.49	0.02	7.84	1.248	272
3.648	13.38	21.40	0.03	7.86	1.248	272
3.680	13.23	21.25	0.01	7.83	1.248	272
3.712	13.20	21.22	0.04	7.87	1.248	272
3.744	13.24	21.26	0.04	7.86	1.248	272
3.776	13.19	21.20	0.03	7.85	1.248	272
3.808	12.97	20.99	0.04	7.86	1.248	272
3.840	15.66	23.68	-0.03	7.79	1.248	272
3.872	15.57	23.59	0.00	7.83	1.248	272
3.904	15.55	23.57	-0.00	7.82	1.248	272
3.936	15.56	23.58	-0.01	7.81	1.248	272
3.968	15.59	23.61	-0.01	7.82	1.248	272
4.000	15.49	23.51	-0.03	7.79	1.266	276
4.032	15.49	23.51	0.00	7.83	1.266	276
4.064	15.47	23.49	-0.01	7.82	1.266	276
4.096	15.33	23.35	-0.00	7.82	1.266	276
4.128	15.37	23.39	-0.01	7.82	1.266	276
4.160	15.39	23.40	-0.03	7.80	1.266	276
4.192	15.39	23.41	0.01	7.83	1.266	276
4.224	15.35	23.37	-0.02	7.81	1.266	276
4.256	15.34	23.35	-0.00	7.82	1.266	276
4.288	15.23	23.25	-0.00	7.82	1.266	276
4.320	15.20	23.22	-0.01	7.81	1.266	276
4.352	14.91	22.93	0.02	7.84	1.266	276
4.384	15.07	23.09	-0.01	7.81	1.266	276
4.416	15.05	23.07	0.01	7.84	1.266	276
4.448	14.99	23.01	0.00	7.83	1.266	276
4.480	14.96	22.98	-0.00	7.83	1.266	276
4.512	14.88	22.90	0.03	7.85	1.266	276
4.544	14.85	22.87	-0.01	7.82	1.266	276
4.576	14.85	22.87	0.02	7.85	1.266	276
4.608	14.98	23.00	0.00	7.83	1.266	276
4.640	15.09	23.10	0.01	7.83	1.266	276
4.672	15.15	23.17	0.02	7.85	1.266	276
4.704	15.00	23.02	-0.01	7.82	1.266	276
4.736	14.96	22.98	0.03	7.85	1.266	276
4.768	14.91	22.93	0.01	7.84	1.266	276
4.800	14.96	22.98	0.02	7.84	1.266	276
4.832	15.13	23.15	0.04	7.86	1.266	276
4.864	15.12	23.14	0.01	7.83	1.266	276
4.896	15.13	23.15	0.03	7.86	1.266	276
4.928	15.21	23.23	0.01	7.84	1.266	276
4.960	15.10	23.12	0.03	7.86	1.266	276
4.992	14.85	22.87	0.05	7.87	1.266	276
5.024	13.89	21.91	0.05	7.88	1.266	276
5.056	14.85	22.87	0.06	7.89	1.266	276
5.088	14.12	22.14	0.02	7.85	1.266	276
5.120	15.37	23.39	0.03	7.85	1.266	276
5.152	15.33	23.35	0.02	7.85	1.266	276
5.184	15.24	23.26	0.01	7.84	1.266	276
5.216	15.27	23.29	0.02	7.85	1.266	276
5.248	15.17	23.19	-0.01	7.82	1.266	276
5.280	15.14	23.16	0.02	7.84	1.266	276
5.312	15.09	23.11	0.02	7.84	1.266	276
5.344	14.84	22.86	0.00	7.83	1.266	276
5.376	14.71	22.73	0.01	7.83	1.266	276
5.408	14.64	22.66	-0.02	7.80	1.271	277
5.440	14.76	22.78	0.01	7.84	1.271	277
5.472	14.94	22.96	-0.00	7.83	1.271	277
5.504	15.02	23.04	-0.01	7.82	1.271	277
5.536	14.64	22.66	-0.00	7.83	1.271	277
5.568	14.84	22.86	-0.02	7.80	1.271	277
5.600	14.82	22.84	0.02	7.84	1.271	277
5.632	14.77	22.79	-0.00	7.82	1.271	277
5.664	14.59	22.61	0.01	7.83	1.271	277
5.696	14.48	22.50	0.01	7.83	1.271	277
5.728	14.51	22.53	-0.01	7.81	1.271	277
5.760	14.45	22.47	0.02	7.85	1.271	277
5.792	14.28	22.30	-0.01	7.82	1.271	277
5.824	14.01	22.03	0.01	7.84	1.271	277
5.856	14.17	22.19	0.00	7.83	1.266	276
5.888	14.26	22.28	-0.00	7.83	1.266	276
5.920	14.28	22.29	0.03	7.85	1.266	276
5.952	14.19	22.20	-0.01	7.81	1.266	276
5.984	13.69	21.71	0.03	7.85	1.266	276
6.016	13.87	21.89	0.01	7.83	1.266	276
6.048	13.91	21.93	0.01	7.84	1.266	276
6.080	13.90	21.92	0.03	7.86	1.266	276
6.112	13.88	21.89	-0.01	7.82	1.266	276
6.144	13.83	21.84	0.03	7.85	1.266	276
6.176	13.39	21.41	0.01	7.84	1.266	276
6.208	13.49	21.50	0.01	7.84	1.266	276
6.240	13.32	21.34	0.03	7.86	1.266	276
6.272	13.51	21.53	0.01	7.83	1.266	276
6.304	13.51	21.53	0.03	7.86	1.266	276
6.336	13.49	21.51	0.01	7.84	1.261	275
6.368	13.40	21.42	0.02	7.85	1.261	275
6.400	13.58	21.59	0.03	7.85	1.261	275
6.432	13.56	21.58	0.01	7.84	1.261	275
6.464	13.54	21.56	0.03	7.85	1.261	275
6.496	13.48	21.50	0.00	7.83	1.261	275
6.528	13.26	21.28	0.04	7.86	1.261	275
6.560	13.19	21.20	0.04	7.87	1.261	275
6.592	13.34	21.36	0.01	7.84	1.261	275
6.624	13.33	21.35	0.03	7.86	1.261	275
6.656	13.88	21.90	-0.03	7.80	1.261	275
6.688	15.13	23.14	-0.00	7.83	1.261	275
6.720	15.08	23.10	-0.00	7.82	1.261	275
6.752	14.90	22.92	-0.01	7.82	1.261	275
6.784	15.17	23.19	-0.00	7.82	1.261	275
6.816	15.02	23.04	-0.03	7.80	1.261	275
6.848	14.99	23.01	0.00	7.83	1.261	275
6.880	14.64	22.66	-0.01	7.82	1.261	275
6.912	14.71	22.73	-0.01	7.82	1.261	275
6.944	14.44	22.46	-0.00	7.82	1.261	275
6.976	14.35	22.37	-0.02	7.80	1.261	275
7.008	14.33	22.35	0.02	7.84	1.261	275
7.040	14.46	22.48	-0.02	7.81	1.261	275
7.072	14.64	22.66	-0.01	7.82	1.261	275
7.104	14.44	22.46	-0.00	7.82	1.261	275
7.136	14.45	22.47	-0.01	7.81	1.261	275
7.168	14.32	22.34	0.02	7.84	1.261	275
7.200	14.23	22.25	-0.02	7.81	1.261	275
7.232	14.33	22.35	0.01	7.84	1.261	275
7.264	14.16	22.18	0.00	7.83	1.261	275
7.296	14.12	22.14	0.00	7.83	1.261	275
7.328	14.04	22.06	0.02	7.85	1.261	275
7.360	14.48	22.50	-0.01	7.82	1.261	275
7.392	14.44	22.45	0.02	7.84	1.261	275
7.424	14.37	22.39	0.00	7.83	1.261	275
7.456	14.50	22.52	0.01	7.84	1.261	275
7.488	14.56	22.58	0.02	7.84	1.261	275
7.520	14.77	22.79	-0.01	7.82	1.261	275
7.552	15.03	23.04	0.01	7.84	1.261	275
7.584	14.95	22.97	-0.00	7.82	1.261	275
7.616	14.83	22.85	0.02	7.84	1.261	275
7.648	14.85	22.87	0.02	7.85	1.261	275
7.680	14.77	22.79	-0.00	7.83	1.261	275
7.712	14.66	22.68	0.02	7.85	1.261	275
7.744	14.63	22.65	-0.01	7.82	1.266	276
7.776	14.61	22.63	0.02	7.84	1.266	276
7.808	14.55	22.57	0.02	7.85	1.266	276
7.840	14.74	22.76	0.00	7.83	1.266	276
7.872	14.65	22.67	0.02	7.84	1.266	276
7.904	14.64	22.66	-0.01	7.81	1.266	276
7.936	14.57	22.59	0.02	7.85	1.266	276
7.968	14.70	22.72	0.01	7.84	1.266	276
8.000	14.52	22.54	0.01	7.83	1.266	276
8.032	14.56	22.58	0.01	7.84	1.266	276
8.064	14.73	22.75	-0.01	7.81	1.266	276
8.096	14.74	22.76	0.02	7.85	1.266	276
8.128	14.71	22.73	0.01	7.83	1.266	276
8.160	14.81	22.83	0.00	7.83	1.266	276
8.192	15.00	23.02	0.00	7.83	1.261	275
8.224	15.25	23.27	-0.02	7.80	1.261	275
8.256	15.11	23.13	0.02	7.84	1.261	275
8.288	14.82	22.84	-0.01	7.82	1.261	275
8.320	15.02	23.04	0.01	7.83	1.261	275
8.352	14.92	22.94	0.00	7.83	1.261	275
8.384	14.84	22.86	-0.00	7.82	1.261	275
8.416	14.70	22.72	0.02	7.85	1.261	275
8.448	14.66	22.68	-0.01	7.81	1.261	275
8.480	14.62	22.64	0.02	7.84	1.261	275
8.512	14.66	22.68	0.01	7.83	1.261	275
8.544	15.23	23.25	-0.01	7.81	1.261	275
8.576	15.15	23.17	0.01	7.84	1.261	275
8.608	15.22	23.24	-0.03	7.80	1.261	275
8.640	15.20	23.22	0.01	7.84	1.261	275
8.672	15.31	23.33	-0.01	7.81	1.266	276
8.704	15.37	23.39	-0.01	7.82	1.266	276
8.736	14.96	22.98	0.01	7.84	1.266	276
8.768	15.14	23.16	-0.02	7.81	1.266	276
8.800	14.69	22.71	0.01	7.84	1.266	276
8.832	14.73	22.75	-0.01	7.82	1.266	276
8.864	14.88	22.90	0.00	7.83	1.266	276
8.896	14.84	22.86	0.01	7.84	1.266	276
8.928	15.02	23.04	-0.01	7.81	1.266	276
8.960	15.09	23.11	0.01	7.84	1.266	276
8.992	15.11	23.13	-0.02	7.81	1.266	276
9.024	15.02	23.04	0.01	7.83	1.266	276
9.056	15.30	23.32	-0.00	7.83	1.266	276
9.088	14.98	23.00	-0.01	7.82	1.266	276
9.120	15.22	23.24	0.00	7.83	1.266	276
9.152	15.38	23.40	-0.03	7.80	1.266	276
9.184	15.30	23.32	0.01	7.83	1.266	276
9.216	15.18	23.20	-0.00	7.82	1.266	276
9.248	15.06	23.08	-0.01	7.82	1.266	276
9.280	15.03	23.05	-0.00	7.83	1.266	276
9.312	15.14	23.15	-0.03	7.80	1.266	276
9.344	15.17	23.19	0.01	7.84	1.266	276
9.376	15.02	23.04	-0.00	7.82	1.266	276
9.408	14.68	22.69	0.00	7.83	1.266	276
9.440	14.83	22.85	0.00	7.83	1.266	276
9.472	14.75	22.77	-0.01	7.82	1.266	276
9.504	14.90	22.92	0.02	7.85	1.266	276
9.536	14.81	22.83	-0.01	7.81	1.266	276
9.568	14.82	22.84	0.01	7.84	1.266	276
9.600	14.83	22.85	-0.00	7.83	1.266	276
9.632	14.84	22.86	-0.01	7.82	1.266	276
9.664	14.67	22.69	0.02	7.84	1.266	276
9.696	14.79	22.81	-0.02	7.80	1.266	276
9.728	14.85	22.87	0.01	7.83	1.266	276
9.760	14.28	22.30	-0.01	7.82	1.266	276
9.792	14.36	22.38	-0.00	7.82	1.266	276
9.824	14.33	22.35	0.02	7.85	1.266	276
9.856	14.15	22.17	-0.01	7.81	1.266	276
9.888	14.29	22.31	0.02	7.84	1.266	276
9.920	14.34	22.36	-0.01	7.82	1.266	276
9.952	15.03	23.05	-0.00	7.82	1.266	276
9.984	15.35	23.37	-0.00	7.83	1.266	276
10.016	15.35	23.37	-0.03	7.80	1.266	276
10.048	15.46	23.48	-0.01	7.82	1.266	276
10.080	15.40	23.42	-0.03	7.79	1.266	276
10.112	15.37	23.39	-0.01	7.82	1.266	276
10.144	15.35	23.37	-0.00	7.82	1.266	276
10.176	15.30	23.32	-0.03	7.80	1.266	276
10.208	15.38	23.40	-0.01	7.82	1.266	276
10.240	15.43	23.45	-0.04	7.79	1.266	276
10.272	15.51	23.53	-0.01	7.82	1.266	276
10.304	15.53	23.55	-0.01	7.81	1.266	276
10.336	15.44	23.46	-0.02	7.80	1.266	276
10.368	15.28	23.30	-0.01	7.81	1.266	276
10.400	15.47	23.49	-0.05	7.78	1.266	276
10.432	15.49	23.51	-0.01	7.82	1.266	276
10.464	15.53	23.54	-0.03	7.80	1.266	276
10.496	15.54	23.56	-0.02	7.81	1.266	276
10.528	15.51	23.53	-0.02	7.80	1.266	276
10.560	15.44	23.46	-0.04	7.79	1.266	276
10.592	15.49	23.51	-0.01	7.82	1.266	276
10.624	15.48	23.50	-0.04	7.79	1.266	276
10.656	15.61	23.63	-0.02	7.81	1.266	276
10.688	15.66	23.68	-0.03	7.80	1.266	276
10.720	15.28	23.30	-0.03	7.79	1.266	276
10.752	15.27	23.29	-0.00	7.82	1.266	276
10.784	15.21	23.23	-0.05	7.78	1.266	276
10.816	15.21	23.23	-0.01	7.82	1.266	276
10.848	15.60	23.62	-0.04	7.79	1.266	276
10.880	15.67	23.69	-0.03	7.80	1.266	276
10.912	15.74	23.75	-0.01	7.82	1.266	276
10.944	15.66	23.68	-0.05	7.78	1.266	276
10.976	15.67	23.69	-0.02	7.81	1.266	276
11.008	15.88	23.89	-0.05	7.78	1.266	276
11.040	15.90	23.92	-0.03	7.80	1.266	276
11.072	15.96	23.98	-0.02	7.80	1.266	276
11.104	16.08	24.10	-0.04	7.78	1.266	276
11.136	16.12	24.14	-0.02	7.80	1.266	276
11.168	16.07	24.09	-0.05	7.77	1.266	276
11.200	16.01	24.03	-0.03	7.80	1.266	276
11.232	15.94	23.96	-0.03	7.80	1.266	276
11.264	15.91	23.93	-0.04	7.79	1.266	276
11.296	15.73	23.75	-0.03	7.80	1.266	276
11.328	16.01	24.03	-0.05	7.77	1.266	276
11.360	16.05	24.07	-0.02	7.81	1.266	276
11.392	15.96	23.98	-0.03	7.80	1.266	276
11.424	15.91	23.93	-0.03	7.79	1.266	276
11.456	15.95	23.97	-0.03	7.79	1.266	276
11.488	16.01	24.03	-0.05	7.78	1.271	277
11.520	16.09	24.11	-0.01	7.81	1.271	277
11.552	16.09	24.10	-0.04	7.78	1.271	277
11.584	15.68	23.70	-0.02	7.80	1.271	277
11.616	16.08	24.10	-0.04	7.79	1.271	277
11.648	16.08	24.10	-0.04	7.78	1.271	277
11.680	16.03	24.05	-0.01	7.82	1.271	277
11.712	16.00	24.02	-0.05	7.78	1.271	277
11.744	16.02	24.04	-0.02	7.80	1.271	277
11.776	16.05	24.07	-0.04	7.79	1.271	277
11.808	16.01	24.03	-0.04	7.79	1.271	277
11.840	15.99	24.01	-0.01	7.81	1.271	277
11.872	15.53	23.55	-0.05	7.78	1.271	277
11.904	15.49	23.51	-0.02	7.81	1.271	277
11.936	15.64	23.66	-0.04	7.79	1.266	276
11.968	15.75	23.77	-0.03	7.79	1.266	276
12.000	15.75	23.77	-0.02	7.81	1.266	276
12.032	16.08	24.10	-0.04	7.78	1.266	276
12.064	16.04	24.06	-0.02	7.81	1.266	276
12.096	16.09	24.11	-0.05	7.78	1.266	276
12.128	16.05	24.07	-0.02	7.80	1.266	276
12.160	16.09	24.11	-0.02	7.80	1.266	276
12.192	16.18	24.20	-0.04	7.79	1.266	276
12.224	16.13	24.15	-0.02	7.80	1.266	276
12.256	16.05	24.07	-0.05	7.78	1.266	276
12.288	15.99	24.00	-0.02	7.81	1.266	276
12.320	16.00	24.02	-0.02	7.80	1.266	276
12.352	16.09	24.11	-0.04	7.79	1.266	276
12.384	16.20	24.22	-0.02	7.80	1.266	276
12.416	16.23	24.24	-0.05	7.78	1.275	278
12.448	16.11	24.13	-0.01	7.82	1.275	278
12.480	15.86	23.88	-0.03	7.80	1.275	278
12.512	16.08	24.09	-0.02	7.80	1.275	278
12.544	16.12	24.14	-0.03	7.80	1.275	278
12.576	16.06	24.08	-0.04	7.78	1.275	278
12.608	16.09	24.11	-0.01	7.82	1.275	278
12.640	16.08	24.10	-0.04	7.78	1.275	278
12.672	16.03	24.05	-0.02	7.81	1.275	278
12.704	16.01	24.03	-0.03	7.80	1.275	278
12.736	15.93	23.95	-0.03	7.79	1.275	278
12.768	16.04	24.06	-0.01	7.81	1.275	278
12.800	16.16	24.18	-0.05	7.78	1.275	278
12.832	16.30	24.32	-0.02	7.81	1.275	278
12.864	16.27	24.29	-0.04	7.79	1.275	278
12.896	16.17	24.19	-0.02	7.80	1.271	277
12.928	16.12	24.14	-0.01	7.82	1.271	277
12.960	16.13	24.15	-0.04	7.78	1.271	277
12.992	16.03	24.04	-0.01	7.81	1.271	277
13.024	15.64	23.66	-0.04	7.79	1.271	277
13.056	15.66	23.68	-0.02	7.80	1.271	277
13.088	15.65	23.67	-0.02	7.81	1.271	277
13.120	15.66	23.68	-0.04	7.79	1.271	277
13.152	15.63	23.65	-0.01	7.81	1.271	277
13.184	16.11	24.13	-0.04	7.78	1.271	277
13.216	16.17	24.19	-0.02	7.81	1.271	277
13.248	16.20	24.22	-0.02	7.80	1.271	277
13.280	16.20	24.22	-0.03	7.80	1.271	277
13.312	16.15	24.17	-0.01	7.81	1.271	277
13.344	16.13	24.14	-0.05	7.78	1.271	277
13.376	16.10	24.12	-0.01	7.81	1.271	277
13.408	16.10	24.12	-0.02	7.80	1.271	277
13.440	16.01	24.03	-0.03	7.80	1.271	277
13.472	16.04	24.06	-0.02	7.80	1.271	277
13.504	16.03	24.05	-0.05	7.78	1.271	277
13.536	16.04	24.05	-0.01	7.82	1.271	277
13.568	15.99	24.00	-0.04	7.79	1.271	277
13.600	15.99	24.01	-0.02	7.81	1.271	277
13.632	15.83	23.85	-0.03	7.80	1.271	277
13.664	16.11	24.13	-0.04	7.79	1.271	277
13.696	16.14	24.16	-0.01	7.82	1.271	277
13.728	16.15	24.17	-0.05	7.78	1.271	277
13.760	16.07	24.09	-0.02	7.81	1.271	277
13.792	16.11	24.13	-0.03	7.80	1.271	277
13.824	16.15	24.17	-0.03	7.80	1.271	277
13.856	16.11	24.13	-0.01	7.82	1.271	277
13.888	16.11	24.13	-0.05	7.78	1.271	277
13.920	16.09	24.11	-0.01	7.81	1.271	277
13.952	15.69	23.71	-0.04	7.79	1.271	277
13.984	15.90	23.92	-0.03	7.80	1.271	277
14.016	15.96	23.98	-0.01	7.82	1.271	277
14.048	15.99	24.00	-0.03	7.79	1.271	277
14.080	16.00	24.02	-0.01	7.82	1.271	277
14.112	16.09	24.11	-0.03	7.79	1.271	277
14.144	15.80	23.82	-0.01	7.82	1.271	277
14.176	16.14	24.16	-0.01	7.82	1.271	277
14.208	16.11	24.13	-0.03	7.79	1.271	277
14.240	16.12	24.14	-0.01	7.81	1.271	277
14.272	16.15	24.17	-0.04	7.79	1.271	277
14.304	16.16	24.18	-0.00	7.82	1.266	276
14.336	16.14	24.16	-0.01	7.81	1.266	276
14.368	16.10	24.12	-0.02	7.80	1.266	276
14.400	15.63	23.65	-0.01	7.81	1.266	276
14.432	15.57	23.59	-0.04	7.79	1.266	276
14.464	15.53	23.55	-0.00	7.82	1.266	276
14.496	15.52	23.54	-0.02	7.80	1.266	276
14.528	15.68	23.70	-0.02	7.81	1.266	276
14.560	16.24	24.26	-0.02	7.80	1.266	276
14.592	16.22	24.24	-0.03	7.79	1.266	276
14.624	16.19	24.21	-0.00	7.82	1.266	276
14.656	16.21	24.23	-0.04	7.79	1.266	276
14.688	16.28	24.29	-0.01	7.81	1.266	276
14.720	16.19	24.21	-0.02	7.80	1.266	276
14.752	16.15	24.17	-0.03	7.80	1.275	278
14.784	16.03	24.04	0.00	7.83	1.275	278
14.816	15.99	24.01	-0.04	7.78	1.275	278
14.848	16.03	24.05	-0.01	7.82	1.275	278
14.880	15.98	24.00	-0.03	7.80	1.275	278
14.912	16.03	24.05	-0.02	7.81	1.275	278
14.944	16.06	24.08	-0.00	7.82	1.275	278
14.976	16.16	24.18	-0.04	7.79	1.275	278
15.008	16.02	24.04	-0.01	7.82	1.275	278
15.040	16.20	24.22	-0.03	7.80	1.275	278
15.072	16.25	24.27	-0.02	7.81	1.275	278
15.104	16.26	24.28	-0.01	7.82	1.275	278
15.136	16.13	24.15	-0.03	7.79	1.275	278
15.168	16.13	24.15	-0.01	7.82	1.275	278
15.200	16.14	24.16	-0.04	7.79	1.275	278
15.232	16.16	24.18	-0.01	7.81	1.271	277
15.264	16.15	24.17	-0.01	7.82	1.271	277
15.296	15.80	23.82	-0.03	7.80	1.271	277
15.328	15.66	23.68	-0.01	7.82	1.271	277
15.360	15.61	23.63	-0.04	7.79	1.271	277
15.392	15.71	23.73	-0.01	7.82	1.271	277
15.424	15.80	23.82	-0.01	7.82	1.271	277
15.456	16.13	24.15	-0.02	7.81	1.271	277
15.488	16.14	24.16	-0.01	7.82	1.271	277
15.520	16.09	24.11	-0.04	7.79	1.271	277
15.552	16.18	24.19	-0.00	7.82	1.271	277
15.584	16.17	24.19	-0.02	7.81	1.271	277
15.616	16.22	24.24	-0.01	7.81	1.271	277
15.648	16.16	24.18	-0.01	7.81	1.271	277
15.680	16.13	24.14	-0.03	7.79	1.271	277
15.712	16.00	24.02	-0.00	7.83	1.271	277
15.744	15.97	23.99	-0.03	7.79	1.271	277
15.776	16.01	24.03	-0.01	7.82	1.271	277
15.808	16.11	24.13	-0.02	7.81	1.271	277
15.840	16.22	24.24	-0.03	7.80	1.271	277
15.872	16.23	24.25	-0.00	7.82	1.271	277
15.904	15.88	23.90	-0.03	7.79	1.271	277
15.936	16.17	24.19	-0.00	7.82	1.271	277
15.968	16.14	24.15	-0.02	7.80	1.271	277
16.000	16.14	24.16	-0.02	7.80	1.271	277
16.032	16.15	24.17	0.00	7.83	1.271	277
16.064	16.22	24.24	-0.04	7.79	1.271	277
16.096	16.25	24.27	-0.00	7.82	1.271	277
16.128	15.85	23.87	-0.02	7.80	1.271	277
16.160	15.61	23.63	-0.01	7.81	1.271	277
16.192	15.63	23.64	-0.00	7.83	1.271	277
16.224	15.61	23.63	-0.03	7.79	1.271	277
16.256	16.10	24.12	-0.00	7.83	1.271	277
16.288	16.23	24.25	-0.03	7.80	1.271	277
16.320	16.20	24.22	-0.01	7.82	1.271	277
16.352	16.15	24.17	-0.01	7.82	1.271	277
16.384	16.18	24.20	-0.02	7.80	1.271	277
16.416	16.22	24.24	-0.01	7.82	1.271	277
16.448	16.21	24.23	-0.03	7.79	1.271	277
16.480	16.16	24.18	-0.00	7.82	1.271	277
16.512	16.20	24.22	-0.00	7.82	1.271	277
16.544	16.18	24.19	-0.02	7.81	1.271	277
16.576	15.73	23.75	-0.01	7.82	1.271	277
16.608	16.07	24.09	-0.04	7.79	1.271	277
16.640	16.09	24.11	0.00	7.83	1.266	276
16.672	16.17	24.19	-0.01	7.82	1.266	276
16.704	16.28	24.30	-0.01	7.81	1.266	276
16.736	16.22	24.24	-0.01	7.82	1.266	276
16.768	16.17	24.19	-0.03	7.79	1.266	276
16.800	16.10	24.12	0.00	7.83	1.266	276
16.832	15.83	23.85	-0.01	7.81	1.266	276
16.864	16.13	24.15	-0.00	7.82	1.266	276
16.896	16.11	24.13	-0.00	7.82	1.266	276
16.928	16.14	24.16	-0.03	7.80	1.266	276
16.960	16.18	24.20	0.01	7.84	1.266	276
16.992	16.11	24.13	-0.03	7.80	1.266	276
17.024	16.06	24.08	-0.00	7.82	1.266	276
17.056	15.69	23.71	-0.01	7.82	1.266	276
17.088	15.56	23.58	-0.02	7.81	1.261	275
17.120	15.70	23.72	0.01	7.84	1.261	275
17.152	15.82	23.84	-0.03	7.80	1.261	275
17.184	15.77	23.79	0.00	7.83	1.261	275
17.216	15.74	23.76	-0.01	7.81	1.261	275
17.248	16.18	24.20	-0.01	7.81	1.261	275
17.280	16.23	24.24	0.01	7.83	1.261	275
17.312	16.16	24.18	-0.03	7.80	1.261	275
17.344	16.20	24.22	0.00	7.83	1.261	275
17.376	16.21	24.23	-0.02	7.81	1.261	275
17.408	16.20	24.22	-0.01	7.82	1.261	275
17.440	16.18	24.20	0.01	7.84	1.261	275
17.472	16.12	24.14	-0.02	7.80	1.261	275
17.504	16.10	24.12	0.00	7.83	1.261	275
17.536	16.22	24.24	-0.02	7.81	1.261	275
17.568	16.30	24.32	-0.01	7.82	1.266	276
17.600	16.33	24.35	0.01	7.83	1.266	276
17.632	16.25	24.27	-0.02	7.80	1.266	276
17.664	16.20	24.22	0.00	7.83	1.266	276
17.696	15.88	23.90	-0.02	7.80	1.266	276
17.728	16.24	24.25	-0.00	7.83	1.266	276
17.760	16.27	24.29	-0.00	7.82	1.266	276
17.792	16.27	24.29	-0.01	7.81	1.266	276
17.824	16.24	24.26	0.00	7.83	1.266	276
17.856	16.21	24.23	-0.03	7.80	1.266	276
17.888	16.20	24.22	0.01	7.83	1.266	276
17.920	16.15	24.17	-0.00	7.83	1.266	276
17.952	16.15	24.17	-0.01	7.82	1.266	276
17.984	15.94	23.95	-0.00	7.83	1.266	276
18.016	16.04	24.06	-0.03	7.80	1.266	276
18.048	16.23	24.25	0.01	7.83	1.266	276
18.080	16.24	24.26	-0.01	7.82	1.266	276
18.112	16.22	24.24	-0.01	7.82	1.266	276
18.144	16.16	24.18	-0.00	7.83	1.266	276
18.176	15.97	23.99	-0.03	7.80	1.266	276
18.208	16.15	24.17	0.01	7.83	1.266	276
18.240	16.14	24.16	-0.01	7.81	1.266	276
18.272	16.14	24.16	-0.00	7.83	1.266	276
18.304	16.16	24.18	-0.01	7.82	1.266	276
18.336	16.13	24.15	-0.02	7.80	1.266	276
18.368	16.03	24.05	0.01	7.84	1.266	276
18.400	16.09	24.11	-0.02	7.80	1.266	276
18.432	16.19	24.21	-0.00	7.83	1.266	276
18.464	15.85	23.87	-0.00	7.82	1.266	276
18.496	15.80	23.82	-0.01	7.81	1.261	275
18.528	15.70	23.72	0.01	7.84	1.261	275
18.560	15.80	23.82	-0.03	7.80	1.261	275
18.592	15.77	23.79	0.00	7.83	1.261	275
18.624	16.09	24.11	-0.01	7.81	1.261	275
18.656	16.23	24.25	-0.01	7.82	1.261	275
18.688	16.15	24.17	0.01	7.84	1.261	275
18.720	16.10	24.12	-0.03	7.80	1.261	275
18.752	16.01	24.03	0.01	7.83	1.261	275
18.784	15.99	24.00	-0.01	7.81	1.261	275
18.816	15.99	24.01	-0.01	7.82	1.261	275
18.848	16.13	24.15	0.01	7.83	1.261	275
18.880	16.24	24.26	-0.02	7.81	1.261	275
18.912	16.27	24.29	0.01	7.83	1.261	275
18.944	16.17	24.19	-0.02	7.81	1.261	275
18.976	16.18	24.20	-0.00	7.82	1.257	274
19.008	16.23	24.25	0.00	7.83	1.257	274
19.040	16.26	24.28	-0.02	7.81	1.257	274
19.072	16.33	24.34	0.01	7.83	1.257	274
19.104	16.31	24.33	-0.03	7.80	1.257	274
19.136	16.18	24.20	-0.00	7.82	1.257	274
19.168	16.12	24.14	0.01	7.83	1.257	274
19.200	15.67	23.69	-0.01	7.81	1.257	274
19.232	15.72	23.74	0.00	7.83	1.257	274
19.264	15.80	23.82	-0.03	7.80	1.257	274
19.296	15.92	23.94	0.00	7.83	1.257	274
19.328	15.96	23.98	-0.00	7.83	1.257	274
19.360	16.19	24.21	-0.01	7.82	1.257	274
19.392	16.26	24.28	0.00	7.83	1.257	274
19.424	16.30	24.32	-0.03	7.80	1.257	274
19.456	16.23	24.24	0.01	7.83	1.257	274
19.488	16.18	24.20	-0.01	7.82	1.257	274
19.520	16.23	24.25	-0.01	7.82	1.257	274
19.552	16.18	24.20	-0.00	7.82	1.257	274
19.584	16.18	24.20	-0.03	7.80	1.257	274
19.616	16.12	24.14	0.01	7.83	1.257	274
19.648	16.11	24.13	-0.01	7.82	1.257	274
19.680	16.09	24.11	-0.00	7.83	1.257	274
19.712	16.21	24.23	-0.00	7.82	1.257	274
19.744	15.99	24.01	-0.02	7.80	1.257	274
19.776	16.25	24.27	0.01	7.84	1.257	274
19.808	16.18	24.20	-0.03	7.80	1.257	274
19.840	16.22	24.24	-0.00	7.83	1.257	274
19.872	16.21	24.23	-0.01	7.81	1.257	274
19.904	16.19	24.21	-0.02	7.81	1.261	275
19.936	16.22	24.24	0.01	7.84	1.261	275
19.968	16.13	24.15	-0.03	7.80	1.261	275
20.000	16.24	24.26	0.00	7.83	1.261	275
20.032	16.19	24.21	-0.01	7.81	1.261	275
20.064	16.16	24.18	-0.01	7.81	1.261	275
20.096	15.85	23.87	0.01	7.83	1.261	275
20.128	16.20	24.22	-0.03	7.80	1.261	275
20.160	16.26	24.28	-0.00	7.83	1.261	275
20.192	16.19	24.21	-0.01	7.81	1.261	275
20.224	16.20	24.22	-0.01	7.82	1.261	275
20.256	16.19	24.21	0.01	7.83	1.261	275
20.288	16.30	24.32	-0.02	7.80	1.261	275
20.320	16.31	24.33	0.01	7.83	1.261	275
20.352	16.18	24.20	-0.01	7.81	1.261	275
20.384	16.10	24.12	-0.00	7.83	1.261	275
20.416	16.12	24.14	0.01	7.83	1.261	275
20.448	16.14	24.15	-0.02	7.81	1.261	275
20.480	16.11	24.13	0.00	7.83	1.261	275
20.512	16.14	24.16	-0.03	7.80	1.261	275
20.544	16.15	24.17	0.00	7.83	1.261	275
20.576	16.28	24.30	0.00	7.83	1.261	275
20.608	16.39	24.41	-0.01	7.82	1.261	275
20.640	16.33	24.35	0.00	7.83	1.261	275
20.672	16.29	24.31	-0.03	7.80	1.261	275
20.704	16.25	24.27	0.00	7.83	1.261	275
20.736	15.95	23.97	-0.00	7.83	1.261	275
20.768	16.20	24.22	-0.01	7.81	1.261	275
20.800	16.19	24.20	-0.00	7.83	1.261	275
20.832	16.26	24.28	-0.03	7.80	1.266	276
20.864	16.22	24.24	0.01	7.83	1.266	276
20.896	15.83	23.85	-0.01	7.82	1.266	276
20.928	16.13	24.15	-0.01	7.82	1.266	276
20.960	16.09	24.11	-0.00	7.82	1.266	276
20.992	16.21	24.23	-0.03	7.80	1.266	276
21.024	16.29	24.31	0.01	7.83	1.266	276
21.056	16.26	24.28	-0.01	7.81	1.266	276
21.088	16.22	24.24	-0.00	7.82	1.266	276
21.120	16.26	24.28	-0.01	7.82	1.266	276
21.152	16.17	24.19	-0.02	7.80	1.266	276
21.184	16.17	24.19	0.01	7.83	1.266	276
21.216	16.25	24.27	-0.03	7.80	1.266	276
21.248	15.91	23.93	-0.00	7.82	1.266	276
21.280	16.20	24.22	-0.01	7.81	1.266	276
21.312	16.14	24.16	-0.02	7.81	1.261	275
21.344	16.09	24.11	0.01	7.83	1.261	275
21.376	16.06	24.08	-0.03	7.79	1.261	275
21.408	16.01	24.03	0.00	7.83	1.261	275
21.440	16.25	24.27	-0.01	7.81	1.261	275
21.472	16.31	24.33	-0.02	7.81	1.261	275
21.504	16.23	24.25	0.01	7.84	1.261	275
21.536	16.25	24.27	-0.03	7.80	1.261	275
21.568	16.11	24.13	0.00	7.83	1.261	275
21.600	16.23	24.25	-0.02	7.81	1.261	275
21.632	16.22	24.24	-0.01	7.81	1.261	275
21.664	16.23	24.25	0.00	7.83	1.261	275
21.696	16.14	24.16	-0.03	7.80	1.261	275
21.728	16.07	24.09	0.00	7.83	1.261	275
21.760	15.96	23.98	-0.03	7.80	1.261	275
21.792	16.06	24.08	-0.01	7.82	1.261	275
21.824	16.06	24.08	-0.00	7.82	1.261	275
21.856	16.16	24.18	-0.03	7.80	1.261	275
21.888	16.29	24.30	0.00	7.83	1.261	275
21.920	16.07	24.09	-0.02	7.80	1.261	275
21.952	16.19	24.21	-0.01	7.82	1.261	275
21.984	16.15	24.17	-0.00	7.83	1.261	275
22.016	16.16	24.18	-0.02	7.81	1.261	275
22.048	16.11	24.13	0.00	7.83	1.261	275
22.080	15.78	23.79	-0.03	7.79	1.261	275
22.112	16.15	24.17	-0.00	7.83	1.261	275
22.144	16.12	24.14	-0.00	7.83	1.261	275
22.176	16.10	24.12	-0.01	7.81	1.261	275
22.208	15.99	24.01	-0.00	7.83	1.261	275
22.240	15.71	23.73	-0.03	7.79	1.261	275
22.272	16.15	24.17	0.00	7.83	1.261	275
22.304	16.23	24.25	-0.00	7.82	1.261	275
22.336	16.22	24.24	-0.01	7.81	1.261	275
22.368	16.14	24.16	-0.00	7.82	1.261	275
22.400	15.92	23.94	-0.03	7.79	1.261	275
22.432	16.09	24.11	0.01	7.83	1.261	275
22.464	16.06	24.08	-0.01	7.81	1.261	275
22.496	16.07	24.09	-0.01	7.82	1.261	275
22.528	16.11	24.13	-0.01	7.82	1.261	275
22.560	16.12	24.14	-0.03	7.80	1.261	275
22.592	16.05	24.07	0.00	7.83	1.261	275
22.624	16.03	24.05	-0.02	7.81	1.261	275
22.656	16.04	24.05	-0.00	7.82	1.261	275
22.688	16.02	24.04	-0.01	7.81	1.261	275
22.720	15.74	23.75	-0.03	7.80	1.261	275
22.752	16.16	24.18	0.01	7.83	1.261	275
22.784	16.18	24.20	-0.03	7.80	1.261	275
22.816	16.16	24.18	-0.00	7.82	1.261	275
22.848	16.11	24.13	-0.01	7.82	1.261	275
22.880	16.12	24.14	-0.02	7.80	1.261	275
22.912	15.85	23.87	0.01	7.84	1.261	275
22.944	16.14	24.15	-0.03	7.79	1.261	275
22.976	16.15	24.17	-0.00	7.82	1.261	275
23.008	16.09	24.11	-0.01	7.81	1.261	275
23.040	16.02	24.04	-0.01	7.81	1.261	275
23.072	15.98	24.00	0.00	7.83	1.261	275
23.104	15.63	23.64	-0.03	7.80	1.261	275
23.136	16.04	24.06	-0.00	7.82	1.261	275
23.168	16.12	24.14	-0.02	7.81	1.261	275
23.200	16.14	24.16	-0.01	7.81	1.261	275
23.232	16.02	24.04	0.00	7.83	1.261	275
23.264	15.65	23.67	-0.03	7.80	1.261	275
23.296	15.97	23.99	0.00	7.83	1.261	275
23.328	16.07	24.09	-0.02	7.80	1.261	275
23.360	16.08	24.10	-0.01	7.82	1.261	275
23.392	16.05	24.07	-0.00	7.82	1.261	275
23.424	15.97	23.99	-0.02	7.80	1.261	275
23.456	15.75	23.77	-0.00	7.83	1.261	275
23.488	15.90	23.92	-0.03	7.80	1.261	275
23.520	15.88	23.90	-0.00	7.83	1.261	275
23.552	15.84	23.85	-0.00	7.82	1.261	275
23.584	15.96	23.98	-0.01	7.81	1.261	275
23.616	16.05	24.07	-0.00	7.82	1.261	275
23.648	15.91	23.93	-0.03	7.79	1.261	275
23.680	16.05	24.07	-0.00	7.83	1.261	275
23.712	15.96	23.98	-0.01	7.82	1.261	275
23.744	15.95	23.97	-0.01	7.81	1.261	275
23.776	15.94	23.96	-0.00	7.82	1.261	275
23.808	15.75	23.77	-0.03	7.80	1.261	275
23.840	15.26	23.28	0.02	7.84	1.261	275
23.872	14.75	22.77	0.01	7.83	1.261	275
23.904	14.64	22.66	0.01	7.84	1.261	275
23.936	14.38	22.40	0.01	7.84	1.261	275
23.968	14.41	22.43	-0.00	7.83	1.261	275
24.000	14.34	22.36	0.03	7.85	1.261	275
24.032	14.74	22.76	-0.01	7.82	1.261	275
24.064	14.77	22.79	0.01	7.84	1.261	275
24.096	14.80	22.82	-0.00	7.83	1.261	275
24.128	14.81	22.83	-0.00	7.82	1.261	275
24.160	14.55	22.57	0.02	7.85	1.261	275
24.192	14.90	22.92	-0.02	7.81	1.261	275
24.224	14.86	22.88	0.02	7.84	1.261	275
24.256	14.70	22.72	-0.00	7.82	1.261	275
24.288	14.57	22.59	0.00	7.83	1.261	275
24.320	14.87	22.89	0.02	7.85	1.261	275
24.352	14.18	22.20	-0.01	7.82	1.261	275
24.384	14.45	22.47	0.02	7.85	1.261	275
24.416	14.49	22.50	-0.00	7.83	1.261	275
24.448	14.56	22.58	0.02	7.84	1.261	275
24.480	14.56	22.58	0.02	7.85	1.261	275
24.512	14.05	22.07	0.01	7.83	1.261	275
24.544	14.31	22.33	0.03	7.85	1.261	275
24.576	14.25	22.27	-0.00	7.83	1.261	275
24.608	14.24	22.26	0.03	7.85	1.261	275
24.640	14.16	22.18	0.03	7.85	1.261	275
24.672	13.94	21.96	0.01	7.84	1.261	275
24.704	13.95	21.97	0.03	7.86	1.261	275
24.736	14.09	22.11	-0.00	7.83	1.261	275
24.768	14.07	22.09	0.04	7.86	1.261	275
24.800	13.83	21.84	0.03	7.85	1.261	275
24.832	13.84	21.86	0.02	7.85	1.261	275
24.864	13.41	21.43	0.04	7.86	1.261	275
24.896	13.91	21.93	0.00	7.83	1.261	275
24.928	13.85	21.87	0.04	7.87	1.261	275
24.960	13.93	21.95	0.02	7.85	1.261	275
24.992	13.92	21.94	0.02	7.85	1.261	275
25.024	13.38	21.40	0.02	7.85	1.261	275
25.056	13.83	21.85	0.01	7.83	1.266	276
25.088	13.88	21.90	0.04	7.87	1.266	276
25.120	14.01	22.03	0.01	7.84	1.266	276
25.152	14.00	22.02	0.03	7.85	1.266	276
25.184	13.59	21.60	0.02	7.84	1.266	276
25.216	13.70	21.72	0.01	7.84	1.266	276
25.248	13.63	21.65	0.04	7.87	1.266	276
25.280	13.48	21.50	0.01	7.83	1.266	276
25.312	13.74	21.75	0.03	7.86	1.266	276
25.344	13.38	21.40	0.02	7.85	1.266	276
25.376	13.64	21.65	0.02	7.85	1.266	276
25.408	13.54	21.55	0.05	7.87	1.266	276
25.440	13.57	21.59	0.01	7.83	1.266	276
25.472	13.05	21.07	0.04	7.87	1.266	276
25.504	13.19	21.21	0.03	7.85	1.266	276
25.536	13.18	21.20	0.03	7.86	1.261	275
25.568	13.44	21.46	0.05	7.87	1.261	275
25.600	13.43	21.45	0.02	7.84	1.261	275
25.632	12.84	20.86	0.04	7.87	1.261	275
25.664	13.15	21.17	0.02	7.85	1.261	275
25.696	13.39	21.41	0.04	7.86	1.261	275
25.728	13.37	21.39	0.04	7.87	1.261	275
25.760	13.63	21.65	0.02	7.84	1.261	275
25.792	13.34	21.35	0.04	7.87	1.261	275
25.824	13.10	21.12	0.01	7.84	1.261	275
25.856	13.26	21.28	0.04	7.87	1.261	275
25.888	13.30	21.32	0.04	7.87	1.261	275
25.920	13.18	21.20	0.03	7.85	1.261	275
25.952	13.12	21.14	0.05	7.87	1.261	275
25.984	13.26	21.28	0.01	7.84	1.261	275
26.016	12.76	20.78	0.06	7.88	1.261	275
26.048	12.67	20.69	0.04	7.87	1.261	275
26.080	12.55	20.57	0.04	7.87	1.261	275
26.112	12.59	20.61	0.04	7.87	1.261	275
26.144	12.76	20.78	0.02	7.85	1.261	275
26.176	13.09	21.11	0.05	7.88	1.261	275
26.208	13.22	21.24	0.03	7.86	1.261	275
26.240	13.12	21.14	0.04	7.87	1.261	275
26.272	13.09	21.11	0.04	7.86	1.261	275
26.304	13.11	21.13	0.02	7.85	1.261	275
26.336	13.21	21.23	0.05	7.88	1.261	275
26.368	12.97	20.99	0.03	7.85	1.261	275
26.400	12.83	20.85	0.05	7.88	1.261	275
26.432	13.11	21.13	0.03	7.86	1.261	275
26.464	12.87	20.89	0.03	7.85	1.261	275
26.496	12.99	21.01	0.06	7.88	1.261	275
26.528	13.07	21.09	0.02	7.84	1.261	275
26.560	13.03	21.05	0.05	7.87	1.261	275
26.592	13.07	21.09	0.03	7.86	1.261	275
26.624	13.27	21.29	0.03	7.85	1.261	275
26.656	13.05	21.07	0.05	7.88	1.261	275
26.688	12.86	20.88	0.02	7.84	1.261	275
26.720	13.21	21.23	0.05	7.87	1.261	275
26.752	13.11	21.13	0.03	7.85	1.261	275
26.784	12.77	20.79	0.05	7.87	1.261	275
26.816	12.72	20.74	0.05	7.88	1.261	275
26.848	12.74	20.76	0.04	7.86	1.261	275
26.880	12.80	20.82	0.06	7.88	1.261	275
26.912	12.54	20.56	0.02	7.85	1.261	275
26.944	12.94	20.96	0.05	7.87	1.261	275
26.976	12.98	21.00	0.05	7.87	1.261	275
27.008	13.18	21.20	0.02	7.85	1.261	275
27.040	13.26	21.28	0.05	7.87	1.261	275
27.072	13.55	21.57	0.01	7.84	1.261	275
27.104	13.47	21.49	0.05	7.87	1.261	275
27.136	12.99	21.01	0.04	7.87	1.261	275
27.168	12.83	20.85	0.03	7.86	1.261	275
27.200	12.74	20.76	0.05	7.87	1.261	275
27.232	12.79	20.81	0.02	7.84	1.261	275
27.264	12.75	20.77	0.06	7.88	1.261	275
27.296	12.94	20.96	0.04	7.86	1.261	275
27.328	13.14	21.15	0.04	7.86	1.261	275
27.360	13.00	21.02	0.04	7.87	1.261	275
27.392	12.98	21.00	0.03	7.85	1.261	275
27.424	13.04	21.06	0.05	7.88	1.261	275
27.456	13.24	21.26	0.03	7.85	1.261	275
27.488	13.34	21.36	0.04	7.87	1.261	275
27.520	13.32	21.34	0.04	7.86	1.261	275
27.552	13.32	21.34	0.03	7.85	1.261	275
27.584	13.25	21.27	0.06	7.88	1.261	275
27.616	13.31	21.33	0.02	7.84	1.261	275
27.648	13.10	21.12	0.04	7.87	1.261	275
27.680	13.20	21.22	0.03	7.86	1.261	275
27.712	13.26	21.28	0.03	7.85	1.261	275
27.744	13.14	21.16	0.05	7.88	1.261	275
27.776	13.24	21.26	0.01	7.84	1.261	275
27.808	13.20	21.22	0.05	7.88	1.261	275
27.840	12.74	20.76	0.03	7.86	1.261	275
27.872	12.85	20.87	0.04	7.86	1.261	275
27.904	13.09	21.11	0.05	7.88	1.261	275
27.936	13.21	21.23	0.02	7.85	1.261	275
27.968	13.30	21.32	0.05	7.87	1.261	275
28.000	13.28	21.29	0.03	7.85	1.261	275
28.032	13.18	21.19	0.04	7.87	1.261	275
28.064	13.14	21.15	0.05	7.88	1.261	275
28.096	13.02	21.04	0.02	7.85	1.261	275
28.128	13.19	21.21	0.05	7.88	1.261	275
28.160	13.24	21.25	0.02	7.85	1.261	275
28.192	13.24	21.26	0.04	7.87	1.261	275
28.224	12.99	21.01	0.05	7.87	1.261	275
28.256	13.09	21.11	0.03	7.86	1.261	275
28.288	12.89	20.91	0.05	7.88	1.261	275
28.320	12.95	20.97	0.02	7.84	1.261	275
28.352	13.09	21.11	0.05	7.88	1.261	275
28.384	13.09	21.11	0.05	7.87	1.261	275
28.416	13.05	21.07	0.04	7.87	1.261	275
28.448	12.60	20.62	0.05	7.88	1.261	275
28.480	13.04	21.06	0.02	7.84	1.261	275
28.512	13.06	21.08	0.05	7.88	1.261	275
28.544	13.07	21.09	0.04	7.87	1.261	275
28.576	13.28	21.30	0.04	7.86	1.261	275
28.608	13.04	21.05	0.05	7.87	1.261	275
28.640	13.04	21.06	0.02	7.85	1.261	275
28.672	13.15	21.17	0.05	7.88	1.261	275
28.704	13.28	21.30	0.04	7.86	1.261	275
28.736	13.33	21.35	0.03	7.86	1.261	275
28.768	13.38	21.40	0.04	7.87	1.261	275
28.800	13.39	21.41	0.02	7.84	1.266	276
28.832	13.30	21.32	0.06	7.88	1.266	276
28.864	13.18	21.19	0.03	7.86	1.266	276
28.896	13.13	21.15	0.05	7.87	1.266	276
28.928	12.76	20.78	0.04	7.87	1.266	276
28.960	12.88	20.90	0.03	7.85	1.266	276
28.992	12.92	20.94	0.06	7.88	1.266	276
29.024	12.76	20.78	0.02	7.85	1.266	276
29.056	12.77	20.79	0.05	7.88	1.266	276
29.088	13.04	21.05	0.04	7.87	1.266	276
29.120	13.10	21.12	0.03	7.86	1.266	276
29.152	13.20	21.22	0.05	7.88	1.266	276
29.184	13.34	21.36	0.02	7.84	1.266	276
29.216	13.32	21.34	0.05	7.88	1.266	276
29.248	13.36	21.38	0.03	7.86	1.266	276
29.280	13.30	21.32	0.03	7.86	1.261	275
29.312	13.30	21.32	0.06	7.88	1.261	275
29.344	13.31	21.33	0.02	7.85	1.261	275
29.376	13.23	21.24	0.05	7.88	1.261	275
29.408	13.37	21.39	0.03	7.85	1.261	275
29.440	13.33	21.35	0.04	7.86	1.261	275
29.472	13.24	21.26	0.05	7.88	1.261	275
29.504	13.19	21.21	0.02	7.85	1.261	275
29.536	13.01	21.03	0.05	7.88	1.261	275
29.568	12.76	20.78	0.03	7.86	1.261	275
29.600	13.21	21.23	0.04	7.87	1.261	275
29.632	13.26	21.28	0.05	7.88	1.261	275
29.664	13.28	21.30	0.03	7.85	1.261	275
29.696	13.32	21.34	0.05	7.88	1.261	275
29.728	13.31	21.33	0.03	7.85	1.257	274
29.760	13.23	21.25	0.04	7.87	1.257	274
29.792	13.13	21.15	0.06	7.88	1.257	274
29.824	12.90	20.92	0.04	7.86	1.257	274
29.856	13.13	21.15	0.05	7.88	1.257	274
29.888	13.10	21.12	0.02	7.85	1.257	274
29.920	13.08	21.10	0.06	7.88	1.257	274
29.952	13.12	21.14	0.05	7.87	1.257	274
29.984	13.16	21.18	0.03	7.86	1.257	274
30.016	13.23	21.25	0.05	7.88	1.257	274
30.048	13.13	21.15	0.02	7.84	1.257	274
30.080	13.68	21.70	0.04	7.87	1.257	274
30.112	13.61	21.63	0.04	7.87	1.257	274
30.144	13.53	21.54	0.03	7.86	1.257	274
30.176	13.48	21.49	0.04	7.87	1.257	274
30.208	13.57	21.59	0.02	7.84	1.261	275
30.240	13.59	21.61	0.05	7.88	1.261	275
30.272	13.20	21.22	0.04	7.87	1.261	275
30.304	13.77	21.79	0.02	7.85	1.261	275
30.336	13.77	21.79	0.04	7.86	1.261	275
30.368	13.74	21.75	0.01	7.83	1.261	275
30.400	13.89	21.90	0.05	7.87	1.261	275
30.432	13.91	21.93	0.03	7.85	1.261	275
30.464	14.04	22.06	0.02	7.85	1.261	275
30.496	13.76	21.78	0.03	7.86	1.261	275
30.528	14.09	22.11	0.01	7.84	1.261	275
30.560	14.14	22.16	0.04	7.87	1.261	275
30.592	14.16	22.18	0.02	7.85	1.261	275
30.624	14.34	22.35	0.02	7.85	1.261	275
30.656	14.31	22.33	0.02	7.85	1.261	275
30.688	14.08	22.10	0.01	7.83	1.257	274
30.720	14.32	22.34	0.04	7.86	1.257	274
30.752	14.30	22.32	0.01	7.84	1.257	274
30.784	14.22	22.24	0.02	7.85	1.257	274
30.816	14.12	22.14	0.02	7.84	1.257	274
30.848	14.04	22.06	0.01	7.83	1.257	274
30.880	14.23	22.25	0.04	7.86	1.257	274
30.912	14.43	22.44	-0.00	7.83	1.257	274
30.944	14.48	22.49	0.02	7.85	1.257	274
30.976	14.51	22.53	0.01	7.84	1.257	274
31.008	14.30	22.32	0.01	7.83	1.257	274
31.040	14.51	22.53	0.04	7.86	1.257	274
31.072	14.68	22.70	-0.00	7.82	1.257	274
31.104	14.64	22.65	0.02	7.85	1.257	274
31.136	14.65	22.67	0.01	7.84	1.257	274
31.168	14.58	22.60	0.01	7.83	1.257	274
31.200	14.25	22.27	0.03	7.86	1.257	274
31.232	14.61	22.63	-0.00	7.82	1.257	274
31.264	14.65	22.67	0.03	7.85	1.257	274
31.296	14.64	22.66	0.01	7.83	1.257	274
31.328	14.66	22.68	0.01	7.83	1.257	274
31.360	14.82	22.84	0.03	7.86	1.257	274
31.392	14.82	22.84	-0.00	7.82	1.257	274
31.424	14.41	22.43	0.03	7.85	1.257	274
31.456	14.66	22.68	0.01	7.84	1.257	274
31.488	14.70	22.72	0.01	7.84	1.257	274
31.520	14.76	22.78	0.03	7.85	1.257	274
31.552	14.72	22.74	-0.00	7.82	1.257	274
31.584	14.79	22.80	0.02	7.85	1.257	274
31.616	14.35	22.37	0.01	7.83	1.261	275
31.648	14.68	22.70	0.02	7.84	1.261	275
31.680	14.65	22.67	0.03	7.85	1.261	275
31.712	14.72	22.74	0.01	7.83	1.261	275
31.744	14.73	22.75	0.03	7.85	1.261	275
31.776	14.86	22.88	0.00	7.83	1.261	275
31.808	14.53	22.55	0.02	7.84	1.261	275
31.840	14.82	22.84	0.03	7.85	1.261	275
31.872	14.74	22.76	0.01	7.83	1.261	275
31.904	14.73	22.75	0.03	7.85	1.261	275
31.936	14.76	22.78	0.00	7.83	1.261	275
31.968	14.76	22.78	0.02	7.85	1.261	275
32.000	14.86	22.88	0.02	7.85	1.261	275
32.032	14.47	22.49	0.01	7.84	1.261	275
32.064	14.82	22.84	0.03	7.85	1.257	274
32.096	14.67	22.69	-0.00	7.82	1.257	274
32.128	14.69	22.71	0.03	7.85	1.257	274
32.160	14.69	22.70	0.02	7.85	1.257	274
32.192	14.77	22.79	0.01	7.84	1.257	274
32.224	14.66	22.68	0.03	7.85	1.257	274
32.256	14.95	22.97	-0.00	7.82	1.257	274
32.288	14.89	22.91	0.03	7.86	1.257	274
32.320	14.82	22.84	0.02	7.85	1.257	274
32.352	14.88	22.90	0.01	7.84	1.257	274
32.384	14.81	22.83	0.02	7.85	1.257	274
32.416	14.75	22.77	-0.00	7.82	1.257	274
32.448	14.80	22.82	0.03	7.86	1.257	274
32.480	15.04	23.06	0.02	7.84	1.257	274
32.512	14.98	23.00	0.02	7.84	1.257	274
32.544	14.84	22.85	0.02	7.85	1.257	274
32.576	14.88	22.90	-0.00	7.83	1.257	274
32.608	14.87	22.89	0.03	7.86	1.257	274
32.640	14.79	22.81	0.01	7.84	1.257	274
32.672	15.03	23.05	0.03	7.85	1.257	274
32.704	15.02	23.04	0.02	7.84	1.257	274
32.736	15.03	23.05	0.01	7.83	1.257	274
32.768	15.00	23.02	0.04	7.86	1.257	274
32.800	14.68	22.70	0.00	7.83	1.257	274
32.832	14.98	23.00	0.03	7.85	1.257	274
32.864	15.01	23.03	0.02	7.84	1.257	274
32.896	15.03	23.05	0.01	7.84	1.257	274
32.928	14.94	22.95	0.04	7.86	1.257	274
32.960	14.88	22.89	-0.00	7.82	1.257	274
32.992	14.87	22.89	0.03	7.85	1.257	274
33.024	14.51	22.53	0.01	7.84	1.257	274
33.056	14.99	23.01	0.01	7.84	1.257	274
33.088	14.99	23.01	0.04	7.86	1.257	274
33.120	15.03	23.05	-0.00	7.82	1.257	274
33.152	15.02	23.04	0.03	7.85	1.257	274
33.184	14.96	22.98	0.01	7.84	1.257	274
33.216	14.87	22.89	0.01	7.84	1.257	274
33.248	14.80	22.82	0.03	7.85	1.257	274
33.280	14.96	22.98	-0.01	7.82	1.257	274
33.312	15.03	23.05	0.02	7.85	1.257	274
33.344	14.97	22.99	0.00	7.83	1.257	274
33.376	14.96	22.98	0.01	7.84	1.257	274
33.408	14.91	22.93	0.02	7.85	1.257	274
33.440	14.98	23.00	-0.00	7.83	1.257	274
33.472	15.03	23.04	0.02	7.85	1.257	274
33.504	15.13	23.15	-0.00	7.82	1.257	274
33.536	15.11	23.13	0.02	7.84	1.257	274
33.568	15.11	23.13	0.02	7.84	1.257	274
33.600	14.96	22.98	-0.00	7.82	1.257	274
33.632	15.12	23.14	0.02	7.85	1.257	274
33.664	15.18	23.20	-0.01	7.82	1.257	274
33.696	15.21	23.23	0.02	7.85	1.257	274
33.728	15.16	23.18	0.02	7.85	1.257	274
33.760	14.78	22.80	0.00	7.83	1.257	274
33.792	15.13	23.15	0.02	7.85	1.257	274
33.824	15.09	23.11	-0.01	7.81	1.257	274
33.856	15.02	23.04	0.02	7.85	1.257	274
33.888	14.92	22.94	0.01	7.84	1.257	274
33.920	14.75	22.77	0.01	7.83	1.257	274
33.952	15.15	23.17	0.02	7.84	1.257	274
33.984	15.13	23.15	-0.01	7.81	1.257	274
34.016	14.99	23.01	0.02	7.85	1.257	274
34.048	15.05	23.07	0.01	7.83	1.257	274
34.080	14.90	22.92	0.01	7.84	1.257	274
34.112	15.07	23.09	0.01	7.84	1.257	274
34.144	14.97	22.99	-0.01	7.82	1.257	274
34.176	15.00	23.02	0.03	7.85	1.257	274
34.208	15.02	23.04	-0.00	7.82	1.257	274
34.240	14.98	23.00	0.01	7.84	1.257	274
34.272	14.64	22.66	0.01	7.84	1.257	274
34.304	14.91	22.93	-0.00	7.82	1.257	274
34.336	14.97	22.99	0.02	7.85	1.257	274
34.368	15.10	23.12	-0.01	7.82	1.257	274
34.400	15.06	23.08	0.02	7.84	1.257	274
34.432	14.74	22.76	0.01	7.83	1.257	274
34.464	15.04	23.06	-0.00	7.83	1.257	274
34.496	15.02	23.04	0.02	7.85	1.257	274
34.528	15.03	23.05	-0.02	7.81	1.257	274
34.560	15.06	23.08	0.02	7.84	1.257	274
34.592	14.92	22.94	-0.00	7.83	1.257	274
34.624	15.16	23.18	0.00	7.83	1.257	274
34.656	15.10	23.12	0.02	7.85	1.257	274
34.688	14.97	22.99	-0.01	7.81	1.257	274
34.720	15.03	23.05	0.02	7.85	1.257	274
34.752	14.96	22.98	-0.00	7.82	1.257	274
34.784	14.83	22.84	0.01	7.84	1.257	274
34.816	15.12	23.14	0.02	7.85	1.257	274
34.848	15.15	23.17	-0.01	7.82	1.257	274
34.880	15.11	23.13	0.02	7.84	1.261	275
34.912	15.07	23.09	-0.01	7.82	1.261	275
34.944	15.10	23.12	0.01	7.84	1.261	275
34.976	15.07	23.09	0.01	7.84	1.261	275
35.008	15.08	23.10	-0.01	7.82	1.261	275
35.040	15.02	23.04	0.02	7.84	1.261	275
35.072	14.99	23.01	-0.01	7.82	1.261	275
35.104	14.85	22.87	0.02	7.84	1.261	275
35.136	14.89	22.91	0.02	7.84	1.261	275
35.168	14.91	22.93	-0.00	7.83	1.261	275
35.200	14.97	22.99	0.02	7.84	1.261	275
35.232	15.11	23.13	-0.01	7.81	1.261	275
35.264	14.75	22.77	0.02	7.85	1.261	275
35.296	15.05	23.07	0.01	7.84	1.261	275
35.328	15.02	23.04	0.01	7.83	1.261	275
35.360	14.96	22.98	0.01	7.84	1.257	274
35.392	14.99	23.01	-0.02	7.81	1.257	274
35.424	14.80	22.82	0.02	7.85	1.257	274
35.456	14.87	22.89	0.01	7.83	1.257	274
35.488	15.02	23.04	0.01	7.83	1.257	274
35.520	14.96	22.98	0.01	7.84	1.257	274
35.552	14.95	22.97	-0.01	7.82	1.257	274
35.584	14.95	22.97	0.02	7.85	1.257	274
35.616	14.58	22.59	-0.00	7.82	1.257	274
35.648	14.98	22.99	0.01	7.84	1.257	274
35.680	15.09	23.10	0.00	7.83	1.257	274
35.712	15.11	23.13	-0.00	7.82	1.257	274
35.744	15.06	23.08	0.02	7.85	1.257	274
35.776	14.99	23.01	-0.01	7.81	1.257	274
35.808	14.89	22.91	0.02	7.84	1.257	274
35.840	14.92	22.94	0.00	7.83	1.257	274
35.872	14.90	22.92	-0.00	7.83	1.257	274
35.904	14.94	22.95	0.02	7.85	1.257	274
35.936	14.94	22.96	-0.01	7.81	1.257	274
35.968	14.94	22.96	0.02	7.84	1.257	274
36.000	14.93	22.94	-0.00	7.82	1.257	274
36.032	14.84	22.86	0.00	7.83	1.257	274
36.064	14.90	22.92	0.02	7.85	1.257	274
36.096	15.03	23.05	-0.01	7.82	1.257	274
36.128	15.04	23.05	0.02	7.84	1.257	274
36.160	14.96	22.98	-0.01	7.82	1.257	274
36.192	14.93	22.95	0.01	7.83	1.257	274
36.224	14.94	22.96	0.01	7.84	1.257	274
36.256	14.96	22.98	-0.01	7.82	1.257	274
36.288	14.99	23.01	0.02	7.84	1.261	275
36.320	14.95	22.97	-0.01	7.81	1.261	275
36.352	14.97	22.99	0.01	7.84	1.261	275
36.384	14.95	22.97	0.02	7.84	1.261	275
36.416	14.88	22.89	-0.00	7.83	1.261	275
36.448	14.78	22.80	0.01	7.84	1.261	275
36.480	14.82	22.84	-0.01	7.81	1.261	275
36.512	14.99	23.01	0.02	7.84	1.261	275
36.544	15.09	23.11	0.01	7.84	1.261	275
36.576	15.20	23.22	0.00	7.83	1.261	275
36.608	15.15	23.17	0.02	7.84	1.261	275
36.640	15.15	23.17	-0.02	7.81	1.261	275
36.672	15.13	23.14	0.02	7.85	1.261	275
36.704	15.01	23.03	-0.00	7.83	1.261	275
36.736	15.12	23.14	0.01	7.83	1.261	275
36.768	15.06	23.08	0.01	7.84	1.257	274
36.800	15.02	23.04	-0.01	7.82	1.257	274
36.832	15.00	23.02	0.02	7.85	1.257	274
36.864	14.92	22.94	-0.01	7.81	1.257	274
36.896	15.01	23.03	0.01	7.83	1.257	274
36.928	14.86	22.88	0.00	7.83	1.257	274
36.960	15.14	23.16	-0.01	7.82	1.257	274
36.992	15.20	23.22	0.02	7.85	1.257	274
37.024	15.12	23.14	-0.02	7.81	1.257	274
37.056	15.11	23.13	0.01	7.84	1.257	274
37.088	14.79	22.81	-0.00	7.82	1.257	274
37.120	15.03	23.05	-0.00	7.83	1.257	274
37.152	15.08	23.10	0.02	7.84	1.257	274
37.184	15.12	23.14	-0.01	7.81	1.257	274
37.216	14.81	22.83	0.02	7.84	1.257	274
37.248	15.03	23.05	-0.01	7.82	1.257	274
37.280	14.97	22.99	0.00	7.83	1.257	274
37.312	15.00	23.02	0.01	7.84	1.257	274
37.344	14.99	23.01	-0.01	7.82	1.257	274
37.376	14.91	22.93	0.01	7.84	1.257	274
37.408	15.24	23.26	-0.01	7.81	1.257	274
37.440	15.23	23.25	0.01	7.84	1.257	274
37.472	15.15	23.17	0.01	7.83	1.257	274
37.504	14.84	22.86	-0.01	7.82	1.257	274
37.536	15.22	23.24	0.01	7.84	1.257	274
37.568	15.14	23.16	-0.02	7.81	1.257	274
37.600	15.14	23.16	0.01	7.84	1.257	274
37.632	14.90	22.92	0.01	7.84	1.257	274
37.664	15.12	23.14	-0.00	7.82	1.257	274
37.696	14.99	23.00	0.01	7.83	1.261	275
37.728	14.97	22.99	-0.02	7.81	1.261	275
37.760	14.74	22.76	0.02	7.84	1.261	275
37.792	15.10	23.12	-0.00	7.83	1.261	275
37.824	15.24	23.25	0.01	7.83	1.261	275
37.856	15.20	23.22	0.00	7.83	1.261	275
37.888	14.80	22.82	-0.01	7.81	1.261	275
37.920	15.11	23.13	0.02	7.84	1.261	275
37.952	15.12	23.14	-0.01	7.81	1.261	275
37.984	15.18	23.20	0.01	7.83	1.261	275
38.016	14.73	22.75	-0.00	7.83	1.261	275
38.048	15.17	23.19	-0.01	7.82	1.261	275
38.080	15.11	23.13	0.02	7.84	1.261	275
38.112	15.12	23.14	-0.02	7.80	1.261	275
38.144	14.96	22.98	0.01	7.84	1.261	275
38.176	14.98	23.00	-0.00	7.82	1.257	274
38.208	15.10	23.12	-0.00	7.83	1.257	274
38.240	15.23	23.24	0.02	7.84	1.257	274
38.272	15.29	23.30	-0.02	7.81	1.257	274
38.304	14.94	22.95	0.01	7.84	1.257	274
38.336	15.14	23.16	-0.01	7.82	1.257	274
38.368	15.15	23.17	0.00	7.83	1.257	274
38.400	15.18	23.20	0.01	7.84	1.257	274
38.432	15.15	23.17	-0.01	7.81	1.257	274
38.464	14.82	22.84	0.01	7.84	1.257	274
38.496	15.15	23.17	-0.01	7.81	1.257	274
38.528	15.14	23.16	0.01	7.83	1.257	274
38.560	15.12	23.14	0.01	7.83	1.257	274
38.592	15.02	23.04	-0.01	7.82	1.257	274
38.624	14.85	22.87	0.01	7.84	1.261	275
38.656	15.14	23.16	-0.02	7.81	1.261	275
38.688	15.24	23.25	0.01	7.84	1.261	275
38.720	15.20	23.22	0.01	7.84	1.261	275
38.752	14.85	22.87	-0.00	7.82	1.261	275
38.784	15.20	23.22	0.01	7.83	1.261	275
38.816	15.19	23.21	-0.02	7.80	1.261	275
38.848	15.12	23.14	0.02	7.84	1.261	275
38.880	15.09	23.11	0.00	7.83	1.261	275
38.912	15.05	23.07	-0.00	7.83	1.261	275
38.944	15.19	23.21	0.01	7.83	1.261	275
38.976	15.16	23.18	-0.01	7.81	1.261	275
39.008	15.08	23.10	0.02	7.84	1.261	275
39.040	14.73	22.75	-0.01	7.82	1.261	275
39.072	15.04	23.05	0.01	7.83	1.261	275
39.104	15.08	23.10	-0.00	7.83	1.257	274
39.136	15.15	23.17	-0.01	7.81	1.257	274
39.168	15.13	23.14	0.02	7.84	1.257	274
39.200	14.75	22.77	-0.02	7.81	1.257	274
39.232	15.00	23.02	0.01	7.84	1.257	274
39.264	15.01	23.03	-0.01	7.82	1.257	274
39.296	14.98	23.00	-0.00	7.82	1.257	274
39.328	14.86	22.88	0.02	7.84	1.257	274
39.360	15.06	23.08	-0.02	7.81	1.257	274
39.392	15.08	23.10	0.01	7.84	1.257	274
39.424	15.05	23.07	-0.00	7.82	1.257	274
39.456	15.05	23.07	-0.00	7.82	1.257	274
39.488	14.68	22.70	0.02	7.84	1.257	274
39.520	15.02	23.04	-0.01	7.81	1.257	274
39.552	15.20	23.22	0.02	7.84	1.257	274
39.584	15.24	23.26	-0.01	7.82	1.257	274
39.616	15.19	23.21	0.01	7.83	1.257	274
39.648	14.76	22.78	0.01	7.84	1.257	274
39.680	15.15	23.17	-0.01	7.82	1.257	274
39.712	15.11	23.13	0.01	7.83	1.257	274
39.744	15.15	23.17	-0.02	7.81	1.257	274
39.776	15.12	23.14	0.01	7.83	1.257	274
39.808	14.69	22.71	0.01	7.84	1.257	274
39.840	15.03	23.05	-0.00	7.82	1.257	274
39.872	14.98	23.00	0.01	7.84	1.257	274
39.904	15.00	23.02	-0.02	7.80	1.257	274
39.936	15.05	23.07	0.01	7.84	1.257	274
39.968	14.86	22.88	0.01	7.83	1.257	274
40.000	15.25	23.27	-0.00	7.82	1.257	274
40.032	15.11	23.13	0.01	7.83	1.252	273
40.064	15.11	23.13	-0.01	7.81	1.252	273
40.096	15.09	23.11	0.02	7.84	1.252	273
40.128	14.84	22.86	-0.00	7.82	1.252	273
40.160	15.13	23.15	0.00	7.83	1.252	273
40.192	15.08	23.09	0.00	7.83	1.252	273
40.224	15.05	23.07	-0.01	7.81	1.252	273
40.256	15.09	23.10	0.02	7.84	1.252	273
40.288	14.71	22.73	-0.01	7.81	1.252	273
40.320	14.90	22.92	0.01	7.83	1.252	273
40.352	14.94	22.96	-0.00	7.82	1.252	273
40.384	15.09	23.11	-0.01	7.82	1.252	273
40.416	15.16	23.18	0.02	7.84	1.252	273
40.448	15.00	23.02	-0.02	7.80	1.252	273
40.480	15.11	23.13	0.01	7.84	1.252	273
40.512	15.10	23.12	-0.00	7.82	1.257	274
40.544	15.13	23.15	-0.00	7.82	1.257	274
40.576	14.99	23.00	0.01	7.84	1.257	274
40.608	15.05	23.07	-0.02	7.81	1.257	274
40.640	15.05	23.07	0.01	7.84	1.257	274
40.672	14.99	23.01	-0.01	7.82	1.257	274
40.704	14.97	22.99	0.00	7.83	1.257	274
40.736	14.69	22.71	0.01	7.84	1.257	274
40.768	14.99	23.01	-0.01	7.81	1.257	274
40.800	15.01	23.03	0.01	7.84	1.257	274
40.832	15.07	23.09	-0.01	7.81	1.257	274
40.864	15.26	23.28	0.01	7.83	1.257	274
40.896	14.89	22.91	0.01	7.83	1.257	274
40.928	15.15	23.17	-0.01	7.82	1.257	274
40.960	15.11	23.13	0.01	7.84	1.261	275
40.992	15.16	23.18	-0.02	7.81	1.261	275
41.024	15.19	23.21	0.01	7.84	1.261	275
41.056	14.91	22.93	0.01	7.83	1.261	275
41.088	15.13	23.15	-0.01	7.82	1.261	275
41.120	15.11	23.13	0.01	7.84	1.261	275
41.152	14.93	22.94	-0.02	7.80	1.261	275
41.184	15.03	23.05	0.01	7.84	1.261	275
41.216	15.00	23.02	0.01	7.83	1.261	275
41.248	15.18	23.20	0.00	7.83	1.261	275
41.280	15.18	23.20	0.00	7.83	1.261	275
41.312	14.77	22.79	-0.02	7.81	1.261	275
41.344	15.08	23.10	0.02	7.84	1.261	275
41.376	15.14	23.16	-0.00	7.82	1.261	275
41.408	15.17	23.19	0.00	7.83	1.261	275
41.440	14.80	22.82	0.00	7.83	1.257	274
41.472	15.16	23.18	-0.02	7.81	1.257	274
41.504	15.21	23.23	0.02	7.84	1.257	274
41.536	15.11	23.13	-0.01	7.81	1.257	274
41.568	15.05	23.07	0.01	7.83	1.257	274
41.600	14.63	22.65	-0.00	7.82	1.257	274
41.632	14.86	22.88	-0.01	7.82	1.257	274
41.664	14.91	22.93	0.02	7.84	1.257	274
41.696	15.10	23.12	-0.02	7.80	1.257	274
41.728	15.13	23.15	0.01	7.84	1.257	274
41.760	15.11	23.13	-0.00	7.82	1.257	274
41.792	15.03	23.05	-0.00	7.82	1.257	274
41.824	15.06	23.08	0.01	7.84	1.257	274
41.856	15.07	23.09	-0.02	7.80	1.257	274
41.888	15.02	23.04	0.01	7.84	1.257	274
41.920	15.05	23.07	-0.01	7.82	1.257	274
41.952	15.04	23.05	-0.00	7.82	1.257	274
41.984	15.03	23.04	0.01	7.84	1.257	274
42.016	14.96	22.98	-0.02	7.80	1.257	274
42.048	14.93	22.95	0.01	7.84	1.257	274
42.080	14.97	22.99	-0.01	7.82	1.257	274
42.112	15.02	23.04	0.00	7.83	1.257	274
42.144	15.10	23.12	0.01	7.84	1.257	274
42.176	15.10	23.12	-0.01	7.81	1.257	274
42.208	15.01	23.03	0.01	7.84	1.257	274
42.240	14.98	23.00	-0.02	7.81	1.257	274
42.272	15.00	23.02	0.01	7.83	1.257	274
42.304	14.96	22.98	0.01	7.84	1.257	274
42.336	14.96	22.98	-0.00	7.82	1.257	274
42.368	15.03	23.05	0.01	7.84	1.257	274
42.400	15.05	23.07	-0.02	7.81	1.257	274
42.432	14.98	23.00	0.01	7.83	1.257	274
42.464	14.90	22.92	0.01	7.83	1.257	274
42.496	14.91	22.93	-0.00	7.82	1.257	274
42.528	15.01	23.03	0.01	7.83	1.257	274
42.560	15.09	23.10	-0.02	7.80	1.257	274
42.592	15.08	23.09	0.02	7.84	1.257	274
42.624	15.07	23.09	0.00	7.83	1.257	274
42.656	15.08	23.10	0.00	7.83	1.257	274
42.688	15.01	23.03	0.00	7.83	1.257	274
42.720	14.98	23.00	-0.02	7.81	1.257	274
42.752	15.08	23.09	0.01	7.84	1.257	274
42.784	15.14	23.15	-0.01	7.82	1.257	274
42.816	15.06	23.08	0.00	7.83	1.257	274
42.848	14.98	23.00	0.00	7.83	1.257	274
42.880	14.92	22.94	-0.01	7.81	1.257	274
42.912	14.90	22.92	0.01	7.84	1.257	274
42.944	14.89	22.91	-0.01	7.81	1.257	274
42.976	15.02	23.04	0.01	7.83	1.257	274
43.008	15.09	23.11	-0.00	7.82	1.257	274
43.040	15.04	23.05	-0.01	7.81	1.257	274
43.072	14.97	22.99	0.02	7.84	1.257	274
43.104	15.03	23.05	-0.02	7.80	1.257	274
43.136	15.03	23.05	0.01	7.84	1.257	274
43.168	15.01	23.03	-0.00	7.82	1.257	274
43.200	15.09	23.10	-0.00	7.82	1.257	274
43.232	15.05	23.07	0.02	7.84	1.257	274
43.264	15.02	23.04	-0.02	7.80	1.257	274
43.296	14.96	22.98	0.01	7.84	1.257	274
43.328	14.91	22.93	-0.01	7.81	1.257	274
43.360	14.91	22.93	-0.00	7.82	1.257	274
43.392	15.05	23.07	0.01	7.84	1.257	274
43.424	15.11	23.13	-0.01	7.81	1.257	274
43.456	15.10	23.12	0.01	7.84	1.257	274
43.488	15.10	23.12	-0.01	7.82	1.257	274
43.520	15.01	23.03	-0.00	7.83	1.257	274
43.552	15.03	23.05	0.01	7.83	1.257	274
43.584	15.05	23.07	-0.01	7.82	1.257	274
43.616	15.07	23.09	0.01	7.84	1.257	274
43.648	15.08	23.10	-0.01	7.81	1.257	274
43.680	15.06	23.08	0.01	7.83	1.257	274
43.712	14.92	22.94	0.01	7.84	1.257	274
43.744	14.89	22.91	-0.01	7.82	1.257	274
43.776	14.90	22.92	0.01	7.84	1.261	275
43.808	14.89	22.91	-0.02	7.80	1.261	275
43.840	15.05	23.07	0.01	7.84	1.261	275
43.872	15.22	23.24	0.01	7.83	1.261	275
43.904	15.15	23.17	-0.00	7.82	1.261	275
43.936	15.11	23.13	0.01	7.83	1.261	275
43.968	15.06	23.08	-0.03	7.80	1.261	275
44.000	15.04	23.06	0.01	7.84	1.261	275
44.032	15.09	23.11	0.00	7.83	1.261	275
44.064	15.19	23.20	-0.00	7.82	1.261	275
44.096	15.08	23.10	0.00	7.83	1.261	275
44.128	15.01	23.03	-0.02	7.80	1.261	275
44.160	14.89	22.91	0.02	7.84	1.261	275
44.192	14.93	22.95	-0.00	7.82	1.261	275
44.224	14.96	22.98	0.00	7.83	1.261	275
44.256	15.08	23.09	0.00	7.83	1.261	275
44.288	15.12	23.14	-0.02	7.81	1.261	275
44.320	15.11	23.13	0.01	7.84	1.261	275
44.352	15.08	23.10	-0.01	7.82	1.261	275
44.384	15.11	23.13	0.00	7.83	1.261	275
44.416	15.16	23.18	-0.00	7.83	1.261	275
44.448	15.14	23.16	-0.01	7.81	1.261	275
44.480	15.09	23.11	0.02	7.84	1.261	275
44.512	15.07	23.09	-0.02	7.81	1.261	275
44.544	14.98	23.00	0.00	7.83	1.261	275
44.576	14.97	22.99	-0.00	7.82	1.261	275
44.608	14.95	22.97	-0.01	7.82	1.261	275
44.640	14.99	23.01	0.02	7.84	1.261	275
44.672	15.00	23.02	-0.02	7.80	1.261	275
44.704	15.07	23.09	0.01	7.83	1.261	275
44.736	15.10	23.12	-0.01	7.82	1.261	275
44.768	15.05	23.07	-0.01	7.82	1.261	275
44.800	14.98	23.00	0.02	7.84	1.261	275
44.832	15.00	23.02	-0.02	7.80	1.261	275
44.864	15.01	23.03	0.01	7.84	1.261	275
44.896	14.98	22.99	-0.01	7.82	1.261	275
44.928	15.01	23.03	-0.01	7.82	1.261	275
44.960	14.98	23.00	0.02	7.84	1.261	275
44.992	14.99	23.01	-0.02	7.81	1.261	275
45.024	14.99	23.01	0.01	7.83	1.261	275
45.056	14.93	22.95	-0.01	7.82	1.261	275
45.088	14.91	22.93	-0.00	7.82	1.261	275
45.120	15.04	23.05	0.01	7.84	1.261	275
45.152	15.11	23.13	-0.01	7.81	1.261	275
45.184	15.09	23.10	0.01	7.84	1.261	275
45.216	15.02	23.04	-0.01	7.81	1.261	275
45.248	15.01	23.03	0.00	7.83	1.261	275
45.280	14.98	23.00	0.01	7.84	1.261	275
45.312	15.05	23.07	-0.01	7.82	1.261	275
45.344	15.07	23.09	0.01	7.84	1.261	275
45.376	15.06	23.08	-0.01	7.81	1.261	275
45.408	14.97	22.99	0.01	7.83	1.261	275
45.440	14.95	22.97	0.01	7.84	1.261	275
45.472	14.94	22.96	-0.01	7.81	1.261	275
45.504	14.94	22.96	0.01	7.84	1.261	275
45.536	14.90	22.92	-0.01	7.81	1.261	275
45.568	15.00	23.02	0.01	7.83	1.261	275
45.600	15.08	23.10	0.01	7.83	1.261	275
45.632	15.03	23.05	-0.01	7.82	1.261	275
45.664	15.02	23.04	0.01	7.84	1.261	275
45.696	14.98	23.00	-0.02	7.80	1.261	275
45.728	14.99	23.01	0.01	7.84	1.261	275
45.760	14.99	23.01	0.01	7.83	1.261	275
45.792	15.00	23.02	-0.00	7.82	1.261	275
45.824	15.03	23.05	0.00	7.83	1.261	275
45.856	14.97	22.99	-0.02	7.80	1.261	275
45.888	14.93	22.94	0.01	7.84	1.261	275
45.920	14.85	22.87	0.00	7.83	1.261	275
45.952	14.85	22.87	-0.00	7.83	1.261	275
45.984	14.98	23.00	0.00	7.83	1.261	275
46.016	15.14	23.16	-0.02	7.80	1.261	275
46.048	15.12	23.14	0.01	7.84	1.261	275
46.080	15.03	23.05	0.00	7.83	1.261	275
46.112	15.01	23.03	-0.00	7.83	1.261	275
46.144	15.07	23.09	0.00	7.83	1.261	275
46.176	14.99	23.00	-0.02	7.80	1.261	275
46.208	15.01	23.03	0.01	7.84	1.261	275
46.240	15.04	23.05	-0.00	7.82	1.261	275
46.272	15.06	23.08	0.00	7.83	1.261	275
46.304	15.02	23.04	0.00	7.83	1.261	275
46.336	14.99	23.01	-0.02	7.81	1.261	275
46.368	14.96	22.98	0.01	7.84	1.261	275
46.400	14.98	23.00	-0.01	7.81	1.261	275
46.432	15.10	23.12	-0.00	7.83	1.261	275
46.464	15.11	23.13	-0.00	7.82	1.261	275
46.496	15.09	23.11	-0.01	7.82	1.261	275
46.528	15.06	23.08	0.02	7.84	1.261	275
46.560	15.06	23.08	-0.02	7.80	1.261	275
46.592	15.07	23.09	0.01	7.83	1.261	275
46.624	15.05	23.07	-0.00	7.82	1.261	275
46.656	15.09	23.11	-0.01	7.82	1.261	275
46.688	15.05	23.07	0.02	7.84	1.261	275
46.720	15.05	23.07	-0.03	7.80	1.261	275
46.752	15.01	23.03	0.01	7.83	1.261	275
46.784	14.95	22.97	-0.01	7.82	1.261	275
46.816	15.00	23.02	-0.01	7.82	1.261	275
46.848	15.07	23.09	0.02	7.84	1.261	275
46.880	15.11	23.13	-0.02	7.80	1.261	275
46.912	15.13	23.15	0.01	7.83	1.261	275
46.944	15.01	23.03	-0.01	7.82	1.261	275
46.976	15.07	23.09	-0.00	7.82	1.261	275
47.008	15.08	23.10	0.01	7.84	1.261	275
47.040	15.04	23.06	-0.02	7.80	1.261	275
47.072	15.06	23.08	0.01	7.83	1.257	274
47.104	15.13	23.15	-0.01	7.81	1.257	274
47.136	15.10	23.12	-0.00	7.83	1.257	274
47.168	15.07	23.09	0.01	7.83	1.257	274
47.200	15.03	23.05	-0.02	7.81	1.257	274
47.232	14.98	23.00	0.01	7.83	1.257	274
47.264	14.98	22.99	-0.01	7.82	1.257	274
47.296	15.11	23.13	-0.00	7.83	1.257	274
47.328	15.10	23.12	0.01	7.84	1.257	274
47.360	15.06	23.08	-0.02	7.81	1.257	274
47.392	15.00	23.02	0.01	7.83	1.257	274
47.424	15.01	23.03	-0.01	7.81	1.257	274
47.456	15.05	23.07	0.00	7.83	1.257	274
47.488	15.04	23.06	0.01	7.84	1.257	274
47.520	15.08	23.10	-0.01	7.81	1.261	275
47.552	15.03	23.05	0.01	7.84	1.261	275
47.584	15.01	23.03	-0.02	7.81	1.261	275
47.616	14.94	22.96	0.01	7.83	1.261	275
47.648	14.87	22.89	0.01	7.83	1.261	275
47.680	14.88	22.90	-0.01	7.82	1.261	275
47.712	15.05	23.07	0.01	7.84	1.261	275
47.744	15.14	23.16	-0.02	7.80	1.261	275
47.776	15.07	23.09	0.01	7.83	1.261	275
47.808	15.03	23.05	0.01	7.83	1.261	275
47.840	14.98	22.99	-0.01	7.82	1.261	275
47.872	14.96	22.98	0.01	7.83	1.261	275
47.904	15.00	23.02	-0.03	7.80	1.261	275
47.936	15.06	23.08	0.01	7.84	1.261	275
47.968	15.09	23.10	0.01	7.83	1.261	275
48.000	15.02	23.04	-0.01	7.82	1.257	274
48.032	14.99	23.01	0.01	7.83	1.257	274
48.064	14.98	23.00	-0.03	7.80	1.257	274
48.096	14.94	22.95	0.01	7.84	1.257	274
48.128	14.97	22.99	-0.00	7.83	1.257	274
48.160	15.11	23.13	-0.00	7.82	1.257	274
48.192	15.13	23.15	0.01	7.83	1.257	274
48.224	15.04	23.05	-0.02	7.80	1.257	274
48.256	15.03	23.05	0.01	7.84	1.257	274
48.288	15.11	23.13	-0.00	7.82	1.257	274
48.320	15.08	23.10	-0.00	7.83	1.257	274
48.352	15.04	23.06	0.00	7.83	1.257	274
48.384	15.08	23.10	-0.02	7.80	1.257	274
48.416	15.06	23.08	0.01	7.84	1.257	274
48.448	15.05	23.07	-0.01	7.82	1.257	274
48.480	14.97	22.99	-0.00	7.83	1.257	274
48.512	14.96	22.98	-0.00	7.83	1.257	274
48.544	14.98	23.00	-0.02	7.81	1.257	274
48.576	15.12	23.14	0.01	7.84	1.257	274
48.608	15.15	23.17	-0.02	7.81	1.257	274
48.640	15.11	23.13	0.01	7.83	1.257	274
48.672	15.13	23.15	-0.00	7.82	1.257	274
48.704	15.13	23.14	-0.01	7.82	1.257	274
48.736	15.12	23.14	0.02	7.84	1.257	274
48.768	15.05	23.07	-0.02	7.80	1.257	274
48.800	15.04	23.05	0.01	7.83	1.257	274
48.832	15.07	23.09	-0.01	7.82	1.257	274
48.864	15.00	23.02	-0.01	7.82	1.257	274
48.896	14.90	22.92	0.01	7.84	1.257	274
48.928	14.87	22.89	-0.03	7.80	1.261	275
48.960	14.94	22.96	0.01	7.83	1.261	275
48.992	15.04	23.06	-0.01	7.82	1.261	275
49.024	15.20	23.22	-0.01	7.82	1.261	275
49.056	15.23	23.25	0.01	7.84	1.261	275
49.088	15.11	23.13	-0.02	7.80	1.261	275
49.120	15.07	23.09	0.01	7.83	1.261	275
49.152	15.06	23.08	-0.01	7.82	1.261	275
49.184	15.09	23.11	-0.01	7.82	1.261	275
49.216	15.04	23.06	0.01	7.83	1.261	275
49.248	15.08	23.10	-0.02	7.80	1.261	275
49.280	15.06	23.08	0.01	7.83	1.261	275
49.312	14.99	23.01	-0.01	7.81	1.261	275
49.344	14.99	23.00	-0.00	7.82	1.261	275
49.376	15.04	23.06	0.01	7.83	1.261	275
49.408	15.08	23.10	-0.02	7.81	1.261	275
49.440	15.18	23.20	0.00	7.83	1.261	275
49.472	15.22	23.24	-0.02	7.81	1.261	275
49.504	15.21	23.23	0.00	7.83	1.261	275
49.536	15.08	23.10	0.01	7.83	1.261	275
49.568	15.05	23.07	-0.01	7.81	1.261	275
49.600	15.06	23.08	0.01	7.83	1.261	275
49.632	15.12	23.14	-0.02	7.80	1.261	275
49.664	15.12	23.14	0.00	7.83	1.261	275
49.696	15.11	23.13	0.01	7.83	1.261	275
49.728	15.15	23.17	-0.00	7.82	1.261	275
49.760	15.09	23.11	0.01	7.83	1.261	275
49.792	14.94	22.95	-0.03	7.80	1.261	275
49.824	14.97	22.99	0.01	7.84	1.261	275
49.856	15.08	23.10	0.01	7.83	1.257	274
49.888	15.19	23.21	-0.01	7.82	1.257	274
49.920	15.21	23.23	0.00	7.83	1.257	274
49.952	15.12	23.14	-0.03	7.80	1.257	274
49.984	15.08	23.10	0.01	7.84	1.257	274
50.016	15.10	23.12	-0.00	7.83	1.257	274
50.048	15.05	23.07	-0.01	7.82	1.257	274
50.080	15.02	23.04	0.00	7.83	1.257	274
50.112	14.99	23.01	-0.03	7.80	1.257	274
50.144	15.03	23.05	0.01	7.83	1.257	274
50.176	14.97	22.99	-0.01	7.82	1.257	274
50.208	14.88	22.90	-0.00	7.83	1.257	274
50.240	14.86	22.88	-0.00	7.83	1.257	274
50.272	14.89	22.91	-0.02	7.81	1.257	274
50.304	15.10	23.12	0.01	7.84	1.257	274
50.336	15.14	23.16	-0.02	7.81	1.261	275
50.368	15.11	23.13	0.00	7.83	1.261	275
50.400	15.06	23.08	-0.01	7.82	1.261	275
50.432	15.06	23.08	-0.01	7.81	1.261	275
50.464	15.01	23.03	0.02	7.84	1.261	275
50.496	14.92	22.94	-0.03	7.80	1.261	275
50.528	14.98	23.00	0.01	7.83	1.261	275
50.560	15.02	23.04	-0.01	7.82	1.261	275
50.592	15.00	23.02	-0.01	7.81	1.261	275
50.624	14.92	22.94	0.01	7.84	1.261	275
50.656	14.91	22.93	-0.02	7.80	1.261	275
50.688	14.87	22.89	0.01	7.83	1.261	275
50.720	14.99	23.01	-0.01	7.82	1.261	275
50.752	15.12	23.14	-0.01	7.82	1.261	275
50.784	15.13	23.14	0.01	7.83	1.261	275
50.816	15.08	23.09	-0.02	7.80	1.257	274
50.848	15.00	23.02	0.01	7.83	1.257	274
50.880	15.04	23.06	-0.01	7.81	1.257	274
50.912	15.00	23.02	-0.00	7.82	1.257	274
50.944	15.04	23.06	0.01	7.84	1.257	274
50.976	15.05	23.07	-0.02	7.80	1.257	274
51.008	15.07	23.09	0.01	7.83	1.257	274
51.040	15.01	23.03	-0.02	7.80	1.257	274
51.072	15.05	23.07	-0.00	7.82	1.257	274
51.104	15.01	23.03	0.01	7.83	1.257	274
51.136	14.96	22.98	-0.01	7.82	1.257	274
51.168	15.11	23.13	0.01	7.84	1.257	274
51.200	15.13	23.15	-0.02	7.80	1.257	274
51.232	15.09	23.11	0.01	7.83	1.257	274
51.264	15.00	23.02	0.01	7.83	1.261	275
51.296	15.01	23.03	-0.01	7.82	1.261	275
51.328	15.03	23.04	0.00	7.83	1.261	275
51.360	14.99	23.01	-0.03	7.80	1.261	275
51.392	15.06	23.08	0.01	7.84	1.261	275
51.424	15.08	23.10	-0.00	7.82	1.261	275
51.456	15.06	23.08	-0.01	7.82	1.261	275
51.488	15.01	23.03	-0.00	7.83	1.261	275
51.520	14.94	22.96	-0.02	7.80	1.261	275
51.552	14.95	22.97	0.01	7.84	1.261	275
51.584	15.03	23.05	-0.01	7.82	1.261	275
51.616	15.13	23.15	-0.00	7.82	1.261	275
51.648	15.13	23.15	-0.00	7.82	1.261	275
51.680	15.07	23.09	-0.02	7.80	1.261	275
51.712	15.01	23.03	0.01	7.84	1.261	275
51.744	15.08	23.10	-0.02	7.81	1.257	274
51.776	15.08	23.09	0.00	7.83	1.257	274
51.808	15.07	23.09	-0.01	7.82	1.257	274
51.840	15.08	23.10	-0.02	7.81	1.257	274
51.872	15.08	23.10	0.01	7.84	1.257	274
51.904	15.11	23.13	-0.03	7.80	1.257	274
51.936	15.06	23.08	0.00	7.83	1.257	274
51.968	15.05	23.07	-0.01	7.82	1.257	274
52.000	15.08	23.10	-0.01	7.81	1.257	274
52.032	15.11	23.13	0.01	7.84	1.257	274
52.064	15.15	23.17	-0.03	7.80	1.257	274
52.096	15.22	23.24	0.01	7.83	1.257	274
52.128	15.20	23.22	-0.02	7.81	1.257	274
52.160	15.14	23.16	-0.01	7.82	1.257	274
52.192	15.09	23.11	0.01	7.83	1.261	275
52.224	15.11	23.13	-0.02	7.80	1.261	275
52.256	15.13	23.15	0.01	7.83	1.261	275
52.288	15.14	23.16	-0.02	7.81	1.261	275
52.320	15.14	23.16	-0.01	7.82	1.261	275
52.352	15.10	23.12	0.01	7.83	1.261	275
52.384	15.06	23.08	-0.02	7.81	1.261	275
52.416	15.08	23.10	0.01	7.83	1.261	275
52.448	15.06	23.08	-0.02	7.80	1.261	275
52.480	15.09	23.11	0.00	7.83	1.261	275
52.512	15.14	23.16	0.01	7.83	1.261	275
52.544	15.08	23.10	-0.02	7.81	1.261	275
52.576	15.01	23.03	0.00	7.83	1.261	275
52.608	15.03	23.05	-0.03	7.80	1.261	275
52.640	15.04	23.05	0.00	7.83	1.261	275
52.672	15.08	23.10	0.00	7.83	1.261	275
52.704	15.17	23.19	-0.01	7.82	1.261	275
52.736	15.15	23.17	0.00	7.83	1.261	275
52.768	15.08	23.10	-0.03	7.80	1.261	275
52.800	14.99	23.01	0.01	7.83	1.261	275
52.832	14.99	23.01	-0.00	7.82	1.261	275
52.864	14.97	22.99	-0.01	7.82	1.261	275
52.896	15.10	23.12	0.00	7.83	1.261	275
52.928	15.20	23.22	-0.03	7.80	1.261	275
52.960	15.18	23.19	0.01	7.84	1.261	275
52.992	15.08	23.10	-0.01	7.82	1.261	275
53.024	15.05	23.07	-0.00	7.82	1.261	275
53.056	15.09	23.11	-0.00	7.83	1.261	275
53.088	15.08	23.10	-0.02	7.80	1.261	275
53.120	15.15	23.17	0.01	7.84	1.261	275
53.152	15.15	23.17	-0.02	7.80	1.261	275
53.184	15.08	23.10	-0.00	7.83	1.261	275
53.216	15.01	23.03	-0.01	7.82	1.261	275
53.248	14.99	23.01	-0.02	7.81	1.261	275
53.280	14.94	22.96	0.01	7.84	1.261	275
53.312	15.06	23.08	-0.03	7.80	1.261	275
53.344	15.10	23.12	0.00	7.83	1.261	275
53.376	15.08	23.10	-0.01	7.82	1.261	275
53.408	15.09	23.11	-0.01	7.81	1.261	275
53.440	15.11	23.13	0.01	7.83	1.261	275
53.472	15.15	23.17	-0.03	7.80	1.261	275
53.504	15.09	23.11	0.01	7.83	1.261	275
53.536	15.15	23.17	-0.01	7.81	1.261	275
53.568	15.16	23.18	-0.01	7.82	1.261	275
53.600	15.13	23.14	0.01	7.84	1.252	273
53.632	15.03	23.05	-0.03	7.80	1.252	273
53.664	14.98	23.00	0.01	7.83	1.252	273
53.696	14.94	22.96	-0.02	7.81	1.252	273
53.728	15.01	23.03	-0.01	7.82	1.252	273
53.760	15.07	23.09	0.01	7.83	1.252	273
53.792	15.14	23.16	-0.02	7.80	1.252	273
53.824	15.14	23.16	0.00	7.83	1.252	273
53.856	15.15	23.17	-0.02	7.81	1.252	273
53.888	15.13	23.15	-0.00	7.82	1.252	273
53.920	15.14	23.16	0.00	7.83	1.252	273
53.952	15.14	23.16	-0.02	7.81	1.252	273
53.984	15.15	23.17	0.01	7.83	1.252	273
54.016	15.12	23.14	-0.02	7.80	1.252	273
54.048	15.05	23.07	0.00	7.83	1.252	273
54.080	15.00	23.02	0.00	7.83	1.257	274
54.112	15.11	23.13	-0.01	7.81	1.257	274
54.144	15.16	23.18	0.00	7.83	1.257	274
54.176	15.24	23.26	-0.03	7.80	1.257	274
54.208	15.36	23.38	0.01	7.83	1.257	274
54.240	15.32	23.34	0.00	7.83	1.257	274
54.272	15.24	23.26	-0.01	7.82	1.257	274
54.304	15.21	23.23	-0.00	7.83	1.257	274
54.336	15.21	23.23	-0.03	7.80	1.257	274
54.368	14.77	22.79	0.01	7.84	1.257	274
54.400	14.75	22.77	-0.00	7.82	1.257	274
54.432	14.75	22.77	-0.01	7.82	1.257	274
54.464	14.76	22.78	-0.00	7.82	1.257	274
54.496	14.69	22.71	-0.02	7.80	1.257	274
54.528	14.63	22.65	0.01	7.84	1.257	274
54.560	14.61	22.63	-0.01	7.81	1.257	274
54.592	14.65	22.67	0.00	7.83	1.257	274
54.624	14.77	22.79	-0.00	7.82	1.257	274
54.656	14.94	22.96	-0.02	7.81	1.257	274
54.688	15.25	23.27	0.01	7.84	1.257	274
54.720	15.27	23.29	-0.02	7.80	1.257	274
54.752	15.28	23.30	-0.00	7.83	1.257	274
54.784	15.26	23.28	-0.01	7.82	1.257	274
54.816	15.22	23.24	-0.02	7.81	1.257	274
54.848	15.25	23.27	0.01	7.84	1.257	274
54.880	15.15	23.17	-0.03	7.80	1.257	274
54.912	15.15	23.17	0.00	7.83	1.257	274
54.944	15.12	23.14	-0.01	7.82	1.257	274
54.976	15.07	23.09	-0.01	7.81	1.257	274
55.008	15.04	23.06	0.01	7.84	1.261	275
55.040	15.20	23.22	-0.03	7.79	1.261	275
55.072	15.20	23.22	0.00	7.83	1.261	275
55.104	15.21	23.23	-0.01	7.81	1.261	275
55.136	15.15	23.17	-0.01	7.82	1.261	275
55.168	15.15	23.17	0.01	7.83	1.261	275
55.200	15.09	23.11	-0.03	7.80	1.261	275
55.232	15.00	23.02	0.00	7.83	1.261	275
55.264	15.05	23.07	-0.01	7.81	1.261	275
55.296	15.11	23.13	-0.00	7.82	1.261	275
55.328	15.08	23.10	0.01	7.83	1.261	275
55.360	15.08	23.10	-0.02	7.80	1.261	275
55.392	15.00	23.02	0.01	7.83	1.261	275
55.424	15.00	23.02	-0.02	7.81	1.261	275
55.456	15.03	23.04	-0.00	7.82	1.261	275
55.488	15.18	23.20	-0.00	7.83	1.257	274
55.520	15.38	23.39	-0.02	7.81	1.257	274
55.552	15.30	23.32	0.01	7.83	1.257	274
55.584	15.23	23.25	-0.02	7.80	1.257	274
55.616	15.25	23.27	0.00	7.83	1.257	274
55.648	15.23	23.25	0.00	7.83	1.257	274
55.680	15.22	23.24	-0.01	7.81	1.257	274
55.712	15.29	23.30	0.00	7.83	1.257	274
55.744	15.31	23.33	-0.02	7.80	1.257	274
55.776	15.16	23.18	0.00	7.83	1.257	274
55.808	15.09	23.11	-0.00	7.83	1.257	274
55.840	15.10	23.12	-0.01	7.82	1.257	274
55.872	15.11	23.13	0.00	7.83	1.257	274
55.904	15.19	23.21	-0.03	7.80	1.257	274
55.936	15.33	23.35	0.01	7.83	1.261	275
55.968	15.33	23.35	-0.00	7.82	1.261	275
56.000	15.23	23.25	-0.01	7.82	1.261	275
56.032	15.17	23.19	0.00	7.83	1.261	275
56.064	15.18	23.20	-0.03	7.80	1.261	275
56.096	15.19	23.21	0.01	7.84	1.261	275
56.128	15.29	23.30	-0.01	7.82	1.261	275
56.160	15.22	23.24	-0.00	7.82	1.261	275
56.192	15.11	23.13	-0.00	7.82	1.261	275
56.224	15.04	23.06	-0.02	7.80	1.261	275
56.256	15.07	23.09	0.01	7.84	1.261	275
56.288	15.08	23.10	-0.02	7.81	1.261	275
56.320	15.16	23.18	-0.00	7.83	1.261	275
56.352	15.25	23.27	-0.00	7.82	1.261	275
56.384	15.27	23.29	-0.02	7.81	1.261	275
56.416	15.21	23.23	0.01	7.84	1.261	275
56.448	15.19	23.21	-0.02	7.80	1.261	275
56.480	15.24	23.26	-0.00	7.83	1.261	275
56.512	15.17	23.19	-0.01	7.82	1.261	275
56.544	15.14	23.16	-0.01	7.81	1.261	275
56.576	15.20	23.22	0.01	7.84	1.261	275
56.608	15.27	23.29	-0.03	7.80	1.261	275
56.640	15.11	23.13	0.01	7.83	1.261	275
56.672	15.00	23.02	-0.01	7.82	1.261	275
56.704	15.05	23.07	-0.01	7.81	1.261	275
56.736	15.08	23.09	0.01	7.84	1.261	275
56.768	15.15	23.17	-0.03	7.80	1.261	275
56.800	15.28	23.30	0.01	7.83	1.261	275
56.832	15.20	23.22	-0.01	7.82	1.261	275
56.864	15.17	23.19	-0.01	7.82	1.261	275
56.896	15.14	23.16	0.01	7.84	1.257	274
56.928	15.15	23.17	-0.02	7.80	1.257	274
56.960	15.13	23.14	0.00	7.83	1.257	274
56.992	15.15	23.17	-0.02	7.81	1.257	274
57.024	15.08	23.10	-0.00	7.82	1.257	274
57.056	15.04	23.05	0.01	7.83	1.257	274
57.088	15.01	23.03	-0.02	7.81	1.257	274
57.120	15.00	23.02	0.01	7.83	1.257	274
57.152	15.02	23.04	-0.02	7.81	1.257	274
57.184	15.10	23.12	-0.00	7.83	1.257	274
57.216	15.19	23.21	0.01	7.83	1.257	274
57.248	15.21	23.23	-0.01	7.81	1.257	274
57.280	15.16	23.18	0.01	7.83	1.257	274
57.312	15.13	23.14	-0.02	7.80	1.257	274
57.344	15.19	23.20	0.01	7.83	1.261	275
57.376	15.11	23.13	0.00	7.83	1.261	275
57.408	15.16	23.18	-0.01	7.81	1.261	275
57.440	15.19	23.20	0.00	7.83	1.261	275
57.472	15.19	23.21	-0.03	7.80	1.261	275
57.504	15.16	23.18	0.01	7.83	1.261	275
57.536	15.08	23.09	-0.00	7.83	1.261	275
57.568	15.10	23.12	-0.01	7.82	1.261	275
57.600	15.09	23.11	0.00	7.83	1.261	275
57.632	15.20	23.22	-0.03	7.80	1.261	275
57.664	15.23	23.25	0.01	7.83	1.261	275
57.696	15.23	23.25	-0.00	7.82	1.261	275
57.728	15.24	23.25	-0.01	7.82	1.261	275
57.760	15.14	23.16	-0.00	7.83	1.261	275
57.792	15.14	23.16	-0.03	7.80	1.261	275
57.824	15.09	23.11	0.01	7.83	1.257	274
57.856	15.11	23.13	-0.01	7.82	1.257	274
57.888	15.13	23.15	-0.00	7.82	1.257	274
57.920	15.08	23.10	-0.00	7.82	1.257	274
57.952	15.06	23.08	-0.02	7.80	1.257	274
57.984	15.07	23.09	0.01	7.83	1.257	274
58.016	15.08	23.10	-0.01	7.82	1.257	274
58.048	15.13	23.15	0.00	7.83	1.257	274
58.080	15.20	23.22	-0.01	7.82	1.257	274
58.112	15.24	23.26	-0.02	7.81	1.257	274
58.144	15.15	23.17	0.01	7.84	1.257	274
58.176	15.15	23.17	-0.02	7.80	1.257	274
58.208	15.14	23.16	0.00	7.83	1.257	274
58.240	15.14	23.15	-0.01	7.82	1.257	274
58.272	15.11	23.13	-0.01	7.81	1.257	274
58.304	15.12	23.14	0.01	7.84	1.261	275
58.336	15.11	23.13	-0.03	7.80	1.261	275
58.368	15.15	23.17	0.00	7.83	1.261	275
58.400	15.06	23.08	-0.01	7.82	1.261	275
58.432	15.04	23.06	-0.01	7.81	1.261	275
58.464	15.03	23.05	0.01	7.84	1.261	275
58.496	15.10	23.12	-0.03	7.80	1.261	275
58.528	15.18	23.19	0.01	7.83	1.261	275
58.560	15.17	23.19	-0.01	7.82	1.261	275
58.592	15.19	23.21	-0.01	7.82	1.261	275
58.624	15.15	23.17	0.01	7.84	1.261	275
58.656	15.11	23.13	-0.02	7.80	1.261	275
58.688	15.09	23.11	0.00	7.83	1.261	275
58.720	15.14	23.16	-0.01	7.81	1.261	275
58.752	15.14	23.16	-0.00	7.82	1.257	274
58.784	15.15	23.17	0.01	7.83	1.257	274
58.816	15.11	23.13	-0.02	7.81	1.257	274
58.848	15.09	23.10	0.01	7.83	1.257	274
58.880	15.05	23.07	-0.01	7.81	1.257	274
58.912	15.12	23.14	-0.00	7.82	1.257	274
58.944	15.19	23.21	0.01	7.83	1.257	274
58.976	15.17	23.19	-0.02	7.81	1.257	274
59.008	15.10	23.12	0.01	7.83	1.257	274
59.040	15.12	23.14	-0.02	7.81	1.257	274
59.072	15.15	23.17	0.00	7.83	1.257	274
59.104	15.11	23.13	0.01	7.83	1.257	274
59.136	15.05	23.07	-0.02	7.81	1.257	274
59.168	15.09	23.11	0.00	7.83	1.257	274
59.200	15.15	23.17	-0.02	7.80	1.257	274
59.232	15.16	23.18	0.00	7.83	1.257	274
59.264	15.12	23.14	0.00	7.83	1.257	274
59.296	15.12	23.14	-0.01	7.82	1.257	274
59.328	15.05	23.07	0.00	7.83	1.257	274
59.360	15.18	23.19	-0.02	7.80	1.257	274
59.392	15.20	23.22	0.00	7.83	1.257	274
59.424	15.21	23.23	-0.00	7.83	1.257	274
59.456	15.15	23.17	-0.01	7.82	1.257	274
59.488	15.20	23.22	0.00	7.83	1.257	274
59.520	15.16	23.18	-0.03	7.80	1.257	274
59.552	15.08	23.10	0.01	7.84	1.257	274
59.584	15.08	23.10	-0.01	7.82	1.257	274
59.616	15.11	23.13	-0.01	7.82	1.257	274
59.648	15.10	23.12	0.00	7.83	1.257	274
59.680	15.06	23.08	-0.03	7.80	1.257	274
59.712	15.06	23.08	0.01	7.84	1.257	274
59.744	15.05	23.07	-0.01	7.82	1.257	274
59.776	15.18	23.19	-0.00	7.82	1.257	274
59.808	15.19	23.21	-0.00	7.83	1.257	274
59.840	15.16	23.18	-0.02	7.80	1.257	274
59.872	15.11	23.13	0.01	7.83	1.257	274
59.904	15.13	23.14	-0.01	7.81	1.257	274
59.936	15.17	23.19	-0.00	7.82	1.257	274
59.968	15.13	23.15	-0.00	7.83	1.257	274
60.000	15.11	23.13	-0.02	7.81	1.257	274
60.032	15.15	23.17	0.01	7.84	1.257	274
60.064	15.17	23.19	-0.02	7.80	1.257	274
60.096	15.03	23.05	0.00	7.83	1.257	274
60.128	15.02	23.04	-0.01	7.82	1.257	274
60.160	15.03	23.05	-0.01	7.81	1.257	274
60.192	15.03	23.05	0.01	7.84	1.257	274
60.224	15.16	23.18	-0.03	7.80	1.257	274
60.256	15.23	23.25	0.00	7.83	1.257	274
60.288	15.20	23.22	-0.01	7.82	1.257	274
60.320	15.19	23.21	-0.01	7.82	1.257	274
60.352	15.12	23.14	0.01	7.84	1.257	274
60.384	15.18	23.20	-0.03	7.80	1.257	274
60.416	15.16	23.18	0.01	7.83	1.257	274
60.448	15.09	23.11	-0.01	7.82	1.257	274
60.480	15.15	23.17	-0.01	7.81	1.257	274
60.512	15.15	23.17	0.01	7.83	1.257	274
60.544	15.10	23.12	-0.03	7.80	1.257	274
60.576	15.01	23.03	0.00	7.83	1.257	274
60.608	15.01	23.03	-0.01	7.81	1.257	274
60.640	15.17	23.19	-0.01	7.82	1.257	274
60.672	15.30	23.32	0.01	7.83	1.257	274
60.704	15.29	23.31	-0.03	7.80	1.257	274
60.736	15.23	23.25	0.01	7.83	1.257	274
60.768	15.18	23.20	-0.02	7.81	1.257	274
60.800	15.05	23.07	-0.01	7.82	1.257	274
60.832	15.01	23.03	0.01	7.83	1.257	274
60.864	15.15	23.17	-0.02	7.80	1.257	274
60.896	15.17	23.19	0.00	7.83	1.257	274
60.928	15.12	23.14	-0.02	7.80	1.257	274
60.960	15.15	23.17	-0.00	7.83	1.257	274
60.992	15.13	23.15	0.00	7.83	1.257	274
61.024	15.11	23.13	-0.02	7.81	1.257	274
61.056	15.08	23.10	0.00	7.83	1.257	274
61.088	15.14	23.16	-0.02	7.81	1.257	274
61.120	15.27	23.29	-0.00	7.82	1.257	274
61.152	15.21	23.23	0.00	7.83	1.257	274
61.184	15.11	23.13	-0.02	7.81	1.257	274
61.216	15.14	23.16	0.01	7.83	1.257	274
61.248	15.23	23.25	-0.02	7.80	1.257	274
61.280	15.25	23.27	0.00	7.83	1.257	274
61.312	15.21	23.23	0.01	7.83	1.257	274
61.344	15.18	23.20	-0.01	7.82	1.257	274
61.376	15.11	23.13	0.00	7.83	1.257	274
61.408	15.05	23.07	-0.03	7.80	1.257	274
61.440	15.12	23.14	0.00	7.83	1.257	274
61.472	15.10	23.12	-0.00	7.83	1.257	274
61.504	15.13	23.15	-0.01	7.82	1.257	274
61.536	14.85	22.87	0.00	7.83	1.257	274
61.568	15.08	23.10	-0.03	7.80	1.257	274
61.600	15.06	23.08	0.01	7.83	1.257	274
61.632	15.04	23.06	-0.00	7.83	1.257	274
61.664	15.03	23.04	-0.01	7.82	1.257	274
61.696	14.93	22.95	0.00	7.83	1.257	274
61.728	14.98	23.00	-0.03	7.80	1.257	274
61.760	15.04	23.06	0.01	7.83	1.257	274
61.792	14.98	22.99	-0.00	7.82	1.257	274
61.824	14.88	22.90	-0.01	7.82	1.257	274
61.856	14.83	22.85	-0.00	7.83	1.257	274
61.888	14.84	22.85	-0.03	7.80	1.257	274
61.920	14.89	22.91	0.01	7.84	1.257	274
61.952	14.98	23.00	-0.01	7.82	1.257	274
61.984	15.08	23.10	-0.00	7.82	1.257	274
62.016	15.09	23.11	0.00	7.83	1.257	274
62.048	15.05	23.07	-0.02	7.80	1.257	274
62.080	15.01	23.03	0.01	7.84	1.257	274
62.112	14.99	23.01	-0.01	7.81	1.257	274
62.144	15.03	23.04	-0.00	7.83	1.257	274
62.176	15.04	23.06	-0.01	7.82	1.257	274
62.208	15.07	23.09	-0.02	7.80	1.257	274
62.240	15.01	23.03	0.01	7.84	1.257	274
62.272	14.92	22.94	-0.02	7.81	1.257	274
62.304	14.84	22.86	-0.00	7.82	1.257	274
62.336	14.86	22.88	-0.01	7.82	1.257	274
62.368	15.01	23.03	-0.02	7.80	1.257	274
62.400	15.10	23.12	0.01	7.84	1.257	274
62.432	15.08	23.10	-0.03	7.80	1.257	274
62.464	15.01	23.03	0.00	7.83	1.257	274
62.496	15.03	23.05	-0.01	7.82	1.252	273
62.528	15.01	23.03	-0.01	7.81	1.252	273
62.560	14.94	22.96	0.01	7.84	1.252	273
62.592	15.04	23.05	-0.03	7.79	1.252	273
62.624	15.11	23.13	0.00	7.83	1.252	273
62.656	15.05	23.07	-0.01	7.82	1.252	273
62.688	14.98	23.00	-0.01	7.81	1.252	273
62.720	14.86	22.88	0.01	7.84	1.252	273
62.752	14.87	22.89	-0.03	7.79	1.252	273
62.784	14.90	22.92	0.01	7.83	1.252	273
62.816	15.07	23.09	-0.01	7.81	1.252	273
62.848	15.08	23.10	-0.01	7.81	1.252	273
62.880	15.10	23.12	0.01	7.84	1.252	273
62.912	15.01	23.03	-0.03	7.80	1.252	273
62.944	14.93	22.95	0.01	7.83	1.252	273
62.976	15.01	23.03	-0.01	7.81	1.257	274
63.008	15.00	23.02	-0.01	7.82	1.257	274
63.040	15.06	23.08	0.01	7.84	1.257	274
63.072	15.01	23.03	-0.03	7.80	1.257	274
63.104	14.97	22.99	0.01	7.83	1.257	274
63.136	15.00	23.02	-0.01	7.81	1.257	274
63.168	14.93	22.95	-0.01	7.82	1.257	274
63.200	14.87	22.89	0.00	7.83	1.257	274
63.232	14.94	22.96	-0.02	7.80	1.257	274
63.264	15.06	23.08	0.01	7.83	1.257	274
63.296	15.13	23.15	-0.02	7.81	1.257	274
63.328	15.01	23.03	-0.01	7.82	1.257	274
63.360	14.95	22.97	0.00	7.83	1.257	274
63.392	15.03	23.04	-0.02	7.80	1.257	274
63.424	15.03	23.04	0.00	7.83	1.257	274
63.456	15.05	23.07	-0.02	7.80	1.257	274
63.488	15.10	23.12	-0.00	7.82	1.257	274
63.520	11.34	19.36	-0.01	7.82	1.257	274
63.552	0.23	8.25	-0.02	7.80	1.257	274
63.584	-4.47	3.55	-0.00	7.83	1.257	274
63.616	-4.51	3.50	-0.03	7.80	1.257	274
63.648	-1.95	6.07	0.01	7.83	1.257	274
63.680	0.16	8.18	0.01	7.83	1.257	274
63.712	1.34	9.36	-0.00	7.83	1.257	274
63.744	1.32	9.34	0.02	7.84	1.257	274
63.776	-0.17	7.85	-0.02	7.81	1.257	274
63.808	-1.76	6.26	-0.01	7.81	1.257	274
63.840	-1.99	6.03	-0.02	7.80	1.257	274
63.872	-1.01	7.01	-0.03	7.79	1.257	274
63.904	0.00	8.02	-0.02	7.81	0.344	75
63.936	0.30	8.32	-0.04	7.78	0.344	75
63.968	0.10	8.12	-0.01	7.81	0.344	75
64.000	-0.49	7.53	-0.02	7.81	0.344	75
64.032	-0.89	7.13	-0.03	7.79	0.344	75
64.064	-0.90	7.12	-0.02	7.81	0.344	75
64.096	-0.58	7.44	-0.05	7.78	0.344	75
64.128	-0.22	7.79	-0.01	7.82	0.344	75
64.160	-0.07	7.95	-0.02	7.81	0.344	75
64.192	-0.19	7.83	-0.03	7.80	0.344	75
64.224	-0.47	7.55	-0.02	7.81	0.344	75
64.256	-0.66	7.36	-0.05	7.78	0.344	75
64.288	-0.64	7.38	-0.01	7.82	0.344	75
64.320	-0.49	7.53	-0.02	7.80	0.344	75
64.352	-0.52	7.50	-0.02	7.80	0.344	75
64.384	-0.50	7.52	-0.02	7.80	0.000	0
64.416	-0.56	7.46	-0.05	7.78	0.000	0
64.448	-0.64	7.38	-0.01	7.82	0.000	0
64.480	-0.68	7.34	-0.03	7.80	0.000	0
64.512	-0.68	7.34	-0.02	7.80	0.000	0
64.544	-0.66	7.36	-0.02	7.80	0.000	0
64.576	-0.69	7.33	-0.04	7.78	0.000	0
64.608	-0.74	7.28	-0.01	7.82	0.000	0
64.640	-0.80	7.22	-0.03	7.79	0.000	0
64.672	-0.83	7.19	-0.02	7.80	0.000	0
64.704	-0.79	7.23	-0.03	7.80	0.000	0
64.736	-0.75	7.27	-0.04	7.79	0.000	0
64.768	-0.76	7.26	-0.01	7.82	0.000	0
64.800	-0.76	7.26	-0.04	7.78	0.000	0
64.832	-0.73	7.29	-0.02	7.80	0.000	0
64.864	-0.70	7.32	-0.03	7.80	0.000	0
64.896	-0.74	7.28	-0.04	7.79	0.000	0
64.928	-0.78	7.24	-0.01	7.82	0.000	0
64.960	-0.79	7.23	-0.05	7.78	0.000	0
64.992	-0.80	7.22	-0.02	7.81	0.000	0
65.024	-0.84	7.18	-0.03	7.80	0.000	0
65.056	-0.89	7.13	-0.04	7.79	0.000	0
65.088	-0.90	7.12	-0.01	7.82	0.000	0
65.120	-0.87	7.14	-0.05	7.77	0.000	0
65.152	-0.87	7.15	-0.01	7.81	0.000	0
65.184	-0.87	7.15	-0.03	7.79	0.000	0
65.216	-0.87	7.15	-0.03	7.79	0.000	0
65.248	-0.86	7.15	-0.01	7.82	0.000	0
65.280	-0.86	7.16	-0.05	7.78	0.000	0
65.312	-0.88	7.14	-0.02	7.81	0.000	0
65.344	-0.87	7.15	-0.03	7.79	0.000	0
65.376	-0.86	7.16	-0.03	7.79	0.000	0
