Tempo(s)    P0(KPa) P0+Coluna(KPa)  P1(KPa) P1+Coluna(KPa)  Vazao(L/min)    Pulsos
0.000	-0.07	7.62	-0.02	7.99	0.000	0
0.032	0.05	7.74	0.00	8.01	0.000	0
0.064	-0.08	7.61	0.01	8.01	0.000	0
0.096	-0.06	7.63	-0.02	7.98	0.000	0
0.128	-0.05	7.64	0.00	8.01	0.000	0
0.160	-0.03	7.66	-0.02	7.99	0.000	0
0.192	0.01	7.70	-0.00	8.00	0.000	0
0.224	-0.01	7.68	0.01	8.02	0.000	0
0.256	0.00	7.69	-0.02	7.98	0.000	0
0.288	-0.01	7.68	0.01	8.02	0.000	0
0.320	-0.00	7.69	-0.01	8.00	0.000	0
0.352	-0.03	7.66	-0.01	8.00	0.000	0
0.384	0.01	7.70	0.01	8.02	0.000	0
0.416	0.00	7.69	-0.02	7.98	0.000	0
0.448	-0.07	7.62	0.00	8.01	0.000	0
0.480	-0.14	7.55	-0.01	7.99	0.000	0
0.512	-0.14	7.55	-0.01	8.00	0.000	0
0.544	-0.15	7.54	0.02	8.02	0.000	0
0.576	-0.20	7.49	-0.02	7.99	0.000	0
0.608	-0.25	7.44	0.02	8.02	0.000	0
0.640	-0.21	7.48	-0.00	8.00	0.000	0
0.672	-0.16	7.53	-0.00	8.00	0.000	0
0.704	-0.09	7.60	0.02	8.03	0.000	0
0.736	-0.09	7.60	-0.01	7.99	0.000	0
0.768	-0.12	7.57	0.01	8.01	0.000	0
0.800	-0.11	7.58	-0.00	8.00	0.000	0
0.832	-0.16	7.53	-0.01	8.00	0.000	0
0.864	-0.13	7.56	0.02	8.02	0.000	0
0.896	-0.07	7.62	-0.01	8.00	0.000	0
0.928	-0.08	7.61	0.00	8.01	0.000	0
0.960	-0.01	7.68	0.01	8.01	0.000	0
0.992	0.04	7.73	-0.01	8.00	0.000	0
1.024	0.10	7.79	0.03	8.04	0.000	0
1.056	0.14	7.83	0.01	8.02	0.000	0
1.088	0.15	7.84	0.01	8.01	0.000	0
1.120	0.00	7.69	0.00	8.01	0.000	0
1.152	-0.06	7.63	-0.03	7.98	0.000	0
1.184	-0.13	7.56	0.00	8.01	0.000	0
1.216	-0.13	7.56	-0.01	8.00	0.000	0
1.248	-0.15	7.54	-0.02	7.99	0.000	0
1.280	-0.15	7.54	-0.01	8.00	0.000	0
1.312	-0.08	7.61	-0.04	7.97	0.000	0
1.344	-0.02	7.67	-0.00	8.00	0.000	0
1.376	-0.02	7.67	-0.01	7.99	0.000	0
1.408	-0.07	7.62	-0.02	7.98	0.000	0
1.440	0.05	7.74	-0.01	8.00	0.000	0
1.472	0.06	7.75	-0.04	7.97	0.000	0
1.504	0.12	7.80	-0.00	8.00	0.000	0
1.536	0.10	7.79	-0.01	7.99	0.000	0
1.568	0.07	7.76	-0.02	7.98	0.000	0
1.600	0.07	7.76	-0.01	8.00	0.000	0
1.632	0.08	7.77	-0.03	7.98	0.000	0
1.664	0.08	7.77	-0.01	8.00	0.000	0
1.696	0.11	7.80	-0.00	8.00	0.000	0
1.728	0.10	7.79	-0.02	7.98	0.000	0
1.760	0.08	7.77	-0.00	8.00	0.000	0
1.792	0.09	7.78	-0.03	7.98	0.000	0
1.824	0.12	7.81	-0.01	8.00	0.000	0
1.856	0.12	7.81	-0.08	7.93	0.000	0
1.888	0.06	7.75	-0.16	7.85	0.000	0
1.920	0.07	7.76	-0.12	7.88	0.000	0
1.952	0.08	7.77	-0.14	7.87	0.000	0
1.984	0.06	7.75	-0.14	7.86	0.000	0
2.016	0.06	7.75	-0.12	7.89	0.000	0
2.048	0.04	7.73	-0.15	7.85	0.000	0
2.080	0.06	7.75	-0.12	7.88	0.000	0
2.112	0.07	7.76	-0.13	7.87	0.000	0
2.144	0.06	7.75	-0.14	7.87	0.000	0
2.176	0.07	7.76	-0.11	7.89	0.000	0
2.208	0.05	7.74	-0.13	7.87	0.000	0
2.240	0.06	7.75	-0.12	7.88	0.000	0
2.272	0.03	7.72	-0.13	7.88	0.000	0
2.304	0.01	7.70	-0.14	7.86	0.000	0
2.336	0.05	7.74	-0.11	7.89	0.000	0
2.368	0.03	7.72	-0.13	7.87	0.000	0
2.400	0.01	7.70	-0.12	7.88	0.000	0
2.432	0.06	7.75	-0.12	7.89	0.000	0
2.464	0.04	7.73	-0.15	7.86	0.000	0
2.496	0.05	7.74	-0.11	7.90	0.000	0
2.528	0.07	7.76	-0.12	7.89	0.000	0
2.560	0.05	7.74	-0.13	7.88	0.000	0
2.592	0.05	7.74	-0.12	7.89	0.000	0
2.624	0.02	7.71	-0.15	7.86	0.000	0
2.656	0.02	7.71	-0.11	7.90	0.000	0
2.688	0.04	7.73	-0.12	7.89	0.000	0
2.720	0.00	7.69	-0.13	7.88	0.000	0
2.752	0.03	7.72	-0.12	7.89	0.000	0
2.784	0.03	7.72	-0.15	7.86	0.000	0
2.816	0.05	7.74	-0.12	7.89	0.000	0
2.848	0.04	7.73	-0.12	7.89	0.000	0
2.880	0.01	7.70	-0.13	7.87	0.000	0
2.912	-0.00	7.69	-0.12	7.89	0.000	0
2.944	-0.01	7.68	-0.15	7.85	0.000	0
2.976	-0.15	7.54	-0.12	7.88	0.000	0
3.008	-0.28	7.41	-0.12	7.88	0.000	0
3.040	-0.27	7.42	-0.15	7.86	0.000	0
3.072	-0.29	7.40	-0.12	7.88	0.000	0
3.104	-0.30	7.39	-0.15	7.86	0.000	0
3.136	-0.26	7.43	-0.13	7.88	0.000	0
3.168	-0.23	7.46	-0.12	7.89	0.000	0
3.200	1.78	9.47	-0.16	7.84	0.000	0
3.232	12.74	20.43	-0.13	7.87	0.000	0
3.264	16.75	24.44	-0.15	7.85	0.000	0
3.296	15.74	23.43	-0.15	7.85	0.000	0
3.328	13.18	20.87	-0.13	7.88	0.000	0
3.360	12.09	19.78	-0.16	7.85	0.000	0
3.392	12.22	19.91	-0.13	7.88	0.000	0
3.424	13.12	20.81	-0.15	7.85	0.000	0
3.456	13.58	21.27	-0.16	7.85	0.647	141
3.488	13.58	21.27	-0.13	7.87	0.647	141
3.520	13.18	20.87	-0.17	7.83	0.647	141
3.552	12.95	20.64	-0.14	7.87	0.647	141
3.584	12.95	20.64	-0.15	7.85	0.647	141
3.616	12.74	20.43	-0.15	7.85	0.647	141
3.648	11.99	19.68	-0.12	7.89	0.647	141
3.680	12.20	19.89	-0.16	7.85	0.647	141
3.712	12.08	19.77	-0.13	7.88	0.647	141
3.744	11.55	19.24	-0.14	7.87	0.647	141
3.776	13.14	20.83	-0.15	7.86	0.647	141
3.808	13.38	21.07	-0.12	7.89	0.647	141
3.840	13.32	21.01	-0.15	7.86	0.647	141
3.872	13.22	20.91	-0.13	7.87	0.647	141
3.904	13.22	20.91	-0.14	7.87	0.647	141
3.936	13.21	20.90	-0.16	7.85	1.239	270
3.968	13.13	20.82	-0.12	7.88	1.239	270
4.000	13.24	20.93	-0.14	7.87	1.239	270
4.032	13.32	21.00	-0.14	7.87	1.239	270
4.064	13.24	20.93	-0.14	7.87	1.239	270
4.096	13.31	21.00	-0.16	7.85	1.239	270
4.128	13.15	20.84	-0.13	7.87	1.239	270
4.160	13.19	20.88	-0.14	7.87	1.239	270
4.192	13.35	21.04	-0.15	7.86	1.239	270
4.224	13.44	21.13	-0.14	7.86	1.239	270
4.256	13.39	21.08	-0.17	7.83	1.239	270
4.288	13.35	21.04	-0.14	7.87	1.239	270
4.320	13.34	21.03	-0.14	7.86	1.239	270
4.352	13.36	21.05	-0.16	7.85	1.239	270
4.384	13.42	21.11	-0.14	7.86	1.234	269
4.416	13.39	21.08	-0.17	7.83	1.234	269
4.448	14.49	22.18	-0.20	7.81	1.234	269
4.480	15.77	23.46	-0.20	7.81	1.234	269
4.512	15.82	23.50	-0.22	7.79	1.234	269
4.544	15.85	23.54	-0.19	7.81	1.234	269
4.576	15.98	23.67	-0.22	7.78	1.234	269
4.608	16.00	23.69	-0.20	7.80	1.234	269
4.640	15.94	23.63	-0.19	7.81	1.234	269
4.672	15.81	23.50	-0.22	7.79	1.234	269
4.704	15.85	23.54	-0.20	7.81	1.234	269
4.736	15.94	23.63	-0.21	7.79	1.234	269
4.768	15.91	23.60	-0.20	7.80	1.234	269
4.800	15.95	23.64	-0.19	7.82	1.234	269
4.832	15.98	23.67	-0.22	7.79	1.234	269
4.864	15.91	23.60	-0.19	7.82	1.243	271
4.896	15.76	23.45	-0.21	7.80	1.243	271
4.928	15.68	23.37	-0.19	7.82	1.243	271
4.960	15.54	23.23	-0.16	7.84	1.243	271
4.992	15.61	23.30	-0.20	7.80	1.243	271
5.024	15.78	23.47	-0.17	7.83	1.243	271
5.056	15.73	23.42	-0.19	7.82	1.243	271
5.088	15.70	23.39	-0.19	7.82	1.243	271
5.120	15.73	23.42	-0.17	7.84	1.243	271
5.152	15.80	23.49	-0.21	7.80	1.243	271
5.184	15.80	23.49	-0.18	7.82	1.243	271
5.216	15.89	23.58	-0.20	7.81	1.243	271
5.248	15.92	23.61	-0.21	7.80	1.243	271
5.280	15.92	23.61	-0.18	7.82	1.243	271
5.312	15.93	23.62	-0.21	7.79	1.243	271
5.344	15.95	23.64	-0.19	7.81	1.248	272
5.376	15.93	23.62	-0.20	7.81	1.248	272
5.408	15.98	23.67	-0.21	7.79	1.248	272
5.440	16.01	23.70	-0.18	7.82	1.248	272
5.472	16.00	23.69	-0.20	7.81	1.248	272
5.504	15.97	23.66	-0.19	7.81	1.248	272
5.536	15.99	23.68	-0.19	7.82	1.248	272
5.568	15.97	23.66	-0.22	7.79	1.248	272
5.600	15.89	23.58	-0.18	7.83	1.248	272
5.632	15.85	23.54	-0.19	7.82	1.248	272
5.664	15.84	23.53	-0.20	7.81	1.248	272
5.696	15.84	23.53	-0.19	7.82	1.248	272
5.728	15.83	23.52	-0.21	7.79	1.248	272
5.760	15.79	23.48	-0.18	7.83	1.248	272
5.792	15.90	23.59	-0.18	7.82	1.248	272
5.824	16.02	23.70	-0.20	7.81	1.248	272
5.856	15.99	23.68	-0.18	7.83	1.248	272
5.888	15.90	23.59	-0.21	7.80	1.248	272
5.920	15.83	23.52	-0.18	7.83	1.248	272
5.952	15.71	23.40	-0.18	7.83	1.248	272
5.984	15.65	23.34	-0.19	7.81	1.248	272
6.016	15.74	23.43	-0.17	7.83	1.248	272
6.048	15.83	23.52	-0.20	7.81	1.248	272
6.080	15.72	23.41	-0.18	7.83	1.248	272
6.112	15.68	23.37	-0.17	7.84	1.248	272
6.144	15.68	23.37	-0.20	7.81	1.248	272
6.176	15.70	23.39	-0.17	7.84	1.248	272
6.208	15.93	23.62	-0.20	7.81	1.248	272
6.240	15.90	23.59	-0.19	7.82	1.248	272
6.272	15.78	23.47	-0.17	7.83	1.252	273
6.304	15.70	23.39	-0.21	7.80	1.252	273
6.336	15.75	23.44	-0.18	7.83	1.252	273
6.368	15.82	23.50	-0.20	7.81	1.252	273
6.400	15.88	23.57	-0.20	7.81	1.252	273
6.432	15.97	23.66	-0.17	7.83	1.252	273
6.464	15.84	23.53	-0.21	7.79	1.252	273
6.496	15.73	23.42	-0.18	7.83	1.252	273
6.528	15.71	23.40	-0.20	7.81	1.252	273
6.560	15.73	23.42	-0.20	7.80	1.252	273
6.592	15.85	23.54	-0.17	7.83	1.252	273
6.624	15.98	23.67	-0.21	7.80	1.252	273
6.656	15.94	23.63	-0.18	7.82	1.252	273
6.688	15.78	23.47	-0.19	7.82	1.252	273
6.720	15.73	23.42	-0.20	7.80	1.252	273
6.752	15.74	23.43	-0.17	7.83	1.248	272
6.784	15.74	23.43	-0.20	7.81	1.248	272
6.816	15.85	23.54	-0.18	7.82	1.248	272
6.848	15.81	23.50	-0.18	7.82	1.248	272
6.880	15.75	23.44	-0.21	7.80	1.248	272
6.912	15.65	23.34	-0.17	7.83	1.248	272
6.944	15.65	23.34	-0.19	7.82	1.248	272
6.976	15.68	23.37	-0.18	7.82	1.248	272
7.008	15.74	23.43	-0.18	7.83	1.248	272
7.040	15.67	23.35	-0.20	7.80	1.248	272
7.072	15.53	23.22	-0.17	7.84	1.248	272
7.104	15.47	23.15	-0.18	7.83	1.248	272
7.136	15.51	23.20	-0.19	7.82	1.248	272
7.168	15.63	23.32	-0.17	7.84	1.248	272
7.200	15.54	23.23	-0.20	7.80	1.248	272
7.232	15.60	23.29	-0.17	7.84	1.248	272
7.264	15.53	23.22	-0.17	7.84	1.248	272
7.296	15.37	23.06	-0.18	7.83	1.248	272
7.328	15.31	23.00	-0.16	7.84	1.248	272
7.360	15.36	23.05	-0.19	7.82	1.248	272
7.392	15.40	23.09	-0.16	7.84	1.248	272
7.424	15.54	23.23	-0.16	7.85	1.248	272
7.456	15.44	23.13	-0.18	7.82	1.248	272
7.488	15.31	23.00	-0.16	7.85	1.248	272
7.520	15.38	23.07	-0.19	7.82	1.248	272
7.552	15.49	23.18	-0.18	7.83	1.248	272
7.584	15.45	23.14	-0.17	7.84	1.248	272
7.616	15.52	23.20	-0.20	7.81	1.248	272
7.648	15.64	23.33	-0.17	7.83	1.248	272
7.680	15.59	23.28	-0.19	7.82	1.239	270
7.712	15.59	23.28	-0.19	7.82	1.239	270
7.744	15.55	23.24	-0.16	7.84	1.239	270
7.776	15.57	23.26	-0.21	7.80	1.239	270
7.808	15.60	23.29	-0.17	7.83	1.239	270
7.840	15.69	23.38	-0.19	7.81	1.239	270
7.872	15.66	23.35	-0.20	7.81	1.239	270
7.904	15.60	23.29	-0.17	7.84	1.239	270
7.936	15.67	23.35	-0.21	7.79	1.239	270
7.968	15.70	23.39	-0.18	7.82	1.239	270
8.000	15.68	23.37	-0.20	7.81	1.239	270
8.032	15.76	23.45	-0.20	7.80	1.239	270
8.064	15.79	23.48	-0.17	7.83	1.239	270
8.096	15.69	23.38	-0.21	7.80	1.239	270
8.128	15.62	23.31	-0.18	7.83	1.243	271
8.160	15.69	23.38	-0.19	7.81	1.243	271
8.192	15.80	23.49	-0.21	7.80	1.243	271
8.224	15.86	23.55	-0.17	7.83	1.243	271
8.256	15.88	23.57	-0.20	7.81	1.243	271
8.288	15.79	23.48	-0.19	7.82	1.243	271
8.320	15.73	23.42	-0.19	7.82	1.243	271
8.352	15.83	23.52	-0.21	7.79	1.243	271
8.384	15.82	23.51	-0.18	7.83	1.243	271
8.416	15.78	23.47	-0.20	7.81	1.243	271
8.448	15.77	23.46	-0.19	7.81	1.243	271
8.480	15.75	23.44	-0.19	7.82	1.243	271
8.512	15.74	23.43	-0.21	7.79	1.243	271
8.544	15.75	23.44	-0.18	7.82	1.243	271
8.576	15.66	23.35	-0.19	7.82	1.243	271
8.608	15.70	23.39	-0.20	7.81	1.239	270
8.640	15.85	23.54	-0.19	7.82	1.239	270
8.672	15.82	23.51	-0.22	7.79	1.239	270
8.704	15.75	23.44	-0.18	7.82	1.239	270
8.736	15.68	23.37	-0.18	7.82	1.239	270
8.768	15.76	23.45	-0.20	7.81	1.239	270
8.800	15.75	23.44	-0.18	7.82	1.239	270
8.832	15.83	23.52	-0.21	7.79	1.239	270
8.864	15.72	23.41	-0.18	7.82	1.239	270
8.896	15.73	23.42	-0.18	7.82	1.239	270
8.928	15.63	23.32	-0.20	7.80	1.239	270
8.960	15.69	23.38	-0.18	7.82	1.239	270
8.992	15.66	23.35	-0.20	7.80	1.239	270
9.024	15.82	23.51	-0.19	7.82	1.239	270
9.056	15.83	23.52	-0.18	7.82	1.239	270
9.088	15.74	23.43	-0.21	7.79	1.243	271
9.120	15.72	23.41	-0.18	7.82	1.243	271
9.152	15.79	23.48	-0.21	7.80	1.243	271
9.184	15.82	23.50	-0.20	7.80	1.243	271
9.216	15.80	23.49	-0.19	7.82	1.243	271
9.248	15.81	23.50	-0.21	7.79	1.243	271
9.280	15.88	23.57	-0.19	7.82	1.243	271
9.312	15.75	23.44	-0.21	7.80	1.243	271
9.344	15.73	23.42	-0.20	7.80	1.243	271
9.376	15.71	23.40	-0.18	7.83	1.243	271
9.408	15.79	23.48	-0.22	7.78	1.243	271
9.440	15.87	23.56	-0.18	7.82	1.243	271
9.472	15.84	23.53	-0.20	7.81	1.243	271
9.504	15.75	23.44	-0.20	7.80	1.243	271
9.536	15.66	23.35	-0.17	7.83	1.239	270
9.568	15.72	23.41	-0.22	7.79	1.239	270
9.600	15.76	23.45	-0.18	7.82	1.239	270
9.632	15.87	23.56	-0.20	7.81	1.239	270
9.664	15.86	23.55	-0.20	7.80	1.239	270
9.696	15.71	23.40	-0.17	7.83	1.239	270
9.728	15.61	23.30	-0.21	7.80	1.239	270
9.760	15.64	23.33	-0.18	7.82	1.239	270
9.792	15.71	23.40	-0.19	7.82	1.239	270
9.824	15.79	23.48	-0.20	7.80	1.239	270
9.856	15.82	23.50	-0.17	7.83	1.239	270
9.888	15.73	23.42	-0.20	7.81	1.239	270
9.920	15.63	23.32	-0.18	7.82	1.239	270
9.952	15.54	23.23	-0.19	7.82	1.239	270
9.984	15.64	23.33	-0.21	7.80	1.239	270
10.016	15.69	23.38	-0.17	7.84	1.243	271
10.048	15.71	23.40	-0.18	7.82	1.243	271
10.080	15.64	23.33	-0.18	7.82	1.243	271
10.112	15.62	23.30	-0.18	7.83	1.243	271
10.144	15.57	23.26	-0.21	7.80	1.243	271
10.176	15.52	23.20	-0.17	7.84	1.243	271
10.208	15.46	23.15	-0.18	7.83	1.243	271
10.240	15.61	23.30	-0.18	7.83	1.243	271
10.272	15.67	23.36	-0.17	7.83	1.243	271
10.304	15.61	23.30	-0.20	7.80	1.243	271
10.336	15.57	23.26	-0.17	7.84	1.243	271
10.368	15.56	23.25	-0.17	7.83	1.243	271
10.400	15.50	23.19	-0.18	7.82	1.243	271
10.432	15.45	23.14	-0.17	7.84	1.243	271
10.464	15.55	23.24	-0.20	7.80	1.243	271
10.496	15.57	23.25	-0.17	7.84	1.239	270
10.528	15.45	23.14	-0.16	7.84	1.239	270
10.560	15.36	23.05	-0.18	7.83	1.239	270
10.592	15.35	23.04	-0.17	7.84	1.239	270
10.624	15.51	23.20	-0.19	7.81	1.239	270
10.656	15.54	23.23	-0.17	7.84	1.239	270
10.688	15.48	23.17	-0.16	7.84	1.239	270
10.720	15.48	23.17	-0.18	7.83	1.239	270
10.752	15.47	23.16	-0.16	7.84	1.239	270
10.784	15.57	23.25	-0.19	7.82	1.239	270
10.816	15.40	23.09	-0.17	7.84	1.239	270
10.848	15.37	23.05	-0.16	7.84	1.239	270
10.880	15.33	23.02	-0.18	7.82	1.239	270
10.912	15.31	23.00	-0.16	7.84	1.239	270
10.944	15.36	23.05	-0.18	7.82	1.243	271
10.976	15.41	23.10	-0.17	7.84	1.243	271
11.008	15.41	23.10	-0.16	7.85	1.243	271
11.040	15.57	23.26	-0.19	7.82	1.243	271
11.072	15.60	23.29	-0.16	7.84	1.243	271
11.104	15.45	23.14	-0.18	7.82	1.243	271
11.136	15.43	23.12	-0.17	7.83	1.243	271
11.168	15.39	23.08	-0.16	7.85	1.243	271
11.200	15.39	23.08	-0.19	7.82	1.243	271
11.232	15.49	23.18	-0.16	7.84	1.243	271
11.264	15.54	23.23	-0.18	7.82	1.243	271
11.296	15.37	23.06	-0.18	7.83	1.243	271
11.328	15.32	23.01	-0.16	7.85	1.243	271
11.360	15.32	23.01	-0.20	7.81	1.243	271
11.392	14.49	22.18	-0.16	7.84	1.243	271
11.424	13.92	21.60	-0.18	7.83	1.239	270
11.456	13.94	21.63	-0.18	7.82	1.239	270
11.488	13.58	21.27	-0.16	7.85	1.239	270
11.520	13.53	21.22	-0.19	7.81	1.239	270
11.552	13.65	21.34	-0.17	7.84	1.239	270
11.584	13.70	21.39	-0.17	7.83	1.239	270
11.616	13.55	21.24	-0.18	7.82	1.239	270
11.648	13.74	21.43	-0.16	7.85	1.239	270
11.680	13.49	21.18	-0.19	7.82	1.239	270
11.712	12.69	20.38	-0.17	7.84	1.239	270
11.744	12.38	20.07	-0.17	7.83	1.239	270
11.776	12.09	19.78	-0.18	7.82	1.239	270
11.808	11.71	19.40	-0.15	7.85	1.239	270
11.840	11.69	19.38	-0.19	7.82	1.239	270
11.872	11.45	19.14	-0.17	7.84	1.239	270
11.904	11.07	18.76	-0.17	7.84	1.239	270
11.936	11.05	18.74	-0.19	7.82	1.239	270
11.968	11.24	18.93	-0.16	7.85	1.239	270
12.000	11.19	18.88	-0.18	7.83	1.239	270
12.032	11.00	18.69	-0.17	7.84	1.239	270
12.064	11.33	19.02	-0.17	7.84	1.239	270
12.096	11.24	18.93	-0.19	7.82	1.239	270
12.128	10.80	18.49	-0.15	7.85	1.239	270
12.160	10.79	18.48	-0.17	7.83	1.239	270
12.192	10.67	18.36	-0.17	7.83	1.239	270
12.224	10.78	18.47	-0.16	7.84	1.239	270
12.256	10.62	18.31	-0.19	7.81	1.239	270
12.288	10.46	18.15	-0.16	7.85	1.239	270
12.320	10.35	18.04	-0.17	7.84	1.239	270
12.352	10.18	17.87	-0.17	7.83	1.239	270
12.384	10.24	17.93	-0.16	7.84	1.239	270
12.416	10.15	17.84	-0.19	7.81	1.239	270
12.448	10.24	17.93	-0.16	7.85	1.239	270
12.480	9.96	17.65	-0.16	7.84	1.239	270
12.512	9.89	17.58	-0.17	7.83	1.239	270
12.544	10.07	17.76	-0.16	7.84	1.239	270
12.576	10.02	17.71	-0.19	7.82	1.239	270
12.608	9.97	17.66	-0.16	7.85	1.239	270
12.640	9.93	17.62	-0.16	7.84	1.239	270
12.672	10.19	17.88	-0.17	7.83	1.239	270
12.704	9.77	17.45	-0.16	7.84	1.239	270
12.736	10.20	17.89	-0.19	7.82	1.239	270
12.768	10.07	17.76	-0.16	7.84	1.239	270
12.800	10.24	17.93	-0.16	7.85	1.239	270
12.832	10.16	17.85	-0.18	7.83	1.239	270
12.864	10.33	18.02	-0.16	7.84	1.239	270
12.896	10.12	17.81	-0.19	7.82	1.239	270
12.928	10.11	17.80	-0.17	7.84	1.239	270
12.960	9.94	17.63	-0.16	7.85	1.239	270
12.992	9.98	17.67	-0.18	7.82	1.239	270
13.024	10.30	17.99	-0.16	7.85	1.239	270
13.056	10.32	18.01	-0.19	7.82	1.239	270
13.088	10.19	17.88	-0.17	7.84	1.239	270
13.120	10.30	17.99	-0.16	7.85	1.239	270
13.152	10.23	17.92	-0.19	7.82	1.239	270
13.184	10.58	18.27	-0.16	7.85	1.239	270
13.216	10.52	18.21	-0.18	7.82	1.239	270
13.248	10.62	18.31	-0.17	7.83	1.239	270
13.280	10.50	18.19	-0.16	7.85	1.239	270
13.312	10.75	18.44	-0.19	7.82	1.239	270
13.344	11.02	18.71	-0.16	7.84	1.239	270
13.376	11.24	18.93	-0.18	7.82	1.239	270
13.408	11.02	18.71	-0.18	7.83	1.239	270
13.440	11.07	18.76	-0.16	7.85	1.239	270
13.472	11.02	18.71	-0.20	7.81	1.239	270
13.504	11.01	18.70	-0.16	7.84	1.239	270
13.536	11.39	19.08	-0.18	7.82	1.239	270
13.568	11.39	19.08	-0.18	7.83	1.239	270
13.600	11.22	18.90	-0.16	7.85	1.239	270
13.632	10.60	18.29	-0.20	7.81	1.239	270
13.664	10.63	18.32	-0.17	7.84	1.239	270
13.696	10.72	18.40	-0.18	7.83	1.239	270
13.728	10.60	18.29	-0.18	7.82	1.239	270
13.760	10.62	18.30	-0.16	7.85	1.243	271
13.792	10.76	18.45	-0.20	7.81	1.243	271
13.824	10.85	18.54	-0.16	7.84	1.243	271
13.856	10.61	18.30	-0.18	7.83	1.243	271
13.888	10.56	18.25	-0.18	7.82	1.243	271
13.920	10.51	18.20	-0.15	7.85	1.243	271
13.952	10.59	18.28	-0.19	7.81	1.243	271
13.984	10.70	18.39	-0.17	7.84	1.243	271
14.016	10.57	18.26	-0.17	7.83	1.243	271
14.048	10.83	18.52	-0.19	7.82	1.243	271
14.080	11.05	18.74	-0.16	7.85	1.243	271
14.112	10.78	18.47	-0.19	7.82	1.243	271
14.144	10.66	18.35	-0.17	7.83	1.243	271
14.176	10.89	18.58	-0.17	7.84	1.243	271
14.208	11.04	18.73	-0.20	7.81	1.243	271
14.240	10.94	18.63	-0.16	7.85	1.243	271
14.272	10.87	18.56	-0.18	7.83	1.243	271
14.304	10.87	18.56	-0.17	7.83	1.243	271
14.336	10.71	18.40	-0.17	7.83	1.243	271
14.368	10.89	18.58	-0.20	7.81	1.243	271
14.400	10.98	18.67	-0.16	7.85	1.243	271
14.432	10.85	18.54	-0.17	7.83	1.243	271
14.464	10.70	18.39	-0.18	7.83	1.243	271
14.496	10.74	18.43	-0.17	7.84	1.243	271
14.528	10.72	18.41	-0.20	7.81	1.243	271
14.560	10.79	18.48	-0.16	7.84	1.243	271
14.592	10.66	18.35	-0.17	7.84	1.243	271
14.624	10.76	18.45	-0.18	7.83	1.243	271
14.656	10.73	18.42	-0.17	7.84	1.243	271
14.688	10.82	18.51	-0.20	7.81	1.248	272
14.720	10.67	18.36	-0.16	7.84	1.248	272
14.752	10.82	18.51	-0.17	7.84	1.248	272
14.784	10.74	18.43	-0.18	7.83	1.248	272
14.816	10.65	18.34	-0.17	7.84	1.248	272
14.848	10.88	18.57	-0.19	7.81	1.248	272
14.880	11.27	18.96	-0.17	7.84	1.248	272
14.912	10.98	18.67	-0.16	7.84	1.248	272
14.944	11.26	18.95	-0.18	7.82	1.248	272
14.976	11.18	18.87	-0.16	7.84	1.248	272
15.008	11.35	19.04	-0.19	7.82	1.248	272
15.040	11.75	19.44	-0.17	7.84	1.248	272
15.072	11.70	19.39	-0.16	7.84	1.248	272
15.104	11.73	19.42	-0.18	7.82	1.248	272
15.136	11.55	19.24	-0.17	7.84	1.248	272
15.168	11.95	19.64	-0.18	7.82	1.243	271
15.200	12.21	19.90	-0.17	7.83	1.243	271
15.232	12.14	19.83	-0.16	7.84	1.243	271
15.264	11.79	19.48	-0.19	7.82	1.243	271
15.296	13.26	20.95	-0.17	7.84	1.243	271
15.328	12.54	20.23	-0.19	7.82	1.243	271
15.360	13.43	21.12	-0.17	7.83	1.243	271
15.392	12.75	20.44	-0.16	7.85	1.243	271
15.424	13.24	20.93	-0.19	7.81	1.243	271
15.456	12.93	20.62	-0.16	7.84	1.243	271
15.488	13.81	21.50	-0.18	7.82	1.243	271
15.520	13.42	21.10	-0.18	7.83	1.243	271
15.552	13.64	21.33	-0.16	7.84	1.243	271
15.584	13.27	20.96	-0.20	7.81	1.243	271
15.616	13.40	21.09	-0.16	7.84	1.243	271
15.648	12.61	20.30	-0.18	7.83	1.243	271
15.680	12.75	20.44	-0.18	7.82	1.243	271
15.712	12.52	20.21	-0.16	7.85	1.243	271
15.744	12.17	19.86	-0.20	7.81	1.243	271
15.776	11.75	19.44	-0.17	7.84	1.243	271
15.808	11.90	19.59	-0.18	7.83	1.243	271
15.840	11.78	19.47	-0.19	7.82	1.243	271
15.872	11.78	19.47	-0.16	7.85	1.243	271
15.904	11.82	19.51	-0.19	7.81	1.243	271
15.936	11.83	19.52	-0.17	7.84	1.243	271
15.968	12.01	19.70	-0.18	7.83	1.243	271
16.000	11.83	19.52	-0.19	7.82	1.243	271
16.032	11.94	19.63	-0.16	7.85	1.243	271
16.064	12.17	19.86	-0.19	7.82	1.243	271
16.096	12.34	20.03	-0.17	7.84	1.243	271
16.128	12.34	20.03	-0.18	7.83	1.243	271
16.160	12.34	20.03	-0.19	7.82	1.243	271
16.192	12.54	20.23	-0.16	7.84	1.243	271
16.224	12.33	20.02	-0.18	7.83	1.243	271
16.256	13.23	20.92	-0.17	7.83	1.243	271
16.288	13.79	21.48	-0.17	7.83	1.243	271
16.320	13.84	21.53	-0.20	7.81	1.243	271
16.352	13.92	21.60	-0.16	7.85	1.243	271
16.384	14.05	21.74	-0.17	7.83	1.243	271
16.416	14.94	22.63	-0.18	7.83	1.243	271
16.448	12.64	20.33	-0.17	7.84	1.243	271
16.480	12.53	20.22	-0.20	7.81	1.243	271
16.512	12.38	20.07	-0.16	7.85	1.243	271
16.544	11.77	19.46	-0.17	7.84	1.243	271
16.576	11.80	19.49	-0.18	7.83	1.243	271
16.608	11.74	19.43	-0.16	7.84	1.243	271
16.640	11.74	19.43	-0.19	7.82	1.243	271
16.672	11.73	19.42	-0.16	7.84	1.243	271
16.704	11.75	19.44	-0.16	7.84	1.243	271
16.736	11.61	19.30	-0.18	7.82	1.243	271
16.768	12.09	19.78	-0.16	7.84	1.243	271
16.800	11.99	19.68	-0.19	7.82	1.243	271
16.832	11.95	19.64	-0.17	7.84	1.243	271
16.864	11.70	19.39	-0.16	7.84	1.243	271
16.896	11.57	19.25	-0.19	7.82	1.243	271
16.928	11.62	19.31	-0.17	7.84	1.243	271
16.960	11.49	19.18	-0.19	7.82	1.243	271
16.992	11.64	19.33	-0.17	7.83	1.243	271
17.024	11.66	19.35	-0.16	7.84	1.239	270
17.056	11.84	19.53	-0.19	7.82	1.239	270
17.088	11.93	19.62	-0.16	7.84	1.239	270
17.120	11.82	19.51	-0.18	7.82	1.239	270
17.152	11.81	19.50	-0.18	7.83	1.239	270
17.184	11.91	19.60	-0.16	7.85	1.239	270
17.216	12.25	19.94	-0.20	7.81	1.239	270
17.248	12.20	19.89	-0.16	7.84	1.239	270
17.280	11.98	19.67	-0.18	7.83	1.239	270
17.312	11.95	19.64	-0.18	7.83	1.239	270
17.344	11.94	19.63	-0.16	7.85	1.239	270
17.376	11.95	19.64	-0.20	7.81	1.239	270
17.408	12.00	19.69	-0.17	7.84	1.239	270
17.440	12.14	19.83	-0.18	7.83	1.239	270
17.472	12.17	19.85	-0.18	7.82	1.239	270
17.504	12.11	19.80	-0.16	7.85	1.243	271
17.536	12.00	19.69	-0.19	7.82	1.243	271
17.568	11.93	19.62	-0.17	7.84	1.243	271
17.600	12.00	19.69	-0.18	7.83	1.243	271
17.632	12.23	19.92	-0.18	7.82	1.243	271
17.664	12.19	19.88	-0.16	7.85	1.243	271
17.696	12.28	19.97	-0.18	7.82	1.243	271
17.728	12.37	20.05	-0.17	7.84	1.243	271
17.760	12.29	19.98	-0.17	7.84	1.243	271
17.792	12.08	19.77	-0.19	7.81	1.243	271
17.824	11.96	19.65	-0.16	7.85	1.243	271
17.856	12.16	19.85	-0.18	7.83	1.243	271
17.888	12.88	20.57	-0.17	7.83	1.243	271
17.920	12.65	20.34	-0.17	7.84	1.243	271
17.952	12.35	20.04	-0.20	7.81	1.243	271
17.984	12.60	20.29	-0.16	7.85	1.239	270
18.016	12.97	20.66	-0.17	7.84	1.239	270
18.048	12.76	20.45	-0.18	7.83	1.239	270
18.080	12.85	20.54	-0.17	7.84	1.239	270
18.112	13.43	21.12	-0.20	7.81	1.239	270
18.144	13.43	21.12	-0.16	7.84	1.239	270
18.176	14.18	21.87	-0.17	7.84	1.239	270
18.208	14.37	22.06	-0.18	7.83	1.239	270
18.240	14.44	22.13	-0.16	7.84	1.239	270
18.272	14.62	22.31	-0.19	7.82	1.239	270
18.304	14.60	22.29	-0.17	7.84	1.239	270
18.336	14.58	22.27	-0.16	7.84	1.239	270
18.368	14.48	22.17	-0.19	7.82	1.239	270
18.400	14.55	22.24	-0.16	7.84	1.239	270
18.432	14.62	22.30	-0.19	7.82	1.243	271
18.464	14.68	22.37	-0.17	7.83	1.243	271
18.496	14.57	22.26	-0.16	7.84	1.243	271
18.528	14.49	22.18	-0.19	7.82	1.243	271
18.560	14.76	22.45	-0.17	7.84	1.243	271
18.592	14.52	22.20	-0.18	7.82	1.243	271
18.624	14.77	22.46	-0.17	7.83	1.243	271
18.656	14.85	22.54	-0.16	7.85	1.243	271
18.688	14.88	22.57	-0.20	7.81	1.243	271
18.720	14.64	22.33	-0.16	7.84	1.243	271
18.752	14.51	22.20	-0.18	7.83	1.243	271
18.784	14.47	22.16	-0.18	7.83	1.243	271
18.816	14.52	22.20	-0.16	7.85	1.243	271
18.848	14.49	22.18	-0.20	7.81	1.243	271
18.880	14.51	22.20	-0.16	7.84	1.243	271
18.912	14.73	22.42	-0.18	7.83	1.239	270
18.944	14.78	22.47	-0.18	7.82	1.239	270
18.976	14.87	22.56	-0.16	7.85	1.239	270
19.008	14.91	22.60	-0.20	7.81	1.239	270
19.040	14.87	22.56	-0.17	7.84	1.239	270
19.072	14.92	22.60	-0.17	7.83	1.239	270
19.104	14.87	22.56	-0.19	7.82	1.239	270
19.136	14.96	22.65	-0.16	7.85	1.239	270
19.168	14.80	22.49	-0.18	7.82	1.239	270
19.200	14.82	22.50	-0.17	7.83	1.239	270
19.232	14.94	22.63	-0.17	7.83	1.239	270
19.264	14.98	22.67	-0.19	7.81	1.239	270
19.296	14.89	22.58	-0.16	7.85	1.239	270
19.328	15.00	22.69	-0.18	7.83	1.239	270
19.360	14.96	22.65	-0.17	7.83	1.239	270
19.392	14.97	22.65	-0.17	7.84	1.239	270
19.424	15.03	22.72	-0.20	7.81	1.239	270
19.456	15.08	22.77	-0.16	7.84	1.239	270
19.488	15.12	22.81	-0.18	7.83	1.239	270
19.520	15.12	22.81	-0.18	7.82	1.239	270
19.552	15.04	22.73	-0.17	7.83	1.239	270
19.584	14.97	22.66	-0.20	7.80	1.239	270
19.616	15.05	22.74	-0.17	7.84	1.239	270
19.648	15.02	22.71	-0.17	7.84	1.239	270
19.680	15.00	22.69	-0.19	7.82	1.239	270
19.712	15.03	22.72	-0.17	7.84	1.239	270
19.744	15.10	22.79	-0.20	7.80	1.239	270
19.776	15.10	22.79	-0.17	7.83	1.239	270
19.808	15.00	22.69	-0.17	7.83	1.239	270
19.840	15.00	22.69	-0.19	7.82	1.243	271
19.872	15.09	22.78	-0.17	7.83	1.243	271
19.904	15.18	22.87	-0.20	7.81	1.243	271
19.936	15.18	22.87	-0.18	7.83	1.243	271
19.968	15.08	22.77	-0.17	7.83	1.243	271
20.000	15.07	22.76	-0.20	7.80	1.243	271
20.032	15.14	22.83	-0.17	7.83	1.243	271
20.064	15.01	22.70	-0.20	7.81	1.243	271
20.096	15.11	22.80	-0.18	7.82	1.243	271
20.128	15.03	22.72	-0.17	7.84	1.243	271
20.160	14.90	22.59	-0.20	7.80	1.243	271
20.192	15.09	22.78	-0.17	7.84	1.243	271
20.224	14.94	22.63	-0.19	7.82	1.243	271
20.256	15.12	22.80	-0.20	7.81	1.243	271
20.288	15.04	22.73	-0.17	7.84	1.243	271
20.320	15.15	22.84	-0.21	7.80	1.239	270
20.352	15.11	22.80	-0.17	7.83	1.239	270
20.384	14.82	22.51	-0.18	7.82	1.239	270
20.416	14.97	22.65	-0.19	7.81	1.239	270
20.448	14.87	22.56	-0.17	7.84	1.239	270
20.480	15.29	22.98	-0.21	7.80	1.239	270
20.512	14.94	22.63	-0.18	7.83	1.239	270
20.544	15.42	23.10	-0.18	7.82	1.239	270
20.576	15.42	23.11	-0.20	7.81	1.239	270
20.608	14.88	22.57	-0.17	7.84	1.239	270
20.640	14.97	22.66	-0.20	7.81	1.239	270
20.672	14.84	22.53	-0.18	7.83	1.239	270
20.704	14.94	22.63	-0.18	7.82	1.239	270
20.736	15.06	22.75	-0.20	7.81	1.239	270
20.768	14.89	22.58	-0.17	7.84	1.239	270
20.800	14.88	22.57	-0.19	7.82	1.239	270
20.832	14.91	22.60	-0.18	7.82	1.239	270
20.864	14.86	22.55	-0.18	7.82	1.239	270
20.896	14.84	22.53	-0.21	7.80	1.239	270
20.928	14.79	22.48	-0.17	7.83	1.239	270
20.960	14.64	22.33	-0.18	7.82	1.239	270
20.992	14.47	22.16	-0.19	7.82	1.239	270
21.024	14.36	22.05	-0.18	7.83	1.239	270
21.056	14.95	22.64	-0.21	7.80	1.239	270
21.088	14.79	22.48	-0.17	7.84	1.239	270
21.120	15.12	22.80	-0.18	7.83	1.239	270
21.152	14.74	22.43	-0.19	7.82	1.239	270
21.184	14.68	22.37	-0.18	7.83	1.239	270
21.216	14.63	22.32	-0.21	7.80	1.239	270
21.248	14.58	22.27	-0.17	7.83	1.239	270
21.280	14.39	22.08	-0.18	7.83	1.239	270
21.312	14.70	22.39	-0.20	7.81	1.239	270
21.344	14.75	22.44	-0.17	7.83	1.239	270
21.376	14.43	22.12	-0.21	7.80	1.239	270
21.408	14.45	22.14	-0.18	7.83	1.239	270
21.440	14.36	22.05	-0.18	7.83	1.239	270
21.472	14.39	22.08	-0.20	7.81	1.239	270
21.504	14.53	22.22	-0.18	7.83	1.239	270
21.536	14.59	22.28	-0.20	7.81	1.239	270
21.568	14.19	21.88	-0.18	7.82	1.239	270
21.600	14.14	21.83	-0.17	7.83	1.239	270
21.632	14.00	21.69	-0.20	7.80	1.239	270
21.664	14.16	21.85	-0.17	7.83	1.239	270
21.696	14.12	21.81	-0.20	7.81	1.239	270
21.728	14.16	21.85	-0.19	7.82	1.239	270
21.760	14.44	22.13	-0.17	7.84	1.239	270
21.792	14.16	21.85	-0.21	7.80	1.239	270
21.824	14.13	21.82	-0.18	7.83	1.239	270
21.856	14.12	21.81	-0.19	7.81	1.239	270
21.888	14.11	21.80	-0.19	7.81	1.239	270
21.920	14.15	21.84	-0.17	7.84	1.239	270
21.952	14.15	21.84	-0.21	7.79	1.239	270
21.984	14.03	21.72	-0.17	7.83	1.239	270
22.016	14.07	21.75	-0.19	7.82	1.239	270
22.048	14.04	21.73	-0.20	7.81	1.239	270
22.080	14.07	21.76	-0.17	7.84	1.239	270
22.112	14.21	21.90	-0.21	7.80	1.239	270
22.144	14.21	21.90	-0.17	7.83	1.239	270
22.176	14.07	21.76	-0.18	7.82	1.243	271
22.208	14.01	21.70	-0.20	7.81	1.243	271
22.240	13.94	21.63	-0.16	7.84	1.243	271
22.272	13.78	21.47	-0.20	7.81	1.243	271
22.304	13.91	21.60	-0.18	7.83	1.243	271
22.336	13.88	21.57	-0.18	7.82	1.243	271
22.368	13.85	21.54	-0.20	7.80	1.243	271
22.400	13.82	21.50	-0.17	7.83	1.243	271
22.432	13.81	21.50	-0.19	7.81	1.243	271
22.464	13.83	21.52	-0.18	7.82	1.243	271
22.496	13.81	21.50	-0.18	7.83	1.243	271
22.528	14.27	21.95	-0.21	7.80	1.243	271
22.560	14.06	21.75	-0.17	7.83	1.243	271
22.592	13.85	21.54	-0.18	7.82	1.243	271
22.624	13.63	21.32	-0.18	7.82	1.243	271
22.656	13.81	21.50	-0.18	7.83	1.243	271
22.688	13.79	21.48	-0.21	7.80	1.243	271
22.720	13.58	21.27	-0.17	7.83	1.243	271
22.752	13.44	21.13	-0.18	7.83	1.243	271
22.784	13.28	20.97	-0.19	7.82	1.243	271
22.816	13.28	20.97	-0.18	7.83	1.243	271
22.848	13.14	20.83	-0.21	7.80	1.243	271
22.880	13.07	20.76	-0.18	7.83	1.243	271
22.912	13.14	20.83	-0.17	7.83	1.243	271
22.944	13.00	20.69	-0.20	7.81	1.243	271
22.976	13.10	20.79	-0.17	7.83	1.243	271
23.008	13.05	20.74	-0.21	7.80	1.243	271
23.040	13.36	21.05	-0.18	7.83	1.243	271
23.072	13.22	20.91	-0.17	7.83	1.243	271
23.104	13.31	21.00	-0.20	7.81	1.243	271
23.136	12.97	20.66	-0.18	7.83	1.243	271
23.168	12.75	20.44	-0.20	7.80	1.243	271
23.200	12.97	20.66	-0.18	7.82	1.243	271
23.232	12.77	20.46	-0.17	7.84	1.243	271
23.264	12.96	20.65	-0.20	7.80	1.243	271
23.296	12.77	20.46	-0.17	7.83	1.243	271
23.328	12.90	20.59	-0.19	7.81	1.243	271
23.360	12.92	20.61	-0.19	7.82	1.243	271
23.392	13.29	20.98	-0.17	7.84	1.243	271
23.424	13.06	20.75	-0.20	7.80	1.243	271
23.456	12.52	20.21	-0.18	7.83	1.243	271
23.488	12.60	20.29	-0.19	7.82	1.243	271
23.520	12.51	20.20	-0.19	7.82	1.243	271
23.552	12.55	20.24	-0.17	7.84	1.243	271
23.584	12.07	19.75	-0.20	7.80	1.243	271
23.616	12.32	20.01	-0.17	7.84	1.243	271
23.648	12.44	20.13	-0.19	7.82	1.243	271
23.680	12.52	20.21	-0.19	7.82	1.243	271
23.712	12.43	20.12	-0.17	7.84	1.243	271
23.744	12.47	20.16	-0.20	7.80	1.243	271
23.776	12.56	20.25	-0.18	7.83	1.243	271
23.808	12.33	20.02	-0.18	7.82	1.243	271
23.840	12.38	20.07	-0.19	7.81	1.243	271
23.872	12.46	20.15	-0.16	7.84	1.243	271
23.904	12.47	20.16	-0.20	7.81	1.243	271
23.936	12.49	20.18	-0.17	7.83	1.243	271
23.968	12.72	20.41	-0.18	7.83	1.243	271
24.000	12.66	20.35	-0.20	7.81	1.243	271
24.032	12.63	20.32	-0.16	7.84	1.243	271
24.064	12.80	20.49	-0.19	7.82	1.243	271
24.096	12.71	20.40	-0.18	7.83	1.243	271
24.128	12.45	20.14	-0.18	7.83	1.243	271
24.160	12.61	20.30	-0.20	7.80	1.243	271
24.192	12.78	20.47	-0.16	7.84	1.243	271
24.224	12.72	20.41	-0.18	7.83	1.243	271
24.256	12.59	20.28	-0.18	7.83	1.243	271
24.288	12.70	20.39	-0.17	7.84	1.243	271
24.320	12.71	20.40	-0.20	7.81	1.243	271
24.352	12.77	20.45	-0.17	7.84	1.243	271
24.384	12.70	20.39	-0.17	7.84	1.243	271
24.416	12.62	20.31	-0.18	7.82	1.243	271
24.448	12.69	20.38	-0.16	7.84	1.243	271
24.480	12.90	20.59	-0.20	7.81	1.243	271
24.512	13.03	20.72	-0.17	7.84	1.239	270
24.544	13.04	20.73	-0.16	7.84	1.239	270
24.576	12.91	20.60	-0.18	7.82	1.239	270
24.608	12.72	20.40	-0.16	7.84	1.239	270
24.640	12.89	20.58	-0.19	7.81	1.239	270
24.672	12.74	20.43	-0.16	7.84	1.239	270
24.704	12.90	20.59	-0.16	7.84	1.239	270
24.736	12.75	20.44	-0.19	7.82	1.239	270
24.768	12.50	20.19	-0.16	7.84	1.239	270
24.800	12.49	20.18	-0.18	7.82	1.239	270
24.832	12.65	20.34	-0.17	7.84	1.239	270
24.864	12.33	20.02	-0.16	7.85	1.239	270
24.896	12.81	20.50	-0.19	7.82	1.239	270
24.928	12.68	20.37	-0.16	7.84	1.239	270
24.960	12.73	20.42	-0.18	7.82	1.239	270
24.992	12.62	20.31	-0.18	7.83	1.243	271
25.024	12.74	20.43	-0.16	7.85	1.243	271
25.056	12.67	20.36	-0.20	7.81	1.243	271
25.088	12.81	20.50	-0.17	7.84	1.243	271
25.120	12.75	20.44	-0.18	7.82	1.243	271
25.152	12.83	20.52	-0.19	7.82	1.243	271
25.184	12.88	20.57	-0.16	7.84	1.243	271
25.216	12.74	20.43	-0.20	7.80	1.243	271
25.248	12.67	20.36	-0.17	7.83	1.243	271
25.280	12.42	20.11	-0.19	7.82	1.243	271
25.312	12.46	20.15	-0.20	7.81	1.243	271
25.344	12.32	20.01	-0.17	7.84	1.243	271
25.376	12.30	19.99	-0.20	7.81	1.243	271
25.408	12.37	20.06	-0.18	7.83	1.243	271
25.440	12.54	20.23	-0.18	7.82	1.243	271
25.472	12.45	20.14	-0.20	7.81	1.243	271
25.504	12.50	20.19	-0.17	7.84	1.243	271
25.536	12.49	20.18	-0.19	7.82	1.243	271
25.568	12.53	20.22	-0.18	7.83	1.243	271
25.600	12.55	20.24	-0.18	7.83	1.243	271
25.632	12.57	20.26	-0.20	7.80	1.243	271
25.664	12.56	20.25	-0.17	7.84	1.243	271
25.696	12.49	20.18	-0.18	7.83	1.243	271
25.728	12.48	20.17	-0.18	7.82	1.243	271
25.760	12.61	20.30	-0.18	7.83	1.243	271
25.792	12.51	20.20	-0.20	7.80	1.243	271
25.824	12.35	20.04	-0.17	7.84	1.243	271
25.856	12.33	20.02	-0.17	7.83	1.243	271
25.888	12.48	20.17	-0.19	7.82	1.243	271
25.920	12.66	20.35	-0.18	7.83	1.243	271
25.952	12.69	20.38	-0.20	7.80	1.243	271
25.984	12.65	20.34	-0.18	7.83	1.243	271
26.016	12.62	20.31	-0.17	7.83	1.243	271
26.048	12.62	20.31	-0.20	7.81	1.243	271
26.080	12.44	20.13	-0.17	7.83	1.243	271
26.112	12.58	20.27	-0.20	7.80	1.243	271
26.144	12.59	20.28	-0.17	7.83	1.243	271
26.176	12.53	20.22	-0.17	7.83	1.243	271
26.208	12.50	20.19	-0.20	7.81	1.243	271
26.240	12.55	20.24	-0.17	7.83	1.243	271
26.272	12.68	20.37	-0.20	7.81	1.243	271
26.304	12.70	20.39	-0.18	7.82	1.243	271
26.336	12.68	20.37	-0.17	7.84	1.243	271
26.368	12.49	20.18	-0.20	7.80	1.243	271
26.400	12.38	20.07	-0.17	7.83	1.239	270
26.432	12.29	19.98	-0.19	7.81	1.239	270
26.464	12.70	20.39	-0.19	7.82	1.239	270
26.496	12.83	20.52	-0.17	7.83	1.239	270
26.528	12.59	20.28	-0.20	7.80	1.239	270
26.560	12.56	20.25	-0.17	7.84	1.239	270
26.592	12.34	20.03	-0.19	7.82	1.239	270
26.624	12.20	19.89	-0.19	7.81	1.239	270
26.656	12.15	19.84	-0.17	7.84	1.239	270
26.688	12.28	19.97	-0.21	7.80	1.239	270
26.720	12.52	20.20	-0.18	7.83	1.239	270
26.752	12.55	20.24	-0.19	7.82	1.239	270
26.784	12.43	20.12	-0.20	7.81	1.239	270
26.816	12.19	19.88	-0.17	7.84	1.239	270
26.848	12.22	19.91	-0.20	7.81	1.239	270
26.880	12.21	19.90	-0.18	7.82	1.243	271
26.912	12.53	20.22	-0.18	7.82	1.243	271
26.944	12.53	20.22	-0.20	7.80	1.243	271
26.976	12.23	19.92	-0.17	7.84	1.243	271
27.008	12.21	19.90	-0.18	7.82	1.243	271
27.040	12.14	19.83	-0.18	7.83	1.243	271
27.072	12.29	19.98	-0.18	7.83	1.243	271
27.104	12.18	19.87	-0.20	7.80	1.243	271
27.136	12.21	19.90	-0.17	7.84	1.243	271
27.168	11.95	19.64	-0.18	7.83	1.243	271
27.200	12.02	19.71	-0.18	7.82	1.243	271
27.232	12.01	19.70	-0.17	7.83	1.243	271
27.264	12.06	19.75	-0.21	7.80	1.243	271
27.296	12.16	19.85	-0.17	7.83	1.243	271
27.328	12.21	19.90	-0.17	7.83	1.243	271
27.360	12.22	19.91	-0.19	7.82	1.243	271
27.392	12.21	19.90	-0.17	7.83	1.243	271
27.424	12.21	19.90	-0.20	7.81	1.243	271
27.456	12.13	19.82	-0.18	7.83	1.243	271
27.488	12.18	19.87	-0.17	7.84	1.243	271
27.520	12.16	19.85	-0.20	7.81	1.243	271
27.552	12.24	19.93	-0.17	7.83	1.243	271
27.584	12.02	19.71	-0.20	7.81	1.243	271
27.616	12.08	19.77	-0.18	7.82	1.243	271
27.648	12.04	19.73	-0.16	7.84	1.243	271
27.680	12.24	19.93	-0.20	7.81	1.243	271
27.712	12.18	19.87	-0.17	7.83	1.243	271
27.744	12.18	19.87	-0.19	7.82	1.243	271
27.776	12.22	19.91	-0.18	7.82	1.243	271
27.808	12.14	19.83	-0.17	7.84	1.239	270
27.840	12.17	19.86	-0.20	7.80	1.239	270
27.872	12.22	19.91	-0.17	7.83	1.239	270
27.904	12.34	20.03	-0.18	7.82	1.239	270
27.936	12.55	20.24	-0.19	7.81	1.239	270
27.968	12.49	20.18	-0.16	7.84	1.239	270
28.000	12.35	20.04	-0.20	7.80	1.239	270
28.032	12.53	20.22	-0.17	7.83	1.239	270
28.064	12.58	20.27	-0.18	7.83	1.239	270
28.096	12.54	20.23	-0.19	7.81	1.239	270
28.128	12.61	20.30	-0.16	7.84	1.239	270
28.160	12.44	20.13	-0.19	7.82	1.239	270
28.192	12.40	20.09	-0.18	7.83	1.239	270
28.224	12.37	20.06	-0.18	7.83	1.239	270
28.256	12.53	20.22	-0.20	7.81	1.239	270
28.288	12.54	20.23	-0.17	7.84	1.239	270
28.320	12.59	20.28	-0.18	7.83	1.239	270
28.352	12.72	20.41	-0.18	7.83	1.239	270
28.384	12.55	20.24	-0.17	7.83	1.239	270
28.416	12.47	20.16	-0.20	7.81	1.239	270
28.448	12.65	20.34	-0.17	7.84	1.239	270
28.480	12.84	20.53	-0.17	7.83	1.239	270
28.512	12.60	20.29	-0.18	7.82	1.239	270
28.544	12.77	20.46	-0.17	7.83	1.239	270
28.576	12.61	20.30	-0.20	7.80	1.239	270
28.608	12.56	20.25	-0.17	7.84	1.239	270
28.640	12.57	20.26	-0.17	7.84	1.239	270
28.672	12.62	20.30	-0.19	7.82	1.239	270
28.704	12.72	20.41	-0.17	7.84	1.239	270
28.736	12.66	20.35	-0.20	7.81	1.243	271
28.768	12.52	20.21	-0.17	7.83	1.243	271
28.800	12.62	20.31	-0.17	7.84	1.243	271
28.832	12.57	20.26	-0.20	7.81	1.243	271
28.864	12.48	20.17	-0.17	7.84	1.243	271
28.896	12.74	20.43	-0.19	7.82	1.243	271
28.928	12.73	20.42	-0.18	7.83	1.243	271
28.960	13.05	20.74	-0.17	7.84	1.243	271
28.992	12.67	20.36	-0.20	7.81	1.243	271
29.024	12.54	20.23	-0.17	7.84	1.243	271
29.056	12.36	20.05	-0.19	7.82	1.243	271
29.088	12.49	20.18	-0.18	7.82	1.243	271
29.120	12.60	20.29	-0.16	7.84	1.243	271
29.152	12.53	20.22	-0.20	7.81	1.243	271
29.184	12.32	20.01	-0.17	7.84	1.243	271
29.216	12.15	19.84	-0.18	7.82	1.243	271
29.248	12.15	19.84	-0.18	7.82	1.243	271
29.280	12.16	19.85	-0.16	7.85	1.243	271
29.312	12.15	19.84	-0.20	7.81	1.243	271
29.344	12.26	19.95	-0.17	7.83	1.243	271
29.376	12.17	19.86	-0.18	7.83	1.243	271
29.408	12.28	19.97	-0.19	7.81	1.243	271
29.440	12.26	19.95	-0.16	7.85	1.243	271
29.472	12.32	20.00	-0.19	7.82	1.243	271
29.504	12.69	20.38	-0.17	7.83	1.243	271
29.536	13.32	21.01	-0.17	7.83	1.243	271
29.568	13.47	21.16	-0.19	7.81	1.243	271
29.600	12.92	20.61	-0.16	7.84	1.243	271
29.632	13.01	20.70	-0.18	7.83	1.243	271
29.664	13.19	20.88	-0.17	7.83	1.239	270
29.696	12.68	20.37	-0.17	7.83	1.239	270
29.728	12.55	20.24	-0.20	7.81	1.239	270
29.760	12.51	20.20	-0.17	7.84	1.239	270
29.792	12.37	20.06	-0.17	7.84	1.239	270
29.824	12.30	19.99	-0.18	7.83	1.239	270
29.856	12.48	20.17	-0.17	7.84	1.239	270
29.888	12.42	20.10	-0.20	7.81	1.239	270
29.920	12.54	20.23	-0.17	7.84	1.239	270
29.952	12.70	20.39	-0.17	7.84	1.239	270
29.984	12.52	20.21	-0.19	7.82	1.239	270
30.016	12.53	20.22	-0.16	7.84	1.239	270
30.048	12.42	20.10	-0.20	7.81	1.239	270
30.080	12.47	20.16	-0.17	7.83	1.239	270
30.112	12.45	20.14	-0.16	7.84	1.239	270
30.144	12.45	20.14	-0.19	7.81	1.239	270
30.176	12.42	20.11	-0.17	7.84	1.239	270
30.208	12.38	20.07	-0.19	7.81	1.239	270
30.240	12.42	20.11	-0.17	7.83	1.239	270
30.272	12.54	20.23	-0.17	7.84	1.239	270
30.304	12.62	20.31	-0.19	7.81	1.239	270
30.336	12.63	20.32	-0.17	7.84	1.239	270
30.368	12.50	20.19	-0.19	7.82	1.239	270
30.400	12.58	20.27	-0.18	7.82	1.239	270
30.432	12.34	20.03	-0.17	7.84	1.239	270
30.464	12.42	20.11	-0.20	7.80	1.239	270
30.496	12.56	20.25	-0.17	7.84	1.239	270
30.528	12.52	20.20	-0.18	7.83	1.239	270
30.560	12.44	20.13	-0.19	7.82	1.239	270
30.592	12.30	19.99	-0.16	7.84	1.239	270
30.624	12.30	19.99	-0.20	7.80	1.243	271
30.656	12.29	19.98	-0.17	7.84	1.243	271
30.688	12.38	20.07	-0.18	7.83	1.243	271
30.720	12.64	20.33	-0.20	7.81	1.243	271
30.752	12.81	20.50	-0.16	7.84	1.243	271
30.784	12.61	20.30	-0.20	7.81	1.243	271
30.816	12.72	20.41	-0.18	7.83	1.243	271
30.848	12.94	20.63	-0.18	7.83	1.243	271
30.880	13.55	21.24	-0.20	7.80	1.243	271
30.912	13.42	21.10	-0.17	7.84	1.243	271
30.944	13.13	20.82	-0.18	7.82	1.243	271
30.976	13.42	21.11	-0.18	7.83	1.243	271
31.008	13.39	21.08	-0.18	7.83	1.243	271
31.040	13.20	20.89	-0.20	7.80	1.243	271
31.072	13.45	21.14	-0.17	7.84	1.239	270
31.104	13.59	21.28	-0.18	7.83	1.239	270
31.136	13.65	21.34	-0.18	7.82	1.239	270
31.168	13.58	21.27	-0.17	7.83	1.239	270
31.200	13.48	21.17	-0.20	7.80	1.239	270
31.232	13.51	21.20	-0.17	7.84	1.239	270
31.264	13.63	21.32	-0.17	7.83	1.239	270
31.296	13.47	21.16	-0.19	7.82	1.239	270
31.328	13.40	21.09	-0.17	7.84	1.239	270
31.360	13.48	21.17	-0.20	7.80	1.239	270
31.392	13.43	21.12	-0.17	7.84	1.239	270
31.424	13.88	21.57	-0.17	7.84	1.239	270
31.456	13.32	21.01	-0.19	7.82	1.239	270
31.488	13.62	21.31	-0.17	7.84	1.239	270
31.520	13.41	21.10	-0.19	7.81	1.239	270
31.552	13.49	21.18	-0.17	7.83	1.243	271
31.584	13.37	21.05	-0.17	7.84	1.243	271
31.616	13.19	20.88	-0.19	7.81	1.243	271
31.648	13.29	20.98	-0.17	7.84	1.243	271
31.680	13.41	21.10	-0.19	7.82	1.243	271
31.712	13.42	21.10	-0.18	7.82	1.243	271
31.744	13.28	20.97	-0.16	7.84	1.243	271
31.776	13.26	20.95	-0.20	7.81	1.243	271
31.808	13.18	20.87	-0.17	7.84	1.243	271
31.840	13.63	21.32	-0.18	7.82	1.243	271
31.872	13.60	21.29	-0.18	7.82	1.243	271
31.904	14.19	21.88	-0.16	7.84	1.243	271
31.936	14.48	22.17	-0.20	7.81	1.243	271
31.968	14.10	21.79	-0.17	7.84	1.243	271
32.000	13.95	21.64	-0.18	7.83	1.243	271
32.032	13.96	21.65	-0.19	7.82	1.243	271
32.064	13.86	21.55	-0.16	7.85	1.243	271
32.096	13.77	21.46	-0.20	7.81	1.243	271
32.128	13.95	21.64	-0.17	7.84	1.243	271
32.160	13.91	21.60	-0.18	7.83	1.243	271
32.192	13.77	21.46	-0.19	7.82	1.243	271
32.224	13.84	21.53	-0.16	7.85	1.243	271
32.256	13.88	21.57	-0.19	7.82	1.243	271
32.288	14.01	21.70	-0.17	7.83	1.243	271
32.320	14.39	22.08	-0.18	7.83	1.243	271
32.352	14.79	22.48	-0.19	7.81	1.243	271
32.384	14.65	22.34	-0.16	7.84	1.243	271
32.416	14.58	22.27	-0.18	7.83	1.243	271
32.448	14.42	22.11	-0.18	7.83	1.243	271
32.480	14.52	22.21	-0.17	7.83	1.248	272
32.512	15.15	22.84	-0.20	7.81	1.248	272
32.544	15.37	23.05	-0.16	7.84	1.248	272
32.576	15.37	23.06	-0.17	7.83	1.248	272
32.608	15.22	22.91	-0.18	7.83	1.248	272
32.640	15.09	22.78	-0.17	7.84	1.248	272
32.672	15.17	22.86	-0.20	7.81	1.248	272
32.704	15.40	23.09	-0.17	7.84	1.248	272
32.736	15.35	23.04	-0.17	7.84	1.248	272
32.768	15.33	23.02	-0.18	7.82	1.248	272
32.800	15.33	23.02	-0.17	7.84	1.248	272
32.832	15.23	22.92	-0.19	7.82	1.248	272
32.864	15.22	22.90	-0.17	7.84	1.248	272
32.896	15.21	22.90	-0.17	7.84	1.248	272
32.928	15.19	22.88	-0.19	7.82	1.248	272
32.960	15.33	23.02	-0.16	7.84	1.239	270
32.992	15.34	23.03	-0.19	7.81	1.239	270
33.024	15.19	22.88	-0.17	7.84	1.239	270
33.056	15.24	22.93	-0.16	7.84	1.239	270
33.088	15.22	22.91	-0.19	7.82	1.239	270
33.120	15.42	23.11	-0.16	7.84	1.239	270
33.152	15.58	23.27	-0.19	7.82	1.239	270
33.184	15.55	23.24	-0.18	7.83	1.239	270
33.216	15.18	22.87	-0.16	7.84	1.239	270
33.248	15.03	22.72	-0.19	7.82	1.239	270
33.280	15.28	22.97	-0.17	7.84	1.239	270
33.312	15.41	23.10	-0.18	7.83	1.239	270
33.344	15.49	23.18	-0.18	7.83	1.239	270
33.376	15.54	23.23	-0.16	7.85	1.239	270
33.408	15.87	23.55	-0.20	7.81	1.239	270
33.440	17.04	24.73	-0.17	7.84	1.239	270
33.472	16.38	24.07	-0.17	7.83	1.239	270
33.504	16.16	23.85	-0.18	7.83	1.239	270
33.536	16.19	23.88	-0.15	7.85	1.239	270
33.568	15.85	23.54	-0.20	7.81	1.239	270
33.600	15.44	23.13	-0.17	7.84	1.239	270
33.632	15.30	22.99	-0.18	7.83	1.239	270
33.664	15.48	23.17	-0.18	7.82	1.239	270
33.696	15.74	23.43	-0.15	7.85	1.239	270
33.728	16.02	23.71	-0.19	7.82	1.239	270
33.760	16.36	24.05	-0.17	7.84	1.239	270
33.792	16.40	24.09	-0.17	7.83	1.239	270
33.824	16.32	24.01	-0.19	7.82	1.239	270
33.856	16.34	24.03	-0.15	7.85	1.239	270
33.888	15.23	22.92	-0.18	7.83	1.248	272
33.920	15.28	22.97	-0.17	7.84	1.248	272
33.952	15.39	23.08	-0.17	7.84	1.248	272
33.984	15.28	22.97	-0.19	7.82	1.248	272
34.016	15.32	23.01	-0.16	7.85	1.248	272
34.048	15.34	23.03	-0.17	7.84	1.248	272
34.080	15.38	23.07	-0.17	7.83	1.248	272
34.112	15.36	23.05	-0.17	7.84	1.248	272
34.144	15.45	23.14	-0.19	7.82	1.248	272
34.176	15.40	23.09	-0.16	7.85	1.248	272
34.208	15.31	23.00	-0.17	7.84	1.248	272
34.240	15.03	22.72	-0.17	7.83	1.248	272
34.272	15.04	22.73	-0.16	7.85	1.248	272
34.304	15.11	22.80	-0.19	7.82	1.248	272
34.336	15.15	22.84	-0.16	7.85	1.248	272
34.368	15.08	22.77	-0.16	7.84	1.239	270
34.400	14.96	22.65	-0.17	7.83	1.239	270
34.432	14.93	22.62	-0.16	7.85	1.239	270
34.464	14.73	22.42	-0.18	7.82	1.239	270
34.496	14.76	22.45	-0.16	7.84	1.239	270
34.528	14.90	22.59	-0.15	7.85	1.239	270
34.560	14.88	22.57	-0.18	7.83	1.239	270
34.592	14.89	22.58	-0.16	7.85	1.239	270
34.624	14.72	22.40	-0.18	7.82	1.239	270
34.656	14.66	22.35	-0.16	7.84	1.239	270
34.688	14.73	22.42	-0.16	7.85	1.239	270
34.720	14.93	22.62	-0.18	7.82	1.239	270
34.752	15.02	22.71	-0.16	7.85	1.239	270
34.784	14.86	22.55	-0.18	7.83	1.239	270
34.816	14.93	22.62	-0.17	7.84	1.243	271
34.848	15.01	22.70	-0.15	7.85	1.243	271
34.880	15.10	22.79	-0.18	7.82	1.243	271
34.912	15.16	22.85	-0.16	7.85	1.243	271
34.944	15.04	22.73	-0.17	7.83	1.243	271
34.976	15.18	22.87	-0.17	7.83	1.243	271
35.008	15.34	23.03	-0.15	7.86	1.243	271
35.040	15.02	22.71	-0.19	7.82	1.243	271
35.072	14.95	22.64	-0.16	7.85	1.243	271
35.104	15.15	22.84	-0.17	7.84	1.243	271
35.136	15.29	22.98	-0.17	7.83	1.243	271
35.168	15.11	22.80	-0.15	7.85	1.243	271
35.200	15.14	22.83	-0.19	7.82	1.243	271
35.232	15.23	22.92	-0.16	7.85	1.243	271
35.264	15.25	22.94	-0.17	7.84	1.243	271
35.296	15.26	22.95	-0.17	7.83	1.243	271
35.328	15.21	22.90	-0.15	7.86	1.243	271
35.360	15.28	22.97	-0.18	7.82	1.243	271
35.392	15.21	22.90	-0.16	7.85	1.243	271
35.424	14.96	22.65	-0.16	7.84	1.243	271
35.456	15.09	22.78	-0.18	7.83	1.243	271
35.488	15.09	22.78	-0.15	7.86	1.243	271
35.520	15.50	23.19	-0.17	7.83	1.243	271
35.552	15.05	22.74	-0.16	7.84	1.243	271
35.584	15.15	22.84	-0.16	7.84	1.243	271
35.616	15.12	22.81	-0.18	7.83	1.243	271
35.648	15.18	22.87	-0.15	7.86	1.243	271
35.680	15.35	23.04	-0.17	7.84	1.243	271
35.712	15.37	23.06	-0.17	7.84	1.243	271
35.744	15.33	23.02	-0.16	7.85	1.243	271
35.776	15.29	22.98	-0.18	7.82	1.239	270
35.808	15.22	22.91	-0.15	7.86	1.239	270
35.840	15.19	22.88	-0.16	7.84	1.239	270
35.872	15.39	23.08	-0.17	7.84	1.239	270
35.904	15.40	23.09	-0.16	7.85	1.239	270
35.936	15.52	23.21	-0.19	7.82	1.239	270
35.968	15.70	23.39	-0.15	7.85	1.239	270
36.000	15.65	23.34	-0.15	7.85	1.239	270
36.032	15.54	23.23	-0.17	7.84	1.239	270
36.064	15.53	23.22	-0.16	7.85	1.239	270
36.096	15.53	23.22	-0.18	7.82	1.239	270
36.128	15.54	23.23	-0.16	7.85	1.239	270
36.160	15.64	23.33	-0.15	7.85	1.239	270
36.192	15.80	23.49	-0.17	7.83	1.239	270
36.224	16.04	23.73	-0.15	7.85	1.243	271
36.256	15.46	23.15	-0.18	7.82	1.243	271
36.288	15.78	23.47	-0.16	7.85	1.243	271
36.320	15.60	23.29	-0.16	7.85	1.243	271
36.352	15.69	23.38	-0.18	7.83	1.243	271
36.384	15.68	23.37	-0.15	7.86	1.243	271
36.416	15.68	23.37	-0.17	7.83	1.243	271
36.448	15.84	23.53	-0.17	7.84	1.243	271
36.480	16.12	23.81	-0.15	7.85	1.243	271
36.512	15.90	23.59	-0.18	7.83	1.243	271
36.544	14.98	22.67	-0.15	7.85	1.243	271
36.576	15.00	22.69	-0.17	7.83	1.243	271
36.608	14.98	22.67	-0.17	7.84	1.243	271
36.640	14.80	22.49	-0.14	7.86	1.243	271
36.672	14.88	22.57	-0.18	7.82	1.243	271
36.704	15.20	22.89	-0.16	7.85	1.239	270
36.736	15.13	22.82	-0.17	7.83	1.239	270
36.768	15.13	22.82	-0.17	7.83	1.239	270
36.800	15.24	22.93	-0.15	7.86	1.239	270
36.832	15.18	22.87	-0.19	7.82	1.239	270
36.864	15.10	22.79	-0.15	7.85	1.239	270
36.896	15.22	22.91	-0.17	7.84	1.239	270
36.928	15.11	22.80	-0.17	7.83	1.239	270
36.960	15.02	22.71	-0.15	7.86	1.239	270
36.992	14.99	22.68	-0.18	7.83	1.239	270
37.024	15.03	22.72	-0.16	7.85	1.239	270
37.056	14.98	22.67	-0.16	7.84	1.239	270
37.088	15.04	22.73	-0.18	7.83	1.239	270
37.120	15.20	22.89	-0.15	7.86	1.239	270
37.152	15.57	23.25	-0.18	7.83	1.243	271
37.184	15.53	23.22	-0.16	7.85	1.243	271
37.216	15.39	23.08	-0.16	7.84	1.243	271
37.248	15.34	23.03	-0.18	7.83	1.243	271
37.280	15.37	23.06	-0.15	7.86	1.243	271
37.312	15.30	22.99	-0.17	7.84	1.243	271
37.344	15.32	23.01	-0.16	7.84	1.243	271
37.376	15.34	23.03	-0.16	7.85	1.243	271
37.408	15.33	23.02	-0.18	7.83	1.243	271
37.440	15.36	23.05	-0.15	7.86	1.243	271
37.472	15.38	23.07	-0.16	7.84	1.243	271
37.504	15.29	22.98	-0.16	7.84	1.243	271
37.536	15.37	23.06	-0.16	7.85	1.243	271
37.568	15.52	23.21	-0.19	7.82	1.243	271
37.600	15.41	23.10	-0.15	7.86	1.243	271
37.632	15.39	23.08	-0.16	7.85	1.243	271
37.664	15.37	23.05	-0.17	7.84	1.243	271
37.696	15.43	23.12	-0.15	7.85	1.243	271
37.728	15.36	23.05	-0.19	7.82	1.243	271
37.760	15.45	23.14	-0.15	7.85	1.243	271
37.792	15.52	23.21	-0.15	7.86	1.243	271
37.824	15.42	23.11	-0.17	7.83	1.243	271
37.856	15.36	23.05	-0.16	7.85	1.243	271
37.888	15.46	23.15	-0.18	7.83	1.243	271
37.920	15.51	23.20	-0.16	7.85	1.243	271
37.952	15.72	23.41	-0.15	7.85	1.243	271
37.984	15.62	23.31	-0.18	7.83	1.243	271
38.016	15.50	23.19	-0.15	7.85	1.243	271
38.048	15.48	23.17	-0.17	7.83	1.243	271
38.080	15.60	23.29	-0.16	7.85	1.243	271
38.112	15.63	23.32	-0.16	7.85	1.248	272
38.144	15.58	23.27	-0.18	7.82	1.248	272
38.176	15.55	23.24	-0.16	7.85	1.248	272
38.208	15.95	23.64	-0.17	7.84	1.248	272
38.240	16.02	23.71	-0.17	7.84	1.248	272
38.272	16.04	23.73	-0.15	7.86	1.248	272
38.304	16.03	23.72	-0.18	7.82	1.248	272
38.336	16.09	23.78	-0.15	7.85	1.248	272
38.368	16.19	23.88	-0.17	7.83	1.248	272
38.400	16.09	23.78	-0.17	7.83	1.248	272
38.432	15.99	23.68	-0.15	7.86	1.248	272
38.464	15.97	23.66	-0.19	7.82	1.248	272
38.496	16.11	23.80	-0.16	7.85	1.248	272
38.528	16.07	23.75	-0.17	7.84	1.248	272
38.560	16.01	23.70	-0.17	7.83	1.248	272
38.592	15.99	23.68	-0.14	7.86	1.248	272
38.624	16.00	23.69	-0.18	7.82	1.248	272
38.656	15.96	23.65	-0.16	7.85	1.248	272
38.688	15.99	23.68	-0.16	7.84	1.248	272
38.720	15.98	23.67	-0.18	7.83	1.248	272
38.752	16.11	23.80	-0.15	7.86	1.248	272
38.784	16.05	23.74	-0.18	7.83	1.248	272
38.816	15.99	23.68	-0.16	7.84	1.248	272
38.848	15.99	23.68	-0.16	7.84	1.248	272
38.880	16.03	23.72	-0.18	7.83	1.248	272
38.912	16.04	23.73	-0.15	7.86	1.248	272
38.944	16.02	23.71	-0.17	7.84	1.248	272
38.976	16.07	23.76	-0.16	7.85	1.248	272
39.008	16.08	23.77	-0.16	7.85	1.248	272
39.040	16.00	23.69	-0.18	7.82	1.248	272
39.072	15.95	23.64	-0.15	7.86	1.248	272
39.104	15.90	23.59	-0.16	7.84	1.248	272
39.136	15.98	23.67	-0.16	7.84	1.248	272
39.168	16.12	23.81	-0.16	7.85	1.248	272
39.200	16.13	23.82	-0.18	7.82	1.248	272
39.232	15.96	23.65	-0.15	7.86	1.248	272
39.264	15.95	23.64	-0.16	7.85	1.248	272
39.296	16.06	23.75	-0.17	7.84	1.248	272
39.328	16.01	23.70	-0.16	7.85	1.248	272
39.360	16.03	23.72	-0.19	7.82	1.248	272
39.392	16.12	23.81	-0.15	7.86	1.248	272
39.424	16.11	23.80	-0.16	7.85	1.248	272
39.456	16.03	23.72	-0.17	7.83	1.248	272
39.488	15.94	23.63	-0.15	7.85	1.248	272
39.520	15.99	23.68	-0.18	7.82	1.248	272
39.552	16.09	23.78	-0.15	7.85	1.248	272
39.584	16.19	23.88	-0.15	7.85	1.248	272
39.616	16.07	23.75	-0.17	7.83	1.248	272
39.648	15.95	23.64	-0.15	7.85	1.248	272
39.680	15.93	23.62	-0.18	7.83	1.248	272
39.712	16.00	23.69	-0.16	7.85	1.248	272
39.744	16.05	23.74	-0.15	7.85	1.248	272
39.776	15.98	23.67	-0.18	7.83	1.248	272
39.808	16.02	23.71	-0.16	7.85	1.248	272
39.840	15.92	23.61	-0.18	7.83	1.248	272
39.872	15.84	23.53	-0.16	7.84	1.248	272
39.904	15.90	23.59	-0.15	7.86	1.248	272
39.936	16.00	23.69	-0.18	7.82	1.248	272
39.968	16.21	23.90	-0.15	7.85	1.248	272
40.000	16.24	23.93	-0.18	7.83	1.248	272
40.032	16.12	23.80	-0.17	7.84	1.248	272
40.064	16.01	23.70	-0.15	7.86	1.248	272
40.096	16.09	23.78	-0.19	7.82	1.248	272
40.128	16.16	23.85	-0.15	7.85	1.248	272
40.160	16.17	23.85	-0.17	7.84	1.248	272
40.192	16.21	23.90	-0.17	7.84	1.248	272
40.224	16.09	23.78	-0.15	7.86	1.248	272
40.256	16.04	23.73	-0.19	7.82	1.248	272
40.288	16.04	23.73	-0.15	7.85	1.248	272
40.320	16.09	23.78	-0.17	7.84	1.248	272
40.352	16.17	23.86	-0.17	7.83	1.248	272
40.384	16.23	23.92	-0.15	7.86	1.248	272
40.416	16.19	23.88	-0.18	7.82	1.248	272
40.448	16.10	23.79	-0.15	7.85	1.243	271
40.480	16.13	23.82	-0.17	7.84	1.243	271
40.512	16.24	23.93	-0.17	7.83	1.243	271
40.544	16.13	23.82	-0.15	7.86	1.243	271
40.576	16.15	23.84	-0.18	7.83	1.243	271
40.608	16.20	23.89	-0.16	7.85	1.243	271
40.640	16.12	23.81	-0.16	7.84	1.243	271
40.672	16.10	23.79	-0.18	7.83	1.243	271
40.704	16.13	23.82	-0.15	7.86	1.243	271
40.736	16.22	23.90	-0.18	7.83	1.243	271
40.768	16.39	24.08	-0.16	7.85	1.243	271
40.800	16.44	24.13	-0.16	7.84	1.243	271
40.832	16.33	24.02	-0.18	7.83	1.243	271
40.864	16.24	23.93	-0.15	7.86	1.243	271
40.896	16.20	23.89	-0.17	7.84	1.248	272
40.928	16.20	23.89	-0.16	7.85	1.248	272
40.960	16.28	23.97	-0.16	7.85	1.248	272
40.992	16.38	24.07	-0.18	7.82	1.248	272
41.024	16.38	24.07	-0.15	7.86	1.248	272
41.056	16.24	23.93	-0.16	7.84	1.248	272
41.088	16.30	23.99	-0.16	7.84	1.248	272
41.120	16.37	24.06	-0.16	7.85	1.248	272
41.152	16.43	24.12	-0.18	7.82	1.248	272
41.184	16.54	24.23	-0.15	7.86	1.248	272
41.216	16.26	23.95	-0.16	7.85	1.248	272
41.248	15.70	23.39	-0.16	7.84	1.248	272
41.280	15.71	23.40	-0.15	7.85	1.248	272
41.312	15.79	23.48	-0.18	7.82	1.248	272
41.344	15.74	23.43	-0.15	7.86	1.248	272
41.376	15.78	23.47	-0.15	7.86	1.239	270
41.408	15.82	23.51	-0.17	7.84	1.239	270
41.440	15.87	23.56	-0.15	7.85	1.239	270
41.472	15.82	23.51	-0.18	7.82	1.239	270
41.504	15.80	23.49	-0.15	7.86	1.239	270
41.536	15.83	23.52	-0.15	7.85	1.239	270
41.568	15.90	23.59	-0.17	7.84	1.239	270
41.600	15.94	23.63	-0.15	7.86	1.239	270
41.632	15.88	23.57	-0.18	7.82	1.239	270
41.664	15.82	23.51	-0.15	7.85	1.239	270
41.696	15.91	23.60	-0.15	7.85	1.239	270
41.728	15.98	23.67	-0.17	7.84	1.239	270
41.760	15.90	23.59	-0.15	7.86	1.239	270
41.792	15.93	23.62	-0.17	7.83	1.239	270
41.824	15.95	23.64	-0.15	7.85	1.239	270
41.856	15.95	23.64	-0.15	7.85	1.248	272
41.888	16.03	23.72	-0.17	7.84	1.248	272
41.920	16.06	23.75	-0.15	7.86	1.248	272
41.952	16.02	23.71	-0.17	7.83	1.248	272
41.984	16.08	23.77	-0.16	7.85	1.248	272
42.016	16.05	23.74	-0.14	7.86	1.248	272
42.048	15.91	23.60	-0.17	7.83	1.248	272
42.080	15.96	23.65	-0.15	7.86	1.248	272
42.112	16.04	23.73	-0.17	7.83	1.248	272
42.144	15.94	23.63	-0.16	7.85	1.248	272
42.176	15.90	23.59	-0.15	7.86	1.248	272
42.208	15.85	23.54	-0.18	7.83	1.248	272
42.240	15.78	23.47	-0.15	7.86	1.248	272
42.272	15.78	23.47	-0.17	7.84	1.248	272
42.304	15.77	23.46	-0.16	7.85	1.239	270
42.336	15.83	23.52	-0.15	7.86	1.239	270
42.368	15.95	23.64	-0.17	7.83	1.239	270
42.400	16.15	23.84	-0.15	7.85	1.239	270
42.432	15.93	23.62	-0.16	7.84	1.239	270
42.464	15.76	23.45	-0.16	7.84	1.239	270
42.496	15.70	23.39	-0.14	7.86	1.239	270
42.528	15.85	23.54	-0.18	7.83	1.239	270
42.560	15.91	23.60	-0.14	7.87	1.239	270
42.592	15.88	23.57	-0.16	7.84	1.239	270
42.624	15.90	23.59	-0.16	7.84	1.239	270
42.656	15.83	23.52	-0.14	7.86	1.239	270
42.688	15.66	23.35	-0.18	7.83	1.239	270
42.720	15.67	23.36	-0.15	7.86	1.239	270
42.752	15.84	23.53	-0.16	7.84	1.239	270
42.784	16.07	23.76	-0.17	7.83	1.239	270
42.816	16.03	23.72	-0.14	7.87	1.239	270
42.848	15.85	23.54	-0.18	7.82	1.239	270
42.880	15.79	23.48	-0.15	7.85	1.239	270
42.912	15.79	23.48	-0.16	7.84	1.239	270
42.944	15.87	23.55	-0.18	7.83	1.239	270
42.976	15.82	23.51	-0.15	7.86	1.239	270
43.008	15.86	23.55	-0.18	7.83	1.239	270
43.040	15.93	23.62	-0.16	7.85	1.239	270
43.072	15.83	23.52	-0.16	7.84	1.239	270
43.104	15.80	23.49	-0.17	7.83	1.239	270
43.136	15.79	23.48	-0.14	7.86	1.239	270
43.168	15.82	23.50	-0.17	7.83	1.239	270
43.200	16.04	23.73	-0.16	7.85	1.239	270
43.232	15.99	23.68	-0.16	7.85	1.239	270
43.264	15.85	23.54	-0.18	7.83	1.243	271
43.296	15.77	23.46	-0.15	7.86	1.243	271
43.328	15.89	23.58	-0.17	7.84	1.243	271
43.360	15.97	23.66	-0.16	7.84	1.243	271
43.392	15.91	23.60	-0.16	7.85	1.243	271
43.424	15.86	23.55	-0.18	7.83	1.243	271
43.456	15.80	23.49	-0.15	7.86	1.243	271
43.488	15.82	23.51	-0.16	7.84	1.243	271
43.520	15.84	23.53	-0.16	7.85	1.243	271
43.552	15.95	23.64	-0.16	7.85	1.243	271
43.584	16.02	23.71	-0.18	7.82	1.243	271
43.616	16.08	23.77	-0.15	7.86	1.243	271
43.648	15.93	23.62	-0.16	7.84	1.243	271
43.680	15.82	23.50	-0.17	7.84	1.243	271
43.712	15.78	23.47	-0.16	7.84	1.239	270
43.744	15.89	23.58	-0.19	7.82	1.239	270
43.776	15.95	23.64	-0.15	7.85	1.239	270
43.808	15.97	23.66	-0.16	7.85	1.239	270
43.840	15.93	23.62	-0.17	7.84	1.239	270
43.872	15.86	23.55	-0.16	7.85	1.239	270
43.904	15.82	23.51	-0.19	7.82	1.239	270
43.936	15.97	23.66	-0.15	7.85	1.239	270
43.968	16.02	23.71	-0.16	7.85	1.239	270
44.000	16.07	23.76	-0.17	7.83	1.239	270
44.032	16.00	23.69	-0.16	7.85	1.239	270
44.064	15.90	23.59	-0.18	7.82	1.239	270
44.096	15.85	23.54	-0.16	7.85	1.239	270
44.128	15.89	23.58	-0.16	7.85	1.239	270
44.160	15.95	23.64	-0.18	7.83	1.239	270
44.192	15.90	23.59	-0.16	7.85	1.243	271
44.224	15.97	23.66	-0.18	7.82	1.243	271
44.256	15.97	23.66	-0.16	7.84	1.243	271
44.288	15.92	23.60	-0.16	7.85	1.243	271
44.320	15.90	23.59	-0.17	7.83	1.243	271
44.352	15.96	23.65	-0.16	7.85	1.243	271
44.384	15.98	23.67	-0.18	7.82	1.243	271
44.416	16.00	23.69	-0.16	7.84	1.243	271
44.448	15.94	23.63	-0.15	7.85	1.243	271
44.480	15.88	23.57	-0.18	7.83	1.243	271
44.512	15.97	23.66	-0.16	7.85	1.243	271
44.544	15.90	23.59	-0.18	7.83	1.243	271
44.576	15.78	23.47	-0.16	7.84	1.243	271
44.608	15.89	23.58	-0.16	7.85	1.243	271
44.640	15.99	23.68	-0.18	7.83	1.243	271
44.672	15.95	23.64	-0.16	7.85	1.243	271
44.704	15.90	23.59	-0.18	7.83	1.243	271
44.736	15.80	23.49	-0.17	7.84	1.243	271
44.768	15.80	23.49	-0.15	7.85	1.243	271
44.800	16.00	23.69	-0.18	7.82	1.243	271
44.832	16.09	23.78	-0.15	7.85	1.243	271
44.864	15.95	23.64	-0.17	7.83	1.243	271
44.896	15.91	23.60	-0.17	7.84	1.243	271
44.928	15.98	23.67	-0.15	7.86	1.243	271
44.960	16.06	23.75	-0.18	7.82	1.243	271
44.992	15.98	23.67	-0.16	7.85	1.243	271
45.024	16.00	23.69	-0.17	7.83	1.243	271
45.056	16.01	23.70	-0.17	7.83	1.243	271
45.088	15.99	23.68	-0.15	7.85	1.243	271
45.120	15.96	23.65	-0.18	7.82	1.243	271
45.152	16.01	23.70	-0.16	7.84	1.243	271
45.184	15.99	23.68	-0.17	7.83	1.243	271
45.216	16.10	23.79	-0.17	7.83	1.243	271
45.248	15.99	23.68	-0.15	7.86	1.243	271
45.280	15.97	23.66	-0.19	7.82	1.243	271
45.312	15.95	23.64	-0.16	7.85	1.243	271
45.344	16.02	23.70	-0.17	7.83	1.243	271
45.376	15.96	23.65	-0.18	7.83	1.243	271
45.408	16.01	23.70	-0.15	7.85	1.243	271
45.440	15.97	23.66	-0.19	7.82	1.243	271
45.472	15.93	23.62	-0.16	7.85	1.243	271
45.504	15.95	23.64	-0.17	7.83	1.243	271
45.536	16.03	23.72	-0.18	7.83	1.243	271
45.568	16.01	23.70	-0.15	7.86	1.243	271
45.600	15.94	23.63	-0.18	7.82	1.239	270
45.632	16.04	23.73	-0.16	7.84	1.239	270
45.664	16.07	23.76	-0.17	7.84	1.239	270
45.696	16.04	23.73	-0.18	7.83	1.239	270
45.728	15.94	23.63	-0.15	7.85	1.239	270
45.760	15.97	23.66	-0.18	7.83	1.239	270
45.792	15.92	23.60	-0.16	7.84	1.239	270
45.824	15.99	23.68	-0.17	7.84	1.239	270
45.856	16.00	23.69	-0.19	7.82	1.239	270
45.888	15.96	23.65	-0.15	7.85	1.239	270
45.920	15.98	23.67	-0.17	7.83	1.239	270
45.952	16.00	23.69	-0.17	7.84	1.239	270
45.984	16.08	23.77	-0.17	7.84	1.239	270
46.016	16.14	23.83	-0.19	7.82	1.239	270
46.048	16.15	23.84	-0.15	7.86	1.243	271
46.080	16.03	23.72	-0.17	7.84	1.243	271
46.112	15.99	23.68	-0.17	7.84	1.243	271
46.144	15.99	23.68	-0.16	7.84	1.243	271
46.176	16.04	23.73	-0.19	7.82	1.243	271
46.208	16.04	23.73	-0.16	7.85	1.243	271
46.240	16.02	23.71	-0.17	7.84	1.243	271
46.272	16.05	23.74	-0.17	7.84	1.243	271
46.304	15.95	23.64	-0.16	7.84	1.243	271
46.336	15.86	23.55	-0.19	7.82	1.243	271
46.368	15.96	23.65	-0.16	7.85	1.243	271
46.400	16.12	23.81	-0.16	7.85	1.243	271
46.432	16.18	23.87	-0.17	7.83	1.243	271
46.464	16.12	23.81	-0.16	7.85	1.243	271
46.496	15.98	23.67	-0.18	7.82	1.243	271
46.528	15.94	23.63	-0.16	7.85	1.243	271
46.560	16.07	23.75	-0.16	7.85	1.243	271
46.592	16.06	23.75	-0.17	7.83	1.243	271
46.624	16.04	23.73	-0.16	7.85	1.243	271
46.656	16.08	23.77	-0.19	7.82	1.243	271
46.688	16.02	23.70	-0.16	7.84	1.243	271
46.720	15.93	23.62	-0.16	7.85	1.243	271
46.752	15.97	23.66	-0.18	7.83	1.243	271
46.784	16.05	23.74	-0.16	7.85	1.243	271
46.816	16.14	23.83	-0.18	7.82	1.243	271
46.848	16.13	23.82	-0.17	7.84	1.243	271
46.880	16.05	23.74	-0.16	7.85	1.243	271
46.912	16.04	23.73	-0.18	7.82	1.243	271
46.944	16.06	23.75	-0.16	7.85	1.243	271
46.976	16.04	23.73	-0.18	7.82	1.243	271
47.008	16.01	23.70	-0.17	7.84	1.243	271
47.040	16.11	23.80	-0.16	7.85	1.243	271
47.072	16.11	23.80	-0.19	7.82	1.243	271
47.104	16.09	23.78	-0.16	7.85	1.243	271
47.136	16.09	23.78	-0.18	7.83	1.243	271
47.168	16.07	23.76	-0.17	7.83	1.243	271
47.200	16.04	23.73	-0.15	7.85	1.243	271
47.232	16.22	23.91	-0.19	7.82	1.243	271
47.264	16.23	23.92	-0.16	7.85	1.243	271
47.296	16.15	23.84	-0.17	7.83	1.243	271
47.328	16.03	23.72	-0.18	7.83	1.243	271
47.360	16.06	23.75	-0.15	7.85	1.243	271
47.392	16.11	23.80	-0.19	7.81	1.243	271
47.424	16.06	23.75	-0.16	7.85	1.243	271
47.456	16.12	23.81	-0.17	7.84	1.243	271
47.488	16.14	23.83	-0.18	7.83	1.243	271
47.520	16.01	23.70	-0.15	7.85	1.243	271
47.552	15.98	23.67	-0.19	7.82	1.243	271
47.584	16.01	23.70	-0.16	7.84	1.243	271
47.616	16.08	23.77	-0.17	7.84	1.243	271
47.648	16.13	23.82	-0.18	7.83	1.243	271
47.680	16.10	23.79	-0.15	7.85	1.243	271
47.712	16.04	23.73	-0.18	7.82	1.243	271
47.744	16.10	23.79	-0.16	7.84	1.243	271
47.776	16.11	23.80	-0.17	7.84	1.243	271
47.808	16.04	23.73	-0.18	7.82	1.243	271
47.840	16.12	23.81	-0.16	7.85	1.243	271
47.872	16.18	23.87	-0.17	7.83	1.243	271
47.904	16.12	23.81	-0.17	7.84	1.243	271
47.936	16.03	23.72	-0.16	7.84	1.239	270
47.968	16.09	23.78	-0.19	7.82	1.239	270
48.000	16.18	23.87	-0.15	7.85	1.239	270
48.032	16.31	24.00	-0.17	7.84	1.239	270
48.064	16.24	23.93	-0.17	7.84	1.239	270
48.096	16.13	23.82	-0.16	7.84	1.239	270
48.128	16.00	23.69	-0.20	7.81	1.239	270
48.160	16.10	23.79	-0.16	7.85	1.239	270
48.192	16.06	23.75	-0.16	7.84	1.239	270
48.224	16.12	23.80	-0.17	7.83	1.239	270
48.256	16.13	23.82	-0.16	7.85	1.239	270
48.288	16.22	23.91	-0.19	7.82	1.239	270
48.320	16.13	23.82	-0.16	7.85	1.239	270
48.352	16.03	23.72	-0.16	7.85	1.239	270
48.384	16.00	23.69	-0.18	7.83	1.239	270
48.416	16.11	23.80	-0.16	7.85	1.243	271
48.448	16.24	23.93	-0.19	7.82	1.243	271
48.480	16.21	23.90	-0.16	7.84	1.243	271
48.512	16.13	23.82	-0.16	7.85	1.243	271
48.544	16.11	23.80	-0.18	7.83	1.243	271
48.576	16.18	23.87	-0.16	7.85	1.243	271
48.608	16.17	23.86	-0.18	7.83	1.243	271
48.640	16.12	23.81	-0.17	7.84	1.243	271
48.672	16.11	23.80	-0.16	7.85	1.243	271
48.704	16.10	23.79	-0.18	7.82	1.243	271
48.736	16.15	23.84	-0.16	7.85	1.243	271
48.768	16.07	23.76	-0.18	7.83	1.243	271
48.800	16.09	23.78	-0.17	7.84	1.243	271
48.832	16.25	23.94	-0.16	7.85	1.243	271
48.864	16.28	23.97	-0.19	7.82	1.243	271
48.896	16.17	23.85	-0.16	7.85	1.243	271
48.928	16.06	23.75	-0.18	7.83	1.243	271
48.960	16.07	23.76	-0.17	7.83	1.243	271
48.992	16.12	23.81	-0.15	7.86	1.243	271
49.024	16.12	23.80	-0.19	7.81	1.243	271
49.056	16.13	23.82	-0.16	7.85	1.243	271
49.088	16.04	23.73	-0.17	7.83	1.243	271
49.120	16.14	23.83	-0.18	7.83	1.243	271
49.152	16.12	23.80	-0.15	7.85	1.243	271
49.184	16.07	23.76	-0.19	7.82	1.243	271
49.216	16.12	23.81	-0.16	7.84	1.243	271
49.248	16.24	23.93	-0.17	7.83	1.243	271
49.280	16.20	23.89	-0.18	7.82	1.243	271
49.312	16.15	23.84	-0.15	7.85	1.243	271
49.344	16.19	23.88	-0.18	7.83	1.239	270
49.376	16.25	23.94	-0.16	7.84	1.239	270
49.408	16.20	23.89	-0.17	7.84	1.239	270
49.440	16.17	23.85	-0.19	7.82	1.239	270
49.472	16.19	23.88	-0.15	7.86	1.239	270
49.504	16.20	23.89	-0.17	7.83	1.239	270
49.536	16.21	23.90	-0.16	7.84	1.239	270
49.568	16.14	23.83	-0.16	7.84	1.239	270
49.600	16.20	23.89	-0.19	7.82	1.239	270
49.632	16.39	24.08	-0.15	7.85	1.239	270
49.664	16.49	24.18	-0.16	7.85	1.239	270
49.696	16.40	24.09	-0.17	7.83	1.239	270
49.728	16.33	24.02	-0.16	7.84	1.239	270
49.760	16.20	23.89	-0.19	7.82	1.239	270
49.792	16.22	23.91	-0.16	7.85	1.239	270
49.824	16.19	23.88	-0.16	7.84	1.239	270
49.856	16.20	23.89	-0.18	7.83	1.239	270
49.888	16.17	23.86	-0.16	7.85	1.239	270
49.920	16.06	23.75	-0.18	7.82	1.239	270
49.952	15.98	23.67	-0.16	7.84	1.239	270
49.984	16.05	23.74	-0.16	7.85	1.239	270
50.016	16.08	23.77	-0.18	7.82	1.239	270
50.048	16.25	23.94	-0.16	7.85	1.239	270
50.080	16.17	23.86	-0.18	7.82	1.239	270
50.112	16.01	23.70	-0.16	7.84	1.239	270
50.144	16.03	23.72	-0.16	7.85	1.239	270
50.176	16.08	23.77	-0.19	7.82	1.239	270
50.208	16.10	23.79	-0.16	7.85	1.239	270
50.240	16.07	23.76	-0.18	7.83	1.239	270
50.272	16.14	23.83	-0.18	7.83	1.248	272
50.304	16.13	23.82	-0.15	7.85	1.248	272
50.336	16.06	23.75	-0.19	7.82	1.248	272
50.368	15.98	23.67	-0.16	7.85	1.248	272
50.400	16.04	23.73	-0.18	7.83	1.248	272
50.432	16.12	23.81	-0.18	7.83	1.248	272
50.464	16.28	23.97	-0.15	7.85	1.248	272
50.496	16.30	23.99	-0.19	7.82	1.248	272
50.528	16.08	23.77	-0.16	7.84	1.248	272
50.560	15.98	23.67	-0.17	7.84	1.248	272
50.592	16.02	23.71	-0.18	7.83	1.248	272
50.624	15.99	23.68	-0.15	7.86	1.248	272
50.656	16.14	23.83	-0.18	7.82	1.248	272
50.688	16.20	23.89	-0.16	7.84	1.248	272
50.720	16.12	23.81	-0.17	7.84	1.248	272
50.752	16.03	23.72	-0.18	7.82	1.239	270
50.784	16.08	23.77	-0.15	7.85	1.239	270
50.816	16.18	23.87	-0.17	7.83	1.239	270
50.848	16.34	24.03	-0.16	7.84	1.239	270
50.880	16.35	24.04	-0.16	7.84	1.239	270
50.912	16.26	23.95	-0.19	7.82	1.239	270
50.944	16.17	23.86	-0.15	7.85	1.239	270
50.976	16.24	23.93	-0.16	7.84	1.239	270
51.008	16.20	23.89	-0.17	7.83	1.239	270
51.040	16.22	23.91	-0.16	7.85	1.239	270
51.072	16.35	24.04	-0.19	7.82	1.239	270
51.104	16.37	24.06	-0.16	7.85	1.239	270
51.136	16.29	23.98	-0.16	7.85	1.239	270
51.168	16.30	23.99	-0.17	7.83	1.239	270
51.200	16.38	24.07	-0.16	7.85	1.243	271
51.232	16.52	24.21	-0.19	7.82	1.243	271
51.264	16.64	24.33	-0.16	7.84	1.243	271
51.296	16.62	24.30	-0.16	7.85	1.243	271
51.328	16.43	24.12	-0.18	7.83	1.243	271
51.360	16.53	24.22	-0.16	7.84	1.243	271
51.392	16.72	24.40	-0.18	7.82	1.243	271
51.424	16.66	24.35	-0.17	7.84	1.243	271
51.456	16.91	24.60	-0.15	7.85	1.243	271
51.488	16.78	24.47	-0.18	7.83	1.243	271
51.520	16.89	24.58	-0.16	7.85	1.243	271
51.552	17.01	24.70	-0.18	7.83	1.243	271
51.584	16.95	24.64	-0.17	7.84	1.243	271
51.616	16.84	24.53	-0.16	7.85	1.243	271
51.648	17.27	24.96	-0.19	7.82	1.243	271
51.680	17.15	24.84	-0.16	7.85	1.239	270
51.712	16.26	23.95	-0.18	7.83	1.239	270
51.744	15.87	23.55	-0.17	7.83	1.239	270
51.776	15.83	23.52	-0.15	7.85	1.239	270
51.808	15.86	23.55	-0.19	7.82	1.239	270
51.840	15.81	23.50	-0.16	7.85	1.239	270
51.872	15.89	23.58	-0.17	7.83	1.239	270
51.904	15.88	23.57	-0.18	7.83	1.239	270
51.936	15.81	23.50	-0.15	7.85	1.239	270
51.968	15.73	23.42	-0.19	7.82	1.239	270
52.000	15.76	23.45	-0.16	7.85	1.239	270
52.032	15.80	23.49	-0.17	7.83	1.239	270
52.064	15.92	23.61	-0.18	7.83	1.239	270
52.096	15.90	23.59	-0.15	7.86	1.239	270
52.128	15.74	23.43	-0.18	7.83	1.239	270
52.160	15.68	23.37	-0.16	7.84	1.243	271
52.192	15.73	23.42	-0.17	7.84	1.243	271
52.224	15.67	23.35	-0.18	7.82	1.243	271
52.256	15.60	23.29	-0.15	7.85	1.243	271
52.288	15.52	23.21	-0.17	7.84	1.243	271
52.320	15.52	23.20	-0.17	7.84	1.243	271
52.352	15.61	23.30	-0.16	7.84	1.243	271
52.384	15.58	23.27	-0.19	7.82	1.243	271
52.416	15.62	23.30	-0.15	7.85	1.243	271
52.448	15.64	23.33	-0.16	7.84	1.243	271
52.480	15.69	23.38	-0.17	7.84	1.243	271
52.512	15.57	23.26	-0.16	7.84	1.243	271
52.544	15.45	23.14	-0.19	7.82	1.243	271
52.576	15.45	23.14	-0.15	7.85	1.243	271
52.608	15.49	23.18	-0.16	7.85	1.234	269
52.640	15.52	23.21	-0.17	7.83	1.234	269
52.672	15.57	23.26	-0.16	7.85	1.234	269
52.704	15.45	23.14	-0.19	7.82	1.234	269
52.736	15.41	23.10	-0.16	7.85	1.234	269
52.768	15.47	23.16	-0.16	7.85	1.234	269
52.800	15.56	23.25	-0.18	7.83	1.234	269
52.832	15.53	23.22	-0.16	7.85	1.234	269
52.864	15.63	23.32	-0.18	7.82	1.234	269
52.896	15.57	23.26	-0.16	7.84	1.234	269
52.928	15.48	23.17	-0.15	7.85	1.234	269
52.960	15.46	23.15	-0.18	7.83	1.234	269
52.992	15.48	23.17	-0.16	7.85	1.234	269
53.024	15.58	23.27	-0.17	7.83	1.234	269
53.056	15.58	23.27	-0.17	7.84	1.234	269
53.088	15.57	23.26	-0.15	7.85	1.239	270
53.120	15.47	23.16	-0.18	7.82	1.239	270
53.152	15.43	23.12	-0.16	7.85	1.239	270
53.184	15.36	23.05	-0.17	7.84	1.239	270
53.216	15.47	23.16	-0.17	7.84	1.239	270
53.248	15.56	23.25	-0.15	7.86	1.239	270
53.280	15.59	23.28	-0.19	7.82	1.239	270
53.312	15.51	23.20	-0.15	7.85	1.239	270
53.344	15.34	23.03	-0.17	7.83	1.239	270
53.376	15.31	23.00	-0.18	7.83	1.239	270
53.408	15.37	23.06	-0.15	7.86	1.239	270
53.440	15.46	23.15	-0.19	7.82	1.239	270
53.472	15.54	23.23	-0.16	7.85	1.239	270
53.504	15.51	23.20	-0.16	7.84	1.239	270
53.536	15.47	23.15	-0.17	7.83	1.239	270
53.568	15.37	23.06	-0.15	7.86	1.239	270
53.600	15.35	23.04	-0.18	7.83	1.239	270
53.632	15.33	23.02	-0.16	7.85	1.239	270
53.664	15.51	23.20	-0.16	7.84	1.239	270
53.696	15.53	23.22	-0.18	7.83	1.239	270
53.728	15.36	23.05	-0.15	7.86	1.239	270
53.760	15.32	23.01	-0.17	7.84	1.239	270
53.792	15.39	23.08	-0.16	7.84	1.239	270
53.824	15.45	23.14	-0.16	7.85	1.239	270
53.856	15.39	23.08	-0.19	7.82	1.239	270
53.888	15.45	23.14	-0.15	7.86	1.239	270
53.920	15.42	23.11	-0.17	7.84	1.239	270
53.952	15.44	23.13	-0.17	7.84	1.239	270
53.984	15.39	23.08	-0.16	7.85	1.239	270
54.016	15.40	23.09	-0.19	7.82	1.234	269
54.048	15.42	23.10	-0.15	7.85	1.234	269
54.080	15.52	23.21	-0.16	7.85	1.234	269
54.112	15.42	23.11	-0.17	7.84	1.234	269
54.144	15.30	22.99	-0.15	7.85	1.234	269
54.176	15.30	22.99	-0.18	7.83	1.234	269
54.208	15.43	23.12	-0.16	7.85	1.234	269
54.240	15.41	23.10	-0.16	7.85	1.234	269
54.272	15.45	23.14	-0.17	7.83	1.234	269
54.304	15.40	23.09	-0.15	7.85	1.234	269
54.336	15.36	23.05	-0.18	7.83	1.234	269
54.368	15.29	22.98	-0.16	7.85	1.234	269
54.400	15.32	23.01	-0.15	7.86	1.234	269
54.432	15.36	23.05	-0.18	7.83	1.234	269
54.464	15.50	23.19	-0.15	7.85	1.234	269
54.496	15.55	23.24	-0.17	7.83	1.239	270
54.528	15.40	23.09	-0.16	7.84	1.239	270
54.560	15.34	23.03	-0.15	7.86	1.239	270
54.592	15.40	23.09	-0.18	7.82	1.239	270
54.624	15.54	23.23	-0.15	7.85	1.239	270
54.656	15.46	23.15	-0.17	7.84	1.239	270
54.688	15.36	23.05	-0.17	7.84	1.239	270
54.720	15.39	23.08	-0.15	7.85	1.239	270
54.752	15.36	23.05	-0.19	7.82	1.239	270
54.784	15.31	23.00	-0.15	7.85	1.239	270
54.816	15.31	23.00	-0.17	7.84	1.239	270
54.848	15.39	23.08	-0.17	7.83	1.239	270
54.880	15.47	23.16	-0.15	7.86	1.239	270
54.912	15.40	23.09	-0.19	7.82	1.239	270
54.944	15.30	22.99	-0.16	7.85	1.239	270
54.976	15.37	23.06	-0.16	7.84	1.239	270
55.008	15.45	23.14	-0.18	7.83	1.239	270
55.040	15.37	23.06	-0.15	7.86	1.239	270
55.072	15.34	23.03	-0.17	7.83	1.239	270
55.104	15.29	22.98	-0.16	7.85	1.239	270
55.136	15.26	22.95	-0.16	7.85	1.239	270
55.168	15.34	23.03	-0.18	7.83	1.239	270
55.200	15.36	23.05	-0.15	7.86	1.239	270
55.232	15.37	23.06	-0.17	7.84	1.239	270
55.264	15.41	23.10	-0.16	7.84	1.239	270
55.296	15.44	23.13	-0.16	7.85	1.239	270
55.328	15.33	23.02	-0.18	7.82	1.239	270
55.360	15.30	22.99	-0.15	7.86	1.239	270
55.392	15.37	23.06	-0.16	7.85	1.239	270
55.424	15.46	23.15	-0.16	7.84	1.239	270
55.456	15.45	23.14	-0.16	7.85	1.239	270
55.488	15.37	23.06	-0.19	7.82	1.239	270
55.520	15.35	23.04	-0.15	7.86	1.239	270
55.552	15.29	22.98	-0.15	7.85	1.239	270
55.584	15.27	22.96	-0.17	7.84	1.239	270
55.616	15.37	23.06	-0.16	7.85	1.239	270
55.648	15.43	23.12	-0.18	7.83	1.239	270
55.680	15.53	23.22	-0.16	7.85	1.239	270
55.712	15.47	23.16	-0.15	7.85	1.239	270
55.744	15.38	23.07	-0.17	7.84	1.239	270
55.776	15.38	23.07	-0.15	7.85	1.239	270
55.808	15.35	23.04	-0.18	7.83	1.239	270
55.840	15.38	23.07	-0.16	7.85	1.239	270
55.872	15.36	23.05	-0.15	7.85	1.239	270
55.904	15.37	23.06	-0.18	7.83	1.239	270
55.936	15.43	23.12	-0.15	7.85	1.239	270
55.968	15.34	23.03	-0.17	7.83	1.239	270
56.000	15.29	22.98	-0.16	7.85	1.239	270
56.032	15.28	22.97	-0.15	7.86	1.239	270
56.064	15.41	23.10	-0.18	7.83	1.239	270
56.096	15.37	23.06	-0.15	7.86	1.239	270
56.128	15.34	23.03	-0.17	7.84	1.239	270
56.160	15.30	22.99	-0.17	7.84	1.239	270
56.192	15.27	22.96	-0.15	7.86	1.239	270
56.224	15.28	22.97	-0.18	7.82	1.239	270
56.256	15.17	22.85	-0.15	7.86	1.239	270
56.288	15.26	22.95	-0.17	7.84	1.239	270
56.320	15.38	23.07	-0.17	7.84	1.239	270
56.352	15.31	23.00	-0.15	7.86	1.234	269
56.384	15.27	22.96	-0.18	7.82	1.234	269
56.416	15.25	22.94	-0.15	7.85	1.234	269
56.448	15.28	22.97	-0.16	7.84	1.234	269
56.480	15.49	23.18	-0.17	7.83	1.234	269
56.512	15.45	23.14	-0.14	7.86	1.234	269
56.544	15.32	23.01	-0.18	7.83	1.234	269
56.576	15.18	22.87	-0.15	7.85	1.234	269
56.608	15.17	22.86	-0.16	7.85	1.234	269
56.640	15.27	22.96	-0.17	7.83	1.234	269
56.672	15.37	23.05	-0.15	7.86	1.234	269
56.704	15.37	23.06	-0.17	7.83	1.234	269
56.736	15.35	23.04	-0.16	7.85	1.234	269
56.768	15.19	22.88	-0.16	7.85	1.234	269
56.800	15.19	22.88	-0.18	7.83	1.234	269
56.832	15.22	22.91	-0.15	7.86	1.239	270
56.864	15.35	23.04	-0.16	7.84	1.239	270
56.896	15.42	23.10	-0.16	7.85	1.239	270
56.928	15.36	23.05	-0.16	7.85	1.239	270
56.960	15.18	22.87	-0.18	7.82	1.239	270
56.992	15.28	22.97	-0.15	7.86	1.239	270
57.024	15.25	22.94	-0.16	7.85	1.239	270
57.056	15.23	22.92	-0.16	7.84	1.239	270
57.088	15.25	22.94	-0.16	7.85	1.239	270
57.120	15.23	22.92	-0.19	7.82	1.239	270
57.152	15.27	22.96	-0.15	7.86	1.239	270
57.184	15.29	22.98	-0.16	7.85	1.239	270
57.216	15.33	23.02	-0.17	7.84	1.239	270
57.248	15.31	23.00	-0.16	7.85	1.239	270
57.280	15.35	23.04	-0.18	7.82	1.234	269
57.312	15.40	23.09	-0.15	7.85	1.234	269
57.344	15.32	23.00	-0.15	7.86	1.234	269
57.376	15.21	22.90	-0.17	7.84	1.234	269
57.408	15.25	22.94	-0.15	7.85	1.234	269
57.440	15.31	23.00	-0.17	7.83	1.234	269
57.472	15.31	23.00	-0.16	7.85	1.234	269
57.504	15.29	22.98	-0.15	7.85	1.234	269
57.536	15.23	22.92	-0.17	7.84	1.234	269
57.568	15.19	22.88	-0.15	7.85	1.234	269
57.600	15.25	22.94	-0.17	7.83	1.234	269
57.632	15.24	22.93	-0.16	7.85	1.234	269
57.664	15.23	22.92	-0.15	7.86	1.234	269
57.696	15.38	23.07	-0.17	7.83	1.234	269
57.728	15.35	23.04	-0.15	7.86	1.234	269
57.760	15.27	22.95	-0.17	7.84	1.239	270
57.792	15.16	22.85	-0.16	7.85	1.239	270
57.824	15.28	22.97	-0.15	7.86	1.239	270
57.856	15.20	22.89	-0.18	7.83	1.239	270
57.888	15.21	22.90	-0.15	7.86	1.239	270
57.920	15.25	22.94	-0.17	7.84	1.239	270
57.952	15.25	22.94	-0.16	7.84	1.239	270
57.984	15.19	22.88	-0.14	7.86	1.239	270
58.016	15.10	22.79	-0.18	7.83	1.239	270
58.048	15.13	22.82	-0.15	7.85	1.239	270
58.080	15.19	22.88	-0.17	7.84	1.239	270
58.112	15.30	22.99	-0.17	7.84	1.239	270
58.144	15.32	23.01	-0.15	7.86	1.239	270
58.176	15.26	22.95	-0.18	7.82	1.239	270
58.208	15.29	22.98	-0.15	7.85	1.239	270
58.240	15.25	22.94	-0.16	7.84	1.234	269
58.272	15.15	22.84	-0.17	7.83	1.234	269
58.304	15.22	22.91	-0.15	7.86	1.234	269
58.336	15.29	22.98	-0.18	7.83	1.234	269
58.368	15.21	22.90	-0.16	7.85	1.234	269
58.400	15.15	22.84	-0.16	7.84	1.234	269
58.432	15.23	22.92	-0.17	7.83	1.234	269
58.464	15.41	23.10	-0.14	7.86	1.234	269
58.496	15.41	23.10	-0.17	7.83	1.234	269
58.528	15.33	23.02	-0.16	7.85	1.234	269
58.560	15.25	22.94	-0.16	7.85	1.234	269
58.592	15.22	22.91	-0.18	7.83	1.234	269
58.624	15.28	22.97	-0.15	7.86	1.234	269
58.656	15.30	22.99	-0.17	7.84	1.234	269
58.688	15.26	22.95	-0.16	7.85	1.239	270
58.720	15.19	22.88	-0.16	7.85	1.239	270
58.752	15.18	22.87	-0.18	7.83	1.239	270
58.784	15.25	22.94	-0.15	7.86	1.239	270
58.816	15.29	22.98	-0.16	7.84	1.239	270
58.848	15.37	23.05	-0.16	7.84	1.239	270
58.880	15.38	23.07	-0.16	7.85	1.239	270
58.912	15.42	23.11	-0.18	7.82	1.239	270
58.944	15.31	23.00	-0.15	7.86	1.239	270
58.976	15.19	22.88	-0.16	7.85	1.239	270
59.008	15.24	22.93	-0.16	7.84	1.239	270
59.040	15.26	22.95	-0.15	7.85	1.239	270
59.072	15.31	23.00	-0.18	7.82	1.239	270
59.104	15.32	23.01	-0.15	7.85	1.239	270
59.136	15.30	22.99	-0.15	7.85	1.239	270
59.168	15.23	22.92	-0.17	7.84	1.239	270
59.200	15.22	22.91	-0.15	7.85	1.239	270
59.232	15.27	22.96	-0.18	7.82	1.239	270
59.264	15.33	23.02	-0.15	7.85	1.239	270
59.296	15.37	23.06	-0.15	7.85	1.239	270
59.328	15.34	23.03	-0.17	7.83	1.239	270
59.360	15.32	23.01	-0.15	7.85	1.239	270
59.392	15.25	22.94	-0.18	7.83	1.239	270
59.424	15.27	22.96	-0.16	7.85	1.239	270
59.456	15.29	22.98	-0.15	7.86	1.239	270
59.488	15.29	22.98	-0.17	7.83	1.239	270
59.520	15.42	23.11	-0.15	7.85	1.239	270
59.552	15.38	23.07	-0.17	7.83	1.239	270
59.584	15.18	22.87	-0.16	7.85	1.239	270
59.616	15.11	22.80	-0.15	7.85	1.239	270
59.648	15.24	22.93	-0.17	7.83	1.243	271
59.680	15.27	22.96	-0.15	7.86	1.243	271
59.712	15.43	23.12	-0.17	7.84	1.243	271
59.744	15.46	23.15	-0.16	7.84	1.243	271
59.776	15.37	23.05	-0.15	7.86	1.243	271
59.808	15.30	22.99	-0.18	7.83	1.243	271
59.840	15.31	23.00	-0.15	7.85	1.243	271
59.872	15.26	22.95	-0.17	7.84	1.243	271
59.904	15.27	22.96	-0.16	7.84	1.243	271
59.936	15.32	23.01	-0.14	7.86	1.243	271
59.968	15.29	22.98	-0.18	7.83	1.243	271
60.000	15.28	22.97	-0.15	7.86	1.243	271
60.032	15.29	22.98	-0.17	7.84	1.243	271
60.064	15.32	23.01	-0.17	7.84	1.243	271
60.096	15.35	23.04	-0.15	7.86	1.239	270
60.128	15.39	23.08	-0.18	7.83	1.239	270
60.160	15.33	23.02	-0.15	7.85	1.239	270
60.192	15.26	22.95	-0.17	7.84	1.239	270
60.224	15.38	23.07	-0.17	7.84	1.239	270
60.256	15.40	23.09	-0.15	7.86	1.239	270
60.288	15.36	23.05	-0.18	7.82	1.239	270
60.320	15.33	23.02	-0.16	7.85	1.239	270
60.352	15.27	22.95	-0.17	7.84	1.239	270
60.384	15.29	22.98	-0.17	7.83	1.239	270
60.416	15.20	22.89	-0.15	7.86	1.239	270
60.448	15.24	22.93	-0.18	7.83	1.239	270
60.480	15.25	22.94	-0.16	7.85	1.239	270
60.512	15.42	23.11	-0.17	7.84	1.239	270
60.544	15.35	23.04	-0.18	7.83	1.239	270
60.576	15.34	23.03	-0.15	7.86	1.239	270
60.608	15.34	23.03	-0.17	7.83	1.239	270
60.640	15.48	23.17	-0.16	7.85	1.239	270
60.672	15.40	23.09	-0.16	7.84	1.239	270
60.704	15.30	22.99	-0.18	7.83	1.239	270
60.736	15.30	22.99	-0.15	7.86	1.239	270
60.768	15.37	23.06	-0.17	7.84	1.239	270
60.800	15.29	22.98	-0.16	7.85	1.239	270
60.832	15.24	22.93	-0.16	7.84	1.239	270
60.864	15.27	22.95	-0.18	7.82	1.239	270
60.896	15.44	23.13	-0.15	7.86	1.239	270
60.928	15.48	23.17	-0.16	7.84	1.239	270
60.960	15.55	23.24	-0.16	7.84	1.239	270
60.992	15.37	23.06	-0.16	7.85	1.239	270
61.024	15.33	23.02	-0.19	7.82	1.239	270
61.056	15.36	23.05	-0.15	7.86	1.248	272
61.088	15.29	22.98	-0.16	7.84	1.248	272
61.120	15.39	23.08	-0.17	7.84	1.248	272
61.152	15.40	23.09	-0.15	7.85	1.248	272
61.184	15.40	23.09	-0.18	7.82	1.248	272
61.216	15.45	23.14	-0.15	7.86	1.248	272
61.248	15.37	23.06	-0.16	7.85	1.248	272
61.280	15.32	23.01	-0.17	7.84	1.248	272
61.312	15.48	23.17	-0.16	7.85	1.248	272
61.344	15.53	23.22	-0.18	7.82	1.248	272
61.376	15.49	23.18	-0.15	7.86	1.248	272
61.408	15.44	23.13	-0.15	7.85	1.248	272
61.440	15.47	23.16	-0.17	7.84	1.248	272
61.472	15.43	23.12	-0.16	7.85	1.248	272
61.504	15.38	23.07	-0.18	7.82	1.243	271
61.536	15.43	23.12	-0.15	7.86	1.243	271
61.568	15.43	23.12	-0.15	7.85	1.243	271
61.600	15.45	23.14	-0.17	7.83	1.243	271
61.632	15.37	23.06	-0.16	7.85	1.243	271
61.664	15.32	23.01	-0.18	7.83	1.243	271
61.696	15.33	23.02	-0.16	7.85	1.243	271
61.728	15.45	23.14	-0.15	7.85	1.243	271
61.760	15.42	23.11	-0.18	7.83	1.243	271
61.792	15.42	23.11	-0.15	7.85	1.243	271
61.824	15.42	23.11	-0.18	7.83	1.243	271
61.856	15.39	23.08	-0.16	7.85	1.243	271
61.888	15.31	23.00	-0.15	7.85	1.243	271
61.920	15.32	23.01	-0.18	7.83	1.243	271
61.952	15.34	23.03	-0.15	7.85	1.243	271
61.984	15.32	23.01	-0.18	7.83	1.243	271
62.016	15.34	23.03	-0.16	7.84	1.243	271
62.048	15.29	22.98	-0.15	7.86	1.243	271
62.080	15.34	23.03	-0.18	7.83	1.243	271
62.112	15.45	23.14	-0.15	7.85	1.243	271
62.144	15.56	23.25	-0.18	7.83	1.243	271
62.176	15.44	23.13	-0.17	7.84	1.243	271
62.208	15.38	23.07	-0.15	7.85	1.243	271
62.240	15.40	23.09	-0.18	7.83	1.243	271
62.272	15.35	23.04	-0.15	7.85	1.243	271
62.304	15.35	23.04	-0.17	7.84	1.243	271
62.336	15.40	23.09	-0.17	7.84	1.243	271
62.368	15.35	23.04	-0.15	7.86	1.243	271
62.400	15.24	22.93	-0.19	7.82	1.243	271
62.432	15.28	22.97	-0.15	7.85	1.239	270
62.464	15.39	23.08	-0.17	7.84	1.239	270
62.496	15.41	23.10	-0.17	7.84	1.239	270
62.528	15.41	23.10	-0.14	7.86	1.239	270
62.560	15.41	23.10	-0.18	7.82	1.239	270
62.592	15.40	23.09	-0.15	7.85	1.239	270
62.624	15.36	23.05	-0.17	7.84	1.239	270
62.656	15.37	23.06	-0.17	7.83	1.239	270
62.688	15.35	23.04	-0.15	7.86	1.239	270
62.720	15.32	23.01	-0.18	7.83	1.239	270
62.752	15.41	23.10	-0.16	7.85	1.239	270
62.784	15.38	23.07	-0.17	7.84	1.239	270
62.816	15.35	23.04	-0.18	7.83	1.239	270
62.848	15.34	23.03	-0.15	7.86	1.239	270
62.880	15.33	23.02	-0.18	7.83	1.239	270
62.912	15.50	23.19	-0.16	7.85	1.243	271
62.944	15.59	23.28	-0.16	7.84	1.243	271
62.976	15.51	23.20	-0.18	7.83	1.243	271
63.008	15.28	22.97	-0.15	7.86	1.243	271
63.040	15.23	22.92	-0.17	7.84	1.243	271
63.072	15.35	23.04	-0.16	7.84	1.243	271
63.104	15.44	23.13	-0.16	7.85	1.243	271
63.136	15.44	23.13	-0.18	7.83	1.243	271
63.168	15.46	23.15	-0.15	7.86	1.243	271
63.200	15.45	23.14	-0.16	7.84	1.243	271
63.232	15.43	23.12	-0.16	7.84	1.243	271
63.264	15.37	23.06	-0.16	7.85	1.243	271
63.296	15.32	23.00	-0.18	7.82	1.243	271
63.328	15.40	23.09	-0.15	7.86	1.243	271
63.360	15.49	23.18	-0.16	7.85	1.243	271
63.392	15.41	23.10	-0.17	7.84	1.243	271
63.424	15.37	23.06	-0.16	7.85	1.243	271
63.456	15.40	23.09	-0.18	7.82	1.243	271
63.488	15.41	23.10	-0.15	7.86	1.243	271
63.520	15.32	23.01	-0.15	7.85	1.243	271
63.552	15.45	23.14	-0.17	7.84	1.243	271
63.584	15.40	23.09	-0.15	7.85	1.243	271
63.616	15.37	23.06	-0.19	7.82	1.243	271
63.648	15.30	22.99	-0.15	7.85	1.243	271
63.680	15.30	22.99	-0.16	7.85	1.243	271
63.712	15.44	23.13	-0.18	7.83	1.243	271
63.744	15.54	23.23	-0.15	7.85	1.243	271
63.776	15.48	23.17	-0.18	7.83	1.243	271
63.808	15.38	23.07	-0.16	7.85	1.243	271
63.840	15.36	23.05	-0.15	7.85	1.243	271
63.872	15.40	23.09	-0.17	7.83	1.243	271
63.904	15.44	23.13	-0.15	7.85	1.243	271
63.936	15.40	23.09	-0.18	7.83	1.243	271
63.968	15.31	23.00	-0.16	7.85	1.243	271
64.000	15.35	23.04	-0.15	7.85	1.243	271
64.032	15.36	23.05	-0.18	7.83	1.243	271
64.064	15.37	23.06	-0.15	7.85	1.243	271
64.096	15.41	23.10	-0.17	7.83	1.243	271
64.128	15.53	23.22	-0.17	7.84	1.243	271
64.160	15.55	23.24	-0.15	7.86	1.243	271
64.192	15.41	23.10	-0.18	7.82	1.243	271
64.224	15.37	23.06	-0.15	7.85	1.243	271
64.256	15.34	23.03	-0.17	7.84	1.243	271
64.288	15.42	23.11	-0.17	7.84	1.243	271
64.320	15.41	23.10	-0.15	7.86	1.239	270
64.352	15.50	23.19	-0.18	7.82	1.239	270
64.384	15.39	23.08	-0.15	7.86	1.239	270
64.416	15.30	22.99	-0.17	7.84	1.239	270
64.448	15.35	23.04	-0.17	7.84	1.239	270
64.480	15.28	22.97	-0.15	7.86	1.239	270
64.512	15.38	23.07	-0.19	7.82	1.239	270
64.544	15.56	23.25	-0.16	7.85	1.239	270
64.576	15.58	23.27	-0.17	7.84	1.239	270
64.608	15.54	23.23	-0.17	7.83	1.239	270
64.640	15.54	23.23	-0.15	7.86	1.239	270
64.672	15.49	23.18	-0.18	7.83	1.239	270
64.704	15.45	23.14	-0.16	7.85	1.239	270
64.736	15.33	23.02	-0.16	7.84	1.239	270
64.768	15.45	23.14	-0.18	7.83	1.239	270
64.800	15.52	23.20	-0.15	7.86	1.248	272
64.832	15.52	23.21	-0.17	7.83	1.248	272
64.864	15.36	23.05	-0.16	7.85	1.248	272
64.896	15.33	23.02	-0.16	7.84	1.248	272
64.928	15.45	23.14	-0.18	7.82	1.248	272
64.960	15.60	23.29	-0.15	7.86	1.248	272
64.992	14.65	22.34	-0.17	7.84	1.248	272
65.024	5.91	13.60	-0.17	7.84	1.248	272
65.056	-3.38	4.31	-0.16	7.85	1.248	272
65.088	-5.06	2.63	-0.19	7.82	1.248	272
65.120	-1.41	6.28	-0.16	7.85	1.248	272
65.152	4.66	12.35	-0.15	7.86	1.248	272
65.184	7.03	14.72	-0.15	7.85	1.248	272
65.216	4.93	12.62	-0.14	7.86	1.248	272
65.248	1.11	8.80	-0.17	7.83	0.674	147
65.280	-0.66	7.03	-0.14	7.87	0.674	147
65.312	0.24	7.93	-0.15	7.86	0.674	147
65.344	2.52	10.21	-0.16	7.85	0.674	147
65.376	3.97	11.65	-0.14	7.87	0.674	147
65.408	3.65	11.34	-0.17	7.83	0.674	147
65.440	2.26	9.95	-0.14	7.87	0.674	147
65.472	1.21	8.90	-0.14	7.87	0.674	147
65.504	1.21	8.90	-0.16	7.85	0.674	147
65.536	2.00	9.69	-0.14	7.87	0.674	147
65.568	2.75	10.44	-0.17	7.84	0.674	147
65.600	2.86	10.55	-0.15	7.86	0.674	147
65.632	2.40	10.09	-0.14	7.87	0.674	147
65.664	1.89	9.58	-0.16	7.84	0.674	147
65.696	1.75	9.44	-0.14	7.87	0.674	147
65.728	1.98	9.67	-0.16	7.84	0.000	0
65.760	2.32	10.00	-0.15	7.86	0.000	0
65.792	2.45	10.14	-0.14	7.87	0.000	0
65.824	2.33	10.02	-0.17	7.84	0.000	0
65.856	2.12	9.81	-0.14	7.87	0.000	0
65.888	2.00	9.69	-0.16	7.84	0.000	0
65.920	2.05	9.74	-0.15	7.85	0.000	0
65.952	2.18	9.87	-0.13	7.87	0.000	0
65.984	2.26	9.95	-0.17	7.84	0.000	0
66.016	2.24	9.93	-0.14	7.87	0.000	0
66.048	2.17	9.86	-0.16	7.85	0.000	0
66.080	2.10	9.79	-0.16	7.85	0.000	0
66.112	2.09	9.78	-0.14	7.87	0.000	0
66.144	2.13	9.82	-0.17	7.84	0.000	0
66.176	2.17	9.86	-0.14	7.86	0.000	0
66.208	2.18	9.87	-0.15	7.85	0.000	0
66.240	2.15	9.84	-0.16	7.85	0.000	0
66.272	2.12	9.81	-0.13	7.87	0.000	0
66.304	2.11	9.80	-0.17	7.84	0.000	0
66.336	2.12	9.81	-0.14	7.86	0.000	0
66.368	2.14	9.83	-0.15	7.86	0.000	0
66.400	2.14	9.83	-0.16	7.84	0.000	0
66.432	2.14	9.83	-0.13	7.87	0.000	0
66.464	2.13	9.82	-0.16	7.84	0.000	0
66.496	2.12	9.81	-0.15	7.86	0.000	0
66.528	2.12	9.81	-0.15	7.85	0.000	0
66.560	2.13	9.82	-0.17	7.83	0.000	0
66.592	2.13	9.82	-0.13	7.87	0.000	0
66.624	2.13	9.82	-0.16	7.85	0.000	0
66.656	2.13	9.82	-0.15	7.86	0.000	0
66.688	2.12	9.81	-0.15	7.86	0.000	0
66.720	2.12	9.81	-0.17	7.83	0.000	0
66.752	2.12	9.81	-0.14	7.87	0.000	0
66.784	2.12	9.81	-0.15	7.85	0.000	0
66.816	2.12	9.81	-0.15	7.85	0.000	0
66.848	2.12	9.81	-0.15	7.86	0.000	0
66.880	2.12	9.80	-0.17	7.83	0.000	0
66.912	2.12	9.81	-0.14	7.87	0.000	0
66.944	2.12	9.81	-0.15	7.86	0.000	0
66.976	2.12	9.81	-0.15	7.85	0.000	0
67.008	2.12	9.81	-0.14	7.86	0.000	0
67.040	2.12	9.81	-0.17	7.83	0.000	0
67.072	2.12	9.81	-0.14	7.87	0.000	0
67.104	2.12	9.81	-0.14	7.86	0.000	0
67.136	2.12	9.81	-0.16	7.85	0.000	0
67.168	2.12	9.81	-0.14	7.86	0.000	0
67.200	2.12	9.80	-0.17	7.84	0.000	0
67.232	2.12	9.81	-0.14	7.86	0.000	0
67.264	2.12	9.81	-0.14	7.86	0.000	0
67.296	2.12	9.81	-0.16	7.84	0.000	0
67.328	2.12	9.80	-0.14	7.87	0.000	0
67.360	2.11	9.80	-0.17	7.84	0.000	0
67.392	2.11	9.80	-0.15	7.86	0.000	0
67.424	2.11	9.80	-0.14	7.86	0.000	0
67.456	2.12	9.80	-0.16	7.84	0.000	0
67.488	2.12	9.80	-0.14	7.87	0.000	0
67.520	2.11	9.80	-0.16	7.84	0.000	0
67.552	2.11	9.80	-0.15	7.85	0.000	0
67.584	2.11	9.80	-0.14	7.87	0.000	0
67.616	2.11	9.80	-0.17	7.84	0.000	0
67.648	2.11	9.80	-0.14	7.87	0.000	0
67.680	2.12	9.80	-0.16	7.84	0.000	0
67.712	2.11	9.80	-0.16	7.85	0.000	0
67.744	2.11	9.80	-0.14	7.87	0.000	0
67.776	2.10	9.79	-0.17	7.83	0.000	0
67.808	2.10	9.79	-0.14	7.87	0.000	0
67.840	2.11	9.80	-0.16	7.85	0.000	0
67.872	2.11	9.80	-0.16	7.84	0.000	0
67.904	2.11	9.80	-0.13	7.87	0.000	0
67.936	2.11	9.80	-0.17	7.83	0.000	0
67.968	2.10	9.79	-0.14	7.87	0.000	0
68.000	2.10	9.79	-0.16	7.85	0.000	0
68.032	2.11	9.80	-0.16	7.84	0.000	0
68.064	2.11	9.80	-0.13	7.87	0.000	0
68.096	2.10	9.79	-0.17	7.84	0.000	0
68.128	2.11	9.80	-0.15	7.86	0.000	0
68.160	2.11	9.80	-0.15	7.85	0.000	0
68.192	2.10	9.79	-0.16	7.84	0.000	0
68.224	2.10	9.79	-0.13	7.87	0.000	0
68.256	2.10	9.79	-0.17	7.84	0.000	0
68.288	2.11	9.80	-0.15	7.86	0.000	0
68.320	2.11	9.80	-0.15	7.86	0.000	0
68.352	2.10	9.79	-0.17	7.84	0.000	0
68.384	2.10	9.79	-0.13	7.87	0.000	0
68.416	2.10	9.79	-0.15	7.85	0.000	0
68.448	2.10	9.79	-0.15	7.86	0.000	0
68.480	2.10	9.79	-0.15	7.86	0.000	0
68.512	2.10	9.79	-0.17	7.83	0.000	0
68.544	2.10	9.79	-0.13	7.87	0.000	0
68.576	2.10	9.79	-0.15	7.85	0.000	0
68.608	2.09	9.78	-0.16	7.85	0.000	0
68.640	2.10	9.79	-0.15	7.86	0.000	0
68.672	2.09	9.78	-0.17	7.83	0.000	0
68.704	2.09	9.78	-0.14	7.87	0.000	0
68.736	2.10	9.79	-0.15	7.86	0.000	0
68.768	2.10	9.79	-0.16	7.85	0.000	0
68.800	2.09	9.78	-0.15	7.86	0.000	0
68.832	2.09	9.78	-0.17	7.83	0.000	0
68.864	2.09	9.78	-0.14	7.87	0.000	0
68.896	2.10	9.79	-0.14	7.87	0.000	0
68.928	2.09	9.78	-0.16	7.84	0.000	0
68.960	2.10	9.79	-0.14	7.87	0.000	0
68.992	2.10	9.79	-0.17	7.83	0.000	0
69.024	2.09	9.78	-0.15	7.86	0.000	0
69.056	2.10	9.79	-0.14	7.86	0.000	0
69.088	2.10	9.79	-0.16	7.84	0.000	0
69.120	2.10	9.79	-0.14	7.86	0.000	0
69.152	2.09	9.78	-0.17	7.84	0.000	0
69.184	2.09	9.78	-0.15	7.86	0.000	0
69.216	2.09	9.78	-0.14	7.87	0.000	0
69.248	2.09	9.78	-0.17	7.84	0.000	0
69.280	2.09	9.78	-0.14	7.87	0.000	0
69.312	2.09	9.78	-0.16	7.84	0.000	0
69.344	2.09	9.78	-0.16	7.85	0.000	0
69.376	2.10	9.79	-0.14	7.87	0.000	0
69.408	2.09	9.78	-0.17	7.84	0.000	0
69.440	2.09	9.78	-0.14	7.87	0.000	0
69.472	2.09	9.78	-0.16	7.85	0.000	0
69.504	2.09	9.78	-0.16	7.85	0.000	0
69.536	2.09	9.78	-0.14	7.87	0.000	0
69.568	2.09	9.78	-0.17	7.83	0.000	0
69.600	2.10	9.79	-0.14	7.86	0.000	0
69.632	2.09	9.78	-0.16	7.85	0.000	0
69.664	2.09	9.78	-0.16	7.84	0.000	0
69.696	2.09	9.78	-0.13	7.87	0.000	0
69.728	2.09	9.78	-0.17	7.83	0.000	0
69.760	2.10	9.79	-0.14	7.87	0.000	0
69.792	2.10	9.79	-0.15	7.85	0.000	0
69.824	2.09	9.78	-0.16	7.84	0.000	0
69.856	2.09	9.78	-0.14	7.87	0.000	0
69.888	2.09	9.78	-0.17	7.84	0.000	0
69.920	2.09	9.78	-0.15	7.86	0.000	0
69.952	2.09	9.78	-0.15	7.85	0.000	0
69.984	2.09	9.78	-0.17	7.84	0.000	0
70.016	2.10	9.79	-0.13	7.87	0.000	0
70.048	2.09	9.78	-0.16	7.85	0.000	0
70.080	2.09	9.78	-0.15	7.85	0.000	0
70.112	2.09	9.78	-0.15	7.85	0.000	0
70.144	2.09	9.78	-0.17	7.83	0.000	0
70.176	2.10	9.79	-0.14	7.87	0.000	0
70.208	2.09	9.78	-0.15	7.86	0.000	0
70.240	2.10	9.79	-0.15	7.85	0.000	0
70.272	2.09	9.78	-0.15	7.86	0.000	0
70.304	2.09	9.78	-0.18	7.83	0.000	0
70.336	2.10	9.79	-0.14	7.87	0.000	0
70.368	2.10	9.79	-0.15	7.86	0.000	0
70.400	2.10	9.79	-0.16	7.85	0.000	0
70.432	2.10	9.79	-0.14	7.86	0.000	0
70.464	2.10	9.79	-0.18	7.83	0.000	0
70.496	2.10	9.79	-0.14	7.87	0.000	0
70.528	2.10	9.79	-0.14	7.86	0.000	0
70.560	2.10	9.79	-0.16	7.84	0.000	0
70.592	2.10	9.79	-0.14	7.87	0.000	0
70.624	2.10	9.79	-0.17	7.84	0.000	0
70.656	2.10	9.79	-0.14	7.86	0.000	0
70.688	2.10	9.79	-0.14	7.87	0.000	0
70.720	2.09	9.78	-0.17	7.84	0.000	0
70.752	2.10	9.79	-0.14	7.87	0.000	0
70.784	2.10	9.79	-0.17	7.84	0.000	0
70.816	2.10	9.79	-0.15	7.85	0.000	0
70.848	2.10	9.79	-0.14	7.87	0.000	0
70.880	2.10	9.79	-0.17	7.84	0.000	0
70.912	2.09	9.78	-0.14	7.87	0.000	0
70.944	2.10	9.79	-0.16	7.84	0.000	0
70.976	2.09	9.78	-0.15	7.85	0.000	0
71.008	2.10	9.79	-0.14	7.87	0.000	0
71.040	2.09	9.78	-0.17	7.83	0.000	0
71.072	2.10	9.79	-0.14	7.87	0.000	0
71.104	2.10	9.79	-0.16	7.85	0.000	0
71.136	2.10	9.79	-0.16	7.85	0.000	0
71.168	2.10	9.79	-0.13	7.87	0.000	0
71.200	2.10	9.79	-0.17	7.83	0.000	0
71.232	2.10	9.79	-0.15	7.86	0.000	0
71.264	2.10	9.79	-0.16	7.85	0.000	0
71.296	2.10	9.79	-0.16	7.84	0.000	0
71.328	2.10	9.79	-0.14	7.87	0.000	0
71.360	2.10	9.79	-0.17	7.83	0.000	0
71.392	2.10	9.79	-0.15	7.86	0.000	0
71.424	2.10	9.79	-0.15	7.85	0.000	0
71.456	2.10	9.79	-0.16	7.84	0.000	0
71.488	2.10	9.79	-0.14	7.87	0.000	0
71.520	2.10	9.79	-0.17	7.84	0.000	0
71.552	2.10	9.79	-0.15	7.86	0.000	0
71.584	2.10	9.79	-0.15	7.85	0.000	0
71.616	2.10	9.79	-0.17	7.84	0.000	0
71.648	2.10	9.79	-0.14	7.87	0.000	0
71.680	2.10	9.79	-0.15	7.85	0.000	0
71.712	2.10	9.79	-0.16	7.85	0.000	0
71.744	2.10	9.79	-0.15	7.86	0.000	0
71.776	2.10	9.79	-0.18	7.83	0.000	0
71.808	2.10	9.79	-0.16	7.84	0.000	0
71.840	2.11	9.80	-0.17	7.84	0.000	0
71.872	2.11	9.80	-0.19	7.82	0.000	0
71.904	2.12	9.80	-0.17	7.83	0.000	0
71.936	2.11	9.80	-0.20	7.81	0.000	0
71.968	2.10	9.79	-0.16	7.85	0.000	0
72.000	2.10	9.79	-0.16	7.85	0.000	0
72.032	2.10	9.79	-0.17	7.83	0.000	0
72.064	2.11	9.80	-0.16	7.85	0.000	0
72.096	2.10	9.79	-0.19	7.82	0.000	0
72.128	2.10	9.79	-0.16	7.84	0.000	0
72.160	2.10	9.79	-0.16	7.85	0.000	0
72.192	2.10	9.79	-0.18	7.83	0.000	0
72.224	2.10	9.79	-0.16	7.85	0.000	0
72.256	2.11	9.80	-0.18	7.83	0.000	0
72.288	2.10	9.79	-0.17	7.84	0.000	0
72.320	2.11	9.80	-0.16	7.85	0.000	0
72.352	2.10	9.79	-0.18	7.83	0.000	0
72.384	2.10	9.79	-0.15	7.85	0.000	0
72.416	2.10	9.79	-0.17	7.83	0.000	0
72.448	2.10	9.79	-0.17	7.84	0.000	0
72.480	2.11	9.80	-0.15	7.86	0.000	0
72.512	2.10	9.79	-0.18	7.82	0.000	0
72.544	2.10	9.79	-0.15	7.85	0.000	0
72.576	2.10	9.79	-0.17	7.84	0.000	0
72.608	2.10	9.79	-0.17	7.84	0.000	0
72.640	2.10	9.79	-0.15	7.86	0.000	0
72.672	2.10	9.79	-0.19	7.82	0.000	0
72.704	2.10	9.79	-0.15	7.85	0.000	0
72.736	2.10	9.79	-0.17	7.84	0.000	0
72.768	2.10	9.79	-0.17	7.84	0.000	0
72.800	2.10	9.79	-0.15	7.86	0.000	0
72.832	2.10	9.79	-0.19	7.82	0.000	0
72.864	2.10	9.79	-0.16	7.85	0.000	0
72.896	2.10	9.79	-0.17	7.84	0.000	0
72.928	2.10	9.79	-0.17	7.83	0.000	0
72.960	2.10	9.79	-0.15	7.86	0.000	0
72.992	2.10	9.79	-0.18	7.83	0.000	0
73.024	2.10	9.79	-0.16	7.84	0.000	0
73.056	2.10	9.79	-0.16	7.84	0.000	0
73.088	2.10	9.79	-0.18	7.83	0.000	0
73.120	2.10	9.79	-0.15	7.86	0.000	0
73.152	2.10	9.79	-0.17	7.83	0.000	0
73.184	2.10	9.79	-0.16	7.84	0.000	0
73.216	2.10	9.79	-0.16	7.85	0.000	0
73.248	2.10	9.79	-0.18	7.82	0.000	0
73.280	2.10	9.79	-0.15	7.86	0.000	0
73.312	2.10	9.79	-0.16	7.84	0.000	0
73.344	2.10	9.79	-0.17	7.84	0.000	0
73.376	2.10	9.79	-0.16	7.85	0.000	0
73.408	2.10	9.79	-0.19	7.82	0.000	0
73.440	2.10	9.79	-0.15	7.85	0.000	0
73.472	2.10	9.79	-0.16	7.85	0.000	0
73.504	2.10	9.79	-0.17	7.83	0.000	0
73.536	2.10	9.79	-0.16	7.85	0.000	0
73.568	2.10	9.79	-0.18	7.82	0.000	0
73.600	2.10	9.79	-0.16	7.85	0.000	0
73.632	2.10	9.79	-0.15	7.85	0.000	0
73.664	2.10	9.79	-0.17	7.84	0.000	0
73.696	2.10	9.79	-0.15	7.85	0.000	0
73.728	2.10	9.79	-0.18	7.83	0.000	0
73.760	2.10	9.79	-0.16	7.85	0.000	0
73.792	2.10	9.79	-0.15	7.86	0.000	0
73.824	2.10	9.79	-0.18	7.83	0.000	0
73.856	2.10	9.79	-0.15	7.85	0.000	0
73.888	2.10	9.79	-0.17	7.84	0.000	0
73.920	2.10	9.79	-0.16	7.84	0.000	0
73.952	2.11	9.80	-0.15	7.85	0.000	0
73.984	2.11	9.80	-0.18	7.82	0.000	0
74.016	2.11	9.80	-0.15	7.85	0.000	0
74.048	2.11	9.80	-0.17	7.84	0.000	0
74.080	2.11	9.80	-0.16	7.84	0.000	0
74.112	2.11	9.80	-0.15	7.86	0.000	0
74.144	2.11	9.80	-0.19	7.82	0.000	0
74.176	2.11	9.80	-0.15	7.85	0.000	0
74.208	2.10	9.79	-0.17	7.84	0.000	0
74.240	2.11	9.80	-0.17	7.83	0.000	0
74.272	2.11	9.80	-0.15	7.86	0.000	0
74.304	2.11	9.80	-0.18	7.82	0.000	0
74.336	2.11	9.80	-0.15	7.85	0.000	0
74.368	2.11	9.80	-0.17	7.84	0.000	0
74.400	2.11	9.80	-0.18	7.83	0.000	0
74.432	2.10	9.79	-0.15	7.86	0.000	0
74.464	2.11	9.80	-0.18	7.83	0.000	0
74.496	2.11	9.80	-0.16	7.85	0.000	0
74.528	2.11	9.80	-0.17	7.84	0.000	0
74.560	2.11	9.80	-0.17	7.83	0.000	0
74.592	2.11	9.80	-0.15	7.86	0.000	0
74.624	2.11	9.80	-0.17	7.84	0.000	0
74.656	2.11	9.80	-0.16	7.84	0.000	0
74.688	2.11	9.80	-0.15	7.85	0.000	0
74.720	2.11	9.80	-0.18	7.82	0.000	0
74.752	2.11	9.80	-0.15	7.85	0.000	0
74.784	2.11	9.80	-0.16	7.85	0.000	0
74.816	2.10	9.79	-0.16	7.84	0.000	0
74.848	2.11	9.80	-0.16	7.85	0.000	0
74.880	2.11	9.80	-0.19	7.82	0.000	0
74.912	2.11	9.80	-0.15	7.86	0.000	0
74.944	2.11	9.80	-0.16	7.85	0.000	0
74.976	2.11	9.80	-0.17	7.84	0.000	0
75.008	2.11	9.80	-0.15	7.85	0.000	0
75.040	2.11	9.80	-0.18	7.82	0.000	0
75.072	2.11	9.80	-0.15	7.85	0.000	0
75.104	2.11	9.80	-0.15	7.85	0.000	0
75.136	2.11	9.80	-0.17	7.83	0.000	0
75.168	2.11	9.80	-0.15	7.85	0.000	0
75.200	2.11	9.80	-0.17	7.83	0.000	0
75.232	2.11	9.80	-0.16	7.85	0.000	0
75.264	2.11	9.80	-0.15	7.85	0.000	0
75.296	2.11	9.80	-0.17	7.83	0.000	0
75.328	2.11	9.80	-0.16	7.85	0.000	0
75.360	2.11	9.80	-0.17	7.83	0.000	0
75.392	2.11	9.80	-0.16	7.84	0.000	0
75.424	2.11	9.80	-0.15	7.85	0.000	0
75.456	2.11	9.80	-0.18	7.83	0.000	0
75.488	2.11	9.80	-0.15	7.85	0.000	0
75.520	2.11	9.80	-0.17	7.83	0.000	0
75.552	2.11	9.80	-0.17	7.84	0.000	0
75.584	2.11	9.80	-0.15	7.86	0.000	0
75.616	2.12	9.80	-0.18	7.82	0.000	0
75.648	2.12	9.80	-0.15	7.85	0.000	0
75.680	2.11	9.80	-0.17	7.84	0.000	0
75.712	2.11	9.80	-0.17	7.83	0.000	0
75.744	2.11	9.80	-0.15	7.86	0.000	0
75.776	2.11	9.80	-0.18	7.82	0.000	0
75.808	2.12	9.81	-0.16	7.85	0.000	0
75.840	2.12	9.80	-0.16	7.84	0.000	0
75.872	2.12	9.81	-0.17	7.84	0.000	0
75.904	2.12	9.80	-0.14	7.86	0.000	0
75.936	2.11	9.80	-0.18	7.82	0.000	0
75.968	2.12	9.80	-0.16	7.85	0.000	0
76.000	2.12	9.81	-0.17	7.84	0.000	0
76.032	2.12	9.81	-0.18	7.83	0.000	0
76.064	2.12	9.80	-0.15	7.86	0.000	0
76.096	2.12	9.80	-0.17	7.84	0.000	0
76.128	2.12	9.81	-0.16	7.85	0.000	0
76.160	2.12	9.81	-0.17	7.84	0.000	0
76.192	2.12	9.81	-0.18	7.82	0.000	0
76.224	2.12	9.81	-0.15	7.86	0.000	0
76.256	2.12	9.80	-0.16	7.85	0.000	0
76.288	2.12	9.81	-0.17	7.84	0.000	0
76.320	2.12	9.81	-0.16	7.85	0.000	0
76.352	2.12	9.80	-0.19	7.82	0.000	0
76.384	2.12	9.81	-0.15	7.86	0.000	0
76.416	2.12	9.81	-0.16	7.85	0.000	0
76.448	2.12	9.81	-0.17	7.84	0.000	0
76.480	2.12	9.81	-0.16	7.85	0.000	0
76.512	2.12	9.81	-0.18	7.82	0.000	0
76.544	2.12	9.81	-0.15	7.86	0.000	0
76.576	2.12	9.81	-0.15	7.85	0.000	0
76.608	2.12	9.81	-0.17	7.83	0.000	0
76.640	2.13	9.82	-0.16	7.85	0.000	0
76.672	2.12	9.81	-0.18	7.82	0.000	0
76.704	2.12	9.80	-0.16	7.85	0.000	0
76.736	2.13	9.82	-0.16	7.85	0.000	0
76.768	2.13	9.82	-0.18	7.83	0.000	0
