Tempo(s)    P0(KPa) P0+Coluna(KPa)  P1(KPa) P1+Coluna(KPa)  Vazao(L/min)    Pulsos
0.000	0.04	3.08	0.00	7.67	0.000	0
0.032	0.04	3.08	-0.01	7.66	0.000	0
0.064	0.04	3.08	0.00	7.67	0.000	0
0.096	0.04	3.08	-0.00	7.66	0.000	0
0.128	0.04	3.08	-0.00	7.66	0.000	0
0.160	0.04	3.08	-0.00	7.66	0.000	0
0.192	0.04	3.08	-0.01	7.66	0.000	0
0.224	0.04	3.08	-0.00	7.66	0.000	0
0.256	0.04	3.07	0.01	7.67	0.000	0
0.288	0.04	3.07	-0.00	7.66	0.000	0
0.320	0.04	3.08	-0.01	7.66	0.000	0
0.352	0.04	3.08	-0.00	7.66	0.000	0
0.384	0.04	3.08	-0.00	7.66	0.000	0
0.416	0.04	3.08	0.00	7.67	0.000	0
0.448	0.04	3.08	-0.00	7.66	0.000	0
0.480	0.04	3.08	-0.00	7.66	0.000	0
0.512	0.04	3.08	-0.00	7.66	0.000	0
0.544	0.04	3.08	-0.00	7.66	0.000	0
0.576	0.04	3.08	0.00	7.67	0.000	0
0.608	0.04	3.08	-0.01	7.66	0.000	0
0.640	0.04	3.07	-0.00	7.66	0.000	0
0.672	0.04	3.08	-0.00	7.66	0.000	0
0.704	0.04	3.08	-0.00	7.66	0.000	0
0.736	0.04	3.08	0.00	7.67	0.000	0
0.768	0.04	3.08	-0.00	7.66	0.000	0
0.800	0.04	3.08	-0.00	7.66	0.000	0
0.832	0.04	3.08	-0.00	7.66	0.000	0
0.864	0.04	3.07	0.00	7.67	0.000	0
0.896	0.04	3.07	0.00	7.67	0.000	0
0.928	0.04	3.07	-0.00	7.66	0.000	0
0.960	0.04	3.08	-0.00	7.66	0.000	0
0.992	0.04	3.07	-0.00	7.66	0.000	0
1.024	0.04	3.08	0.00	7.67	0.000	0
1.056	0.04	3.08	-0.00	7.66	0.000	0
1.088	0.04	3.07	-0.00	7.66	0.000	0
1.120	0.04	3.07	-0.01	7.66	0.000	0
1.152	0.04	3.07	0.00	7.67	0.000	0
1.184	0.04	3.07	0.00	7.67	0.000	0
1.216	0.04	3.07	0.00	7.67	0.000	0
1.248	0.03	3.07	0.00	7.67	0.000	0
1.280	0.04	3.07	-0.01	7.66	0.000	0
1.312	0.04	3.07	-0.00	7.66	0.000	0
1.344	0.04	3.07	-0.00	7.66	0.000	0
1.376	0.04	3.07	-0.00	7.66	0.000	0
1.408	0.04	3.07	-0.00	7.66	0.000	0
1.440	0.04	3.07	-0.01	7.66	0.000	0
1.472	0.04	3.07	-0.00	7.66	0.000	0
1.504	0.04	3.07	-0.00	7.66	0.000	0
1.536	0.04	3.07	0.00	7.67	0.000	0
1.568	0.04	3.07	-0.01	7.66	0.000	0
1.600	0.04	3.07	0.00	7.67	0.000	0
1.632	0.04	3.07	-0.00	7.66	0.000	0
1.664	0.04	3.07	-0.00	7.66	0.000	0
1.696	0.04	3.07	-0.00	7.66	0.000	0
1.728	0.03	3.07	-0.00	7.66	0.000	0
1.760	0.04	3.07	-0.00	7.66	0.000	0
1.792	0.04	3.07	-0.00	7.66	0.000	0
1.824	0.03	3.07	-0.00	7.66	0.000	0
1.856	0.04	3.07	0.00	7.67	0.000	0
1.888	0.04	3.07	-0.00	7.66	0.000	0
1.920	0.03	3.07	-0.00	7.66	0.000	0
1.952	0.04	3.07	-0.01	7.66	0.000	0
1.984	0.12	3.15	0.00	7.67	0.000	0
2.016	0.76	3.80	0.00	7.67	0.000	0
2.048	2.24	5.28	0.01	7.67	0.000	0
2.080	4.26	7.30	0.00	7.67	0.000	0
2.112	6.41	9.45	0.00	7.67	0.000	0
2.144	8.50	11.54	0.00	7.67	0.000	0
2.176	10.44	13.48	0.00	7.67	0.303	66
2.208	12.19	15.23	0.00	7.67	0.303	66
2.240	13.73	16.76	-0.00	7.66	0.303	66
2.272	15.09	18.13	0.00	7.67	0.303	66
2.304	16.28	19.32	0.00	7.67	0.303	66
2.336	17.29	20.33	0.00	7.67	0.303	66
2.368	18.14	21.18	0.01	7.67	0.303	66
2.400	18.86	21.90	0.00	7.67	0.303	66
2.432	19.45	22.49	0.00	7.67	0.303	66
2.464	19.94	22.98	0.00	7.67	0.303	66
2.496	20.34	23.38	0.01	7.67	0.303	66
2.528	20.62	23.66	0.00	7.67	0.303	66
2.560	20.21	23.24	-0.00	7.66	0.303	66
2.592	18.66	21.70	0.00	7.67	0.303	66
2.624	16.84	19.88	0.00	7.67	0.303	66
2.656	15.47	18.51	0.00	7.67	0.899	196
2.688	14.40	17.43	-0.00	7.66	0.899	196
2.720	13.34	16.38	0.00	7.67	0.899	196
2.752	12.34	15.38	0.00	7.67	0.899	196
2.784	11.48	14.52	0.00	7.67	0.899	196
2.816	10.78	13.82	0.00	7.67	0.899	196
2.848	10.62	13.65	0.00	7.67	0.899	196
2.880	11.06	14.10	0.00	7.67	0.899	196
2.912	11.81	14.84	0.00	7.67	0.899	196
2.944	12.69	15.73	0.00	7.67	0.899	196
2.976	13.61	16.64	0.01	7.67	0.899	196
3.008	14.55	17.59	0.00	7.67	0.899	196
3.040	15.45	18.48	0.00	7.67	0.899	196
3.072	16.19	19.23	0.00	7.67	0.899	196
3.104	16.81	19.85	0.00	7.67	0.784	171
3.136	17.32	20.36	0.00	7.67	0.784	171
3.168	17.71	20.75	0.00	7.67	0.784	171
3.200	18.00	21.04	0.00	7.67	0.784	171
3.232	18.20	21.23	0.00	7.67	0.784	171
3.264	18.34	21.38	0.00	7.67	0.784	171
3.296	18.43	21.47	0.00	7.67	0.784	171
3.328	18.49	21.53	0.00	7.67	0.784	171
3.360	18.53	21.57	0.00	7.67	0.784	171
3.392	18.38	21.42	0.00	7.67	0.784	171
3.424	18.24	21.27	0.00	7.67	0.784	171
3.456	18.07	21.11	0.00	7.67	0.784	171
3.488	18.03	21.07	0.00	7.67	0.784	171
3.520	18.07	21.11	-0.00	7.66	0.784	171
3.552	18.03	21.07	0.00	7.67	0.784	171
3.584	18.05	21.08	0.00	7.67	1.216	265
3.616	18.10	21.13	0.00	7.67	1.216	265
3.648	18.24	21.27	0.00	7.67	1.216	265
3.680	18.24	21.27	0.00	7.67	1.216	265
3.712	18.34	21.38	0.00	7.67	1.216	265
3.744	18.48	21.52	0.00	7.67	1.216	265
3.776	18.59	21.62	0.00	7.67	1.216	265
3.808	18.88	21.92	0.00	7.67	1.216	265
3.840	19.27	22.31	-0.00	7.66	1.216	265
3.872	19.67	22.71	0.01	7.67	1.216	265
3.904	20.08	23.12	0.01	7.67	1.216	265
3.936	20.48	23.52	0.00	7.67	1.216	265
3.968	20.85	23.88	0.00	7.67	1.216	265
4.000	21.18	24.22	0.00	7.67	1.216	265
4.032	21.50	24.54	0.00	7.67	1.156	252
4.064	21.77	24.81	0.00	7.67	1.156	252
4.096	21.97	25.01	0.00	7.67	1.156	252
4.128	22.15	25.19	0.00	7.67	1.156	252
4.160	22.31	25.34	0.00	7.67	1.156	252
4.192	22.42	25.46	0.00	7.67	1.156	252
4.224	22.51	25.54	0.00	7.67	1.156	252
4.256	22.57	25.61	0.00	7.67	1.156	252
4.288	22.63	25.67	0.00	7.67	1.156	252
4.320	22.68	25.72	0.00	7.67	1.156	252
4.352	22.70	25.74	0.00	7.67	1.156	252
4.384	22.71	25.74	0.01	7.67	1.156	252
4.416	22.71	25.75	0.00	7.67	1.156	252
4.448	22.71	25.74	-0.00	7.66	1.156	252
4.480	22.72	25.75	0.00	7.67	1.156	252
4.512	22.73	25.77	0.00	7.67	1.211	264
4.544	22.75	25.79	0.00	7.67	1.211	264
4.576	22.77	25.81	0.00	7.67	1.211	264
4.608	22.78	25.82	0.01	7.67	1.211	264
4.640	22.78	25.82	0.00	7.67	1.211	264
4.672	22.77	25.80	0.01	7.67	1.211	264
4.704	22.74	25.78	0.00	7.67	1.211	264
4.736	22.72	25.75	0.00	7.67	1.211	264
4.768	22.70	25.74	0.00	7.67	1.211	264
4.800	22.72	25.76	0.00	7.67	1.211	264
4.832	22.75	25.79	0.00	7.67	1.211	264
4.864	22.78	25.82	0.00	7.67	1.211	264
4.896	22.81	25.85	0.00	7.67	1.211	264
4.928	22.85	25.89	0.00	7.67	1.211	264
4.960	22.89	25.93	0.00	7.67	1.211	264
4.992	22.91	25.95	0.00	7.67	1.225	267
5.024	22.94	25.98	0.00	7.67	1.225	267
5.056	22.95	25.99	0.01	7.67	1.225	267
5.088	22.94	25.98	0.00	7.67	1.225	267
5.120	22.94	25.98	0.00	7.67	1.225	267
5.152	22.92	25.96	0.00	7.67	1.225	267
5.184	22.90	25.93	0.00	7.67	1.225	267
5.216	22.87	25.91	0.00	7.67	1.225	267
5.248	22.84	25.88	0.00	7.67	1.225	267
5.280	22.83	25.87	0.00	7.67	1.225	267
5.312	22.82	25.86	0.00	7.67	1.225	267
5.344	22.82	25.86	0.00	7.67	1.225	267
5.376	22.82	25.86	0.00	7.67	1.225	267
5.408	22.83	25.87	0.00	7.67	1.225	267
5.440	22.86	25.89	0.00	7.67	1.225	267
5.472	22.89	25.93	0.01	7.67	1.225	267
5.504	22.92	25.96	0.00	7.67	1.225	267
5.536	22.95	25.99	0.00	7.67	1.225	267
5.568	22.96	25.99	0.00	7.67	1.225	267
5.600	22.96	25.99	0.01	7.67	1.225	267
5.632	22.95	25.99	0.00	7.67	1.225	267
5.664	22.94	25.97	0.00	7.67	1.225	267
5.696	22.92	25.96	0.00	7.67	1.225	267
5.728	22.89	25.93	0.00	7.67	1.225	267
5.760	22.87	25.91	-0.00	7.66	1.225	267
5.792	22.88	25.92	0.00	7.67	1.225	267
5.824	22.89	25.93	0.00	7.67	1.225	267
5.856	22.91	25.95	0.00	7.67	1.225	267
5.888	22.92	25.96	0.00	7.67	1.225	267
5.920	22.94	25.97	0.00	7.67	1.229	268
5.952	22.94	25.98	0.01	7.67	1.229	268
5.984	22.93	25.97	0.00	7.67	1.229	268
6.016	22.94	25.98	0.00	7.67	1.229	268
6.048	22.93	25.97	-0.00	7.66	1.229	268
6.080	22.91	25.95	0.01	7.67	1.229	268
6.112	22.89	25.92	0.01	7.67	1.229	268
6.144	22.86	25.90	0.01	7.67	1.229	268
6.176	22.83	25.86	0.00	7.67	1.229	268
6.208	22.79	25.83	0.01	7.67	1.229	268
6.240	22.78	25.82	0.00	7.67	1.229	268
6.272	22.77	25.81	0.00	7.67	1.229	268
6.304	22.78	25.82	0.00	7.67	1.229	268
6.336	22.79	25.83	0.01	7.67	1.229	268
6.368	22.81	25.84	0.00	7.67	1.229	268
6.400	22.82	25.86	0.00	7.67	1.229	268
6.432	22.84	25.88	0.00	7.67	1.229	268
6.464	22.84	25.88	0.00	7.67	1.229	268
6.496	22.84	25.88	0.00	7.67	1.229	268
6.528	22.85	25.88	0.00	7.67	1.229	268
6.560	22.84	25.88	0.00	7.67	1.229	268
6.592	22.84	25.88	0.01	7.67	1.229	268
6.624	22.83	25.87	0.00	7.67	1.229	268
6.656	22.80	25.84	0.00	7.67	1.229	268
6.688	22.78	25.82	0.00	7.67	1.229	268
6.720	22.75	25.78	0.00	7.67	1.229	268
6.752	22.74	25.78	0.01	7.68	1.229	268
6.784	22.76	25.80	0.00	7.67	1.229	268
6.816	22.79	25.83	0.00	7.67	1.229	268
6.848	22.82	25.85	0.00	7.67	1.229	268
6.880	22.84	25.88	0.01	7.67	1.229	268
6.912	22.87	25.90	0.00	7.67	1.229	268
6.944	22.90	25.93	0.00	7.67	1.229	268
6.976	22.92	25.95	0.00	7.67	1.229	268
7.008	22.93	25.97	0.00	7.67	1.229	268
7.040	22.94	25.97	0.00	7.67	1.229	268
7.072	22.95	25.99	0.01	7.67	1.229	268
7.104	22.96	25.99	0.00	7.67	1.229	268
7.136	22.95	25.99	0.00	7.67	1.229	268
7.168	22.95	25.99	0.00	7.67	1.229	268
7.200	22.93	25.97	0.00	7.67	1.229	268
7.232	22.93	25.97	0.01	7.67	1.229	268
7.264	22.94	25.98	0.00	7.67	1.229	268
7.296	22.97	26.00	0.00	7.67	1.229	268
7.328	22.98	26.02	0.01	7.67	1.234	269
7.360	22.99	26.03	0.00	7.67	1.234	269
7.392	23.01	26.04	0.01	7.67	1.234	269
7.424	23.03	26.07	0.01	7.67	1.234	269
7.456	23.04	26.08	0.00	7.67	1.234	269
7.488	23.05	26.09	0.00	7.67	1.234	269
7.520	23.06	26.10	0.00	7.67	1.234	269
7.552	23.06	26.10	0.00	7.67	1.234	269
7.584	23.05	26.09	0.01	7.67	1.234	269
7.616	23.04	26.08	0.00	7.67	1.234	269
7.648	23.02	26.06	0.00	7.67	1.234	269
7.680	22.99	26.02	0.00	7.67	1.234	269
7.712	22.95	25.99	0.01	7.67	1.234	269
7.744	22.94	25.98	0.00	7.67	1.234	269
7.776	22.95	25.99	0.00	7.67	1.234	269
7.808	22.97	26.00	0.00	7.67	1.234	269
7.840	22.97	26.01	0.00	7.67	1.234	269
7.872	22.97	26.00	0.00	7.67	1.234	269
7.904	22.97	26.00	0.00	7.67	1.234	269
7.936	22.97	26.01	0.00	7.67	1.234	269
7.968	22.98	26.02	0.00	7.67	1.234	269
8.000	22.99	26.03	0.00	7.67	1.234	269
8.032	23.01	26.04	0.00	7.67	1.234	269
8.064	23.02	26.06	0.01	7.67	1.234	269
8.096	23.03	26.07	0.00	7.67	1.234	269
8.128	23.04	26.07	0.00	7.67	1.234	269
8.160	23.03	26.07	0.00	7.67	1.234	269
8.192	23.00	26.04	0.00	7.67	1.234	269
8.224	22.98	26.02	0.00	7.67	1.234	269
8.256	22.96	26.00	0.00	7.67	1.243	271
8.288	22.95	25.99	-0.00	7.66	1.243	271
8.320	22.94	25.98	0.00	7.67	1.243	271
8.352	22.94	25.98	0.01	7.67	1.243	271
8.384	22.95	25.98	0.00	7.67	1.243	271
8.416	22.96	25.99	0.00	7.67	1.243	271
8.448	22.97	26.00	0.00	7.67	1.243	271
8.480	22.99	26.03	0.01	7.67	1.243	271
8.512	23.01	26.05	0.01	7.67	1.243	271
8.544	23.02	26.05	0.01	7.67	1.243	271
8.576	23.02	26.05	0.00	7.67	1.243	271
8.608	23.00	26.04	0.00	7.67	1.243	271
8.640	22.99	26.02	0.00	7.67	1.243	271
8.672	22.97	26.00	0.01	7.67	1.243	271
8.704	22.94	25.98	0.00	7.67	1.243	271
8.736	22.93	25.97	0.00	7.67	1.243	271
8.768	22.93	25.96	0.00	7.67	1.243	271
8.800	22.93	25.97	0.00	7.67	1.243	271
8.832	22.94	25.97	0.01	7.67	1.243	271
8.864	22.95	25.98	0.00	7.67	1.243	271
8.896	22.95	25.99	0.00	7.67	1.243	271
8.928	22.97	26.01	0.00	7.67	1.243	271
8.960	22.99	26.03	0.00	7.67	1.243	271
8.992	23.02	26.06	0.01	7.67	1.243	271
9.024	23.03	26.07	0.01	7.67	1.243	271
9.056	23.03	26.07	0.00	7.67	1.243	271
9.088	23.02	26.06	0.00	7.67	1.243	271
9.120	23.01	26.05	0.00	7.67	1.243	271
9.152	23.00	26.04	0.00	7.67	1.243	271
9.184	22.97	26.01	0.01	7.67	1.243	271
9.216	22.96	25.99	0.00	7.67	1.243	271
9.248	22.97	26.01	0.00	7.67	1.243	271
9.280	22.98	26.02	0.00	7.67	1.243	271
9.312	22.99	26.03	0.01	7.67	1.243	271
9.344	23.00	26.04	0.01	7.67	1.243	271
9.376	23.01	26.05	0.00	7.67	1.243	271
9.408	23.02	26.05	0.00	7.67	1.243	271
9.440	23.02	26.05	0.00	7.67	1.243	271
9.472	23.02	26.05	0.01	7.67	1.243	271
9.504	23.02	26.05	0.00	7.67	1.243	271
9.536	23.02	26.06	0.00	7.67	1.243	271
9.568	23.02	26.06	0.00	7.67	1.243	271
9.600	23.02	26.05	0.01	7.67	1.243	271
9.632	23.00	26.04	0.00	7.67	1.243	271
9.664	22.99	26.03	0.00	7.67	1.248	272
9.696	22.99	26.03	0.00	7.67	1.248	272
9.728	22.99	26.03	0.00	7.67	1.248	272
9.760	23.00	26.04	0.00	7.67	1.248	272
9.792	23.01	26.05	0.00	7.67	1.248	272
9.824	23.01	26.05	0.00	7.67	1.248	272
9.856	23.02	26.05	0.00	7.67	1.248	272
9.888	23.02	26.05	0.00	7.67	1.248	272
9.920	23.01	26.05	0.00	7.67	1.248	272
9.952	23.03	26.06	0.00	7.67	1.248	272
9.984	23.04	26.08	0.00	7.67	1.248	272
10.016	23.05	26.09	0.00	7.67	1.248	272
10.048	23.07	26.10	0.00	7.67	1.248	272
10.080	23.07	26.10	0.00	7.67	1.248	272
10.112	23.04	26.08	0.01	7.67	1.248	272
10.144	23.02	26.06	0.00	7.67	1.248	272
10.176	23.01	26.04	0.00	7.67	1.248	272
10.208	23.00	26.04	0.00	7.67	1.248	272
10.240	23.01	26.04	0.00	7.67	1.248	272
10.272	23.02	26.06	0.00	7.67	1.248	272
10.304	23.04	26.08	0.00	7.67	1.248	272
10.336	23.06	26.10	0.00	7.67	1.248	272
10.368	23.07	26.10	0.00	7.67	1.248	272
10.400	23.08	26.12	0.00	7.67	1.248	272
10.432	23.08	26.12	0.00	7.67	1.248	272
10.464	23.09	26.12	0.00	7.67	1.248	272
10.496	23.09	26.13	0.00	7.67	1.248	272
10.528	23.10	26.13	0.00	7.67	1.248	272
10.560	23.10	26.13	0.00	7.67	1.248	272
10.592	23.10	26.13	0.00	7.67	1.252	273
10.624	23.09	26.13	0.01	7.67	1.252	273
10.656	23.07	26.11	0.00	7.67	1.252	273
10.688	23.05	26.09	0.00	7.67	1.252	273
10.720	23.05	26.08	0.00	7.67	1.252	273
10.752	23.05	26.08	0.00	7.67	1.252	273
10.784	23.04	26.08	0.00	7.67	1.252	273
10.816	23.05	26.08	0.00	7.67	1.252	273
10.848	23.06	26.10	0.00	7.67	1.252	273
10.880	23.08	26.12	0.01	7.67	1.252	273
10.912	23.09	26.13	0.01	7.67	1.252	273
10.944	23.09	26.13	0.01	7.67	1.252	273
10.976	23.09	26.13	0.00	7.67	1.252	273
11.008	23.08	26.12	0.00	7.67	1.252	273
11.040	23.08	26.12	0.01	7.67	1.252	273
11.072	23.06	26.09	0.01	7.67	1.243	271
11.104	23.03	26.07	0.00	7.67	1.243	271
11.136	23.00	26.04	0.00	7.67	1.243	271
11.168	23.00	26.04	-0.00	7.66	1.243	271
11.200	23.00	26.04	0.00	7.67	1.243	271
11.232	23.03	26.06	0.00	7.67	1.243	271
11.264	23.04	26.08	0.00	7.67	1.243	271
11.296	23.06	26.10	0.00	7.67	1.243	271
11.328	23.08	26.12	0.00	7.67	1.243	271
11.360	23.10	26.14	0.00	7.67	1.243	271
11.392	23.12	26.16	0.01	7.67	1.243	271
11.424	23.14	26.18	0.00	7.67	1.243	271
11.456	23.14	26.18	0.00	7.67	1.243	271
11.488	23.13	26.17	0.00	7.67	1.243	271
11.520	23.10	26.14	0.00	7.67	1.243	271
11.552	23.08	26.12	0.00	7.67	1.243	271
11.584	23.06	26.10	0.00	7.67	1.243	271
11.616	23.04	26.08	0.00	7.67	1.243	271
11.648	23.02	26.05	0.00	7.67	1.243	271
11.680	23.02	26.06	0.00	7.67	1.243	271
11.712	23.03	26.07	0.00	7.67	1.243	271
11.744	23.05	26.08	0.00	7.67	1.243	271
11.776	23.06	26.09	0.00	7.67	1.243	271
11.808	23.06	26.10	0.00	7.67	1.243	271
11.840	23.06	26.10	0.00	7.67	1.243	271
11.872	23.07	26.11	0.01	7.67	1.243	271
11.904	23.08	26.12	0.00	7.67	1.243	271
11.936	23.10	26.14	0.00	7.67	1.243	271
11.968	23.11	26.14	0.00	7.67	1.243	271
12.000	23.11	26.15	-0.00	7.66	1.248	272
12.032	23.11	26.15	0.01	7.67	1.248	272
12.064	23.11	26.14	0.00	7.67	1.248	272
12.096	23.09	26.13	0.00	7.67	1.248	272
12.128	23.07	26.11	0.00	7.67	1.248	272
12.160	23.05	26.09	-0.00	7.66	1.248	272
12.192	23.05	26.08	0.01	7.67	1.248	272
12.224	23.04	26.08	0.00	7.67	1.248	272
12.256	23.03	26.07	-0.00	7.66	1.248	272
12.288	23.03	26.07	-0.00	7.66	1.248	272
12.320	23.05	26.09	0.00	7.67	1.248	272
12.352	23.07	26.11	0.01	7.67	1.248	272
12.384	23.08	26.12	0.00	7.67	1.248	272
12.416	23.11	26.14	0.00	7.67	1.248	272
12.448	23.13	26.16	-0.00	7.66	1.248	272
12.480	23.14	26.17	0.00	7.67	1.248	272
12.512	23.14	26.18	0.00	7.67	1.248	272
12.544	23.14	26.18	0.00	7.67	1.248	272
12.576	23.14	26.17	0.00	7.67	1.248	272
12.608	23.11	26.15	0.00	7.67	1.248	272
12.640	23.08	26.12	0.00	7.67	1.248	272
12.672	23.07	26.10	0.01	7.67	1.248	272
12.704	23.06	26.10	0.00	7.67	1.248	272
12.736	23.05	26.08	0.00	7.67	1.248	272
12.768	23.04	26.08	0.00	7.67	1.248	272
12.800	23.05	26.09	0.00	7.67	1.248	272
12.832	23.07	26.10	0.00	7.67	1.248	272
12.864	23.08	26.12	0.00	7.67	1.248	272
12.896	23.10	26.13	0.00	7.67	1.248	272
12.928	23.10	26.14	-0.00	7.66	1.248	272
12.960	23.09	26.13	0.00	7.67	1.248	272
12.992	23.08	26.12	0.00	7.67	1.248	272
13.024	23.08	26.12	0.00	7.67	1.248	272
13.056	23.08	26.12	0.00	7.67	1.248	272
13.088	23.08	26.12	0.00	7.67	1.248	272
13.120	23.06	26.09	0.00	7.67	1.248	272
13.152	23.05	26.08	0.00	7.67	1.248	272
13.184	23.05	26.09	0.01	7.67	1.248	272
13.216	23.05	26.09	0.00	7.67	1.248	272
13.248	23.06	26.10	0.00	7.67	1.248	272
13.280	23.07	26.11	0.00	7.67	1.248	272
13.312	23.08	26.12	0.00	7.67	1.248	272
13.344	23.07	26.11	0.00	7.67	1.248	272
13.376	23.05	26.08	0.00	7.67	1.248	272
13.408	23.04	26.08	0.00	7.67	1.252	273
13.440	23.04	26.08	0.00	7.67	1.252	273
13.472	23.05	26.09	0.00	7.67	1.252	273
13.504	23.07	26.10	0.00	7.67	1.252	273
13.536	23.07	26.11	0.00	7.67	1.252	273
13.568	23.07	26.11	0.00	7.67	1.252	273
13.600	23.07	26.11	0.00	7.67	1.252	273
13.632	23.06	26.10	0.01	7.67	1.252	273
13.664	23.05	26.09	0.01	7.67	1.252	273
13.696	23.05	26.09	0.00	7.67	1.252	273
13.728	23.06	26.10	0.00	7.67	1.252	273
13.760	23.07	26.11	0.00	7.67	1.252	273
13.792	23.10	26.13	0.01	7.67	1.252	273
13.824	23.11	26.15	0.00	7.67	1.252	273
13.856	23.12	26.16	0.00	7.67	1.252	273
13.888	23.13	26.17	0.00	7.67	1.248	272
13.920	23.13	26.17	0.00	7.67	1.248	272
13.952	23.12	26.15	0.01	7.67	1.248	272
13.984	23.11	26.14	0.00	7.67	1.248	272
14.016	23.08	26.12	0.00	7.67	1.248	272
14.048	23.07	26.10	-0.00	7.66	1.248	272
14.080	23.04	26.08	0.00	7.67	1.248	272
14.112	23.01	26.05	0.00	7.67	1.248	272
14.144	22.99	26.03	0.00	7.67	1.248	272
14.176	22.99	26.03	0.00	7.67	1.248	272
14.208	22.99	26.03	0.00	7.67	1.248	272
14.240	23.01	26.04	0.00	7.67	1.248	272
14.272	23.02	26.05	0.00	7.67	1.248	272
14.304	23.02	26.06	0.00	7.67	1.248	272
14.336	23.02	26.06	0.00	7.67	1.243	271
14.368	23.02	26.05	0.00	7.67	1.243	271
14.400	23.02	26.06	0.00	7.67	1.243	271
14.432	23.04	26.08	0.00	7.67	1.243	271
14.464	23.05	26.09	0.00	7.67	1.243	271
14.496	23.08	26.12	0.00	7.67	1.243	271
14.528	23.08	26.12	0.00	7.67	1.243	271
14.560	23.07	26.10	0.01	7.67	1.243	271
14.592	23.04	26.08	0.00	7.67	1.243	271
14.624	23.03	26.07	0.00	7.67	1.243	271
14.656	23.04	26.08	0.00	7.67	1.243	271
14.688	23.05	26.09	0.00	7.67	1.243	271
14.720	23.05	26.09	0.00	7.67	1.243	271
14.752	23.04	26.08	0.00	7.67	1.243	271
14.784	23.02	26.06	0.00	7.67	1.243	271
14.816	23.03	26.07	0.00	7.67	1.239	270
14.848	23.03	26.06	0.00	7.67	1.239	270
14.880	23.04	26.08	0.00	7.67	1.239	270
14.912	23.05	26.09	0.00	7.67	1.239	270
14.944	23.07	26.11	0.00	7.67	1.239	270
14.976	23.09	26.13	0.00	7.67	1.239	270
15.008	23.11	26.15	0.00	7.67	1.239	270
15.040	23.11	26.15	0.00	7.67	1.239	270
15.072	23.10	26.14	0.00	7.67	1.239	270
15.104	23.06	26.10	0.00	7.67	1.239	270
15.136	23.05	26.09	0.00	7.67	1.239	270
15.168	23.05	26.08	0.00	7.67	1.239	270
15.200	23.05	26.09	0.00	7.67	1.239	270
15.232	23.05	26.09	0.00	7.67	1.239	270
15.264	23.05	26.09	0.01	7.67	1.239	270
15.296	23.06	26.10	0.00	7.67	1.243	271
15.328	23.05	26.09	0.00	7.67	1.243	271
15.360	23.07	26.10	-0.00	7.66	1.243	271
15.392	23.08	26.12	0.01	7.67	1.243	271
15.424	23.11	26.15	0.00	7.67	1.243	271
15.456	23.14	26.18	0.00	7.67	1.243	271
15.488	23.16	26.20	0.00	7.67	1.243	271
15.520	23.18	26.21	0.00	7.67	1.243	271
15.552	23.16	26.20	0.00	7.67	1.243	271
15.584	23.12	26.15	0.00	7.67	1.243	271
15.616	23.08	26.12	0.00	7.67	1.243	271
15.648	23.07	26.10	0.00	7.67	1.243	271
15.680	23.06	26.10	0.00	7.67	1.243	271
15.712	23.06	26.09	0.00	7.67	1.243	271
15.744	23.05	26.09	0.01	7.67	1.243	271
15.776	23.06	26.10	0.00	7.67	1.243	271
15.808	23.06	26.10	0.00	7.67	1.243	271
15.840	23.06	26.10	0.00	7.67	1.243	271
15.872	23.07	26.10	0.00	7.67	1.243	271
15.904	23.08	26.12	0.00	7.67	1.243	271
15.936	23.08	26.12	0.00	7.67	1.243	271
15.968	23.10	26.14	0.00	7.67	1.243	271
16.000	23.09	26.13	0.00	7.67	1.243	271
16.032	23.09	26.13	0.00	7.67	1.243	271
16.064	23.06	26.10	0.00	7.67	1.243	271
16.096	23.05	26.09	0.00	7.67	1.243	271
16.128	23.03	26.07	0.00	7.67	1.243	271
16.160	23.03	26.07	0.00	7.67	1.243	271
16.192	23.03	26.07	0.00	7.67	1.243	271
16.224	23.04	26.08	0.00	7.67	1.239	270
16.256	23.06	26.10	0.00	7.67	1.239	270
16.288	23.07	26.11	0.00	7.67	1.239	270
16.320	23.08	26.12	0.00	7.67	1.239	270
16.352	23.08	26.12	0.00	7.67	1.239	270
16.384	23.09	26.12	0.01	7.67	1.239	270
16.416	23.08	26.12	0.00	7.67	1.239	270
16.448	23.08	26.12	0.00	7.67	1.239	270
16.480	23.10	26.13	0.00	7.67	1.239	270
16.512	23.09	26.13	0.00	7.67	1.239	270
16.544	23.08	26.11	0.01	7.67	1.239	270
16.576	23.05	26.09	0.00	7.67	1.239	270
16.608	23.04	26.08	0.00	7.67	1.239	270
16.640	23.04	26.08	0.00	7.67	1.239	270
16.672	23.03	26.06	0.00	7.67	1.243	271
16.704	23.03	26.06	0.00	7.67	1.243	271
16.736	23.03	26.07	0.00	7.67	1.243	271
16.768	23.03	26.07	0.00	7.67	1.243	271
16.800	23.02	26.06	0.00	7.67	1.243	271
16.832	23.04	26.07	0.00	7.67	1.243	271
16.864	23.03	26.07	0.00	7.67	1.243	271
16.896	23.03	26.07	0.01	7.67	1.243	271
16.928	23.03	26.07	0.00	7.67	1.243	271
16.960	23.03	26.07	0.00	7.67	1.243	271
16.992	23.03	26.07	0.01	7.67	1.243	271
17.024	23.03	26.07	0.00	7.67	1.243	271
17.056	23.01	26.05	-0.00	7.66	1.243	271
17.088	23.00	26.03	0.00	7.67	1.243	271
17.120	23.00	26.04	0.00	7.67	1.243	271
17.152	23.00	26.04	0.01	7.67	1.239	270
17.184	23.01	26.04	0.00	7.67	1.239	270
17.216	23.01	26.05	0.00	7.67	1.239	270
17.248	23.02	26.05	-0.00	7.66	1.239	270
17.280	23.02	26.05	0.00	7.67	1.239	270
17.312	23.02	26.06	0.01	7.67	1.239	270
17.344	23.05	26.09	0.00	7.67	1.239	270
17.376	23.07	26.10	0.00	7.67	1.239	270
17.408	23.07	26.11	-0.00	7.66	1.239	270
17.440	23.06	26.10	0.00	7.67	1.239	270
17.472	23.05	26.08	0.01	7.67	1.239	270
17.504	23.02	26.06	0.01	7.67	1.239	270
17.536	22.99	26.03	-0.00	7.66	1.239	270
17.568	22.97	26.01	0.00	7.67	1.239	270
17.600	22.97	26.01	-0.00	7.66	1.239	270
17.632	22.97	26.01	0.00	7.67	1.243	271
17.664	22.98	26.01	0.00	7.67	1.243	271
17.696	22.99	26.02	0.00	7.67	1.243	271
17.728	23.00	26.04	0.01	7.67	1.243	271
17.760	23.04	26.08	0.00	7.67	1.243	271
17.792	23.05	26.09	0.00	7.67	1.243	271
17.824	23.07	26.10	0.01	7.67	1.243	271
17.856	23.08	26.12	0.00	7.67	1.243	271
17.888	23.08	26.12	0.00	7.67	1.243	271
17.920	23.09	26.13	0.00	7.67	1.243	271
17.952	23.09	26.12	0.00	7.67	1.243	271
17.984	23.08	26.12	0.00	7.67	1.243	271
18.016	23.06	26.09	0.01	7.67	1.243	271
18.048	23.03	26.07	0.00	7.67	1.243	271
18.080	23.03	26.06	-0.00	7.66	1.239	270
18.112	23.03	26.07	0.00	7.67	1.239	270
18.144	23.03	26.07	0.01	7.67	1.239	270
18.176	23.02	26.06	0.00	7.67	1.239	270
18.208	23.02	26.06	0.00	7.67	1.239	270
18.240	23.02	26.06	-0.00	7.66	1.239	270
18.272	23.02	26.05	0.00	7.67	1.239	270
18.304	23.02	26.05	0.00	7.67	1.239	270
18.336	23.02	26.06	0.00	7.67	1.239	270
18.368	23.01	26.05	-0.00	7.66	1.239	270
18.400	23.00	26.04	0.00	7.67	1.239	270
18.432	23.00	26.03	0.00	7.67	1.239	270
18.464	22.99	26.03	0.01	7.67	1.239	270
18.496	22.99	26.03	0.00	7.67	1.239	270
18.528	22.98	26.02	0.00	7.67	1.239	270
18.560	22.97	26.01	0.00	7.67	1.243	271
18.592	22.97	26.01	0.00	7.67	1.243	271
18.624	22.97	26.01	0.00	7.67	1.243	271
18.656	22.98	26.01	0.00	7.67	1.243	271
18.688	22.98	26.02	0.00	7.67	1.243	271
18.720	22.99	26.03	0.00	7.67	1.243	271
18.752	23.00	26.04	0.01	7.67	1.243	271
18.784	23.00	26.04	0.01	7.67	1.243	271
18.816	23.02	26.05	0.00	7.67	1.243	271
18.848	23.02	26.05	0.00	7.67	1.243	271
18.880	23.01	26.05	0.00	7.67	1.243	271
18.912	23.00	26.04	0.00	7.67	1.243	271
18.944	22.99	26.03	0.01	7.67	1.243	271
18.976	22.99	26.02	0.00	7.67	1.243	271
19.008	22.97	26.01	0.00	7.67	1.243	271
19.040	22.95	25.98	0.00	7.67	1.239	270
19.072	22.94	25.98	0.00	7.67	1.239	270
19.104	22.94	25.97	0.00	7.67	1.239	270
19.136	22.94	25.98	0.00	7.67	1.239	270
19.168	22.93	25.96	0.00	7.67	1.239	270
19.200	22.91	25.95	0.00	7.67	1.239	270
19.232	22.92	25.95	0.00	7.67	1.239	270
19.264	22.92	25.95	0.01	7.67	1.239	270
19.296	22.94	25.98	-0.00	7.66	1.239	270
19.328	22.98	26.02	0.00	7.67	1.239	270
19.360	23.00	26.04	-0.00	7.66	1.239	270
19.392	23.04	26.07	0.00	7.67	1.239	270
19.424	23.05	26.09	0.00	7.67	1.239	270
19.456	23.07	26.10	0.00	7.67	1.239	270
19.488	23.06	26.10	-0.00	7.66	1.239	270
19.520	23.04	26.08	0.00	7.67	1.239	270
19.552	23.02	26.06	0.00	7.67	1.239	270
19.584	23.02	26.05	0.00	7.67	1.239	270
19.616	23.00	26.04	0.00	7.67	1.239	270
19.648	23.01	26.05	0.00	7.67	1.239	270
19.680	23.02	26.06	0.00	7.67	1.239	270
19.712	23.04	26.07	0.00	7.67	1.239	270
19.744	23.03	26.07	0.00	7.67	1.239	270
19.776	23.03	26.07	0.00	7.67	1.239	270
19.808	23.03	26.07	0.00	7.67	1.239	270
19.840	23.03	26.07	0.00	7.67	1.239	270
19.872	23.03	26.07	0.00	7.67	1.239	270
19.904	23.03	26.06	0.00	7.67	1.239	270
19.936	23.02	26.06	0.00	7.67	1.239	270
19.968	23.01	26.05	0.00	7.67	1.243	271
20.000	22.99	26.03	0.00	7.67	1.243	271
20.032	22.98	26.01	0.00	7.67	1.243	271
20.064	22.97	26.00	0.01	7.67	1.243	271
20.096	22.97	26.01	0.00	7.67	1.243	271
20.128	22.98	26.02	0.00	7.67	1.243	271
20.160	23.01	26.04	0.00	7.67	1.243	271
20.192	23.03	26.06	0.00	7.67	1.243	271
20.224	23.04	26.08	0.00	7.67	1.243	271
20.256	23.05	26.09	-0.00	7.66	1.243	271
20.288	23.08	26.12	0.00	7.67	1.243	271
20.320	23.09	26.13	0.00	7.67	1.243	271
20.352	23.08	26.12	0.00	7.67	1.243	271
20.384	23.08	26.12	0.00	7.67	1.243	271
20.416	23.07	26.11	0.00	7.67	1.243	271
20.448	23.07	26.10	0.00	7.67	1.243	271
20.480	23.05	26.08	-0.00	7.66	1.243	271
20.512	23.02	26.06	0.00	7.67	1.243	271
20.544	23.01	26.04	0.01	7.67	1.243	271
20.576	22.98	26.02	0.00	7.67	1.243	271
20.608	22.96	26.00	0.00	7.67	1.243	271
20.640	22.95	25.99	-0.00	7.66	1.243	271
20.672	22.94	25.98	0.00	7.67	1.243	271
20.704	22.92	25.96	0.01	7.67	1.243	271
20.736	22.91	25.95	0.00	7.67	1.243	271
20.768	22.90	25.94	0.00	7.67	1.243	271
20.800	22.92	25.95	0.00	7.67	1.243	271
20.832	22.91	25.95	0.00	7.67	1.243	271
20.864	22.90	25.94	0.00	7.67	1.243	271
20.896	22.90	25.94	0.00	7.67	1.239	270
20.928	22.90	25.94	-0.00	7.66	1.239	270
20.960	22.90	25.94	0.00	7.67	1.239	270
20.992	22.89	25.92	0.00	7.67	1.239	270
21.024	22.88	25.92	0.00	7.67	1.239	270
21.056	22.88	25.92	0.00	7.67	1.239	270
21.088	22.90	25.94	0.00	7.67	1.239	270
21.120	22.91	25.95	0.00	7.67	1.239	270
21.152	22.91	25.95	0.00	7.67	1.239	270
21.184	22.91	25.95	0.00	7.67	1.239	270
21.216	22.91	25.95	0.00	7.67	1.239	270
21.248	22.93	25.97	0.00	7.67	1.239	270
21.280	22.96	26.00	0.00	7.67	1.239	270
21.312	22.98	26.02	0.01	7.67	1.239	270
21.344	23.00	26.03	0.00	7.67	1.239	270
21.376	23.01	26.04	0.00	7.67	1.239	270
21.408	23.01	26.05	0.00	7.67	1.239	270
21.440	23.01	26.05	0.00	7.67	1.239	270
21.472	22.99	26.03	0.00	7.67	1.239	270
21.504	22.98	26.01	0.00	7.67	1.239	270
21.536	22.98	26.02	0.00	7.67	1.239	270
21.568	22.98	26.01	-0.00	7.66	1.239	270
21.600	22.97	26.00	0.00	7.67	1.239	270
21.632	22.96	26.00	0.00	7.67	1.239	270
21.664	22.95	25.98	0.01	7.67	1.239	270
21.696	22.93	25.97	0.00	7.67	1.239	270
21.728	22.92	25.95	0.00	7.67	1.239	270
21.760	22.92	25.95	0.00	7.67	1.239	270
21.792	22.93	25.96	0.00	7.67	1.239	270
21.824	22.94	25.98	0.00	7.67	1.243	271
21.856	22.94	25.98	0.00	7.67	1.243	271
21.888	22.93	25.97	0.00	7.67	1.243	271
21.920	22.93	25.97	0.00	7.67	1.243	271
21.952	22.91	25.95	0.00	7.67	1.243	271
21.984	22.91	25.95	0.01	7.67	1.243	271
22.016	22.93	25.96	0.00	7.67	1.243	271
22.048	22.94	25.98	0.00	7.67	1.243	271
22.080	22.95	25.99	0.00	7.67	1.243	271
22.112	22.98	26.01	0.00	7.67	1.243	271
22.144	23.00	26.04	0.00	7.67	1.243	271
22.176	23.01	26.05	-0.00	7.66	1.243	271
22.208	23.02	26.05	0.00	7.67	1.243	271
22.240	23.01	26.05	0.00	7.67	1.243	271
22.272	22.99	26.03	0.00	7.67	1.243	271
22.304	22.97	26.01	0.00	7.67	1.243	271
22.336	22.96	26.00	0.00	7.67	1.243	271
22.368	22.95	25.99	0.00	7.67	1.243	271
22.400	22.93	25.97	0.00	7.67	1.243	271
22.432	22.91	25.94	0.00	7.67	1.243	271
22.464	22.89	25.93	0.00	7.67	1.243	271
22.496	22.89	25.93	0.00	7.67	1.243	271
22.528	22.91	25.95	-0.00	7.66	1.243	271
22.560	22.92	25.96	-0.00	7.66	1.243	271
22.592	22.93	25.97	0.00	7.67	1.243	271
22.624	22.94	25.98	0.00	7.67	1.243	271
22.656	22.94	25.98	0.00	7.67	1.243	271
22.688	22.94	25.98	0.00	7.67	1.243	271
22.720	22.94	25.98	0.00	7.67	1.243	271
22.752	22.95	25.99	0.01	7.67	1.243	271
22.784	22.94	25.98	0.00	7.67	1.243	271
22.816	22.94	25.97	0.00	7.67	1.243	271
22.848	22.93	25.97	0.00	7.67	1.243	271
22.880	22.93	25.97	-0.00	7.66	1.243	271
22.912	22.93	25.97	0.00	7.67	1.243	271
22.944	22.91	25.95	0.00	7.67	1.243	271
22.976	22.92	25.95	0.00	7.67	1.243	271
23.008	22.92	25.95	0.00	7.67	1.243	271
23.040	22.92	25.96	0.00	7.67	1.243	271
23.072	22.90	25.94	0.00	7.67	1.243	271
23.104	22.89	25.93	0.01	7.67	1.243	271
23.136	22.89	25.93	-0.00	7.66	1.243	271
23.168	22.89	25.93	0.00	7.67	1.243	271
23.200	22.91	25.94	-0.00	7.66	1.243	271
23.232	22.94	25.98	0.00	7.67	1.248	272
23.264	22.96	26.00	0.01	7.67	1.248	272
23.296	22.97	26.00	-0.00	7.66	1.248	272
23.328	22.97	26.00	0.00	7.67	1.248	272
23.360	22.97	26.01	0.00	7.67	1.248	272
23.392	22.96	25.99	0.00	7.67	1.248	272
23.424	22.93	25.97	0.01	7.67	1.248	272
23.456	22.91	25.95	0.00	7.67	1.248	272
23.488	22.91	25.94	-0.00	7.66	1.248	272
23.520	22.93	25.96	0.00	7.67	1.248	272
23.552	22.94	25.98	0.00	7.67	1.248	272
23.584	22.97	26.00	0.00	7.67	1.248	272
23.616	22.97	26.00	0.00	7.67	1.248	272
23.648	22.98	26.01	0.00	7.67	1.248	272
23.680	22.97	26.01	-0.00	7.66	1.248	272
23.712	22.98	26.01	0.00	7.67	1.243	271
23.744	22.98	26.01	0.00	7.67	1.243	271
23.776	22.98	26.02	0.00	7.67	1.243	271
23.808	22.98	26.02	0.00	7.67	1.243	271
23.840	22.98	26.02	0.00	7.67	1.243	271
23.872	22.98	26.02	0.00	7.67	1.243	271
23.904	22.96	26.00	0.01	7.67	1.243	271
23.936	22.96	26.00	0.00	7.67	1.243	271
23.968	22.97	26.01	-0.00	7.66	1.243	271
24.000	22.97	26.01	0.01	7.67	1.243	271
24.032	22.96	26.00	0.01	7.67	1.243	271
24.064	22.95	25.99	0.00	7.67	1.243	271
24.096	22.94	25.97	0.00	7.67	1.243	271
24.128	22.93	25.97	0.00	7.67	1.243	271
24.160	22.93	25.97	0.00	7.67	1.243	271
24.192	22.94	25.97	0.00	7.67	1.243	271
24.224	22.93	25.97	0.00	7.67	1.243	271
24.256	22.92	25.96	0.00	7.67	1.243	271
24.288	22.91	25.95	-0.00	7.66	1.243	271
24.320	22.93	25.96	0.00	7.67	1.243	271
24.352	22.92	25.96	0.01	7.67	1.243	271
24.384	22.89	25.93	0.00	7.67	1.243	271
24.416	22.86	25.90	-0.00	7.66	1.243	271
24.448	22.86	25.89	0.00	7.67	1.243	271
24.480	22.88	25.92	-0.00	7.66	1.243	271
24.512	22.89	25.92	0.01	7.67	1.243	271
24.544	22.91	25.95	0.00	7.67	1.243	271
24.576	22.93	25.96	-0.00	7.66	1.243	271
24.608	22.93	25.97	0.00	7.67	1.243	271
24.640	22.92	25.96	0.00	7.67	1.243	271
24.672	22.92	25.95	0.00	7.67	1.243	271
24.704	22.93	25.97	0.00	7.67	1.243	271
24.736	22.94	25.98	0.00	7.67	1.243	271
24.768	22.95	25.99	-0.00	7.66	1.243	271
24.800	22.95	25.99	-0.00	7.66	1.243	271
24.832	22.94	25.98	0.00	7.67	1.243	271
24.864	22.92	25.96	0.00	7.67	1.243	271
24.896	22.89	25.93	0.00	7.67	1.243	271
24.928	22.86	25.90	-0.00	7.66	1.243	271
24.960	22.84	25.88	0.00	7.67	1.243	271
24.992	22.86	25.90	0.00	7.67	1.243	271
25.024	22.87	25.91	0.00	7.67	1.243	271
25.056	22.87	25.91	-0.00	7.66	1.243	271
25.088	22.87	25.90	0.00	7.67	1.243	271
25.120	22.87	25.91	0.00	7.67	1.248	272
25.152	22.88	25.92	0.01	7.67	1.248	272
25.184	22.90	25.94	0.00	7.67	1.248	272
25.216	22.91	25.95	-0.00	7.66	1.248	272
25.248	22.91	25.95	-0.00	7.66	1.248	272
25.280	22.90	25.94	0.00	7.67	1.248	272
25.312	22.88	25.92	0.00	7.67	1.248	272
25.344	22.86	25.90	0.00	7.67	1.248	272
25.376	22.85	25.89	0.00	7.67	1.248	272
25.408	22.84	25.88	-0.00	7.66	1.248	272
25.440	22.84	25.88	0.00	7.67	1.248	272
25.472	22.86	25.90	0.00	7.67	1.248	272
25.504	22.87	25.91	-0.00	7.66	1.248	272
25.536	22.87	25.91	0.00	7.67	1.248	272
25.568	22.89	25.93	0.00	7.67	1.248	272
25.600	22.90	25.94	0.00	7.67	1.248	272
25.632	22.89	25.93	0.01	7.67	1.248	272
25.664	22.88	25.92	0.00	7.67	1.248	272
25.696	22.89	25.92	-0.00	7.66	1.248	272
25.728	22.89	25.93	0.00	7.67	1.248	272
25.760	22.89	25.93	0.00	7.67	1.248	272
25.792	22.89	25.93	0.00	7.67	1.248	272
25.824	22.89	25.92	0.00	7.67	1.248	272
25.856	22.87	25.91	0.00	7.67	1.248	272
25.888	22.84	25.88	0.00	7.67	1.248	272
25.920	22.82	25.86	0.00	7.67	1.248	272
25.952	22.81	25.85	0.00	7.67	1.248	272
25.984	22.82	25.86	0.00	7.67	1.248	272
26.016	22.82	25.86	-0.00	7.66	1.248	272
26.048	22.83	25.87	0.00	7.67	1.248	272
26.080	22.84	25.88	0.00	7.67	1.248	272
26.112	22.85	25.89	0.00	7.67	1.248	272
26.144	22.87	25.91	0.00	7.67	1.248	272
26.176	22.91	25.94	-0.00	7.66	1.248	272
26.208	22.93	25.96	0.00	7.67	1.248	272
26.240	22.94	25.98	0.00	7.67	1.248	272
26.272	22.94	25.98	0.00	7.67	1.248	272
26.304	22.92	25.96	0.00	7.67	1.248	272
26.336	22.88	25.92	-0.00	7.66	1.248	272
26.368	22.85	25.89	0.00	7.67	1.248	272
26.400	22.84	25.88	0.00	7.67	1.248	272
26.432	22.84	25.88	0.00	7.67	1.248	272
26.464	22.85	25.89	0.00	7.67	1.248	272
26.496	22.85	25.88	0.00	7.67	1.248	272
26.528	22.83	25.87	-0.00	7.66	1.243	271
26.560	22.84	25.88	0.00	7.67	1.243	271
26.592	22.84	25.88	0.00	7.67	1.243	271
26.624	22.86	25.89	0.00	7.67	1.243	271
26.656	22.87	25.91	0.00	7.67	1.243	271
26.688	22.88	25.92	0.00	7.67	1.243	271
26.720	22.90	25.94	0.00	7.67	1.243	271
26.752	22.92	25.96	0.01	7.67	1.243	271
26.784	22.94	25.98	0.00	7.67	1.243	271
26.816	22.95	25.99	0.00	7.67	1.243	271
26.848	22.94	25.98	0.00	7.67	1.243	271
26.880	22.93	25.97	0.00	7.67	1.243	271
26.912	22.92	25.96	0.00	7.67	1.243	271
26.944	22.91	25.95	0.00	7.67	1.243	271
26.976	22.89	25.93	0.00	7.67	1.252	273
27.008	22.88	25.91	0.00	7.67	1.252	273
27.040	22.85	25.89	0.00	7.67	1.252	273
27.072	22.84	25.88	0.00	7.67	1.252	273
27.104	22.86	25.89	0.00	7.67	1.252	273
27.136	22.89	25.92	0.00	7.67	1.252	273
27.168	22.91	25.94	-0.00	7.66	1.252	273
27.200	22.92	25.96	0.00	7.67	1.252	273
27.232	22.92	25.96	0.01	7.67	1.252	273
27.264	22.92	25.95	0.00	7.67	1.252	273
27.296	22.90	25.94	0.00	7.67	1.252	273
27.328	22.87	25.90	0.00	7.67	1.252	273
27.360	22.83	25.87	-0.00	7.66	1.252	273
27.392	22.81	25.85	0.00	7.67	1.252	273
27.424	22.80	25.83	0.00	7.67	1.252	273
27.456	22.81	25.84	0.00	7.67	1.248	272
27.488	22.82	25.85	0.00	7.67	1.248	272
27.520	22.83	25.87	0.00	7.67	1.248	272
27.552	22.85	25.88	0.00	7.67	1.248	272
27.584	22.85	25.89	0.00	7.67	1.248	272
27.616	22.87	25.91	0.00	7.67	1.248	272
27.648	22.87	25.91	0.00	7.67	1.248	272
27.680	22.87	25.91	0.00	7.67	1.248	272
27.712	22.87	25.91	0.00	7.67	1.248	272
27.744	22.86	25.90	0.00	7.67	1.248	272
27.776	22.86	25.90	0.00	7.67	1.248	272
27.808	22.84	25.88	-0.00	7.66	1.248	272
27.840	22.83	25.86	0.00	7.67	1.248	272
27.872	22.81	25.84	0.00	7.67	1.248	272
27.904	22.80	25.84	0.00	7.67	1.248	272
27.936	22.80	25.83	0.00	7.67	1.248	272
27.968	22.80	25.84	0.00	7.67	1.248	272
28.000	22.82	25.86	0.00	7.67	1.248	272
28.032	22.86	25.89	0.00	7.67	1.248	272
28.064	22.88	25.92	0.00	7.67	1.248	272
28.096	22.92	25.96	-0.00	7.66	1.248	272
28.128	22.95	25.99	0.00	7.67	1.248	272
28.160	22.97	26.01	0.00	7.67	1.248	272
28.192	22.97	26.01	0.00	7.67	1.248	272
28.224	22.96	26.00	0.00	7.67	1.248	272
28.256	22.94	25.98	-0.00	7.66	1.248	272
28.288	22.92	25.95	-0.00	7.66	1.248	272
28.320	22.88	25.92	-0.00	7.66	1.248	272
28.352	22.87	25.90	0.00	7.67	1.248	272
28.384	22.86	25.90	0.00	7.67	1.248	272
28.416	22.88	25.91	0.00	7.67	1.248	272
28.448	22.89	25.93	-0.00	7.66	1.248	272
28.480	22.90	25.94	0.00	7.67	1.248	272
28.512	22.91	25.95	0.01	7.67	1.248	272
28.544	22.88	25.92	0.00	7.67	1.248	272
28.576	22.89	25.92	0.00	7.67	1.248	272
28.608	22.88	25.92	-0.00	7.66	1.248	272
28.640	22.86	25.90	0.00	7.67	1.248	272
28.672	22.84	25.87	0.00	7.67	1.248	272
28.704	22.80	25.84	0.00	7.67	1.248	272
28.736	22.79	25.83	0.00	7.67	1.248	272
28.768	22.77	25.80	-0.00	7.66	1.248	272
28.800	22.75	25.79	0.00	7.67	1.248	272
28.832	22.75	25.79	0.00	7.67	1.248	272
28.864	22.76	25.80	0.00	7.67	1.248	272
28.896	22.78	25.82	-0.00	7.66	1.248	272
28.928	22.82	25.85	-0.00	7.66	1.248	272
28.960	22.85	25.89	0.00	7.67	1.248	272
28.992	22.89	25.92	0.00	7.67	1.248	272
29.024	22.90	25.94	0.00	7.67	1.248	272
29.056	22.90	25.94	0.00	7.67	1.248	272
29.088	22.90	25.94	0.00	7.67	1.248	272
29.120	22.90	25.94	-0.00	7.66	1.248	272
29.152	22.90	25.93	0.00	7.67	1.248	272
29.184	22.88	25.92	0.00	7.67	1.248	272
29.216	22.86	25.90	0.00	7.67	1.248	272
29.248	22.86	25.89	0.00	7.67	1.248	272
29.280	22.84	25.87	0.00	7.67	1.248	272
29.312	22.83	25.86	0.00	7.67	1.252	273
29.344	22.81	25.85	0.00	7.67	1.252	273
29.376	22.79	25.83	-0.00	7.66	1.252	273
29.408	22.77	25.81	0.00	7.67	1.252	273
29.440	22.75	25.79	0.00	7.67	1.252	273
29.472	22.72	25.76	0.00	7.67	1.252	273
29.504	22.70	25.74	0.00	7.67	1.252	273
29.536	22.69	25.73	-0.00	7.66	1.252	273
29.568	22.69	25.73	0.00	7.67	1.252	273
29.600	22.70	25.74	0.00	7.67	1.252	273
29.632	22.72	25.76	0.00	7.67	1.252	273
29.664	22.73	25.77	-0.00	7.66	1.252	273
29.696	22.76	25.79	0.00	7.67	1.252	273
29.728	22.76	25.80	0.00	7.67	1.252	273
29.760	22.75	25.79	0.00	7.67	1.252	273
29.792	22.74	25.77	0.00	7.67	1.243	271
29.824	22.74	25.77	-0.00	7.66	1.243	271
29.856	22.74	25.78	-0.00	7.66	1.243	271
29.888	22.75	25.79	0.00	7.67	1.243	271
29.920	22.77	25.80	0.00	7.67	1.243	271
29.952	22.78	25.82	0.00	7.67	1.243	271
29.984	22.81	25.84	0.00	7.67	1.243	271
30.016	22.81	25.85	0.00	7.67	1.243	271
30.048	22.81	25.85	0.00	7.67	1.243	271
30.080	22.81	25.85	0.00	7.67	1.243	271
30.112	22.80	25.84	0.01	7.67	1.243	271
30.144	22.78	25.82	0.00	7.67	1.243	271
30.176	22.75	25.78	0.00	7.67	1.243	271
30.208	22.71	25.75	-0.00	7.66	1.243	271
30.240	22.69	25.73	0.01	7.67	1.243	271
30.272	22.68	25.72	0.00	7.67	1.243	271
30.304	22.69	25.73	0.00	7.67	1.243	271
30.336	22.70	25.74	-0.00	7.66	1.243	271
30.368	22.73	25.77	0.00	7.67	1.243	271
30.400	22.76	25.79	0.00	7.67	1.243	271
30.432	22.77	25.81	0.00	7.67	1.243	271
30.464	22.79	25.83	0.00	7.67	1.243	271
30.496	22.79	25.83	0.00	7.67	1.243	271
30.528	22.79	25.83	0.00	7.67	1.243	271
30.560	22.80	25.84	-0.00	7.66	1.243	271
30.592	22.80	25.84	0.00	7.67	1.243	271
30.624	22.80	25.84	0.00	7.67	1.243	271
30.656	22.78	25.81	-0.00	7.66	1.243	271
30.688	22.76	25.80	0.00	7.67	1.243	271
30.720	22.75	25.79	0.00	7.67	1.248	272
30.752	22.74	25.78	0.00	7.67	1.248	272
30.784	22.73	25.77	0.00	7.67	1.248	272
30.816	22.73	25.77	0.00	7.67	1.248	272
30.848	22.74	25.77	-0.00	7.66	1.248	272
30.880	22.75	25.78	0.00	7.67	1.248	272
30.912	22.76	25.80	0.00	7.67	1.248	272
30.944	22.78	25.82	0.00	7.67	1.248	272
30.976	22.78	25.82	0.00	7.67	1.248	272
31.008	22.78	25.82	0.00	7.67	1.248	272
31.040	22.77	25.81	0.00	7.67	1.248	272
31.072	22.78	25.82	0.00	7.67	1.248	272
31.104	22.79	25.82	0.00	7.67	1.248	272
31.136	22.78	25.82	0.00	7.67	1.248	272
31.168	22.79	25.83	-0.00	7.66	1.248	272
31.200	22.77	25.81	0.00	7.67	1.248	272
31.232	22.74	25.78	0.00	7.67	1.248	272
31.264	22.71	25.75	0.00	7.67	1.248	272
31.296	22.70	25.73	-0.00	7.66	1.248	272
31.328	22.69	25.73	-0.00	7.66	1.248	272
31.360	22.71	25.75	0.00	7.67	1.248	272
31.392	22.71	25.75	0.00	7.67	1.248	272
31.424	22.70	25.74	0.00	7.67	1.248	272
31.456	22.69	25.73	0.00	7.67	1.248	272
31.488	22.70	25.73	0.00	7.67	1.248	272
31.520	22.70	25.74	-0.00	7.66	1.248	272
31.552	22.70	25.74	0.01	7.67	1.248	272
31.584	22.68	25.72	0.01	7.67	1.248	272
31.616	22.67	25.71	0.00	7.67	1.248	272
31.648	22.65	25.69	0.00	7.67	1.248	272
31.680	22.65	25.69	0.00	7.67	1.248	272
31.712	22.63	25.67	0.00	7.67	1.248	272
31.744	22.63	25.66	0.00	7.67	1.248	272
31.776	22.65	25.68	0.00	7.67	1.248	272
31.808	22.67	25.70	0.00	7.67	1.248	272
31.840	22.68	25.72	0.00	7.67	1.248	272
31.872	22.69	25.73	0.00	7.67	1.248	272
31.904	22.72	25.75	0.00	7.67	1.248	272
31.936	22.74	25.78	-0.00	7.66	1.248	272
31.968	22.75	25.78	0.00	7.67	1.248	272
32.000	22.76	25.79	0.00	7.67	1.248	272
32.032	22.75	25.79	0.00	7.67	1.248	272
32.064	22.75	25.78	0.00	7.67	1.248	272
32.096	22.73	25.77	0.00	7.67	1.248	272
32.128	22.72	25.75	0.00	7.67	1.243	271
32.160	22.70	25.73	0.00	7.67	1.243	271
32.192	22.67	25.70	0.00	7.67	1.243	271
32.224	22.63	25.67	0.00	7.67	1.243	271
32.256	22.61	25.65	-0.00	7.66	1.243	271
32.288	22.62	25.66	0.00	7.67	1.243	271
32.320	22.64	25.68	0.00	7.67	1.243	271
32.352	22.66	25.70	0.00	7.67	1.243	271
32.384	22.69	25.73	0.00	7.67	1.243	271
32.416	22.71	25.75	0.00	7.67	1.243	271
32.448	22.73	25.76	0.00	7.67	1.243	271
32.480	22.75	25.79	0.00	7.67	1.243	271
32.512	22.78	25.82	0.00	7.67	1.243	271
32.544	22.79	25.83	0.00	7.67	1.243	271
32.576	22.79	25.83	-0.00	7.66	1.243	271
32.608	22.79	25.83	-0.00	7.66	1.248	272
32.640	22.77	25.81	-0.00	7.66	1.248	272
32.672	22.73	25.77	0.00	7.67	1.248	272
32.704	22.70	25.74	0.01	7.67	1.248	272
32.736	22.69	25.73	-0.00	7.66	1.248	272
32.768	22.69	25.73	0.00	7.67	1.248	272
32.800	22.67	25.71	0.00	7.67	1.248	272
32.832	22.67	25.71	0.00	7.67	1.248	272
32.864	22.69	25.73	0.00	7.67	1.248	272
32.896	22.72	25.75	0.00	7.67	1.248	272
32.928	22.72	25.76	0.00	7.67	1.248	272
32.960	22.75	25.78	-0.00	7.66	1.248	272
32.992	22.76	25.79	0.00	7.67	1.248	272
33.024	22.77	25.81	0.00	7.67	1.248	272
33.056	22.77	25.80	-0.00	7.66	1.248	272
33.088	22.76	25.80	0.00	7.67	1.248	272
33.120	22.74	25.78	0.00	7.67	1.248	272
33.152	22.73	25.77	0.00	7.67	1.248	272
33.184	22.71	25.74	0.00	7.67	1.248	272
33.216	22.68	25.72	0.00	7.67	1.248	272
33.248	22.66	25.70	0.00	7.67	1.248	272
33.280	22.63	25.67	0.01	7.67	1.248	272
33.312	22.62	25.66	0.00	7.67	1.248	272
33.344	22.62	25.65	0.00	7.67	1.248	272
33.376	22.62	25.66	-0.00	7.66	1.248	272
33.408	22.62	25.66	0.00	7.67	1.248	272
33.440	22.62	25.66	-0.00	7.66	1.248	272
33.472	22.63	25.67	0.00	7.67	1.248	272
33.504	22.63	25.67	-0.00	7.66	1.248	272
33.536	22.63	25.67	-0.00	7.66	1.248	272
33.568	22.63	25.66	0.00	7.67	1.248	272
33.600	22.62	25.65	-0.00	7.66	1.248	272
33.632	22.59	25.63	0.00	7.67	1.248	272
33.664	22.57	25.61	0.00	7.67	1.248	272
33.696	22.55	25.59	0.00	7.67	1.248	272
33.728	22.54	25.58	0.00	7.67	1.248	272
33.760	22.55	25.58	0.00	7.67	1.248	272
33.792	22.55	25.59	0.00	7.67	1.248	272
33.824	22.55	25.59	0.00	7.67	1.248	272
33.856	22.56	25.59	0.00	7.67	1.248	272
33.888	22.56	25.60	0.00	7.67	1.248	272
33.920	22.56	25.60	0.00	7.67	1.248	272
33.952	22.58	25.62	0.00	7.67	1.248	272
33.984	22.59	25.63	0.00	7.67	1.248	272
34.016	22.61	25.64	-0.00	7.66	1.248	272
34.048	22.61	25.65	0.00	7.67	1.248	272
34.080	22.59	25.63	0.00	7.67	1.248	272
34.112	22.57	25.61	0.00	7.67	1.248	272
34.144	22.55	25.59	0.00	7.67	1.248	272
34.176	22.53	25.57	-0.00	7.66	1.248	272
34.208	22.52	25.56	-0.00	7.66	1.248	272
34.240	22.52	25.56	0.00	7.67	1.248	272
34.272	22.52	25.56	0.00	7.67	1.248	272
34.304	22.52	25.56	0.00	7.67	1.248	272
34.336	22.53	25.57	0.00	7.67	1.248	272
34.368	22.54	25.58	0.00	7.67	1.248	272
34.400	22.55	25.59	0.00	7.67	1.248	272
34.432	22.58	25.62	0.01	7.67	1.248	272
34.464	22.61	25.65	0.00	7.67	1.243	271
34.496	22.64	25.68	0.00	7.67	1.243	271
34.528	22.66	25.70	0.00	7.67	1.243	271
34.560	22.67	25.71	0.00	7.67	1.243	271
34.592	22.67	25.70	-0.00	7.66	1.243	271
34.624	22.64	25.68	0.00	7.67	1.243	271
34.656	22.59	25.63	0.00	7.67	1.243	271
34.688	22.57	25.61	0.00	7.67	1.243	271
34.720	22.56	25.60	0.00	7.67	1.243	271
34.752	22.57	25.60	0.00	7.67	1.243	271
34.784	22.57	25.61	0.00	7.67	1.243	271
34.816	22.59	25.62	0.00	7.67	1.243	271
34.848	22.62	25.65	-0.00	7.66	1.243	271
34.880	22.63	25.67	0.00	7.67	1.243	271
34.912	22.65	25.69	0.00	7.67	1.243	271
34.944	22.67	25.71	0.00	7.67	1.248	272
34.976	22.68	25.72	-0.00	7.66	1.248	272
35.008	22.68	25.71	-0.00	7.66	1.248	272
35.040	22.65	25.69	-0.00	7.66	1.248	272
35.072	22.63	25.67	0.01	7.67	1.248	272
35.104	22.61	25.65	0.00	7.67	1.248	272
35.136	22.58	25.61	0.00	7.67	1.248	272
35.168	22.55	25.59	-0.00	7.66	1.248	272
35.200	22.55	25.58	0.00	7.67	1.248	272
35.232	22.54	25.58	0.00	7.67	1.248	272
35.264	22.54	25.58	0.00	7.67	1.248	272
35.296	22.55	25.58	-0.00	7.66	1.248	272
35.328	22.56	25.59	-0.00	7.66	1.248	272
35.360	22.57	25.61	0.00	7.67	1.248	272
35.392	22.58	25.62	0.00	7.67	1.248	272
35.424	22.58	25.62	0.00	7.67	1.243	271
35.456	22.59	25.62	-0.00	7.66	1.243	271
35.488	22.58	25.62	0.00	7.67	1.243	271
35.520	22.58	25.61	0.00	7.67	1.243	271
35.552	22.58	25.62	0.00	7.67	1.243	271
35.584	22.58	25.61	0.00	7.67	1.243	271
35.616	22.56	25.60	0.00	7.67	1.243	271
35.648	22.56	25.60	0.00	7.67	1.243	271
35.680	22.57	25.60	0.00	7.67	1.243	271
35.712	22.57	25.61	0.01	7.67	1.243	271
35.744	22.57	25.61	0.00	7.67	1.243	271
35.776	22.55	25.59	0.00	7.67	1.243	271
35.808	22.55	25.59	0.00	7.67	1.243	271
35.840	22.55	25.58	0.00	7.67	1.243	271
35.872	22.54	25.58	0.00	7.67	1.248	272
35.904	22.55	25.59	0.00	7.67	1.248	272
35.936	22.56	25.60	0.00	7.67	1.248	272
35.968	22.57	25.60	0.00	7.67	1.248	272
36.000	22.57	25.61	0.00	7.67	1.248	272
36.032	22.58	25.62	0.00	7.67	1.248	272
36.064	22.57	25.61	-0.00	7.66	1.248	272
36.096	22.55	25.59	-0.00	7.66	1.248	272
36.128	22.55	25.59	0.00	7.67	1.248	272
36.160	22.56	25.60	0.00	7.67	1.248	272
36.192	22.57	25.61	0.01	7.67	1.248	272
36.224	22.60	25.64	0.00	7.67	1.248	272
36.256	22.62	25.66	-0.00	7.66	1.248	272
36.288	22.64	25.68	-0.00	7.66	1.248	272
36.320	22.65	25.69	0.00	7.67	1.248	272
36.352	22.63	25.67	0.00	7.67	1.243	271
36.384	22.65	25.69	0.00	7.67	1.243	271
36.416	22.65	25.69	0.00	7.67	1.243	271
36.448	22.65	25.69	0.00	7.67	1.243	271
36.480	22.66	25.70	0.00	7.67	1.243	271
36.512	22.66	25.69	0.00	7.67	1.243	271
36.544	22.65	25.68	0.00	7.67	1.243	271
36.576	22.63	25.67	-0.00	7.66	1.243	271
36.608	22.61	25.64	-0.00	7.66	1.243	271
36.640	22.60	25.64	-0.00	7.66	1.243	271
36.672	22.60	25.64	0.00	7.67	1.243	271
36.704	22.60	25.64	0.00	7.67	1.243	271
36.736	22.60	25.64	0.00	7.67	1.243	271
36.768	22.61	25.65	-0.00	7.66	1.243	271
36.800	22.61	25.64	0.00	7.67	1.248	272
36.832	22.60	25.64	0.00	7.67	1.248	272
36.864	22.60	25.63	0.00	7.67	1.248	272
36.896	22.61	25.64	-0.00	7.66	1.248	272
36.928	22.61	25.65	-0.00	7.66	1.248	272
36.960	22.61	25.65	-0.00	7.66	1.248	272
36.992	22.61	25.65	0.00	7.67	1.248	272
37.024	22.61	25.65	0.00	7.67	1.248	272
37.056	22.61	25.65	-0.00	7.66	1.248	272
37.088	22.59	25.62	0.00	7.67	1.248	272
37.120	22.58	25.61	0.00	7.67	1.248	272
37.152	22.58	25.62	0.00	7.67	1.248	272
37.184	22.57	25.61	0.00	7.67	1.248	272
37.216	22.56	25.60	0.00	7.67	1.248	272
37.248	22.56	25.59	-0.00	7.66	1.248	272
37.280	22.57	25.60	0.00	7.67	1.248	272
37.312	22.57	25.60	0.00	7.67	1.248	272
37.344	22.56	25.60	0.00	7.67	1.248	272
37.376	22.56	25.60	0.00	7.67	1.248	272
37.408	22.55	25.59	-0.00	7.66	1.248	272
37.440	22.54	25.58	0.00	7.67	1.248	272
37.472	22.53	25.57	0.00	7.67	1.248	272
37.504	22.54	25.57	0.00	7.67	1.248	272
37.536	22.53	25.57	0.00	7.67	1.248	272
37.568	22.52	25.55	-0.00	7.66	1.248	272
37.600	22.52	25.55	0.00	7.67	1.248	272
37.632	22.54	25.57	0.00	7.67	1.248	272
37.664	22.57	25.61	0.00	7.67	1.248	272
37.696	22.60	25.64	0.00	7.67	1.248	272
37.728	22.64	25.67	0.00	7.67	1.248	272
37.760	22.66	25.69	-0.00	7.66	1.248	272
37.792	22.68	25.72	0.00	7.67	1.248	272
37.824	22.68	25.72	0.00	7.67	1.248	272
37.856	22.70	25.73	0.00	7.67	1.248	272
37.888	22.70	25.74	-0.00	7.66	1.248	272
37.920	22.70	25.74	0.00	7.67	1.248	272
37.952	22.68	25.72	0.00	7.67	1.248	272
37.984	22.67	25.70	0.00	7.67	1.248	272
38.016	22.65	25.69	0.00	7.67	1.248	272
38.048	22.63	25.66	0.00	7.67	1.248	272
38.080	22.60	25.63	0.00	7.67	1.248	272
38.112	22.59	25.63	0.00	7.67	1.248	272
38.144	22.58	25.62	0.00	7.67	1.248	272
38.176	22.58	25.62	0.00	7.67	1.248	272
38.208	22.57	25.61	0.00	7.67	1.248	272
38.240	22.57	25.61	0.00	7.67	1.248	272
38.272	22.57	25.60	0.00	7.67	1.248	272
38.304	22.57	25.61	0.00	7.67	1.248	272
38.336	22.59	25.63	-0.00	7.66	1.248	272
38.368	22.62	25.65	-0.00	7.66	1.248	272
38.400	22.62	25.65	0.00	7.67	1.248	272
38.432	22.62	25.65	0.00	7.67	1.248	272
38.464	22.59	25.63	-0.00	7.66	1.248	272
38.496	22.57	25.60	0.00	7.67	1.248	272
38.528	22.53	25.57	0.00	7.67	1.248	272
38.560	22.50	25.54	0.00	7.67	1.248	272
38.592	22.49	25.53	0.00	7.67	1.248	272
38.624	22.51	25.55	0.00	7.67	1.248	272
38.656	22.53	25.56	-0.00	7.66	1.248	272
38.688	22.55	25.59	-0.00	7.66	1.248	272
38.720	22.56	25.60	0.00	7.67	1.248	272
38.752	22.58	25.62	0.00	7.67	1.248	272
38.784	22.59	25.63	0.00	7.67	1.248	272
38.816	22.59	25.63	-0.00	7.66	1.248	272
38.848	22.59	25.63	-0.00	7.66	1.248	272
38.880	22.58	25.62	-0.00	7.66	1.248	272
38.912	22.58	25.62	0.00	7.67	1.248	272
38.944	22.58	25.61	0.00	7.67	1.248	272
38.976	22.55	25.59	0.00	7.67	1.248	272
39.008	22.54	25.58	0.00	7.67	1.248	272
39.040	22.52	25.56	-0.00	7.66	1.248	272
39.072	22.52	25.55	0.00	7.67	1.248	272
39.104	22.51	25.55	0.00	7.67	1.248	272
39.136	22.51	25.54	0.00	7.67	1.248	272
39.168	22.49	25.53	-0.00	7.66	1.243	271
39.200	22.49	25.52	0.00	7.67	1.243	271
39.232	22.49	25.53	0.00	7.67	1.243	271
39.264	22.48	25.52	0.00	7.67	1.243	271
39.296	22.48	25.52	0.00	7.67	1.243	271
39.328	22.47	25.51	-0.00	7.66	1.243	271
39.360	22.47	25.51	-0.00	7.66	1.243	271
39.392	22.47	25.51	0.00	7.67	1.243	271
39.424	22.49	25.52	0.00	7.67	1.243	271
39.456	22.49	25.53	0.00	7.67	1.243	271
39.488	22.50	25.54	-0.00	7.66	1.243	271
39.520	22.50	25.53	-0.00	7.66	1.243	271
39.552	22.49	25.53	0.00	7.67	1.243	271
39.584	22.49	25.52	0.00	7.67	1.243	271
39.616	22.48	25.52	0.00	7.67	1.248	272
39.648	22.49	25.53	0.00	7.67	1.248	272
39.680	22.49	25.52	-0.01	7.66	1.248	272
39.712	22.47	25.51	0.00	7.67	1.248	272
39.744	22.48	25.52	0.00	7.67	1.248	272
39.776	22.49	25.53	-0.00	7.66	1.248	272
39.808	22.49	25.52	-0.00	7.66	1.248	272
39.840	22.50	25.54	-0.00	7.66	1.248	272
39.872	22.50	25.54	0.00	7.67	1.248	272
39.904	22.51	25.54	0.00	7.67	1.248	272
39.936	22.50	25.54	0.00	7.67	1.248	272
39.968	22.50	25.54	0.00	7.67	1.248	272
40.000	22.50	25.54	0.00	7.67	1.248	272
40.032	22.49	25.53	0.00	7.67	1.248	272
40.064	22.49	25.53	0.00	7.67	1.248	272
40.096	22.49	25.53	0.00	7.67	1.248	272
40.128	22.49	25.52	0.00	7.67	1.248	272
40.160	22.49	25.52	0.00	7.67	1.248	272
40.192	22.49	25.53	0.00	7.67	1.248	272
40.224	22.49	25.53	-0.00	7.66	1.248	272
40.256	22.49	25.53	0.00	7.67	1.248	272
40.288	22.50	25.54	0.00	7.67	1.248	272
40.320	22.52	25.56	0.00	7.67	1.248	272
40.352	22.53	25.56	0.00	7.67	1.248	272
40.384	22.52	25.56	0.00	7.67	1.248	272
40.416	22.53	25.56	-0.00	7.66	1.248	272
40.448	22.51	25.55	-0.01	7.66	1.248	272
40.480	22.50	25.54	0.00	7.67	1.248	272
40.512	22.49	25.53	0.00	7.67	1.248	272
40.544	22.48	25.52	0.00	7.67	1.248	272
40.576	22.49	25.53	0.00	7.67	1.248	272
40.608	22.50	25.54	-0.00	7.66	1.248	272
40.640	22.51	25.55	0.00	7.67	1.248	272
40.672	22.50	25.54	0.00	7.67	1.248	272
40.704	22.52	25.56	0.00	7.67	1.248	272
40.736	22.53	25.57	-0.00	7.66	1.248	272
40.768	22.54	25.58	-0.00	7.66	1.248	272
40.800	22.55	25.59	0.00	7.67	1.248	272
40.832	22.53	25.57	0.00	7.67	1.248	272
40.864	22.52	25.56	0.00	7.67	1.248	272
40.896	22.52	25.55	-0.00	7.66	1.248	272
40.928	22.52	25.55	-0.00	7.66	1.248	272
40.960	22.50	25.54	0.00	7.67	1.248	272
40.992	22.48	25.51	0.00	7.67	1.248	272
41.024	22.46	25.50	0.00	7.67	1.243	271
41.056	22.47	25.50	0.00	7.67	1.243	271
41.088	22.48	25.51	0.00	7.67	1.243	271
41.120	22.49	25.53	0.00	7.67	1.243	271
41.152	22.50	25.54	0.01	7.67	1.243	271
41.184	22.51	25.55	-0.00	7.66	1.243	271
41.216	22.52	25.56	0.00	7.67	1.243	271
41.248	22.55	25.59	-0.00	7.66	1.243	271
41.280	22.56	25.60	0.00	7.67	1.243	271
41.312	22.57	25.60	0.00	7.67	1.243	271
41.344	22.57	25.61	0.00	7.67	1.243	271
41.376	22.58	25.61	-0.00	7.66	1.243	271
41.408	22.57	25.60	-0.00	7.66	1.243	271
41.440	22.56	25.60	0.00	7.67	1.243	271
41.472	22.54	25.58	0.00	7.67	1.243	271
41.504	22.52	25.56	0.00	7.67	1.248	272
41.536	22.52	25.55	0.00	7.67	1.248	272
41.568	22.54	25.58	-0.00	7.66	1.248	272
41.600	22.55	25.59	0.00	7.67	1.248	272
41.632	22.57	25.60	0.00	7.67	1.248	272
41.664	22.58	25.62	0.00	7.67	1.248	272
41.696	22.59	25.63	0.00	7.67	1.248	272
41.728	22.60	25.64	-0.00	7.66	1.248	272
41.760	22.63	25.67	0.00	7.67	1.248	272
41.792	22.63	25.67	0.00	7.67	1.248	272
41.824	22.63	25.66	0.00	7.67	1.248	272
41.856	22.61	25.65	-0.01	7.66	1.248	272
41.888	22.60	25.64	-0.00	7.66	1.248	272
41.920	22.57	25.61	0.00	7.67	1.248	272
41.952	22.53	25.57	0.00	7.67	1.252	273
41.984	22.49	25.52	0.00	7.67	1.252	273
42.016	22.47	25.50	0.00	7.67	1.252	273
42.048	22.47	25.51	0.00	7.67	1.252	273
42.080	22.47	25.51	-0.00	7.66	1.252	273
42.112	22.48	25.52	0.00	7.67	1.252	273
42.144	22.49	25.53	0.00	7.67	1.252	273
42.176	22.53	25.56	0.00	7.67	1.252	273
42.208	22.54	25.58	-0.00	7.66	1.252	273
42.240	22.58	25.62	-0.00	7.66	1.252	273
42.272	22.62	25.66	0.00	7.67	1.252	273
42.304	22.65	25.68	0.00	7.67	1.252	273
42.336	22.66	25.70	0.00	7.67	1.252	273
42.368	22.66	25.70	0.00	7.67	1.252	273
42.400	22.65	25.69	0.00	7.67	1.252	273
42.432	22.62	25.66	0.00	7.67	1.248	272
42.464	22.58	25.62	0.00	7.67	1.248	272
42.496	22.56	25.60	-0.00	7.66	1.248	272
42.528	22.56	25.60	0.00	7.67	1.248	272
42.560	22.56	25.60	0.00	7.67	1.248	272
42.592	22.55	25.59	0.01	7.67	1.248	272
42.624	22.54	25.58	0.00	7.67	1.248	272
42.656	22.54	25.58	0.00	7.67	1.248	272
42.688	22.54	25.57	0.00	7.67	1.248	272
42.720	22.53	25.57	-0.00	7.66	1.248	272
42.752	22.54	25.58	0.00	7.67	1.248	272
42.784	22.54	25.58	0.00	7.67	1.248	272
42.816	22.55	25.59	0.00	7.67	1.248	272
42.848	22.57	25.60	0.00	7.67	1.248	272
42.880	22.57	25.61	-0.00	7.66	1.248	272
42.912	22.58	25.62	0.01	7.67	1.252	273
42.944	22.57	25.60	0.00	7.67	1.252	273
42.976	22.56	25.60	0.00	7.67	1.252	273
43.008	22.56	25.59	-0.00	7.66	1.252	273
43.040	22.56	25.60	-0.01	7.66	1.252	273
43.072	22.57	25.60	0.00	7.67	1.252	273
43.104	22.57	25.61	0.00	7.67	1.252	273
43.136	22.58	25.62	-0.00	7.66	1.252	273
43.168	22.59	25.63	0.00	7.67	1.252	273
43.200	22.59	25.63	0.00	7.67	1.252	273
43.232	22.59	25.63	0.00	7.67	1.252	273
43.264	22.58	25.61	0.00	7.67	1.252	273
43.296	22.55	25.59	-0.00	7.66	1.252	273
43.328	22.54	25.58	-0.00	7.66	1.252	273
43.360	22.53	25.57	0.00	7.67	1.248	272
43.392	22.53	25.57	0.00	7.67	1.248	272
43.424	22.51	25.55	0.00	7.67	1.248	272
43.456	22.50	25.53	0.00	7.67	1.248	272
43.488	22.50	25.53	-0.00	7.66	1.248	272
43.520	22.50	25.54	0.00	7.67	1.248	272
43.552	22.53	25.57	0.00	7.67	1.248	272
43.584	22.53	25.57	0.00	7.67	1.248	272
43.616	22.52	25.56	-0.00	7.66	1.248	272
43.648	22.51	25.55	0.00	7.67	1.248	272
43.680	22.47	25.51	0.00	7.67	1.248	272
43.712	22.46	25.50	0.00	7.67	1.248	272
43.744	22.47	25.50	0.00	7.67	1.248	272
43.776	22.47	25.50	-0.00	7.66	1.248	272
43.808	22.48	25.52	0.00	7.67	1.248	272
43.840	22.49	25.53	0.00	7.67	1.248	272
43.872	22.49	25.53	0.00	7.67	1.248	272
43.904	22.49	25.53	0.00	7.67	1.248	272
43.936	22.49	25.52	0.00	7.67	1.248	272
43.968	22.50	25.54	-0.00	7.66	1.248	272
44.000	22.50	25.54	-0.00	7.66	1.248	272
44.032	22.52	25.56	0.00	7.67	1.248	272
44.064	22.53	25.56	0.00	7.67	1.248	272
44.096	22.54	25.58	0.00	7.67	1.248	272
44.128	22.55	25.59	-0.00	7.66	1.248	272
44.160	22.53	25.57	0.00	7.67	1.248	272
44.192	22.54	25.58	0.00	7.67	1.248	272
44.224	22.56	25.60	-0.00	7.66	1.248	272
44.256	22.56	25.60	0.00	7.67	1.248	272
44.288	22.56	25.60	-0.00	7.66	1.248	272
44.320	22.56	25.60	0.00	7.67	1.248	272
44.352	22.56	25.59	0.00	7.67	1.248	272
44.384	22.55	25.58	0.00	7.67	1.248	272
44.416	22.53	25.57	-0.00	7.66	1.248	272
44.448	22.52	25.56	0.00	7.67	1.248	272
44.480	22.52	25.56	-0.00	7.66	1.248	272
44.512	22.53	25.57	0.00	7.67	1.248	272
44.544	22.54	25.57	0.00	7.67	1.248	272
44.576	22.54	25.58	0.00	7.67	1.248	272
44.608	22.55	25.59	0.00	7.67	1.248	272
44.640	22.56	25.59	0.00	7.67	1.248	272
44.672	22.58	25.62	0.00	7.67	1.248	272
44.704	22.59	25.63	-0.00	7.66	1.248	272
44.736	22.60	25.63	-0.00	7.66	1.248	272
44.768	22.60	25.64	-0.00	7.66	1.252	273
44.800	22.59	25.63	0.00	7.67	1.252	273
44.832	22.59	25.63	0.01	7.67	1.252	273
44.864	22.59	25.62	0.00	7.67	1.252	273
44.896	22.55	25.59	0.00	7.67	1.252	273
44.928	22.53	25.57	0.00	7.67	1.252	273
44.960	22.54	25.57	0.00	7.67	1.252	273
44.992	22.55	25.59	0.00	7.67	1.252	273
45.024	22.57	25.61	0.00	7.67	1.252	273
45.056	22.59	25.63	-0.00	7.66	1.252	273
45.088	22.61	25.64	-0.00	7.66	1.252	273
45.120	22.60	25.64	0.00	7.67	1.252	273
45.152	22.58	25.62	0.00	7.67	1.252	273
45.184	22.58	25.62	0.00	7.67	1.252	273
45.216	22.57	25.61	0.00	7.67	1.252	273
45.248	22.56	25.60	0.00	7.67	1.252	273
45.280	22.53	25.57	-0.00	7.66	1.252	273
45.312	22.50	25.54	0.01	7.67	1.252	273
45.344	22.48	25.52	-0.00	7.66	1.252	273
45.376	22.45	25.49	-0.00	7.66	1.252	273
45.408	22.43	25.47	-0.00	7.66	1.252	273
45.440	22.42	25.45	0.00	7.67	1.252	273
45.472	22.41	25.45	0.00	7.67	1.252	273
45.504	22.41	25.45	0.00	7.67	1.252	273
45.536	22.43	25.46	0.00	7.67	1.252	273
45.568	22.43	25.46	-0.00	7.66	1.252	273
45.600	22.44	25.47	0.00	7.67	1.252	273
45.632	22.45	25.49	0.01	7.67	1.252	273
45.664	22.48	25.52	-0.00	7.66	1.252	273
45.696	22.50	25.53	0.00	7.67	1.248	272
45.728	22.51	25.55	-0.00	7.66	1.248	272
45.760	22.52	25.56	-0.00	7.66	1.248	272
45.792	22.53	25.57	0.00	7.67	1.248	272
45.824	22.53	25.57	0.00	7.67	1.248	272
45.856	22.53	25.56	0.00	7.67	1.248	272
45.888	22.51	25.55	0.00	7.67	1.248	272
45.920	22.51	25.55	0.00	7.67	1.248	272
45.952	22.51	25.55	0.00	7.67	1.248	272
45.984	22.52	25.55	-0.00	7.66	1.248	272
46.016	22.53	25.57	-0.00	7.66	1.248	272
46.048	22.55	25.59	-0.00	7.66	1.248	272
46.080	22.57	25.60	0.00	7.67	1.248	272
46.112	22.57	25.61	0.00	7.67	1.248	272
46.144	22.57	25.61	0.00	7.67	1.248	272
46.176	22.57	25.61	0.00	7.67	1.252	273
46.208	22.56	25.60	-0.00	7.66	1.252	273
46.240	22.55	25.59	0.00	7.67	1.252	273
46.272	22.53	25.57	0.00	7.67	1.252	273
46.304	22.50	25.54	-0.00	7.66	1.252	273
46.336	22.47	25.50	0.00	7.67	1.252	273
46.368	22.44	25.48	-0.00	7.66	1.252	273
46.400	22.43	25.47	0.00	7.67	1.252	273
46.432	22.43	25.47	0.00	7.67	1.252	273
46.464	22.44	25.48	0.00	7.67	1.252	273
46.496	22.46	25.50	-0.00	7.66	1.252	273
46.528	22.47	25.51	0.00	7.67	1.252	273
46.560	22.48	25.52	0.00	7.67	1.252	273
46.592	22.48	25.52	-0.00	7.66	1.252	273
46.624	22.48	25.52	-0.00	7.66	1.252	273
46.656	22.49	25.53	0.00	7.67	1.252	273
46.688	22.50	25.54	0.00	7.67	1.252	273
46.720	22.51	25.54	0.00	7.67	1.252	273
46.752	22.50	25.54	0.00	7.67	1.252	273
46.784	22.50	25.53	-0.00	7.66	1.252	273
46.816	22.49	25.53	-0.00	7.66	1.252	273
46.848	22.47	25.51	-0.00	7.66	1.252	273
46.880	22.47	25.50	0.00	7.67	1.252	273
46.912	22.47	25.51	0.00	7.67	1.252	273
46.944	22.48	25.51	-0.00	7.66	1.252	273
46.976	22.48	25.52	-0.00	7.66	1.252	273
47.008	22.50	25.54	-0.00	7.66	1.252	273
47.040	22.53	25.56	0.00	7.67	1.252	273
47.072	22.55	25.59	0.00	7.67	1.252	273
47.104	22.58	25.62	0.00	7.67	1.252	273
47.136	22.59	25.63	0.00	7.67	1.252	273
47.168	22.60	25.63	-0.00	7.66	1.252	273
47.200	22.60	25.64	0.00	7.67	1.252	273
47.232	22.61	25.64	0.00	7.67	1.252	273
47.264	22.59	25.63	-0.00	7.66	1.252	273
47.296	22.57	25.60	-0.00	7.66	1.252	273
47.328	22.54	25.58	-0.00	7.66	1.252	273
47.360	22.51	25.55	0.00	7.67	1.252	273
47.392	22.49	25.53	0.00	7.67	1.252	273
47.424	22.48	25.52	0.00	7.67	1.252	273
47.456	22.49	25.52	0.00	7.67	1.252	273
47.488	22.48	25.52	-0.00	7.66	1.252	273
47.520	22.49	25.52	0.00	7.67	1.252	273
47.552	22.51	25.55	-0.00	7.66	1.252	273
47.584	22.51	25.54	-0.00	7.66	1.248	272
47.616	22.52	25.56	-0.00	7.66	1.248	272
47.648	22.53	25.56	-0.00	7.66	1.248	272
47.680	22.52	25.56	0.00	7.67	1.248	272
47.712	22.51	25.55	0.00	7.67	1.248	272
47.744	22.51	25.54	-0.00	7.66	1.248	272
47.776	22.51	25.54	-0.00	7.66	1.248	272
47.808	22.49	25.53	-0.00	7.66	1.248	272
47.840	22.48	25.52	0.00	7.67	1.248	272
47.872	22.48	25.51	0.00	7.67	1.248	272
47.904	22.48	25.52	0.00	7.67	1.248	272
47.936	22.48	25.51	-0.00	7.66	1.248	272
47.968	22.46	25.49	0.00	7.67	1.248	272
48.000	22.45	25.49	0.00	7.67	1.248	272
48.032	22.46	25.49	0.00	7.67	1.248	272
48.064	22.46	25.50	-0.00	7.66	1.252	273
48.096	22.47	25.51	-0.00	7.66	1.252	273
48.128	22.49	25.53	-0.00	7.66	1.252	273
48.160	22.49	25.53	0.00	7.67	1.252	273
48.192	22.48	25.52	0.00	7.67	1.252	273
48.224	22.46	25.50	0.00	7.67	1.252	273
48.256	22.46	25.50	-0.00	7.66	1.252	273
48.288	22.48	25.51	0.00	7.67	1.252	273
48.320	22.48	25.52	0.00	7.67	1.252	273
48.352	22.49	25.53	0.00	7.67	1.252	273
48.384	22.51	25.55	-0.00	7.66	1.252	273
48.416	22.53	25.57	-0.00	7.66	1.252	273
48.448	22.53	25.57	0.00	7.67	1.252	273
48.480	22.53	25.57	0.00	7.67	1.252	273
48.512	22.54	25.58	0.00	7.67	1.248	272
48.544	22.54	25.57	-0.00	7.66	1.248	272
48.576	22.54	25.58	-0.00	7.66	1.248	272
48.608	22.54	25.58	-0.01	7.66	1.248	272
48.640	22.54	25.58	0.00	7.67	1.248	272
48.672	22.54	25.58	-0.00	7.66	1.248	272
48.704	22.54	25.57	-0.00	7.66	1.248	272
48.736	22.53	25.57	0.00	7.67	1.248	272
48.768	22.53	25.56	0.00	7.67	1.248	272
48.800	22.49	25.53	0.00	7.67	1.248	272
48.832	22.48	25.52	0.01	7.67	1.248	272
48.864	22.49	25.52	-0.00	7.66	1.248	272
48.896	22.49	25.53	-0.00	7.66	1.248	272
48.928	22.49	25.53	0.00	7.67	1.248	272
48.960	22.47	25.51	0.00	7.67	1.248	272
48.992	22.48	25.51	0.00	7.67	1.252	273
49.024	22.47	25.51	-0.00	7.66	1.252	273
49.056	22.47	25.51	-0.00	7.66	1.252	273
49.088	22.48	25.52	-0.00	7.66	1.252	273
49.120	22.49	25.53	0.00	7.67	1.252	273
49.152	22.51	25.55	0.00	7.67	1.252	273
49.184	22.52	25.56	-0.00	7.66	1.252	273
49.216	22.54	25.57	-0.00	7.66	1.252	273
49.248	22.54	25.58	-0.00	7.66	1.252	273
49.280	22.55	25.59	0.00	7.67	1.252	273
49.312	22.56	25.59	-0.00	7.66	1.252	273
49.344	22.57	25.61	0.00	7.67	1.252	273
49.376	22.58	25.62	0.00	7.67	1.252	273
49.408	22.59	25.63	0.00	7.67	1.252	273
49.440	22.59	25.63	0.00	7.67	1.252	273
49.472	22.59	25.62	-0.00	7.66	1.252	273
49.504	22.59	25.63	0.00	7.67	1.252	273
49.536	22.60	25.64	-0.00	7.66	1.252	273
49.568	22.61	25.64	-0.00	7.66	1.252	273
49.600	22.60	25.64	0.00	7.67	1.252	273
49.632	22.59	25.63	0.00	7.67	1.252	273
49.664	22.58	25.62	-0.00	7.66	1.252	273
49.696	22.56	25.60	-0.00	7.66	1.252	273
49.728	22.55	25.59	0.00	7.67	1.252	273
49.760	22.53	25.57	0.00	7.67	1.252	273
49.792	22.51	25.55	0.00	7.67	1.252	273
49.824	22.51	25.55	-0.00	7.66	1.252	273
49.856	22.51	25.55	-0.00	7.66	1.252	273
49.888	22.53	25.57	-0.00	7.66	1.252	273
49.920	22.54	25.58	0.00	7.67	1.252	273
49.952	22.55	25.59	0.00	7.67	1.252	273
49.984	22.55	25.59	0.00	7.67	1.252	273
50.016	22.55	25.59	0.00	7.67	1.252	273
50.048	22.55	25.58	0.00	7.67	1.252	273
50.080	22.55	25.59	0.00	7.67	1.252	273
50.112	22.55	25.58	-0.00	7.66	1.252	273
50.144	22.54	25.58	0.00	7.67	1.252	273
50.176	22.53	25.57	-0.00	7.66	1.252	273
50.208	22.53	25.57	0.00	7.67	1.252	273
50.240	22.52	25.56	0.00	7.67	1.252	273
50.272	22.51	25.55	0.00	7.67	1.252	273
50.304	22.52	25.55	0.00	7.67	1.252	273
50.336	22.53	25.56	-0.00	7.66	1.252	273
50.368	22.54	25.57	-0.00	7.66	1.252	273
50.400	22.55	25.59	-0.00	7.66	1.252	273
50.432	22.57	25.61	-0.00	7.66	1.252	273
50.464	22.57	25.61	-0.00	7.66	1.252	273
50.496	22.55	25.59	-0.00	7.66	1.252	273
50.528	22.54	25.58	-0.00	7.66	1.252	273
50.560	22.53	25.57	0.00	7.67	1.252	273
50.592	22.52	25.55	0.00	7.67	1.252	273
50.624	22.51	25.55	0.00	7.67	1.252	273
50.656	22.52	25.55	0.00	7.67	1.252	273
50.688	22.51	25.55	0.00	7.67	1.252	273
50.720	22.50	25.54	0.00	7.67	1.252	273
50.752	22.47	25.51	0.00	7.67	1.252	273
50.784	22.47	25.50	-0.00	7.66	1.252	273
50.816	22.48	25.52	-0.00	7.66	1.252	273
50.848	22.52	25.56	0.00	7.67	1.252	273
50.880	22.54	25.58	0.00	7.67	1.252	273
50.912	22.57	25.61	0.00	7.67	1.252	273
50.944	22.59	25.63	0.00	7.67	1.252	273
50.976	22.61	25.65	-0.00	7.66	1.252	273
51.008	22.62	25.65	0.00	7.67	1.252	273
51.040	22.63	25.66	0.00	7.67	1.252	273
51.072	22.62	25.66	0.00	7.67	1.252	273
51.104	22.61	25.65	0.00	7.67	1.252	273
51.136	22.59	25.63	0.00	7.67	1.252	273
51.168	22.56	25.60	0.00	7.67	1.252	273
51.200	22.53	25.57	0.00	7.67	1.252	273
51.232	22.50	25.54	0.00	7.67	1.252	273
51.264	22.47	25.51	-0.00	7.66	1.252	273
51.296	22.47	25.51	0.00	7.67	1.252	273
51.328	22.46	25.50	0.00	7.67	1.257	274
51.360	22.45	25.49	0.00	7.67	1.257	274
51.392	22.43	25.47	0.00	7.67	1.257	274
51.424	22.40	25.44	-0.00	7.66	1.257	274
51.456	22.38	25.42	0.00	7.67	1.257	274
51.488	22.37	25.40	-0.00	7.66	1.257	274
51.520	22.38	25.41	0.00	7.67	1.257	274
51.552	22.40	25.44	0.00	7.67	1.257	274
51.584	22.43	25.46	-0.00	7.66	1.257	274
51.616	22.46	25.49	0.00	7.67	1.257	274
51.648	22.47	25.50	-0.00	7.66	1.257	274
51.680	22.47	25.51	0.00	7.67	1.257	274
51.712	22.46	25.50	0.00	7.67	1.257	274
51.744	22.44	25.48	-0.00	7.66	1.257	274
51.776	22.44	25.48	0.00	7.67	1.257	274
51.808	22.44	25.48	-0.00	7.66	1.248	272
51.840	22.44	25.48	0.00	7.67	1.248	272
51.872	22.45	25.49	0.00	7.67	1.248	272
51.904	22.46	25.50	-0.00	7.66	1.248	272
51.936	22.47	25.50	0.00	7.67	1.248	272
51.968	22.45	25.48	-0.00	7.66	1.248	272
52.000	22.45	25.49	0.00	7.67	1.248	272
52.032	22.44	25.48	0.00	7.67	1.248	272
52.064	22.45	25.49	-0.00	7.66	1.248	272
52.096	22.45	25.49	-0.00	7.66	1.248	272
52.128	22.46	25.50	0.00	7.67	1.248	272
52.160	22.48	25.52	0.00	7.67	1.248	272
52.192	22.46	25.49	0.00	7.67	1.248	272
52.224	22.43	25.47	-0.00	7.66	1.248	272
52.256	22.41	25.45	-0.00	7.66	1.252	273
52.288	22.42	25.46	0.00	7.67	1.252	273
52.320	22.43	25.46	0.00	7.67	1.252	273
52.352	22.44	25.48	0.00	7.67	1.252	273
52.384	22.45	25.49	0.00	7.67	1.252	273
52.416	22.47	25.51	0.00	7.67	1.252	273
52.448	22.49	25.53	-0.01	7.66	1.252	273
52.480	22.52	25.56	0.00	7.67	1.252	273
52.512	22.55	25.59	0.00	7.67	1.252	273
52.544	22.58	25.62	-0.00	7.66	1.252	273
52.576	22.59	25.63	0.00	7.67	1.252	273
52.608	22.60	25.64	0.00	7.67	1.252	273
52.640	22.61	25.65	0.00	7.67	1.252	273
52.672	22.59	25.63	0.00	7.67	1.252	273
52.704	22.56	25.60	-0.00	7.66	1.252	273
52.736	22.52	25.55	0.00	7.67	1.252	273
52.768	22.49	25.53	-0.00	7.66	1.252	273
52.800	22.47	25.51	0.00	7.67	1.252	273
52.832	22.45	25.49	0.00	7.67	1.252	273
52.864	22.45	25.49	0.00	7.67	1.252	273
52.896	22.45	25.49	0.00	7.67	1.252	273
52.928	22.46	25.50	-0.00	7.66	1.252	273
52.960	22.46	25.50	0.00	7.67	1.252	273
52.992	22.48	25.52	0.00	7.67	1.252	273
53.024	22.50	25.54	-0.00	7.66	1.252	273
53.056	22.53	25.56	-0.01	7.66	1.252	273
53.088	22.54	25.57	-0.00	7.66	1.252	273
53.120	22.53	25.57	0.00	7.67	1.252	273
53.152	22.52	25.56	0.00	7.67	1.252	273
53.184	22.51	25.55	-0.00	7.66	1.252	273
53.216	22.50	25.54	-0.00	7.66	1.252	273
53.248	22.50	25.54	0.00	7.67	1.252	273
53.280	22.50	25.54	0.00	7.67	1.252	273
53.312	22.51	25.55	-0.00	7.66	1.252	273
53.344	22.50	25.53	-0.00	7.66	1.252	273
53.376	22.49	25.53	0.00	7.67	1.252	273
53.408	22.48	25.51	-0.00	7.66	1.252	273
53.440	22.47	25.51	0.00	7.67	1.252	273
53.472	22.51	25.55	-0.00	7.66	1.252	273
53.504	22.53	25.57	0.00	7.67	1.252	273
53.536	22.55	25.59	-0.00	7.66	1.252	273
53.568	22.55	25.59	-0.00	7.66	1.252	273
53.600	22.55	25.59	0.00	7.67	1.252	273
53.632	22.53	25.57	0.00	7.67	1.252	273
53.664	22.51	25.54	-0.00	7.66	1.252	273
53.696	22.48	25.52	-0.00	7.66	1.252	273
53.728	22.48	25.51	0.00	7.67	1.252	273
53.760	22.49	25.53	0.00	7.67	1.252	273
53.792	22.50	25.54	0.00	7.67	1.252	273
53.824	22.53	25.56	0.00	7.67	1.252	273
53.856	22.55	25.58	-0.00	7.66	1.252	273
53.888	22.57	25.60	-0.00	7.66	1.252	273
53.920	22.57	25.61	0.00	7.67	1.252	273
53.952	22.58	25.62	0.00	7.67	1.252	273
53.984	22.59	25.63	-0.00	7.66	1.252	273
54.016	22.59	25.63	-0.00	7.66	1.252	273
54.048	22.60	25.63	-0.00	7.66	1.252	273
54.080	22.60	25.63	0.00	7.67	1.252	273
54.112	22.58	25.62	0.00	7.67	1.252	273
54.144	22.56	25.60	-0.00	7.66	1.257	274
54.176	22.53	25.57	-0.00	7.66	1.257	274
54.208	22.52	25.56	-0.00	7.66	1.257	274
54.240	22.51	25.55	0.00	7.67	1.257	274
54.272	22.50	25.54	-0.00	7.66	1.257	274
54.304	22.50	25.54	-0.00	7.66	1.257	274
54.336	22.50	25.54	0.00	7.67	1.257	274
54.368	22.50	25.54	0.00	7.67	1.257	274
54.400	22.51	25.55	-0.00	7.66	1.257	274
54.432	22.54	25.58	-0.00	7.66	1.257	274
54.464	22.56	25.60	-0.00	7.66	1.257	274
54.496	22.57	25.61	-0.00	7.66	1.257	274
54.528	22.57	25.61	0.00	7.67	1.257	274
54.560	22.57	25.60	0.00	7.67	1.257	274
54.592	22.57	25.60	0.00	7.67	1.252	273
54.624	22.55	25.58	-0.00	7.66	1.252	273
54.656	22.53	25.56	-0.00	7.66	1.252	273
54.688	22.51	25.55	0.00	7.67	1.252	273
54.720	22.51	25.54	0.00	7.67	1.252	273
54.752	22.50	25.54	-0.00	7.66	1.252	273
54.784	22.50	25.54	0.00	7.67	1.252	273
54.816	22.50	25.54	-0.00	7.66	1.252	273
54.848	22.51	25.55	-0.00	7.66	1.252	273
54.880	22.52	25.56	0.00	7.67	1.252	273
54.912	22.52	25.55	0.01	7.67	1.252	273
54.944	22.53	25.57	-0.00	7.66	1.252	273
54.976	22.54	25.58	0.00	7.67	1.252	273
55.008	22.55	25.59	-0.00	7.66	1.252	273
55.040	22.56	25.60	0.00	7.67	1.252	273
55.072	22.57	25.60	-0.00	7.66	1.257	274
55.104	22.57	25.60	0.00	7.67	1.257	274
55.136	22.55	25.59	0.00	7.67	1.257	274
55.168	22.52	25.56	0.00	7.67	1.257	274
55.200	22.51	25.55	0.00	7.67	1.257	274
55.232	22.50	25.54	0.00	7.67	1.257	274
55.264	22.50	25.54	-0.00	7.66	1.257	274
55.296	22.51	25.55	0.00	7.67	1.257	274
55.328	22.52	25.56	0.00	7.67	1.257	274
55.360	22.53	25.57	0.00	7.67	1.257	274
55.392	22.53	25.56	0.00	7.67	1.257	274
55.424	22.53	25.57	0.00	7.67	1.257	274
55.456	22.54	25.58	-0.00	7.66	1.257	274
55.488	22.54	25.58	-0.00	7.66	1.257	274
55.520	22.54	25.58	0.00	7.67	1.257	274
55.552	22.53	25.56	0.00	7.67	1.257	274
55.584	22.52	25.56	0.00	7.67	1.257	274
55.616	22.52	25.55	0.00	7.67	1.257	274
55.648	22.51	25.54	-0.00	7.66	1.257	274
55.680	22.51	25.55	0.00	7.67	1.257	274
55.712	22.52	25.56	0.00	7.67	1.257	274
55.744	22.53	25.56	-0.00	7.66	1.257	274
55.776	22.53	25.57	0.00	7.67	1.257	274
55.808	22.52	25.56	0.00	7.67	1.257	274
55.840	22.52	25.55	0.00	7.67	1.257	274
55.872	22.51	25.55	0.00	7.67	1.257	274
55.904	22.51	25.55	0.00	7.67	1.257	274
55.936	22.50	25.54	-0.00	7.66	1.257	274
55.968	22.50	25.54	0.00	7.67	1.257	274
56.000	22.50	25.54	0.00	7.67	1.252	273
56.032	22.52	25.55	0.00	7.67	1.252	273
56.064	22.52	25.56	-0.00	7.66	1.252	273
56.096	22.53	25.57	-0.00	7.66	1.252	273
56.128	22.52	25.55	-0.00	7.66	1.252	273
56.160	22.50	25.54	0.00	7.67	1.252	273
56.192	22.48	25.52	0.00	7.67	1.252	273
56.224	22.47	25.51	-0.00	7.66	1.252	273
56.256	22.46	25.50	-0.00	7.66	1.252	273
56.288	22.45	25.49	-0.00	7.66	1.252	273
56.320	22.45	25.49	0.00	7.67	1.252	273
56.352	22.45	25.49	0.00	7.67	1.252	273
56.384	22.45	25.48	-0.00	7.66	1.252	273
56.416	22.45	25.49	-0.00	7.66	1.252	273
56.448	22.46	25.50	0.00	7.67	1.252	273
56.480	22.48	25.51	0.00	7.67	1.252	273
56.512	22.49	25.52	0.00	7.67	1.252	273
56.544	22.49	25.53	0.00	7.67	1.252	273
56.576	22.49	25.53	-0.00	7.66	1.252	273
56.608	22.47	25.51	-0.00	7.66	1.252	273
56.640	22.44	25.47	0.00	7.67	1.252	273
56.672	22.41	25.44	0.00	7.67	1.252	273
56.704	22.38	25.41	0.00	7.67	1.252	273
56.736	22.36	25.40	-0.00	7.66	1.252	273
56.768	22.36	25.39	0.00	7.67	1.252	273
56.800	22.36	25.40	0.00	7.67	1.252	273
56.832	22.38	25.42	-0.00	7.66	1.252	273
56.864	22.38	25.41	-0.00	7.66	1.252	273
56.896	22.40	25.44	-0.00	7.66	1.252	273
56.928	22.42	25.46	0.00	7.67	1.252	273
56.960	22.44	25.48	0.00	7.67	1.252	273
56.992	22.45	25.49	0.00	7.67	1.252	273
57.024	22.47	25.51	0.00	7.67	1.252	273
57.056	22.47	25.51	0.00	7.67	1.252	273
57.088	22.46	25.49	0.00	7.67	1.252	273
57.120	22.43	25.47	0.00	7.67	1.252	273
57.152	22.42	25.46	0.00	7.67	1.252	273
57.184	22.42	25.46	0.00	7.67	1.252	273
57.216	22.42	25.46	-0.00	7.66	1.252	273
57.248	22.42	25.46	0.00	7.67	1.252	273
57.280	22.44	25.48	0.00	7.67	1.252	273
57.312	22.45	25.49	0.00	7.67	1.252	273
57.344	22.44	25.48	-0.00	7.66	1.252	273
57.376	22.45	25.49	0.00	7.67	1.252	273
57.408	22.44	25.48	-0.00	7.66	1.252	273
57.440	22.44	25.48	-0.00	7.66	1.252	273
57.472	22.45	25.49	-0.00	7.66	1.252	273
57.504	22.46	25.50	-0.00	7.66	1.252	273
57.536	22.47	25.50	-0.00	7.66	1.252	273
57.568	22.47	25.51	-0.00	7.66	1.252	273
57.600	22.45	25.49	0.00	7.67	1.252	273
57.632	22.45	25.48	0.00	7.67	1.252	273
57.664	22.45	25.48	0.00	7.67	1.252	273
57.696	22.44	25.48	0.00	7.67	1.252	273
57.728	22.43	25.47	-0.00	7.66	1.252	273
57.760	22.43	25.47	0.00	7.67	1.252	273
57.792	22.42	25.45	0.00	7.67	1.252	273
57.824	22.40	25.44	-0.00	7.66	1.252	273
57.856	22.39	25.43	-0.00	7.66	1.252	273
57.888	22.40	25.43	-0.00	7.66	1.252	273
57.920	22.40	25.44	0.00	7.67	1.252	273
57.952	22.39	25.43	0.00	7.67	1.252	273
57.984	22.38	25.42	0.00	7.67	1.252	273
58.016	22.38	25.42	0.00	7.67	1.252	273
58.048	22.39	25.43	0.00	7.67	1.252	273
58.080	22.38	25.42	0.00	7.67	1.252	273
58.112	22.37	25.41	-0.00	7.66	1.252	273
58.144	22.36	25.40	-0.00	7.66	1.252	273
58.176	22.35	25.39	0.00	7.67	1.252	273
58.208	22.33	25.37	-0.00	7.66	1.252	273
58.240	22.33	25.37	0.00	7.67	1.252	273
58.272	22.32	25.36	-0.00	7.66	1.252	273
58.304	22.33	25.37	0.00	7.67	1.252	273
58.336	22.33	25.37	0.00	7.67	1.252	273
58.368	22.35	25.39	0.00	7.67	1.252	273
58.400	22.36	25.39	0.00	7.67	1.252	273
58.432	22.36	25.40	-0.00	7.66	1.252	273
58.464	22.36	25.40	-0.00	7.66	1.252	273
58.496	22.36	25.40	0.00	7.67	1.252	273
58.528	22.37	25.41	0.00	7.67	1.252	273
58.560	22.37	25.41	0.00	7.67	1.252	273
58.592	22.38	25.42	-0.00	7.66	1.252	273
58.624	22.40	25.44	0.00	7.67	1.252	273
58.656	22.41	25.45	0.00	7.67	1.252	273
58.688	22.40	25.44	0.00	7.67	1.252	273
58.720	22.39	25.43	0.01	7.67	1.252	273
58.752	22.38	25.41	-0.00	7.66	1.252	273
58.784	22.36	25.40	-0.00	7.66	1.252	273
58.816	22.35	25.38	0.00	7.67	1.248	272
58.848	22.34	25.38	0.00	7.67	1.248	272
58.880	22.35	25.39	0.00	7.67	1.248	272
58.912	22.37	25.40	0.00	7.67	1.248	272
58.944	22.37	25.41	-0.00	7.66	1.248	272
58.976	22.38	25.42	-0.00	7.66	1.248	272
59.008	22.39	25.43	-0.00	7.66	1.248	272
59.040	22.41	25.45	0.00	7.67	1.248	272
59.072	22.41	25.45	0.00	7.67	1.248	272
59.104	22.43	25.46	0.00	7.67	1.248	272
59.136	22.43	25.47	-0.00	7.66	1.248	272
59.168	22.43	25.47	0.00	7.67	1.248	272
59.200	22.44	25.47	0.00	7.67	1.248	272
59.232	22.43	25.47	-0.00	7.66	1.248	272
59.264	22.42	25.46	0.00	7.67	1.248	272
59.296	22.41	25.45	0.00	7.67	1.252	273
59.328	22.42	25.45	-0.01	7.66	1.252	273
59.360	22.43	25.47	0.00	7.67	1.252	273
59.392	22.42	25.46	0.00	7.67	1.252	273
59.424	22.43	25.47	-0.00	7.66	1.252	273
59.456	22.44	25.48	0.00	7.67	1.252	273
59.488	22.44	25.48	0.00	7.67	1.252	273
59.520	22.45	25.49	0.00	7.67	1.252	273
59.552	22.42	25.46	-0.00	7.66	1.252	273
59.584	22.40	25.44	-0.00	7.66	1.252	273
59.616	22.42	25.45	0.00	7.67	1.252	273
59.648	22.43	25.46	0.00	7.67	1.252	273
59.680	22.42	25.46	0.00	7.67	1.252	273
59.712	22.43	25.46	0.00	7.67	1.252	273
59.744	22.42	25.46	0.00	7.67	1.252	273
59.776	22.42	25.46	0.00	7.67	1.252	273
59.808	22.43	25.47	0.00	7.67	1.252	273
59.840	22.43	25.47	0.00	7.67	1.252	273
59.872	22.43	25.47	-0.01	7.66	1.252	273
59.904	22.44	25.48	0.00	7.67	1.252	273
59.936	22.45	25.49	-0.00	7.66	1.252	273
59.968	22.43	25.47	0.00	7.67	1.252	273
60.000	22.43	25.47	0.00	7.67	1.252	273
60.032	22.42	25.45	-0.00	7.66	1.252	273
60.064	22.43	25.46	0.00	7.67	1.252	273
60.096	22.43	25.47	0.00	7.67	1.252	273
60.128	21.92	24.96	0.00	7.67	1.252	273
60.160	19.28	22.31	-0.00	7.66	1.252	273
60.192	15.73	18.77	-0.00	7.66	1.252	273
60.224	12.52	15.55	-0.00	7.66	1.083	236
60.256	9.76	12.80	0.00	7.67	1.083	236
60.288	7.54	10.58	0.00	7.67	1.083	236
60.320	5.75	8.78	-0.00	7.66	1.083	236
60.352	4.25	7.29	-0.00	7.66	1.083	236
60.384	3.04	6.07	-0.00	7.66	1.083	236
60.416	2.06	5.10	-0.00	7.66	1.083	236
60.448	1.33	4.36	0.00	7.67	1.083	236
60.480	0.77	3.81	0.00	7.67	1.083	236
60.512	0.36	3.40	0.00	7.67	1.083	236
60.544	0.07	3.10	-0.00	7.66	1.083	236
60.576	-0.13	2.91	-0.00	7.66	1.083	236
60.608	-0.24	2.80	0.00	7.67	1.083	236
60.640	-0.28	2.76	0.00	7.67	1.083	236
60.672	-0.28	2.76	0.00	7.67	0.050	11
60.704	-0.25	2.79	-0.00	7.66	0.050	11
60.736	-0.19	2.85	-0.00	7.66	0.050	11
60.768	-0.12	2.91	0.00	7.67	0.050	11
60.800	-0.05	2.99	0.00	7.67	0.050	11
60.832	0.02	3.05	-0.00	7.66	0.050	11
60.864	0.08	3.12	-0.00	7.66	0.050	11
60.896	0.13	3.17	-0.00	7.66	0.050	11
60.928	0.17	3.21	0.00	7.67	0.050	11
60.960	0.20	3.24	0.00	7.67	0.050	11
60.992	0.21	3.25	-0.00	7.66	0.050	11
61.024	0.22	3.25	-0.00	7.66	0.050	11
61.056	0.21	3.25	-0.00	7.66	0.050	11
61.088	0.19	3.23	0.00	7.67	0.050	11
61.120	0.17	3.21	0.00	7.67	0.050	11
61.152	0.15	3.19	0.00	7.67	0.000	0
61.184	0.13	3.17	0.00	7.67	0.000	0
61.216	0.09	3.13	0.00	7.67	0.000	0
61.248	0.05	3.09	0.00	7.67	0.000	0
61.280	0.01	3.05	0.00	7.67	0.000	0
61.312	0.02	3.06	0.00	7.67	0.000	0
61.344	0.01	3.05	0.00	7.67	0.000	0
61.376	0.02	3.06	-0.00	7.66	0.000	0
61.408	0.04	3.08	0.00	7.67	0.000	0
61.440	0.08	3.12	0.00	7.67	0.000	0
61.472	0.14	3.18	-0.00	7.66	0.000	0
61.504	0.22	3.25	-0.00	7.66	0.000	0
61.536	0.27	3.31	0.00	7.67	0.000	0
61.568	0.26	3.30	0.00	7.67	0.000	0
61.600	0.21	3.25	0.00	7.67	0.000	0
61.632	0.17	3.21	-0.00	7.66	0.000	0
61.664	0.13	3.17	0.00	7.67	0.000	0
61.696	0.09	3.13	-0.00	7.66	0.000	0
61.728	0.08	3.12	0.00	7.67	0.000	0
61.760	0.10	3.13	0.00	7.67	0.000	0
61.792	0.03	3.07	-0.00	7.66	0.000	0
61.824	-0.06	2.98	-0.00	7.66	0.000	0
61.856	-0.11	2.93	0.00	7.67	0.000	0
61.888	-0.13	2.91	0.00	7.67	0.000	0
61.920	-0.14	2.90	-0.00	7.66	0.000	0
61.952	-0.14	2.90	-0.01	7.66	0.000	0
61.984	-0.14	2.90	0.00	7.67	0.000	0
62.016	-0.14	2.90	-0.00	7.66	0.000	0
62.048	-0.17	2.87	0.00	7.67	0.000	0
62.080	-0.21	2.82	-0.00	7.66	0.000	0
62.112	-0.25	2.78	-0.00	7.66	0.000	0
62.144	-0.30	2.74	-0.00	7.66	0.000	0
62.176	-0.33	2.71	-0.00	7.66	0.000	0
62.208	-0.35	2.69	0.00	7.67	0.000	0
62.240	-0.36	2.68	0.00	7.67	0.000	0
62.272	-0.38	2.66	-0.00	7.66	0.000	0
62.304	-0.38	2.66	0.00	7.67	0.000	0
62.336	-0.38	2.65	0.00	7.67	0.000	0
62.368	-0.38	2.65	0.00	7.67	0.000	0
