Tempo(s)    P0(KPa) P0+Coluna(KPa)  P1(KPa) P1+Coluna(KPa)  Vazao(L/min)    Pulsos
0.000	-0.01	3.01	-0.00	7.67	0.000	0
0.032	-0.00	3.01	0.00	7.67	0.000	0
0.064	-0.01	3.01	0.00	7.67	0.000	0
0.096	-0.00	3.01	0.00	7.67	0.000	0
0.128	-0.01	3.01	-0.00	7.67	0.000	0
0.160	-0.00	3.01	-0.00	7.67	0.000	0
0.192	-0.01	3.01	0.00	7.67	0.000	0
0.224	-0.01	3.01	0.00	7.67	0.000	0
0.256	-0.01	3.01	-0.00	7.67	0.000	0
0.288	-0.01	3.01	-0.00	7.67	0.000	0
0.320	-0.01	3.00	0.00	7.67	0.000	0
0.352	-0.01	3.01	0.00	7.67	0.000	0
0.384	-0.01	3.01	-0.00	7.67	0.000	0
0.416	-0.01	3.01	-0.00	7.67	0.000	0
0.448	-0.01	3.00	-0.00	7.67	0.000	0
0.480	-0.01	3.00	-0.01	7.66	0.000	0
0.512	-0.01	3.00	0.00	7.67	0.000	0
0.544	-0.01	3.01	0.00	7.67	0.000	0
0.576	-0.01	3.01	0.00	7.67	0.000	0
0.608	-0.01	3.00	0.00	7.67	0.000	0
0.640	-0.01	3.01	0.00	7.67	0.000	0
0.672	-0.01	3.00	0.00	7.67	0.000	0
0.704	-0.01	3.00	-0.00	7.67	0.000	0
0.736	-0.01	3.00	-0.00	7.67	0.000	0
0.768	-0.01	3.01	0.00	7.67	0.000	0
0.800	-0.01	3.00	0.00	7.67	0.000	0
0.832	-0.01	3.01	0.00	7.67	0.000	0
0.864	-0.01	3.00	-0.00	7.67	0.000	0
0.896	-0.01	3.00	-0.00	7.67	0.000	0
0.928	-0.01	3.00	-0.00	7.67	0.000	0
0.960	-0.01	3.00	0.00	7.67	0.000	0
0.992	-0.01	3.00	0.00	7.67	0.000	0
1.024	-0.01	3.00	-0.00	7.67	0.000	0
1.056	-0.01	3.00	-0.00	7.67	0.000	0
1.088	-0.01	3.00	-0.00	7.67	0.000	0
1.120	-0.01	3.00	-0.00	7.67	0.000	0
1.152	-0.01	3.00	0.00	7.67	0.000	0
1.184	-0.01	3.00	0.00	7.67	0.000	0
1.216	-0.01	3.00	0.00	7.67	0.000	0
1.248	-0.01	3.00	-0.00	7.67	0.000	0
1.280	-0.01	3.00	0.00	7.67	0.000	0
1.312	-0.01	3.00	0.00	7.67	0.000	0
1.344	-0.01	3.00	0.00	7.67	0.000	0
1.376	-0.01	3.00	0.00	7.67	0.000	0
1.408	-0.01	3.00	-0.00	7.67	0.000	0
1.440	-0.01	3.01	0.00	7.67	0.000	0
1.472	-0.01	3.00	0.00	7.67	0.000	0
1.504	-0.01	3.00	0.00	7.67	0.000	0
1.536	-0.01	3.00	-0.00	7.67	0.000	0
1.568	-0.01	3.00	-0.00	7.67	0.000	0
1.600	-0.01	3.00	0.00	7.67	0.000	0
1.632	-0.01	3.00	0.00	7.67	0.000	0
1.664	-0.01	3.00	0.00	7.67	0.000	0
1.696	-0.01	3.00	-0.00	7.67	0.000	0
1.728	-0.01	3.00	-0.00	7.67	0.000	0
1.760	-0.01	3.00	0.00	7.67	0.000	0
1.792	-0.01	3.00	0.00	7.67	0.000	0
1.824	-0.01	3.00	0.00	7.67	0.000	0
1.856	-0.01	3.00	0.00	7.67	0.000	0
1.888	-0.01	3.00	-0.00	7.67	0.000	0
1.920	-0.01	3.00	-0.00	7.67	0.000	0
1.952	-0.01	3.00	0.00	7.67	0.000	0
1.984	-0.01	3.00	0.00	7.67	0.000	0
2.016	-0.01	3.00	0.00	7.67	0.000	0
2.048	-0.01	3.00	-0.00	7.67	0.000	0
2.080	-0.01	3.00	-0.00	7.67	0.000	0
2.112	-0.01	3.00	0.00	7.67	0.000	0
2.144	-0.01	3.00	-0.00	7.67	0.000	0
2.176	-0.01	3.00	-0.00	7.67	0.000	0
2.208	-0.01	3.00	-0.00	7.67	0.000	0
2.240	-0.01	3.00	0.00	7.67	0.000	0
2.272	-0.01	3.00	0.00	7.67	0.000	0
2.304	-0.01	3.00	0.00	7.67	0.000	0
2.336	-0.01	3.00	-0.00	7.67	0.000	0
2.368	-0.01	3.00	-0.00	7.67	0.000	0
2.400	-0.01	3.00	0.00	7.67	0.000	0
2.432	-0.01	3.00	0.00	7.67	0.000	0
2.464	-0.01	3.00	-0.00	7.67	0.000	0
2.496	-0.01	3.00	-0.00	7.67	0.000	0
2.528	0.24	3.25	-0.01	7.66	0.000	0
2.560	1.69	4.70	-0.00	7.67	0.000	0
2.592	3.81	6.83	0.00	7.67	0.000	0
2.624	6.20	9.21	-0.00	7.67	0.000	0
2.656	8.58	11.59	-0.00	7.67	0.211	46
2.688	10.75	13.76	-0.00	7.67	0.211	46
2.720	12.65	15.66	-0.00	7.67	0.211	46
2.752	14.32	17.33	0.00	7.67	0.211	46
2.784	15.75	18.76	0.00	7.67	0.211	46
2.816	16.95	19.96	-0.00	7.67	0.211	46
2.848	17.94	20.95	-0.00	7.67	0.211	46
2.880	18.73	21.74	0.00	7.67	0.211	46
2.912	19.37	22.38	0.00	7.67	0.211	46
2.944	19.87	22.88	-0.00	7.67	0.211	46
2.976	20.25	23.26	-0.00	7.67	0.211	46
3.008	20.53	23.54	-0.00	7.67	0.211	46
3.040	20.72	23.73	0.00	7.67	0.211	46
3.072	20.86	23.87	0.00	7.67	0.211	46
3.104	20.96	23.98	-0.00	7.67	1.161	253
3.136	21.05	24.06	-0.00	7.67	1.161	253
3.168	21.11	24.12	-0.00	7.67	1.161	253
3.200	21.16	24.18	0.00	7.67	1.161	253
3.232	21.21	24.23	0.00	7.67	1.161	253
3.264	21.25	24.27	-0.00	7.67	1.161	253
3.296	21.28	24.29	-0.01	7.66	1.161	253
3.328	21.29	24.31	-0.00	7.67	1.161	253
3.360	21.30	24.32	-0.00	7.67	1.161	253
3.392	21.30	24.32	0.00	7.67	1.161	253
3.424	21.30	24.31	-0.00	7.67	1.161	253
3.456	21.30	24.31	-0.00	7.67	1.161	253
3.488	21.30	24.32	-0.00	7.67	1.161	253
3.520	21.32	24.33	0.00	7.67	1.161	253
3.552	21.33	24.34	0.00	7.67	1.161	253
3.584	21.35	24.36	-0.00	7.67	1.234	269
3.616	21.36	24.38	-0.00	7.67	1.234	269
3.648	21.37	24.39	0.00	7.67	1.234	269
3.680	21.37	24.39	0.00	7.67	1.234	269
3.712	21.38	24.39	-0.00	7.67	1.234	269
3.744	21.39	24.40	-0.00	7.67	1.234	269
3.776	21.36	24.37	-0.00	7.67	1.234	269
3.808	21.33	24.34	0.00	7.67	1.234	269
3.840	21.30	24.31	0.00	7.67	1.234	269
3.872	21.26	24.27	-0.00	7.67	1.234	269
3.904	21.24	24.25	0.00	7.67	1.234	269
3.936	21.21	24.23	0.00	7.67	1.234	269
3.968	21.20	24.21	-0.00	7.67	1.234	269
4.000	21.20	24.22	0.00	7.67	1.234	269
4.032	21.21	24.22	-0.00	7.67	1.234	269
4.064	21.21	24.22	0.00	7.67	1.234	269
4.096	21.22	24.24	-0.00	7.67	1.234	269
4.128	21.24	24.25	-0.00	7.67	1.234	269
4.160	21.25	24.27	0.00	7.67	1.234	269
4.192	21.26	24.28	0.00	7.67	1.234	269
4.224	21.27	24.28	-0.00	7.67	1.234	269
4.256	21.28	24.30	-0.00	7.67	1.234	269
4.288	21.29	24.30	-0.00	7.67	1.234	269
4.320	21.28	24.30	0.00	7.67	1.234	269
4.352	21.27	24.29	-0.00	7.67	1.234	269
4.384	21.25	24.26	0.00	7.67	1.234	269
4.416	21.24	24.25	-0.00	7.67	1.234	269
4.448	21.23	24.24	-0.00	7.67	1.234	269
4.480	21.23	24.24	-0.00	7.67	1.234	269
4.512	21.22	24.24	0.00	7.67	1.234	269
4.544	21.21	24.23	-0.00	7.67	1.234	269
4.576	21.21	24.22	-0.01	7.66	1.234	269
4.608	21.19	24.20	0.00	7.67	1.234	269
4.640	21.19	24.20	0.00	7.67	1.234	269
4.672	21.16	24.17	-0.00	7.67	1.234	269
4.704	21.13	24.15	-0.00	7.67	1.234	269
4.736	21.14	24.15	0.00	7.67	1.234	269
4.768	21.16	24.17	0.00	7.67	1.234	269
4.800	21.19	24.20	-0.00	7.67	1.234	269
4.832	21.22	24.24	0.00	7.67	1.234	269
4.864	21.25	24.26	-0.00	7.67	1.234	269
4.896	21.26	24.27	-0.00	7.67	1.234	269
4.928	21.26	24.27	0.00	7.67	1.234	269
4.960	21.25	24.26	0.00	7.67	1.234	269
4.992	21.26	24.27	0.00	7.67	1.234	269
5.024	21.27	24.28	-0.00	7.67	1.234	269
5.056	21.28	24.30	0.00	7.67	1.234	269
5.088	21.29	24.31	0.00	7.67	1.234	269
5.120	21.30	24.31	0.00	7.67	1.234	269
5.152	21.29	24.30	-0.00	7.67	1.234	269
5.184	21.27	24.28	-0.00	7.67	1.234	269
5.216	21.28	24.29	-0.01	7.66	1.234	269
5.248	21.29	24.31	-0.00	7.67	1.234	269
5.280	21.30	24.32	0.00	7.67	1.234	269
5.312	21.31	24.33	-0.00	7.67	1.234	269
5.344	21.32	24.34	-0.01	7.66	1.234	269
5.376	21.33	24.34	-0.01	7.66	1.234	269
5.408	21.33	24.34	-0.01	7.66	1.234	269
5.440	21.32	24.33	0.00	7.67	1.234	269
5.472	21.30	24.31	0.00	7.67	1.234	269
5.504	21.30	24.31	-0.00	7.67	1.234	269
5.536	21.30	24.31	-0.00	7.67	1.234	269
5.568	21.30	24.32	0.00	7.67	1.234	269
5.600	21.29	24.30	0.00	7.67	1.234	269
5.632	21.29	24.30	0.00	7.67	1.234	269
5.664	21.30	24.31	-0.00	7.67	1.234	269
5.696	21.30	24.32	-0.00	7.67	1.234	269
5.728	21.31	24.32	-0.00	7.67	1.234	269
5.760	21.34	24.35	0.00	7.67	1.234	269
5.792	21.36	24.37	0.00	7.67	1.234	269
5.824	21.37	24.38	-0.00	7.67	1.234	269
5.856	21.37	24.39	-0.00	7.67	1.234	269
5.888	21.37	24.38	0.00	7.67	1.234	269
5.920	21.36	24.37	0.00	7.67	1.239	270
5.952	21.33	24.35	0.00	7.67	1.239	270
5.984	21.32	24.33	-0.00	7.67	1.239	270
6.016	21.32	24.33	-0.00	7.67	1.239	270
6.048	21.32	24.33	-0.00	7.67	1.239	270
6.080	21.32	24.34	0.00	7.67	1.239	270
6.112	21.34	24.35	0.00	7.67	1.239	270
6.144	21.35	24.37	-0.01	7.66	1.239	270
6.176	21.36	24.37	-0.00	7.67	1.239	270
6.208	21.36	24.37	0.00	7.67	1.239	270
6.240	21.37	24.38	0.00	7.67	1.239	270
6.272	21.37	24.39	-0.00	7.67	1.239	270
6.304	21.37	24.39	0.00	7.67	1.239	270
6.336	21.39	24.41	-0.01	7.66	1.239	270
6.368	21.39	24.41	-0.00	7.67	1.239	270
6.400	21.39	24.41	0.00	7.67	1.239	270
6.432	21.39	24.40	0.00	7.67	1.239	270
6.464	21.37	24.38	-0.00	7.67	1.239	270
6.496	21.36	24.38	-0.00	7.67	1.239	270
6.528	21.36	24.37	0.00	7.67	1.239	270
6.560	21.36	24.37	0.00	7.67	1.239	270
6.592	21.35	24.36	0.00	7.67	1.239	270
6.624	21.33	24.34	0.00	7.67	1.239	270
6.656	21.33	24.34	0.00	7.67	1.239	270
6.688	21.32	24.33	0.00	7.67	1.239	270
6.720	21.32	24.33	-0.00	7.67	1.239	270
6.752	21.32	24.34	0.00	7.67	1.239	270
6.784	21.34	24.36	-0.00	7.67	1.239	270
6.816	21.35	24.37	-0.00	7.67	1.239	270
6.848	21.35	24.37	0.00	7.67	1.239	270
6.880	21.34	24.35	0.00	7.67	1.239	270
6.912	21.33	24.35	-0.00	7.67	1.239	270
6.944	21.30	24.32	0.00	7.67	1.239	270
6.976	21.29	24.30	-0.00	7.67	1.239	270
7.008	21.28	24.29	-0.00	7.67	1.239	270
7.040	21.27	24.28	-0.00	7.67	1.239	270
7.072	21.27	24.28	-0.00	7.67	1.239	270
7.104	21.28	24.29	-0.00	7.67	1.239	270
7.136	21.28	24.29	0.00	7.67	1.239	270
7.168	21.28	24.30	0.00	7.67	1.239	270
7.200	21.29	24.30	0.00	7.67	1.239	270
7.232	21.30	24.31	-0.00	7.67	1.239	270
7.264	21.31	24.33	-0.00	7.67	1.239	270
7.296	21.33	24.34	-0.00	7.67	1.239	270
7.328	21.34	24.36	0.00	7.67	1.239	270
7.360	21.36	24.37	-0.00	7.67	1.239	270
7.392	21.37	24.38	-0.00	7.67	1.239	270
7.424	21.36	24.38	0.00	7.67	1.239	270
7.456	21.35	24.37	-0.00	7.67	1.239	270
7.488	21.36	24.37	0.00	7.67	1.239	270
7.520	21.35	24.36	-0.00	7.67	1.239	270
7.552	21.34	24.35	-0.01	7.66	1.239	270
7.584	21.32	24.34	-0.01	7.66	1.239	270
7.616	21.33	24.34	-0.00	7.67	1.239	270
7.648	21.34	24.35	0.00	7.67	1.239	270
7.680	21.33	24.34	-0.00	7.67	1.239	270
7.712	21.32	24.33	-0.00	7.67	1.239	270
7.744	21.30	24.32	-0.00	7.67	1.239	270
7.776	21.30	24.31	0.00	7.67	1.234	269
7.808	21.29	24.30	0.00	7.67	1.234	269
7.840	21.29	24.30	-0.00	7.67	1.234	269
7.872	21.30	24.31	-0.01	7.66	1.234	269
7.904	21.30	24.31	-0.00	7.67	1.234	269
7.936	21.28	24.30	-0.01	7.66	1.234	269
7.968	21.28	24.29	0.00	7.67	1.234	269
8.000	21.29	24.30	0.00	7.67	1.234	269
8.032	21.29	24.30	-0.00	7.67	1.234	269
8.064	21.28	24.29	-0.00	7.67	1.234	269
8.096	21.26	24.27	-0.00	7.67	1.234	269
8.128	21.23	24.24	-0.00	7.67	1.234	269
8.160	21.21	24.22	0.00	7.67	1.234	269
8.192	21.18	24.19	-0.00	7.67	1.234	269
8.224	21.19	24.20	-0.00	7.67	1.234	269
8.256	21.21	24.22	-0.01	7.66	1.234	269
8.288	21.22	24.23	0.00	7.67	1.234	269
8.320	21.23	24.25	0.00	7.67	1.234	269
8.352	21.24	24.25	-0.00	7.67	1.234	269
8.384	21.25	24.26	-0.00	7.67	1.234	269
8.416	21.27	24.28	-0.00	7.67	1.234	269
8.448	21.28	24.30	0.00	7.67	1.234	269
8.480	21.30	24.31	0.00	7.67	1.234	269
8.512	21.30	24.31	0.00	7.67	1.234	269
8.544	21.28	24.30	-0.00	7.67	1.234	269
8.576	21.29	24.30	0.00	7.67	1.234	269
8.608	21.28	24.29	-0.00	7.67	1.234	269
8.640	21.29	24.30	-0.00	7.67	1.234	269
8.672	21.29	24.30	-0.00	7.67	1.234	269
8.704	21.30	24.31	-0.00	7.67	1.234	269
8.736	21.31	24.32	-0.00	7.67	1.239	270
8.768	21.33	24.34	0.00	7.67	1.239	270
8.800	21.34	24.35	-0.00	7.67	1.239	270
8.832	21.35	24.37	-0.00	7.67	1.239	270
8.864	21.36	24.37	-0.01	7.66	1.239	270
8.896	21.36	24.37	0.00	7.67	1.239	270
8.928	21.35	24.37	0.00	7.67	1.239	270
8.960	21.34	24.35	-0.00	7.67	1.239	270
8.992	21.32	24.34	-0.01	7.66	1.239	270
9.024	21.30	24.32	-0.00	7.67	1.239	270
9.056	21.30	24.31	0.00	7.67	1.239	270
9.088	21.30	24.31	0.00	7.67	1.239	270
9.120	21.29	24.30	-0.00	7.67	1.239	270
9.152	21.29	24.30	-0.00	7.67	1.239	270
9.184	21.28	24.29	-0.00	7.67	1.234	269
9.216	21.29	24.30	-0.00	7.67	1.234	269
9.248	21.30	24.31	-0.00	7.67	1.234	269
9.280	21.31	24.32	-0.00	7.67	1.234	269
9.312	21.32	24.33	-0.00	7.67	1.234	269
9.344	21.33	24.35	-0.00	7.67	1.234	269
9.376	21.33	24.34	0.00	7.67	1.234	269
9.408	21.32	24.34	0.00	7.67	1.234	269
9.440	21.31	24.32	-0.01	7.66	1.234	269
9.472	21.30	24.32	-0.00	7.67	1.234	269
9.504	21.30	24.31	-0.00	7.67	1.234	269
9.536	21.30	24.31	0.00	7.67	1.234	269
9.568	21.31	24.32	0.00	7.67	1.234	269
9.600	21.31	24.33	0.00	7.67	1.234	269
9.632	21.31	24.33	-0.01	7.66	1.234	269
9.664	21.31	24.33	-0.00	7.67	1.239	270
9.696	21.31	24.32	-0.00	7.67	1.239	270
9.728	21.33	24.34	0.00	7.67	1.239	270
9.760	21.35	24.37	-0.00	7.67	1.239	270
9.792	21.37	24.38	-0.00	7.67	1.239	270
9.824	21.38	24.39	-0.00	7.67	1.239	270
9.856	21.39	24.40	-0.00	7.67	1.239	270
9.888	21.38	24.40	-0.00	7.67	1.239	270
9.920	21.37	24.38	0.00	7.67	1.239	270
9.952	21.36	24.37	-0.01	7.66	1.239	270
9.984	21.34	24.35	-0.01	7.66	1.239	270
10.016	21.32	24.34	0.00	7.67	1.239	270
10.048	21.32	24.33	0.00	7.67	1.239	270
10.080	21.31	24.33	-0.01	7.66	1.239	270
10.112	21.33	24.34	-0.01	7.66	1.239	270
10.144	21.35	24.36	0.00	7.67	1.239	270
10.176	21.36	24.37	0.00	7.67	1.239	270
10.208	21.36	24.38	0.00	7.67	1.239	270
10.240	21.37	24.38	-0.00	7.67	1.239	270
10.272	21.38	24.39	-0.00	7.67	1.239	270
10.304	21.38	24.39	-0.00	7.67	1.239	270
10.336	21.37	24.38	0.01	7.68	1.239	270
10.368	21.35	24.37	0.00	7.67	1.239	270
10.400	21.32	24.33	0.00	7.67	1.239	270
10.432	21.28	24.30	-0.00	7.67	1.239	270
10.464	21.25	24.27	0.00	7.67	1.239	270
10.496	21.25	24.26	0.00	7.67	1.239	270
10.528	21.26	24.28	0.00	7.67	1.239	270
10.560	21.29	24.30	0.00	7.67	1.239	270
10.592	21.30	24.31	-0.00	7.67	1.239	270
10.624	21.31	24.33	-0.00	7.67	1.239	270
10.656	21.32	24.33	0.00	7.67	1.239	270
10.688	21.30	24.31	-0.00	7.67	1.239	270
10.720	21.32	24.34	-0.00	7.67	1.239	270
10.752	21.35	24.37	-0.00	7.67	1.239	270
10.784	21.37	24.39	-0.00	7.67	1.239	270
10.816	21.38	24.39	0.00	7.67	1.239	270
10.848	21.39	24.40	-0.00	7.67	1.239	270
10.880	21.38	24.40	-0.01	7.66	1.239	270
10.912	21.36	24.38	-0.00	7.67	1.239	270
10.944	21.34	24.35	0.00	7.67	1.239	270
10.976	21.33	24.34	0.00	7.67	1.239	270
11.008	21.34	24.35	-0.00	7.67	1.239	270
11.040	21.36	24.37	-0.00	7.67	1.239	270
11.072	21.38	24.39	-0.00	7.67	1.239	270
11.104	21.42	24.43	-0.01	7.66	1.239	270
11.136	21.45	24.46	0.00	7.67	1.239	270
11.168	21.45	24.46	0.00	7.67	1.239	270
11.200	21.46	24.47	0.00	7.67	1.239	270
11.232	21.47	24.49	-0.00	7.67	1.239	270
11.264	21.49	24.50	-0.00	7.67	1.239	270
11.296	21.46	24.48	0.00	7.67	1.239	270
11.328	21.44	24.45	-0.00	7.67	1.239	270
11.360	21.42	24.44	-0.00	7.67	1.239	270
11.392	21.41	24.42	-0.00	7.67	1.239	270
11.424	21.38	24.39	-0.01	7.66	1.239	270
11.456	21.36	24.37	0.00	7.67	1.239	270
11.488	21.35	24.36	0.00	7.67	1.239	270
11.520	21.35	24.36	-0.00	7.67	1.243	271
11.552	21.36	24.38	-0.00	7.67	1.243	271
11.584	21.38	24.39	-0.00	7.67	1.243	271
11.616	21.39	24.40	0.00	7.67	1.243	271
11.648	21.38	24.40	-0.00	7.67	1.243	271
11.680	21.37	24.38	0.00	7.67	1.243	271
11.712	21.38	24.39	-0.00	7.67	1.243	271
11.744	21.38	24.40	-0.00	7.67	1.243	271
11.776	21.39	24.40	0.00	7.67	1.243	271
11.808	21.39	24.40	-0.00	7.67	1.243	271
11.840	21.39	24.40	0.00	7.67	1.243	271
11.872	21.40	24.41	-0.01	7.66	1.243	271
11.904	21.40	24.41	-0.00	7.67	1.243	271
11.936	21.38	24.39	0.00	7.67	1.243	271
11.968	21.36	24.38	0.00	7.67	1.243	271
12.000	21.36	24.37	-0.01	7.66	1.239	270
12.032	21.36	24.38	-0.00	7.67	1.239	270
12.064	21.37	24.38	0.00	7.67	1.239	270
12.096	21.38	24.39	0.00	7.67	1.239	270
12.128	21.39	24.40	-0.00	7.67	1.239	270
12.160	21.39	24.40	0.00	7.67	1.239	270
12.192	21.39	24.40	-0.00	7.67	1.239	270
12.224	21.40	24.41	0.00	7.67	1.239	270
12.256	21.41	24.42	0.00	7.67	1.239	270
12.288	21.41	24.42	0.00	7.67	1.239	270
12.320	21.41	24.42	-0.00	7.67	1.239	270
12.352	21.40	24.41	-0.00	7.67	1.239	270
12.384	21.39	24.40	0.00	7.67	1.239	270
12.416	21.38	24.39	0.00	7.67	1.239	270
12.448	21.36	24.37	0.00	7.67	1.239	270
12.480	21.34	24.36	-0.00	7.67	1.243	271
12.512	21.34	24.35	-0.00	7.67	1.243	271
12.544	21.36	24.37	-0.00	7.67	1.243	271
12.576	21.37	24.38	0.00	7.67	1.243	271
12.608	21.37	24.39	-0.00	7.67	1.243	271
12.640	21.38	24.39	0.00	7.67	1.243	271
12.672	21.38	24.40	-0.00	7.67	1.243	271
12.704	21.40	24.42	0.00	7.67	1.243	271
12.736	21.42	24.44	0.00	7.67	1.243	271
12.768	21.44	24.45	-0.00	7.67	1.243	271
12.800	21.46	24.47	-0.00	7.67	1.243	271
12.832	21.47	24.48	-0.00	7.67	1.243	271
12.864	21.50	24.52	-0.00	7.67	1.243	271
12.896	21.52	24.53	0.00	7.67	1.243	271
12.928	21.52	24.54	-0.00	7.67	1.243	271
12.960	21.52	24.53	-0.00	7.67	1.243	271
12.992	21.51	24.52	-0.01	7.66	1.243	271
13.024	21.52	24.54	-0.00	7.67	1.243	271
13.056	21.52	24.53	-0.00	7.67	1.243	271
13.088	21.51	24.53	-0.00	7.67	1.243	271
13.120	21.50	24.51	-0.00	7.67	1.243	271
13.152	21.46	24.48	-0.00	7.67	1.243	271
13.184	21.44	24.45	-0.00	7.67	1.243	271
13.216	21.43	24.44	0.00	7.67	1.243	271
13.248	21.43	24.44	0.00	7.67	1.243	271
13.280	21.41	24.42	0.00	7.67	1.243	271
13.312	21.40	24.42	-0.00	7.67	1.243	271
13.344	21.41	24.42	-0.00	7.67	1.243	271
13.376	21.41	24.42	0.00	7.67	1.243	271
13.408	21.40	24.41	0.00	7.67	1.239	270
13.440	21.40	24.42	-0.00	7.67	1.239	270
13.472	21.41	24.43	-0.00	7.67	1.239	270
13.504	21.44	24.45	0.00	7.67	1.239	270
13.536	21.46	24.48	0.00	7.67	1.239	270
13.568	21.48	24.49	-0.00	7.67	1.239	270
13.600	21.48	24.50	-0.00	7.67	1.239	270
13.632	21.49	24.50	-0.01	7.66	1.239	270
13.664	21.49	24.50	-0.00	7.67	1.239	270
13.696	21.50	24.52	-0.00	7.67	1.239	270
13.728	21.52	24.53	0.00	7.67	1.239	270
13.760	21.53	24.54	-0.00	7.67	1.239	270
13.792	21.53	24.55	-0.00	7.67	1.239	270
13.824	21.54	24.55	0.00	7.67	1.239	270
13.856	21.53	24.54	0.00	7.67	1.239	270
13.888	21.51	24.53	-0.00	7.67	1.248	272
13.920	21.46	24.48	-0.01	7.66	1.248	272
13.952	21.43	24.45	-0.01	7.66	1.248	272
13.984	21.42	24.43	-0.00	7.67	1.248	272
14.016	21.43	24.44	0.00	7.67	1.248	272
14.048	21.42	24.43	-0.00	7.67	1.248	272
14.080	21.43	24.44	-0.00	7.67	1.248	272
14.112	21.44	24.45	-0.00	7.67	1.248	272
14.144	21.43	24.44	-0.01	7.66	1.248	272
14.176	21.43	24.44	0.00	7.67	1.248	272
14.208	21.43	24.45	-0.00	7.67	1.248	272
14.240	21.44	24.45	-0.00	7.67	1.248	272
14.272	21.44	24.46	-0.00	7.67	1.248	272
14.304	21.45	24.46	-0.00	7.67	1.248	272
14.336	21.45	24.46	0.00	7.67	1.239	270
14.368	21.44	24.45	0.00	7.67	1.239	270
14.400	21.42	24.44	-0.00	7.67	1.239	270
14.432	21.41	24.42	-0.00	7.67	1.239	270
14.464	21.40	24.41	-0.00	7.67	1.239	270
14.496	21.39	24.40	-0.00	7.67	1.239	270
14.528	21.39	24.41	-0.01	7.66	1.239	270
14.560	21.40	24.41	-0.00	7.67	1.239	270
14.592	21.41	24.42	-0.00	7.67	1.239	270
14.624	21.41	24.42	0.00	7.67	1.239	270
14.656	21.41	24.42	0.00	7.67	1.239	270
14.688	21.41	24.43	-0.00	7.67	1.239	270
14.720	21.42	24.43	-0.00	7.67	1.239	270
14.752	21.40	24.42	-0.01	7.66	1.239	270
14.784	21.40	24.41	0.00	7.67	1.239	270
14.816	21.38	24.39	-0.00	7.67	1.243	271
14.848	21.37	24.39	-0.00	7.67	1.243	271
14.880	21.36	24.38	-0.01	7.66	1.243	271
14.912	21.35	24.36	-0.00	7.67	1.243	271
14.944	21.36	24.37	0.00	7.67	1.243	271
14.976	21.39	24.40	-0.00	7.67	1.243	271
15.008	21.41	24.43	0.00	7.67	1.243	271
15.040	21.44	24.45	-0.00	7.67	1.243	271
15.072	21.44	24.46	-0.00	7.67	1.243	271
15.104	21.46	24.47	0.00	7.67	1.243	271
15.136	21.47	24.48	0.00	7.67	1.243	271
15.168	21.48	24.49	0.00	7.67	1.243	271
15.200	21.49	24.50	-0.00	7.67	1.243	271
15.232	21.49	24.50	-0.00	7.67	1.243	271
15.264	21.49	24.50	-0.00	7.67	1.243	271
15.296	21.48	24.49	0.00	7.67	1.243	271
15.328	21.48	24.49	-0.00	7.67	1.243	271
15.360	21.49	24.50	-0.00	7.67	1.243	271
15.392	21.47	24.49	-0.00	7.67	1.243	271
15.424	21.48	24.49	0.00	7.67	1.243	271
15.456	21.51	24.52	-0.00	7.67	1.243	271
15.488	21.53	24.54	-0.00	7.67	1.243	271
15.520	21.54	24.56	-0.01	7.66	1.243	271
15.552	21.56	24.57	0.00	7.67	1.243	271
15.584	21.56	24.57	-0.00	7.67	1.243	271
15.616	21.54	24.55	0.00	7.67	1.243	271
15.648	21.54	24.55	-0.00	7.67	1.243	271
15.680	21.54	24.55	-0.00	7.67	1.243	271
15.712	21.54	24.55	-0.01	7.66	1.243	271
15.744	21.54	24.55	-0.00	7.67	1.248	272
15.776	21.52	24.54	0.00	7.67	1.248	272
15.808	21.52	24.53	-0.00	7.67	1.248	272
15.840	21.51	24.53	-0.00	7.67	1.248	272
15.872	21.49	24.50	-0.00	7.67	1.248	272
15.904	21.46	24.48	-0.00	7.67	1.248	272
15.936	21.46	24.47	-0.00	7.67	1.248	272
15.968	21.45	24.47	0.00	7.67	1.248	272
16.000	21.45	24.46	-0.00	7.67	1.248	272
16.032	21.46	24.47	0.00	7.67	1.248	272
16.064	21.47	24.49	-0.00	7.67	1.248	272
16.096	21.48	24.49	0.00	7.67	1.248	272
16.128	21.48	24.49	-0.00	7.67	1.248	272
16.160	21.47	24.49	-0.00	7.67	1.248	272
16.192	21.47	24.48	-0.00	7.67	1.248	272
16.224	21.47	24.48	0.00	7.67	1.243	271
16.256	21.48	24.49	0.00	7.67	1.243	271
16.288	21.49	24.50	-0.00	7.67	1.243	271
16.320	21.51	24.52	-0.00	7.67	1.243	271
16.352	21.51	24.52	-0.00	7.67	1.243	271
16.384	21.49	24.50	-0.01	7.66	1.243	271
16.416	21.49	24.50	0.00	7.67	1.243	271
16.448	21.50	24.51	-0.00	7.67	1.243	271
16.480	21.51	24.52	-0.00	7.67	1.243	271
16.512	21.51	24.52	-0.00	7.67	1.243	271
16.544	21.49	24.51	-0.00	7.67	1.243	271
16.576	21.47	24.49	-0.00	7.67	1.243	271
16.608	21.46	24.47	0.00	7.67	1.243	271
16.640	21.46	24.48	0.00	7.67	1.243	271
16.672	21.47	24.48	-0.00	7.67	1.243	271
16.704	21.48	24.49	-0.00	7.67	1.243	271
16.736	21.49	24.50	0.00	7.67	1.243	271
16.768	21.50	24.52	-0.00	7.67	1.243	271
16.800	21.51	24.53	-0.01	7.66	1.243	271
16.832	21.51	24.53	-0.00	7.67	1.243	271
16.864	21.51	24.52	-0.00	7.67	1.243	271
16.896	21.52	24.53	-0.00	7.67	1.243	271
16.928	21.51	24.53	-0.00	7.67	1.243	271
16.960	21.52	24.54	0.00	7.67	1.243	271
16.992	21.53	24.54	-0.01	7.66	1.243	271
17.024	21.53	24.54	-0.00	7.67	1.243	271
17.056	21.52	24.53	-0.00	7.67	1.243	271
17.088	21.49	24.50	-0.00	7.67	1.243	271
17.120	21.47	24.48	-0.01	7.66	1.243	271
17.152	21.47	24.49	-0.01	7.66	1.243	271
17.184	21.48	24.49	-0.00	7.67	1.243	271
17.216	21.48	24.50	0.00	7.67	1.243	271
17.248	21.50	24.51	-0.00	7.67	1.243	271
17.280	21.51	24.52	-0.00	7.67	1.243	271
17.312	21.51	24.52	-0.00	7.67	1.243	271
17.344	21.49	24.51	-0.00	7.67	1.243	271
17.376	21.46	24.47	0.00	7.67	1.243	271
17.408	21.44	24.45	0.00	7.67	1.243	271
17.440	21.44	24.45	-0.00	7.67	1.243	271
17.472	21.44	24.45	-0.01	7.66	1.243	271
17.504	21.44	24.45	-0.00	7.67	1.243	271
17.536	21.45	24.47	0.00	7.67	1.243	271
17.568	21.46	24.47	-0.00	7.67	1.243	271
17.600	21.46	24.48	-0.00	7.67	1.243	271
17.632	21.49	24.50	-0.00	7.67	1.248	272
17.664	21.51	24.52	0.00	7.67	1.248	272
17.696	21.52	24.54	0.00	7.67	1.248	272
17.728	21.54	24.55	-0.00	7.67	1.248	272
17.760	21.53	24.55	0.00	7.67	1.248	272
17.792	21.53	24.54	-0.00	7.67	1.248	272
17.824	21.52	24.53	-0.00	7.67	1.248	272
17.856	21.50	24.51	-0.00	7.67	1.248	272
17.888	21.50	24.51	-0.00	7.67	1.248	272
17.920	21.52	24.53	-0.00	7.67	1.248	272
17.952	21.53	24.54	-0.00	7.67	1.248	272
17.984	21.54	24.55	0.00	7.67	1.248	272
18.016	21.55	24.56	0.00	7.67	1.248	272
18.048	21.55	24.56	-0.00	7.67	1.248	272
18.080	21.55	24.57	-0.00	7.67	1.243	271
18.112	21.55	24.56	-0.00	7.67	1.243	271
18.144	21.56	24.57	0.00	7.67	1.243	271
18.176	21.56	24.57	-0.00	7.67	1.243	271
18.208	21.55	24.57	-0.00	7.67	1.243	271
18.240	21.56	24.58	-0.00	7.67	1.243	271
18.272	21.56	24.58	-0.00	7.67	1.243	271
18.304	21.56	24.57	0.00	7.67	1.243	271
18.336	21.54	24.55	0.00	7.67	1.243	271
18.368	21.50	24.52	0.00	7.67	1.243	271
18.400	21.49	24.50	-0.00	7.67	1.243	271
18.432	21.47	24.48	-0.00	7.67	1.243	271
18.464	21.46	24.48	-0.00	7.67	1.243	271
18.496	21.47	24.48	0.00	7.67	1.243	271
18.528	21.50	24.51	-0.00	7.67	1.243	271
18.560	21.52	24.54	-0.00	7.67	1.248	272
18.592	21.53	24.54	-0.01	7.66	1.248	272
18.624	21.53	24.54	-0.00	7.67	1.248	272
18.656	21.52	24.53	0.00	7.67	1.248	272
18.688	21.51	24.52	0.00	7.67	1.248	272
18.720	21.51	24.52	-0.00	7.67	1.248	272
18.752	21.51	24.52	0.00	7.67	1.248	272
18.784	21.51	24.52	0.00	7.67	1.248	272
18.816	21.49	24.50	0.00	7.67	1.248	272
18.848	21.47	24.48	-0.00	7.67	1.248	272
18.880	21.47	24.48	-0.00	7.67	1.248	272
18.912	21.49	24.51	-0.00	7.67	1.248	272
18.944	21.52	24.54	0.00	7.67	1.248	272
18.976	21.55	24.56	0.00	7.67	1.248	272
19.008	21.56	24.57	0.00	7.67	1.248	272
19.040	21.56	24.58	-0.00	7.67	1.248	272
19.072	21.57	24.58	-0.00	7.67	1.248	272
19.104	21.57	24.59	-0.00	7.67	1.248	272
19.136	21.58	24.59	0.00	7.67	1.248	272
19.168	21.57	24.58	-0.00	7.67	1.248	272
19.200	21.57	24.58	-0.00	7.67	1.248	272
19.232	21.57	24.58	0.00	7.67	1.248	272
19.264	21.57	24.58	-0.00	7.67	1.248	272
19.296	21.56	24.58	0.00	7.67	1.248	272
19.328	21.53	24.54	-0.00	7.67	1.248	272
19.360	21.51	24.52	-0.00	7.67	1.248	272
19.392	21.50	24.51	-0.00	7.67	1.248	272
19.424	21.49	24.51	0.00	7.67	1.248	272
19.456	21.49	24.51	-0.00	7.67	1.248	272
19.488	21.49	24.50	-0.00	7.67	1.248	272
19.520	21.49	24.50	-0.00	7.67	1.248	272
19.552	21.49	24.50	-0.01	7.66	1.248	272
19.584	21.49	24.50	-0.00	7.67	1.248	272
19.616	21.51	24.53	0.00	7.67	1.248	272
19.648	21.53	24.54	-0.00	7.67	1.248	272
19.680	21.54	24.56	-0.00	7.67	1.248	272
19.712	21.57	24.58	-0.00	7.67	1.248	272
19.744	21.57	24.58	0.00	7.67	1.248	272
19.776	21.57	24.59	0.00	7.67	1.248	272
19.808	21.54	24.56	-0.01	7.66	1.248	272
19.840	21.51	24.53	-0.00	7.67	1.248	272
19.872	21.49	24.51	-0.00	7.67	1.248	272
19.904	21.50	24.51	0.00	7.67	1.248	272
19.936	21.51	24.52	-0.00	7.67	1.248	272
19.968	21.51	24.52	-0.00	7.67	1.243	271
20.000	21.50	24.52	-0.01	7.66	1.243	271
20.032	21.50	24.51	-0.00	7.67	1.243	271
20.064	21.50	24.52	0.00	7.67	1.243	271
20.096	21.52	24.53	0.00	7.67	1.243	271
20.128	21.54	24.55	-0.00	7.67	1.243	271
20.160	21.56	24.58	-0.01	7.66	1.243	271
20.192	21.59	24.60	-0.00	7.67	1.243	271
20.224	21.60	24.61	-0.00	7.67	1.243	271
20.256	21.60	24.61	-0.00	7.67	1.243	271
20.288	21.59	24.61	-0.00	7.67	1.243	271
20.320	21.56	24.58	-0.00	7.67	1.243	271
20.352	21.53	24.54	-0.00	7.67	1.243	271
20.384	21.51	24.53	0.00	7.67	1.243	271
20.416	21.51	24.52	0.00	7.67	1.252	273
20.448	21.51	24.52	-0.00	7.67	1.252	273
20.480	21.53	24.55	-0.01	7.66	1.252	273
20.512	21.56	24.58	-0.01	7.66	1.252	273
20.544	21.59	24.60	-0.00	7.67	1.252	273
20.576	21.61	24.63	-0.00	7.67	1.252	273
20.608	21.64	24.65	0.00	7.67	1.252	273
20.640	21.65	24.67	-0.01	7.66	1.252	273
20.672	21.67	24.68	-0.00	7.67	1.252	273
20.704	21.68	24.69	-0.00	7.67	1.252	273
20.736	21.67	24.68	-0.00	7.67	1.252	273
20.768	21.64	24.65	-0.01	7.66	1.252	273
20.800	21.61	24.62	-0.00	7.67	1.252	273
20.832	21.58	24.59	-0.01	7.66	1.252	273
20.864	21.56	24.58	0.00	7.67	1.252	273
20.896	21.54	24.55	0.00	7.67	1.248	272
20.928	21.54	24.55	0.00	7.67	1.248	272
20.960	21.54	24.55	-0.00	7.67	1.248	272
20.992	21.54	24.55	0.00	7.67	1.248	272
21.024	21.54	24.55	-0.00	7.67	1.248	272
21.056	21.54	24.55	0.00	7.67	1.248	272
21.088	21.55	24.56	-0.00	7.67	1.248	272
21.120	21.54	24.55	-0.00	7.67	1.248	272
21.152	21.52	24.54	0.00	7.67	1.248	272
21.184	21.52	24.54	0.00	7.67	1.248	272
21.216	21.53	24.54	-0.00	7.67	1.248	272
21.248	21.52	24.54	-0.00	7.67	1.248	272
21.280	21.52	24.53	-0.00	7.67	1.248	272
21.312	21.52	24.53	-0.01	7.66	1.248	272
21.344	21.54	24.55	-0.00	7.67	1.248	272
21.376	21.55	24.56	-0.00	7.67	1.248	272
21.408	21.54	24.55	-0.00	7.67	1.248	272
21.440	21.54	24.56	-0.01	7.66	1.248	272
21.472	21.54	24.56	0.00	7.67	1.248	272
21.504	21.55	24.56	0.00	7.67	1.248	272
21.536	21.54	24.55	-0.00	7.67	1.248	272
21.568	21.54	24.56	-0.01	7.66	1.248	272
21.600	21.55	24.57	-0.00	7.67	1.248	272
21.632	21.57	24.58	0.00	7.67	1.248	272
21.664	21.57	24.59	-0.00	7.67	1.248	272
21.696	21.58	24.59	0.00	7.67	1.248	272
21.728	21.57	24.58	-0.01	7.66	1.248	272
21.760	21.55	24.57	-0.01	7.66	1.248	272
21.792	21.51	24.53	-0.01	7.66	1.248	272
21.824	21.49	24.50	0.00	7.67	1.248	272
21.856	21.49	24.50	-0.00	7.67	1.248	272
21.888	21.49	24.50	0.00	7.67	1.248	272
21.920	21.51	24.53	-0.00	7.67	1.248	272
21.952	21.54	24.55	-0.00	7.67	1.248	272
21.984	21.55	24.56	0.00	7.67	1.248	272
22.016	21.56	24.57	-0.00	7.67	1.248	272
22.048	21.57	24.59	0.00	7.67	1.248	272
22.080	21.58	24.59	-0.01	7.66	1.248	272
22.112	21.59	24.60	-0.00	7.67	1.248	272
22.144	21.59	24.60	-0.00	7.67	1.248	272
22.176	21.58	24.60	-0.00	7.67	1.248	272
22.208	21.57	24.59	-0.00	7.67	1.248	272
22.240	21.57	24.58	-0.00	7.67	1.248	272
22.272	21.55	24.56	-0.00	7.67	1.248	272
22.304	21.52	24.53	-0.00	7.67	1.239	270
22.336	21.50	24.52	0.00	7.67	1.239	270
22.368	21.51	24.53	-0.00	7.67	1.239	270
22.400	21.52	24.54	-0.00	7.67	1.239	270
22.432	21.54	24.55	-0.00	7.67	1.239	270
22.464	21.57	24.58	-0.00	7.67	1.239	270
22.496	21.60	24.62	-0.00	7.67	1.239	270
22.528	21.62	24.63	-0.00	7.67	1.239	270
22.560	21.63	24.65	-0.00	7.67	1.239	270
22.592	21.64	24.65	-0.01	7.66	1.239	270
22.624	21.64	24.65	0.00	7.67	1.239	270
22.656	21.66	24.67	-0.00	7.67	1.239	270
22.688	21.65	24.67	-0.00	7.67	1.239	270
22.720	21.64	24.65	-0.00	7.67	1.239	270
22.752	21.62	24.64	-0.00	7.67	1.239	270
22.784	21.60	24.61	0.00	7.67	1.239	270
22.816	21.60	24.61	-0.00	7.67	1.239	270
22.848	21.59	24.60	-0.00	7.67	1.239	270
22.880	21.58	24.59	-0.01	7.66	1.239	270
22.912	21.57	24.58	-0.00	7.67	1.239	270
22.944	21.57	24.58	0.00	7.67	1.239	270
22.976	21.58	24.59	0.00	7.67	1.239	270
23.008	21.59	24.60	-0.01	7.66	1.239	270
23.040	21.62	24.63	-0.00	7.67	1.239	270
23.072	21.64	24.65	-0.00	7.67	1.239	270
23.104	21.65	24.66	0.00	7.67	1.239	270
23.136	21.66	24.67	-0.00	7.67	1.239	270
23.168	21.67	24.68	-0.00	7.67	1.239	270
23.200	21.67	24.69	-0.00	7.67	1.239	270
23.232	21.66	24.67	-0.01	7.66	1.243	271
23.264	21.62	24.64	0.00	7.67	1.243	271
23.296	21.61	24.62	-0.00	7.67	1.243	271
23.328	21.59	24.60	-0.00	7.67	1.243	271
23.360	21.57	24.59	-0.01	7.66	1.243	271
23.392	21.58	24.59	-0.00	7.67	1.243	271
23.424	21.58	24.60	0.00	7.67	1.243	271
23.456	21.60	24.61	-0.00	7.67	1.243	271
23.488	21.60	24.61	-0.00	7.67	1.243	271
23.520	21.61	24.62	-0.00	7.67	1.243	271
23.552	21.62	24.64	-0.00	7.67	1.243	271
23.584	21.64	24.65	0.00	7.67	1.243	271
23.616	21.65	24.66	-0.00	7.67	1.243	271
23.648	21.66	24.67	0.00	7.67	1.243	271
23.680	21.66	24.68	-0.00	7.67	1.243	271
23.712	21.65	24.66	0.00	7.67	1.239	270
23.744	21.62	24.64	0.00	7.67	1.239	270
23.776	21.61	24.62	0.00	7.67	1.239	270
23.808	21.60	24.62	-0.00	7.67	1.239	270
23.840	21.59	24.61	0.00	7.67	1.239	270
23.872	21.59	24.60	-0.00	7.67	1.239	270
23.904	21.57	24.59	0.00	7.67	1.239	270
23.936	21.57	24.59	0.00	7.67	1.239	270
23.968	21.57	24.59	-0.00	7.67	1.239	270
24.000	21.59	24.60	0.00	7.67	1.239	270
24.032	21.59	24.61	-0.00	7.67	1.239	270
24.064	21.60	24.62	0.00	7.67	1.239	270
24.096	21.59	24.61	-0.00	7.67	1.239	270
24.128	21.58	24.60	-0.01	7.66	1.239	270
24.160	21.57	24.59	-0.01	7.66	1.243	271
24.192	21.57	24.58	-0.00	7.67	1.243	271
24.224	21.56	24.57	-0.00	7.67	1.243	271
24.256	21.56	24.57	-0.00	7.67	1.243	271
24.288	21.57	24.59	0.00	7.67	1.243	271
24.320	21.60	24.61	-0.00	7.67	1.243	271
24.352	21.60	24.62	0.00	7.67	1.243	271
24.384	21.62	24.63	0.00	7.67	1.243	271
24.416	21.63	24.64	-0.00	7.67	1.243	271
24.448	21.65	24.66	-0.00	7.67	1.243	271
24.480	21.66	24.68	-0.00	7.67	1.243	271
24.512	21.68	24.70	0.00	7.67	1.243	271
24.544	21.69	24.70	0.00	7.67	1.243	271
24.576	21.68	24.70	-0.00	7.67	1.243	271
24.608	21.66	24.68	-0.00	7.67	1.243	271
24.640	21.65	24.66	-0.01	7.66	1.248	272
24.672	21.62	24.63	0.00	7.67	1.248	272
24.704	21.57	24.59	-0.00	7.67	1.248	272
24.736	21.53	24.54	-0.00	7.67	1.248	272
24.768	21.51	24.53	-0.01	7.66	1.248	272
24.800	21.50	24.52	-0.00	7.67	1.248	272
24.832	21.51	24.52	-0.00	7.67	1.248	272
24.864	21.52	24.53	0.00	7.67	1.248	272
24.896	21.54	24.56	-0.01	7.66	1.248	272
24.928	21.56	24.57	-0.00	7.67	1.248	272
24.960	21.57	24.58	-0.00	7.67	1.248	272
24.992	21.60	24.61	-0.00	7.67	1.248	272
25.024	21.61	24.63	0.00	7.67	1.248	272
25.056	21.62	24.64	-0.00	7.67	1.248	272
25.088	21.63	24.65	-0.00	7.67	1.248	272
25.120	21.63	24.65	-0.00	7.67	1.252	273
25.152	21.64	24.65	0.00	7.67	1.252	273
25.184	21.61	24.62	0.00	7.67	1.252	273
25.216	21.57	24.58	-0.00	7.67	1.252	273
25.248	21.53	24.55	-0.00	7.67	1.252	273
25.280	21.52	24.53	-0.01	7.66	1.252	273
25.312	21.51	24.52	-0.00	7.67	1.252	273
25.344	21.50	24.52	0.00	7.67	1.252	273
25.376	21.51	24.52	-0.00	7.67	1.252	273
25.408	21.53	24.54	-0.00	7.67	1.252	273
25.440	21.55	24.56	-0.00	7.67	1.252	273
25.472	21.58	24.59	0.00	7.67	1.252	273
25.504	21.60	24.61	-0.01	7.66	1.252	273
25.536	21.61	24.63	-0.00	7.67	1.252	273
25.568	21.63	24.64	-0.00	7.67	1.248	272
25.600	21.64	24.65	-0.00	7.67	1.248	272
25.632	21.65	24.66	0.00	7.67	1.248	272
25.664	21.64	24.65	-0.00	7.67	1.248	272
25.696	21.61	24.62	-0.00	7.67	1.248	272
25.728	21.59	24.60	0.00	7.67	1.248	272
25.760	21.59	24.60	-0.01	7.66	1.248	272
25.792	21.59	24.60	0.00	7.67	1.248	272
25.824	21.57	24.59	-0.00	7.67	1.248	272
25.856	21.56	24.58	0.00	7.67	1.248	272
25.888	21.57	24.58	-0.00	7.67	1.248	272
25.920	21.58	24.59	0.00	7.67	1.248	272
25.952	21.59	24.60	0.00	7.67	1.248	272
25.984	21.60	24.61	0.00	7.67	1.248	272
26.016	21.61	24.62	-0.01	7.66	1.248	272
26.048	21.60	24.61	-0.01	7.66	1.248	272
26.080	21.60	24.61	-0.00	7.67	1.248	272
26.112	21.58	24.59	-0.00	7.67	1.248	272
26.144	21.56	24.58	-0.00	7.67	1.248	272
26.176	21.53	24.55	-0.01	7.66	1.248	272
26.208	21.51	24.52	-0.00	7.67	1.248	272
26.240	21.49	24.50	0.00	7.67	1.248	272
26.272	21.49	24.50	0.00	7.67	1.248	272
26.304	21.47	24.48	-0.00	7.67	1.248	272
26.336	21.46	24.47	-0.00	7.67	1.248	272
26.368	21.46	24.48	-0.00	7.67	1.248	272
26.400	21.49	24.50	-0.00	7.67	1.248	272
26.432	21.50	24.52	0.00	7.67	1.248	272
26.464	21.52	24.54	0.00	7.67	1.248	272
26.496	21.54	24.56	-0.00	7.67	1.248	272
26.528	21.56	24.57	0.00	7.67	1.243	271
26.560	21.57	24.59	0.00	7.67	1.243	271
26.592	21.58	24.59	0.00	7.67	1.243	271
26.624	21.57	24.59	0.00	7.67	1.243	271
26.656	21.56	24.57	-0.00	7.67	1.243	271
26.688	21.55	24.56	-0.01	7.66	1.243	271
26.720	21.55	24.56	-0.00	7.67	1.243	271
26.752	21.56	24.57	0.00	7.67	1.243	271
26.784	21.57	24.58	-0.00	7.67	1.243	271
26.816	21.59	24.60	0.00	7.67	1.243	271
26.848	21.61	24.62	-0.00	7.67	1.243	271
26.880	21.62	24.64	-0.00	7.67	1.243	271
26.912	21.62	24.64	0.00	7.67	1.243	271
26.944	21.63	24.64	-0.00	7.67	1.243	271
26.976	21.61	24.62	-0.00	7.67	1.248	272
27.008	21.59	24.60	-0.00	7.67	1.248	272
27.040	21.58	24.60	0.00	7.67	1.248	272
27.072	21.58	24.59	-0.00	7.67	1.248	272
27.104	21.57	24.59	-0.00	7.67	1.248	272
27.136	21.58	24.59	-0.01	7.66	1.248	272
27.168	21.57	24.59	-0.01	7.66	1.248	272
27.200	21.59	24.60	0.00	7.67	1.248	272
27.232	21.61	24.62	-0.00	7.67	1.248	272
27.264	21.64	24.65	-0.00	7.67	1.248	272
27.296	21.66	24.68	-0.00	7.67	1.248	272
27.328	21.67	24.69	-0.00	7.67	1.248	272
27.360	21.67	24.69	-0.00	7.67	1.248	272
27.392	21.66	24.67	0.00	7.67	1.248	272
27.424	21.66	24.67	-0.00	7.67	1.248	272
27.456	21.65	24.67	-0.01	7.66	1.252	273
27.488	21.67	24.68	-0.00	7.67	1.252	273
27.520	21.67	24.68	0.00	7.67	1.252	273
27.552	21.68	24.69	-0.00	7.67	1.252	273
27.584	21.68	24.69	-0.01	7.66	1.252	273
27.616	21.66	24.67	-0.00	7.67	1.252	273
27.648	21.64	24.65	0.00	7.67	1.252	273
27.680	21.61	24.63	0.00	7.67	1.252	273
27.712	21.60	24.61	-0.00	7.67	1.252	273
27.744	21.60	24.61	-0.00	7.67	1.252	273
27.776	21.58	24.60	-0.01	7.66	1.252	273
27.808	21.56	24.57	-0.01	7.66	1.252	273
27.840	21.55	24.57	0.00	7.67	1.252	273
27.872	21.55	24.57	0.00	7.67	1.252	273
27.904	21.55	24.57	-0.00	7.67	1.248	272
27.936	21.56	24.58	-0.00	7.67	1.248	272
27.968	21.58	24.59	-0.00	7.67	1.248	272
28.000	21.58	24.59	0.00	7.67	1.248	272
28.032	21.59	24.60	0.00	7.67	1.248	272
28.064	21.59	24.61	-0.00	7.67	1.248	272
28.096	21.60	24.61	-0.00	7.67	1.248	272
28.128	21.59	24.60	-0.00	7.67	1.248	272
28.160	21.58	24.59	0.00	7.67	1.248	272
28.192	21.58	24.59	0.00	7.67	1.248	272
28.224	21.57	24.59	-0.01	7.66	1.248	272
28.256	21.56	24.57	-0.00	7.67	1.248	272
28.288	21.55	24.56	0.00	7.67	1.248	272
28.320	21.54	24.55	-0.00	7.67	1.248	272
28.352	21.54	24.55	0.00	7.67	1.248	272
28.384	21.54	24.55	-0.00	7.67	1.252	273
28.416	21.56	24.57	-0.00	7.67	1.252	273
28.448	21.57	24.59	-0.00	7.67	1.252	273
28.480	21.59	24.60	0.00	7.67	1.252	273
28.512	21.59	24.60	-0.00	7.67	1.252	273
28.544	21.59	24.60	-0.00	7.67	1.252	273
28.576	21.59	24.60	-0.00	7.67	1.252	273
28.608	21.58	24.60	-0.00	7.67	1.252	273
28.640	21.57	24.58	-0.00	7.67	1.252	273
28.672	21.57	24.58	-0.00	7.67	1.252	273
28.704	21.56	24.58	-0.00	7.67	1.252	273
28.736	21.56	24.58	-0.01	7.66	1.252	273
28.768	21.56	24.57	-0.00	7.67	1.252	273
28.800	21.57	24.58	-0.00	7.67	1.252	273
28.832	21.58	24.59	0.00	7.67	1.252	273
28.864	21.58	24.60	-0.01	7.66	1.252	273
28.896	21.60	24.62	-0.00	7.67	1.252	273
28.928	21.61	24.63	-0.00	7.67	1.252	273
28.960	21.61	24.62	0.00	7.67	1.252	273
28.992	21.60	24.61	-0.00	7.67	1.252	273
29.024	21.59	24.60	-0.00	7.67	1.252	273
29.056	21.57	24.58	0.00	7.67	1.252	273
29.088	21.55	24.57	-0.00	7.67	1.252	273
29.120	21.51	24.53	-0.00	7.67	1.252	273
29.152	21.49	24.51	0.00	7.67	1.252	273
29.184	21.49	24.51	-0.00	7.67	1.252	273
29.216	21.51	24.52	-0.00	7.67	1.252	273
29.248	21.51	24.53	-0.00	7.67	1.252	273
29.280	21.52	24.54	0.00	7.67	1.252	273
29.312	21.53	24.54	0.00	7.67	1.248	272
29.344	21.52	24.54	-0.00	7.67	1.248	272
29.376	21.53	24.54	-0.00	7.67	1.248	272
29.408	21.53	24.55	-0.00	7.67	1.248	272
29.440	21.52	24.54	0.00	7.67	1.248	272
29.472	21.51	24.52	-0.00	7.67	1.248	272
29.504	21.51	24.52	-0.00	7.67	1.248	272
29.536	21.50	24.51	-0.00	7.67	1.248	272
29.568	21.49	24.51	-0.00	7.67	1.248	272
29.600	21.49	24.50	0.00	7.67	1.248	272
29.632	21.51	24.52	-0.00	7.67	1.248	272
29.664	21.53	24.55	-0.00	7.67	1.248	272
29.696	21.54	24.55	-0.01	7.66	1.248	272
29.728	21.54	24.55	-0.00	7.67	1.248	272
29.760	21.54	24.56	0.00	7.67	1.248	272
29.792	21.54	24.56	-0.00	7.67	1.248	272
29.824	21.55	24.57	0.00	7.67	1.248	272
29.856	21.57	24.58	0.00	7.67	1.248	272
29.888	21.57	24.59	-0.00	7.67	1.248	272
29.920	21.57	24.58	-0.00	7.67	1.248	272
29.952	21.55	24.56	-0.00	7.67	1.248	272
29.984	21.53	24.55	-0.00	7.67	1.248	272
30.016	21.54	24.55	-0.00	7.67	1.248	272
30.048	21.54	24.55	-0.00	7.67	1.248	272
30.080	21.53	24.55	-0.00	7.67	1.248	272
30.112	21.54	24.55	-0.00	7.67	1.248	272
30.144	21.54	24.55	-0.00	7.67	1.248	272
30.176	21.55	24.56	-0.00	7.67	1.248	272
30.208	21.54	24.56	0.00	7.67	1.248	272
30.240	21.54	24.56	0.00	7.67	1.248	272
30.272	21.55	24.56	0.00	7.67	1.252	273
30.304	21.54	24.56	-0.00	7.67	1.252	273
30.336	21.54	24.55	0.00	7.67	1.252	273
30.368	21.56	24.58	0.00	7.67	1.252	273
30.400	21.60	24.61	-0.00	7.67	1.252	273
30.432	21.61	24.63	-0.00	7.67	1.252	273
30.464	21.62	24.63	-0.00	7.67	1.252	273
30.496	21.64	24.65	-0.00	7.67	1.252	273
30.528	21.64	24.65	-0.00	7.67	1.252	273
30.560	21.61	24.63	0.00	7.67	1.252	273
30.592	21.59	24.60	-0.00	7.67	1.252	273
30.624	21.57	24.58	0.00	7.67	1.252	273
30.656	21.57	24.58	-0.01	7.66	1.252	273
30.688	21.57	24.58	-0.00	7.67	1.252	273
30.720	21.57	24.58	0.00	7.67	1.252	273
30.752	21.59	24.60	-0.00	7.67	1.252	273
30.784	21.61	24.62	-0.00	7.67	1.252	273
30.816	21.62	24.64	-0.00	7.67	1.252	273
30.848	21.63	24.64	0.00	7.67	1.252	273
30.880	21.63	24.64	0.00	7.67	1.252	273
30.912	21.61	24.62	-0.00	7.67	1.252	273
30.944	21.60	24.61	-0.01	7.66	1.252	273
30.976	21.60	24.61	-0.01	7.66	1.252	273
31.008	21.60	24.61	0.00	7.67	1.252	273
31.040	21.59	24.60	-0.00	7.67	1.252	273
31.072	21.57	24.58	-0.00	7.67	1.252	273
31.104	21.57	24.59	-0.00	7.67	1.252	273
31.136	21.58	24.59	0.00	7.67	1.252	273
31.168	21.60	24.62	-0.00	7.67	1.252	273
31.200	21.62	24.63	0.00	7.67	1.252	273
31.232	21.62	24.64	0.00	7.67	1.252	273
31.264	21.62	24.63	-0.00	7.67	1.252	273
31.296	21.59	24.61	-0.00	7.67	1.252	273
31.328	21.57	24.59	0.00	7.67	1.252	273
31.360	21.56	24.57	-0.00	7.67	1.252	273
31.392	21.55	24.56	-0.00	7.67	1.252	273
31.424	21.56	24.57	-0.01	7.66	1.252	273
31.456	21.56	24.58	-0.00	7.67	1.252	273
31.488	21.57	24.58	0.00	7.67	1.252	273
31.520	21.57	24.58	-0.00	7.67	1.252	273
31.552	21.56	24.58	-0.00	7.67	1.252	273
31.584	21.56	24.57	-0.00	7.67	1.252	273
31.616	21.55	24.56	-0.00	7.67	1.252	273
31.648	21.54	24.56	-0.00	7.67	1.252	273
31.680	21.56	24.57	-0.00	7.67	1.248	272
31.712	21.57	24.59	-0.00	7.67	1.248	272
31.744	21.59	24.61	-0.00	7.67	1.248	272
31.776	21.60	24.61	0.00	7.67	1.248	272
31.808	21.60	24.62	0.00	7.67	1.248	272
31.840	21.60	24.61	0.00	7.67	1.248	272
31.872	21.60	24.61	-0.00	7.67	1.248	272
31.904	21.60	24.61	-0.00	7.67	1.248	272
31.936	21.59	24.60	0.00	7.67	1.248	272
31.968	21.57	24.59	0.00	7.67	1.248	272
32.000	21.56	24.58	-0.00	7.67	1.248	272
32.032	21.53	24.54	0.00	7.67	1.248	272
32.064	21.51	24.52	0.00	7.67	1.248	272
32.096	21.52	24.53	-0.00	7.67	1.248	272
32.128	21.52	24.54	0.00	7.67	1.252	273
32.160	21.54	24.55	-0.00	7.67	1.252	273
32.192	21.55	24.57	-0.00	7.67	1.252	273
32.224	21.56	24.57	-0.00	7.67	1.252	273
32.256	21.57	24.59	-0.00	7.67	1.252	273
32.288	21.61	24.62	0.00	7.67	1.252	273
32.320	21.64	24.65	0.00	7.67	1.252	273
32.352	21.64	24.65	-0.00	7.67	1.252	273
32.384	21.65	24.66	-0.01	7.66	1.252	273
32.416	21.66	24.67	-0.00	7.67	1.252	273
32.448	21.65	24.67	0.00	7.67	1.252	273
32.480	21.65	24.66	0.00	7.67	1.252	273
32.512	21.62	24.63	0.00	7.67	1.252	273
32.544	21.59	24.61	-0.00	7.67	1.252	273
32.576	21.60	24.61	-0.00	7.67	1.252	273
32.608	21.61	24.62	-0.00	7.67	1.252	273
32.640	21.61	24.63	0.00	7.67	1.252	273
32.672	21.62	24.63	-0.00	7.67	1.252	273
32.704	21.64	24.65	-0.01	7.66	1.252	273
32.736	21.66	24.67	-0.00	7.67	1.252	273
32.768	21.68	24.69	0.00	7.67	1.252	273
32.800	21.70	24.71	-0.00	7.67	1.252	273
32.832	21.72	24.73	-0.00	7.67	1.252	273
32.864	21.72	24.74	-0.00	7.67	1.252	273
32.896	21.72	24.73	-0.01	7.66	1.252	273
32.928	21.69	24.70	0.00	7.67	1.252	273
32.960	21.66	24.68	-0.01	7.66	1.252	273
32.992	21.62	24.63	-0.00	7.67	1.252	273
33.024	21.60	24.61	-0.00	7.67	1.252	273
33.056	21.59	24.60	-0.00	7.67	1.252	273
33.088	21.58	24.59	-0.00	7.67	1.252	273
33.120	21.58	24.60	0.00	7.67	1.252	273
33.152	21.60	24.61	-0.00	7.67	1.252	273
33.184	21.61	24.63	-0.00	7.67	1.252	273
33.216	21.64	24.65	-0.00	7.67	1.252	273
33.248	21.67	24.68	0.00	7.67	1.252	273
33.280	21.70	24.72	-0.00	7.67	1.252	273
33.312	21.72	24.73	-0.01	7.66	1.252	273
33.344	21.72	24.73	-0.01	7.66	1.252	273
33.376	21.70	24.72	-0.00	7.67	1.252	273
33.408	21.67	24.69	0.00	7.67	1.252	273
33.440	21.64	24.65	-0.00	7.67	1.252	273
33.472	21.61	24.63	0.00	7.67	1.252	273
33.504	21.59	24.60	-0.00	7.67	1.252	273
33.536	21.59	24.60	-0.00	7.67	1.257	274
33.568	21.61	24.62	0.00	7.67	1.257	274
33.600	21.61	24.63	-0.00	7.67	1.257	274
33.632	21.61	24.63	0.00	7.67	1.257	274
33.664	21.62	24.64	-0.01	7.66	1.257	274
33.696	21.64	24.65	0.00	7.67	1.257	274
33.728	21.65	24.66	0.00	7.67	1.257	274
33.760	21.66	24.68	-0.00	7.67	1.257	274
33.792	21.68	24.69	-0.00	7.67	1.257	274
33.824	21.69	24.70	-0.01	7.66	1.257	274
33.856	21.68	24.69	-0.00	7.67	1.257	274
33.888	21.67	24.68	-0.00	7.67	1.257	274
33.920	21.66	24.67	-0.00	7.67	1.257	274
33.952	21.63	24.64	-0.00	7.67	1.257	274
33.984	21.60	24.61	-0.00	7.67	1.257	274
34.016	21.59	24.60	-0.00	7.67	1.252	273
34.048	21.60	24.61	0.00	7.67	1.252	273
34.080	21.60	24.61	-0.00	7.67	1.252	273
34.112	21.61	24.62	-0.01	7.66	1.252	273
34.144	21.60	24.61	-0.01	7.66	1.252	273
34.176	21.63	24.64	-0.00	7.67	1.252	273
34.208	21.65	24.66	0.00	7.67	1.252	273
34.240	21.67	24.68	0.00	7.67	1.252	273
34.272	21.69	24.70	-0.00	7.67	1.252	273
34.304	21.70	24.72	-0.00	7.67	1.252	273
34.336	21.71	24.72	0.00	7.67	1.252	273
34.368	21.71	24.72	0.00	7.67	1.252	273
34.400	21.72	24.73	-0.00	7.67	1.252	273
34.432	21.70	24.72	-0.00	7.67	1.252	273
34.464	21.67	24.68	-0.01	7.66	1.252	273
34.496	21.65	24.66	-0.00	7.67	1.252	273
34.528	21.65	24.67	-0.00	7.67	1.252	273
34.560	21.65	24.66	0.00	7.67	1.252	273
34.592	21.64	24.65	-0.00	7.67	1.252	273
34.624	21.63	24.65	-0.00	7.67	1.252	273
34.656	21.63	24.64	-0.00	7.67	1.252	273
34.688	21.63	24.64	0.00	7.67	1.252	273
34.720	21.63	24.64	-0.00	7.67	1.252	273
34.752	21.64	24.65	-0.00	7.67	1.252	273
34.784	21.65	24.66	-0.01	7.66	1.252	273
34.816	21.66	24.68	-0.00	7.67	1.252	273
34.848	21.67	24.69	0.00	7.67	1.252	273
34.880	21.67	24.69	0.00	7.67	1.252	273
34.912	21.69	24.70	-0.00	7.67	1.252	273
34.944	21.67	24.69	-0.00	7.67	1.252	273
34.976	21.65	24.67	0.00	7.67	1.252	273
35.008	21.64	24.66	0.00	7.67	1.252	273
35.040	21.65	24.67	0.00	7.67	1.252	273
35.072	21.66	24.67	0.00	7.67	1.252	273
35.104	21.67	24.68	-0.01	7.66	1.252	273
35.136	21.67	24.68	-0.00	7.67	1.252	273
35.168	21.66	24.68	0.00	7.67	1.252	273
35.200	21.66	24.67	-0.00	7.67	1.252	273
35.232	21.67	24.69	-0.00	7.67	1.252	273
35.264	21.67	24.69	-0.00	7.67	1.252	273
35.296	21.66	24.68	-0.00	7.67	1.252	273
35.328	21.66	24.67	-0.00	7.67	1.252	273
35.360	21.65	24.66	-0.01	7.66	1.252	273
35.392	21.63	24.64	-0.00	7.67	1.252	273
35.424	21.59	24.60	-0.00	7.67	1.257	274
35.456	21.56	24.58	0.00	7.67	1.257	274
35.488	21.56	24.57	0.00	7.67	1.257	274
35.520	21.57	24.59	-0.01	7.66	1.257	274
35.552	21.60	24.62	-0.01	7.66	1.257	274
35.584	21.64	24.65	-0.00	7.67	1.257	274
35.616	21.66	24.68	-0.00	7.67	1.257	274
35.648	21.68	24.70	-0.00	7.67	1.257	274
35.680	21.69	24.70	-0.01	7.66	1.257	274
35.712	21.72	24.73	-0.00	7.67	1.257	274
35.744	21.71	24.73	-0.01	7.66	1.257	274
35.776	21.71	24.72	0.00	7.67	1.257	274
35.808	21.70	24.72	-0.00	7.67	1.257	274
35.840	21.71	24.72	-0.00	7.67	1.257	274
35.872	21.70	24.72	-0.01	7.66	1.252	273
35.904	21.66	24.68	-0.00	7.67	1.252	273
35.936	21.64	24.65	0.00	7.67	1.252	273
35.968	21.65	24.66	-0.00	7.67	1.252	273
36.000	21.65	24.67	-0.00	7.67	1.252	273
36.032	21.67	24.69	-0.01	7.66	1.252	273
36.064	21.68	24.69	-0.01	7.66	1.252	273
36.096	21.69	24.70	-0.00	7.67	1.252	273
36.128	21.71	24.72	-0.00	7.67	1.252	273
36.160	21.72	24.73	-0.00	7.67	1.252	273
36.192	21.74	24.75	-0.01	7.66	1.252	273
36.224	21.76	24.77	-0.00	7.67	1.252	273
36.256	21.77	24.78	0.00	7.67	1.252	273
36.288	21.76	24.77	0.00	7.67	1.252	273
36.320	21.73	24.74	-0.00	7.67	1.252	273
36.352	21.70	24.72	-0.01	7.66	1.257	274
36.384	21.66	24.68	-0.01	7.66	1.257	274
36.416	21.62	24.64	0.00	7.67	1.257	274
36.448	21.61	24.62	0.00	7.67	1.257	274
36.480	21.61	24.62	-0.00	7.67	1.257	274
36.512	21.62	24.63	-0.00	7.67	1.257	274
36.544	21.62	24.64	-0.00	7.67	1.257	274
36.576	21.64	24.65	0.00	7.67	1.257	274
36.608	21.66	24.67	-0.00	7.67	1.257	274
36.640	21.66	24.67	-0.00	7.67	1.257	274
36.672	21.67	24.69	-0.00	7.67	1.257	274
36.704	21.68	24.69	-0.00	7.67	1.257	274
36.736	21.70	24.71	0.00	7.67	1.257	274
36.768	21.70	24.71	-0.00	7.67	1.257	274
36.800	21.71	24.72	-0.01	7.66	1.252	273
36.832	21.71	24.72	-0.01	7.66	1.252	273
36.864	21.70	24.72	0.00	7.67	1.252	273
36.896	21.69	24.70	-0.00	7.67	1.252	273
36.928	21.68	24.69	-0.01	7.66	1.252	273
36.960	21.67	24.69	-0.00	7.67	1.252	273
36.992	21.67	24.69	-0.01	7.66	1.252	273
37.024	21.67	24.68	0.00	7.67	1.252	273
37.056	21.67	24.68	0.00	7.67	1.252	273
37.088	21.68	24.69	-0.00	7.67	1.252	273
37.120	21.69	24.70	-0.00	7.67	1.252	273
37.152	21.71	24.72	-0.01	7.66	1.252	273
37.184	21.72	24.74	0.00	7.67	1.252	273
37.216	21.74	24.75	-0.00	7.67	1.252	273
37.248	21.74	24.75	-0.01	7.66	1.252	273
37.280	21.75	24.76	-0.00	7.67	1.257	274
37.312	21.76	24.78	-0.00	7.67	1.257	274
37.344	21.76	24.78	-0.00	7.67	1.257	274
37.376	21.74	24.75	0.00	7.67	1.257	274
37.408	21.71	24.72	-0.00	7.67	1.257	274
37.440	21.69	24.70	-0.00	7.67	1.257	274
37.472	21.69	24.70	-0.00	7.67	1.257	274
37.504	21.68	24.69	0.00	7.67	1.257	274
37.536	21.68	24.69	0.00	7.67	1.257	274
37.568	21.66	24.67	-0.00	7.67	1.257	274
37.600	21.63	24.64	-0.01	7.66	1.257	274
37.632	21.63	24.64	-0.01	7.66	1.257	274
37.664	21.65	24.66	0.00	7.67	1.257	274
37.696	21.66	24.67	-0.00	7.67	1.257	274
37.728	21.66	24.68	-0.01	7.66	1.257	274
37.760	21.68	24.69	-0.00	7.67	1.257	274
37.792	21.68	24.69	-0.00	7.67	1.257	274
37.824	21.67	24.69	0.00	7.67	1.257	274
37.856	21.66	24.67	-0.00	7.67	1.257	274
37.888	21.66	24.67	-0.00	7.67	1.257	274
37.920	21.69	24.70	-0.01	7.66	1.257	274
37.952	21.70	24.71	-0.01	7.66	1.257	274
37.984	21.70	24.71	-0.00	7.67	1.257	274
38.016	21.71	24.72	0.00	7.67	1.257	274
38.048	21.72	24.73	-0.01	7.66	1.257	274
38.080	21.74	24.75	-0.01	7.66	1.257	274
38.112	21.74	24.75	-0.00	7.67	1.257	274
38.144	21.73	24.75	0.00	7.67	1.257	274
38.176	21.74	24.75	0.00	7.67	1.257	274
38.208	21.74	24.75	0.00	7.67	1.257	274
38.240	21.72	24.73	-0.01	7.66	1.257	274
38.272	21.71	24.73	-0.00	7.67	1.257	274
38.304	21.71	24.72	0.00	7.67	1.257	274
38.336	21.69	24.71	-0.00	7.67	1.257	274
38.368	21.68	24.69	-0.01	7.66	1.257	274
38.400	21.67	24.68	-0.00	7.67	1.257	274
38.432	21.66	24.68	-0.00	7.67	1.257	274
38.464	21.67	24.68	-0.00	7.67	1.257	274
38.496	21.68	24.69	-0.00	7.67	1.257	274
38.528	21.68	24.70	-0.00	7.67	1.257	274
38.560	21.69	24.70	-0.00	7.67	1.257	274
38.592	21.69	24.70	-0.00	7.67	1.257	274
38.624	21.70	24.71	0.00	7.67	1.257	274
38.656	21.70	24.71	-0.00	7.67	1.257	274
38.688	21.70	24.71	-0.00	7.67	1.257	274
38.720	21.70	24.72	-0.00	7.67	1.257	274
38.752	21.70	24.72	-0.00	7.67	1.257	274
38.784	21.71	24.72	0.00	7.67	1.257	274
38.816	21.70	24.72	-0.00	7.67	1.257	274
38.848	21.69	24.71	-0.00	7.67	1.257	274
38.880	21.70	24.72	-0.00	7.67	1.257	274
38.912	21.72	24.74	0.00	7.67	1.257	274
38.944	21.75	24.76	0.00	7.67	1.257	274
38.976	21.76	24.77	-0.00	7.67	1.257	274
39.008	21.76	24.77	-0.00	7.67	1.257	274
39.040	21.76	24.77	-0.00	7.67	1.257	274
39.072	21.75	24.76	0.00	7.67	1.257	274
39.104	21.75	24.77	0.00	7.67	1.257	274
39.136	21.75	24.76	0.00	7.67	1.257	274
39.168	21.73	24.74	-0.00	7.67	1.257	274
39.200	21.70	24.72	-0.00	7.67	1.257	274
39.232	21.68	24.69	0.00	7.67	1.257	274
39.264	21.65	24.67	0.00	7.67	1.257	274
39.296	21.64	24.65	-0.00	7.67	1.257	274
39.328	21.62	24.63	0.00	7.67	1.257	274
39.360	21.62	24.63	-0.01	7.66	1.257	274
39.392	21.64	24.65	-0.00	7.67	1.257	274
39.424	21.67	24.69	-0.00	7.67	1.257	274
39.456	21.70	24.72	0.00	7.67	1.257	274
39.488	21.72	24.73	-0.00	7.67	1.257	274
39.520	21.71	24.73	-0.00	7.67	1.257	274
39.552	21.68	24.70	0.00	7.67	1.257	274
39.584	21.67	24.69	0.00	7.67	1.257	274
39.616	21.67	24.68	-0.01	7.66	1.252	273
39.648	21.66	24.68	-0.00	7.67	1.252	273
39.680	21.65	24.67	-0.00	7.67	1.252	273
39.712	21.64	24.65	-0.00	7.67	1.252	273
39.744	21.61	24.62	0.00	7.67	1.252	273
39.776	21.58	24.59	-0.00	7.67	1.252	273
39.808	21.54	24.55	-0.00	7.67	1.252	273
39.840	21.53	24.54	-0.01	7.66	1.252	273
39.872	21.53	24.54	0.00	7.67	1.252	273
39.904	21.53	24.55	0.00	7.67	1.252	273
39.936	21.54	24.55	-0.01	7.66	1.252	273
39.968	21.56	24.57	-0.00	7.67	1.252	273
40.000	21.60	24.61	-0.00	7.67	1.252	273
40.032	21.62	24.63	-0.00	7.67	1.252	273
40.064	21.65	24.66	0.00	7.67	1.252	273
40.096	21.68	24.69	-0.00	7.67	1.257	274
40.128	21.70	24.71	-0.00	7.67	1.257	274
40.160	21.70	24.72	-0.01	7.66	1.257	274
40.192	21.70	24.71	-0.00	7.67	1.257	274
40.224	21.68	24.70	-0.01	7.66	1.257	274
40.256	21.66	24.68	-0.00	7.67	1.257	274
40.288	21.64	24.65	-0.01	7.66	1.257	274
40.320	21.64	24.65	-0.00	7.67	1.257	274
40.352	21.65	24.66	-0.00	7.67	1.257	274
40.384	21.64	24.66	0.00	7.67	1.257	274
40.416	21.63	24.64	-0.00	7.67	1.257	274
40.448	21.64	24.65	-0.01	7.66	1.257	274
40.480	21.65	24.67	-0.00	7.67	1.257	274
40.512	21.67	24.68	-0.00	7.67	1.257	274
40.544	21.69	24.71	-0.00	7.67	1.252	273
40.576	21.72	24.73	-0.01	7.66	1.252	273
40.608	21.72	24.74	-0.00	7.67	1.252	273
40.640	21.73	24.74	-0.00	7.67	1.252	273
40.672	21.72	24.73	-0.00	7.67	1.252	273
40.704	21.71	24.73	0.00	7.67	1.252	273
40.736	21.69	24.70	0.00	7.67	1.252	273
40.768	21.65	24.66	-0.01	7.66	1.252	273
40.800	21.62	24.63	-0.01	7.66	1.252	273
40.832	21.63	24.64	0.00	7.67	1.252	273
40.864	21.65	24.66	-0.00	7.67	1.252	273
40.896	21.66	24.68	-0.00	7.67	1.252	273
40.928	21.68	24.69	-0.00	7.67	1.252	273
40.960	21.70	24.72	-0.00	7.67	1.252	273
40.992	21.73	24.74	0.00	7.67	1.252	273
41.024	21.75	24.77	-0.00	7.67	1.261	275
41.056	21.77	24.78	-0.00	7.67	1.261	275
41.088	21.78	24.79	-0.00	7.67	1.261	275
41.120	21.77	24.78	-0.00	7.67	1.261	275
41.152	21.77	24.79	0.00	7.67	1.261	275
41.184	21.76	24.77	-0.00	7.67	1.261	275
41.216	21.73	24.75	-0.01	7.66	1.261	275
41.248	21.68	24.70	-0.01	7.66	1.261	275
41.280	21.64	24.65	-0.00	7.67	1.261	275
41.312	21.61	24.63	-0.01	7.66	1.261	275
41.344	21.61	24.63	-0.00	7.67	1.261	275
41.376	21.62	24.63	0.00	7.67	1.261	275
41.408	21.64	24.65	-0.00	7.67	1.261	275
41.440	21.65	24.66	0.00	7.67	1.261	275
41.472	21.67	24.69	-0.00	7.67	1.261	275
41.504	21.69	24.71	-0.00	7.67	1.252	273
41.536	21.72	24.73	-0.00	7.67	1.252	273
41.568	21.72	24.74	-0.01	7.66	1.252	273
41.600	21.72	24.73	-0.00	7.67	1.252	273
41.632	21.70	24.71	0.00	7.67	1.252	273
41.664	21.69	24.70	-0.00	7.67	1.252	273
41.696	21.69	24.70	-0.00	7.67	1.252	273
41.728	21.68	24.69	-0.00	7.67	1.252	273
41.760	21.69	24.70	-0.00	7.67	1.252	273
41.792	21.70	24.71	-0.00	7.67	1.252	273
41.824	21.70	24.72	-0.00	7.67	1.252	273
41.856	21.72	24.73	-0.00	7.67	1.252	273
41.888	21.74	24.76	-0.01	7.66	1.252	273
41.920	21.75	24.77	-0.00	7.67	1.252	273
41.952	21.77	24.78	-0.00	7.67	1.261	275
41.984	21.77	24.79	-0.01	7.66	1.261	275
42.016	21.79	24.80	-0.00	7.67	1.261	275
42.048	21.77	24.78	-0.00	7.67	1.261	275
42.080	21.74	24.76	-0.00	7.67	1.261	275
42.112	21.71	24.73	-0.00	7.67	1.261	275
42.144	21.70	24.71	-0.00	7.67	1.261	275
42.176	21.66	24.68	-0.00	7.67	1.261	275
42.208	21.63	24.64	-0.00	7.67	1.261	275
42.240	21.60	24.61	-0.00	7.67	1.261	275
42.272	21.60	24.61	0.00	7.67	1.261	275
42.304	21.61	24.62	-0.00	7.67	1.261	275
42.336	21.62	24.64	-0.00	7.67	1.261	275
42.368	21.65	24.66	-0.00	7.67	1.261	275
42.400	21.68	24.69	-0.00	7.67	1.261	275
42.432	21.71	24.73	-0.00	7.67	1.257	274
42.464	21.72	24.74	0.00	7.67	1.257	274
42.496	21.74	24.75	-0.00	7.67	1.257	274
42.528	21.74	24.75	-0.01	7.66	1.257	274
42.560	21.74	24.75	0.00	7.67	1.257	274
42.592	21.73	24.74	-0.00	7.67	1.257	274
42.624	21.74	24.75	0.00	7.67	1.257	274
42.656	21.74	24.75	-0.01	7.66	1.257	274
42.688	21.72	24.74	-0.00	7.67	1.257	274
42.720	21.71	24.72	-0.00	7.67	1.257	274
42.752	21.70	24.72	0.00	7.67	1.257	274
42.784	21.71	24.72	-0.01	7.66	1.257	274
42.816	21.72	24.74	-0.00	7.67	1.257	274
42.848	21.74	24.75	-0.00	7.67	1.257	274
42.880	21.74	24.75	0.00	7.67	1.257	274
42.912	21.76	24.77	-0.00	7.67	1.257	274
42.944	21.76	24.77	-0.01	7.66	1.257	274
42.976	21.77	24.78	-0.00	7.67	1.257	274
43.008	21.77	24.78	-0.01	7.66	1.257	274
43.040	21.77	24.79	-0.01	7.66	1.257	274
43.072	21.77	24.78	0.00	7.67	1.257	274
43.104	21.75	24.76	-0.00	7.67	1.257	274
43.136	21.73	24.74	-0.00	7.67	1.257	274
43.168	21.70	24.71	-0.01	7.66	1.257	274
43.200	21.67	24.69	-0.00	7.67	1.257	274
43.232	21.67	24.68	-0.00	7.67	1.257	274
43.264	21.68	24.69	-0.00	7.67	1.257	274
43.296	21.69	24.70	-0.01	7.66	1.257	274
43.328	21.70	24.71	-0.00	7.67	1.257	274
43.360	21.70	24.72	-0.00	7.67	1.257	274
43.392	21.72	24.73	0.00	7.67	1.257	274
43.424	21.73	24.74	-0.00	7.67	1.257	274
43.456	21.74	24.76	-0.00	7.67	1.257	274
43.488	21.76	24.77	-0.01	7.66	1.257	274
43.520	21.75	24.76	-0.00	7.67	1.257	274
43.552	21.72	24.74	-0.00	7.67	1.257	274
43.584	21.70	24.72	0.00	7.67	1.257	274
43.616	21.68	24.69	-0.00	7.67	1.257	274
43.648	21.66	24.68	-0.00	7.67	1.257	274
43.680	21.63	24.64	-0.00	7.67	1.257	274
43.712	21.62	24.63	0.00	7.67	1.257	274
43.744	21.62	24.64	-0.01	7.66	1.257	274
43.776	21.64	24.65	-0.00	7.67	1.257	274
43.808	21.65	24.67	-0.00	7.67	1.257	274
43.840	21.66	24.68	0.00	7.67	1.257	274
43.872	21.68	24.70	0.00	7.67	1.257	274
43.904	21.69	24.70	-0.00	7.67	1.257	274
43.936	21.70	24.72	-0.00	7.67	1.257	274
43.968	21.72	24.74	-0.00	7.67	1.257	274
44.000	21.74	24.75	-0.00	7.67	1.257	274
44.032	21.75	24.76	-0.00	7.67	1.257	274
44.064	21.74	24.75	-0.01	7.66	1.257	274
44.096	21.73	24.74	-0.00	7.67	1.257	274
44.128	21.71	24.73	-0.00	7.67	1.257	274
44.160	21.68	24.70	-0.00	7.67	1.257	274
44.192	21.67	24.69	-0.00	7.67	1.257	274
44.224	21.67	24.68	-0.00	7.67	1.257	274
44.256	21.67	24.68	-0.01	7.66	1.257	274
44.288	21.66	24.68	-0.01	7.66	1.261	275
44.320	21.67	24.68	-0.00	7.67	1.261	275
44.352	21.69	24.70	0.00	7.67	1.261	275
44.384	21.70	24.71	-0.01	7.66	1.261	275
44.416	21.71	24.72	-0.01	7.66	1.261	275
44.448	21.72	24.74	0.00	7.67	1.261	275
44.480	21.73	24.74	-0.00	7.67	1.261	275
44.512	21.73	24.74	-0.00	7.67	1.261	275
44.544	21.71	24.73	-0.00	7.67	1.261	275
44.576	21.71	24.72	-0.01	7.66	1.261	275
44.608	21.69	24.70	-0.01	7.66	1.261	275
44.640	21.65	24.67	0.00	7.67	1.261	275
44.672	21.64	24.66	-0.00	7.67	1.261	275
44.704	21.65	24.66	-0.00	7.67	1.261	275
44.736	21.67	24.68	-0.00	7.67	1.261	275
44.768	21.68	24.70	-0.01	7.66	1.257	274
44.800	21.70	24.72	-0.00	7.67	1.257	274
44.832	21.72	24.74	-0.00	7.67	1.257	274
44.864	21.74	24.75	-0.00	7.67	1.257	274
44.896	21.77	24.78	-0.00	7.67	1.257	274
44.928	21.79	24.80	-0.00	7.67	1.257	274
44.960	21.80	24.81	-0.00	7.67	1.257	274
44.992	21.81	24.82	0.00	7.67	1.257	274
45.024	21.80	24.82	-0.00	7.67	1.257	274
45.056	21.81	24.82	-0.01	7.66	1.257	274
45.088	21.80	24.81	-0.00	7.67	1.257	274
45.120	21.77	24.78	-0.00	7.67	1.257	274
45.152	21.75	24.76	0.00	7.67	1.257	274
45.184	21.75	24.77	-0.01	7.66	1.257	274
45.216	21.76	24.77	-0.00	7.67	1.257	274
45.248	21.75	24.77	-0.00	7.67	1.257	274
45.280	21.76	24.78	-0.00	7.67	1.257	274
45.312	21.77	24.79	-0.00	7.67	1.257	274
45.344	21.77	24.78	-0.00	7.67	1.257	274
45.376	21.79	24.80	-0.00	7.67	1.257	274
45.408	21.82	24.83	-0.00	7.67	1.257	274
45.440	21.83	24.85	-0.00	7.67	1.257	274
45.472	21.82	24.83	0.00	7.67	1.257	274
45.504	21.80	24.81	-0.01	7.66	1.257	274
45.536	21.79	24.80	-0.01	7.66	1.257	274
45.568	21.79	24.80	-0.00	7.67	1.257	274
45.600	21.76	24.78	0.00	7.67	1.257	274
45.632	21.74	24.76	-0.00	7.67	1.257	274
45.664	21.73	24.74	-0.01	7.66	1.257	274
45.696	21.73	24.74	-0.01	7.66	1.261	275
45.728	21.71	24.73	-0.00	7.67	1.261	275
45.760	21.70	24.72	-0.00	7.67	1.261	275
45.792	21.69	24.70	0.00	7.67	1.261	275
45.824	21.69	24.70	-0.01	7.66	1.261	275
45.856	21.70	24.71	-0.01	7.66	1.261	275
45.888	21.71	24.72	-0.00	7.67	1.261	275
45.920	21.72	24.73	0.00	7.67	1.261	275
45.952	21.71	24.73	0.00	7.67	1.261	275
45.984	21.70	24.71	-0.00	7.67	1.261	275
46.016	21.69	24.70	-0.00	7.67	1.261	275
46.048	21.67	24.68	-0.01	7.66	1.261	275
46.080	21.66	24.67	-0.00	7.67	1.261	275
46.112	21.66	24.67	-0.00	7.67	1.261	275
46.144	21.67	24.68	-0.00	7.67	1.261	275
46.176	21.68	24.69	-0.01	7.66	1.261	275
46.208	21.71	24.72	-0.00	7.67	1.261	275
46.240	21.74	24.75	0.00	7.67	1.261	275
46.272	21.75	24.76	-0.01	7.66	1.261	275
46.304	21.75	24.76	-0.01	7.66	1.261	275
46.336	21.74	24.75	-0.01	7.66	1.261	275
46.368	21.74	24.75	-0.01	7.66	1.261	275
46.400	21.74	24.75	0.00	7.67	1.261	275
46.432	21.74	24.75	-0.00	7.67	1.261	275
46.464	21.73	24.74	-0.00	7.67	1.261	275
46.496	21.74	24.75	-0.00	7.67	1.261	275
46.528	21.72	24.74	-0.01	7.66	1.261	275
46.560	21.70	24.72	-0.00	7.67	1.261	275
46.592	21.68	24.70	-0.00	7.67	1.261	275
46.624	21.68	24.69	-0.00	7.67	1.261	275
46.656	21.69	24.70	-0.01	7.66	1.257	274
46.688	21.68	24.69	-0.01	7.66	1.257	274
46.720	21.66	24.68	-0.00	7.67	1.257	274
46.752	21.66	24.67	-0.00	7.67	1.257	274
46.784	21.67	24.68	-0.00	7.67	1.257	274
46.816	21.67	24.68	-0.00	7.67	1.257	274
46.848	21.69	24.70	-0.00	7.67	1.257	274
46.880	21.69	24.71	-0.00	7.67	1.257	274
46.912	21.70	24.71	-0.01	7.66	1.257	274
46.944	21.69	24.71	-0.01	7.66	1.257	274
46.976	21.71	24.72	-0.00	7.67	1.257	274
47.008	21.71	24.73	-0.00	7.67	1.257	274
47.040	21.69	24.70	-0.00	7.67	1.257	274
47.072	21.68	24.70	0.00	7.67	1.257	274
47.104	21.69	24.70	-0.00	7.67	1.257	274
47.136	21.69	24.71	-0.00	7.67	1.257	274
47.168	21.69	24.70	-0.00	7.67	1.257	274
47.200	21.69	24.70	0.00	7.67	1.257	274
47.232	21.69	24.70	-0.00	7.67	1.257	274
47.264	21.69	24.70	-0.01	7.66	1.257	274
47.296	21.69	24.70	-0.01	7.66	1.257	274
47.328	21.70	24.71	-0.00	7.67	1.257	274
47.360	21.70	24.72	-0.00	7.67	1.257	274
47.392	21.70	24.71	0.00	7.67	1.257	274
47.424	21.70	24.71	-0.00	7.67	1.257	274
47.456	21.70	24.71	-0.00	7.67	1.257	274
47.488	21.71	24.72	0.00	7.67	1.257	274
47.520	21.70	24.71	-0.00	7.67	1.257	274
47.552	21.68	24.69	0.00	7.67	1.257	274
47.584	21.69	24.70	-0.00	7.67	1.257	274
47.616	21.70	24.72	-0.01	7.66	1.257	274
47.648	21.70	24.71	-0.01	7.66	1.257	274
47.680	21.70	24.71	0.00	7.67	1.257	274
47.712	21.71	24.73	-0.00	7.67	1.257	274
47.744	21.72	24.73	-0.00	7.67	1.257	274
47.776	21.74	24.75	-0.00	7.67	1.257	274
47.808	21.75	24.77	-0.00	7.67	1.257	274
47.840	21.77	24.78	-0.00	7.67	1.257	274
47.872	21.77	24.78	-0.00	7.67	1.257	274
47.904	21.77	24.79	-0.01	7.66	1.257	274
47.936	21.78	24.79	-0.01	7.66	1.257	274
47.968	21.77	24.79	-0.01	7.66	1.257	274
48.000	21.75	24.76	0.00	7.67	1.257	274
48.032	21.71	24.72	-0.00	7.67	1.257	274
48.064	21.70	24.72	-0.01	7.66	1.257	274
48.096	21.70	24.72	0.00	7.67	1.257	274
48.128	21.70	24.72	-0.00	7.67	1.257	274
48.160	21.71	24.72	0.00	7.67	1.257	274
48.192	21.70	24.71	-0.00	7.67	1.257	274
48.224	21.70	24.71	-0.00	7.67	1.257	274
48.256	21.68	24.69	-0.00	7.67	1.257	274
48.288	21.69	24.70	-0.00	7.67	1.257	274
48.320	21.69	24.71	0.00	7.67	1.257	274
48.352	21.68	24.69	-0.00	7.67	1.257	274
48.384	21.67	24.69	-0.00	7.67	1.257	274
48.416	21.66	24.68	-0.00	7.67	1.257	274
48.448	21.65	24.67	-0.00	7.67	1.257	274
48.480	21.63	24.65	0.00	7.67	1.257	274
48.512	21.63	24.64	-0.00	7.67	1.257	274
48.544	21.66	24.67	-0.00	7.67	1.257	274
48.576	21.70	24.71	-0.01	7.66	1.257	274
48.608	21.73	24.75	-0.00	7.67	1.257	274
48.640	21.75	24.77	-0.00	7.67	1.257	274
48.672	21.77	24.78	-0.00	7.67	1.257	274
48.704	21.79	24.80	-0.00	7.67	1.257	274
48.736	21.80	24.82	-0.00	7.67	1.257	274
48.768	21.84	24.85	-0.00	7.67	1.257	274
48.800	21.84	24.85	-0.00	7.67	1.257	274
48.832	21.82	24.83	0.00	7.67	1.257	274
48.864	21.78	24.80	-0.00	7.67	1.257	274
48.896	21.75	24.77	-0.01	7.66	1.257	274
48.928	21.72	24.74	-0.01	7.66	1.257	274
48.960	21.70	24.71	0.00	7.67	1.257	274
48.992	21.67	24.68	-0.00	7.67	1.261	275
49.024	21.66	24.68	0.00	7.67	1.261	275
49.056	21.67	24.68	-0.01	7.66	1.261	275
49.088	21.69	24.70	-0.01	7.66	1.261	275
49.120	21.71	24.72	0.00	7.67	1.261	275
49.152	21.73	24.74	-0.00	7.67	1.261	275
49.184	21.73	24.75	-0.00	7.67	1.261	275
49.216	21.74	24.76	-0.00	7.67	1.261	275
49.248	21.77	24.78	-0.01	7.66	1.261	275
49.280	21.79	24.81	-0.00	7.67	1.261	275
49.312	21.80	24.81	-0.00	7.67	1.261	275
49.344	21.79	24.81	-0.01	7.66	1.261	275
49.376	21.79	24.80	-0.00	7.67	1.261	275
49.408	21.76	24.78	-0.00	7.67	1.261	275
49.440	21.74	24.76	0.00	7.67	1.257	274
49.472	21.73	24.74	0.00	7.67	1.257	274
49.504	21.71	24.72	-0.01	7.66	1.257	274
49.536	21.71	24.72	-0.01	7.66	1.257	274
49.568	21.70	24.72	-0.00	7.67	1.257	274
49.600	21.71	24.73	-0.00	7.67	1.257	274
49.632	21.72	24.74	-0.00	7.67	1.257	274
49.664	21.72	24.74	-0.00	7.67	1.257	274
49.696	21.73	24.74	-0.01	7.66	1.257	274
49.728	21.74	24.75	-0.00	7.67	1.257	274
49.760	21.76	24.78	0.00	7.67	1.257	274
49.792	21.78	24.80	-0.00	7.67	1.257	274
49.824	21.79	24.80	-0.00	7.67	1.257	274
49.856	21.79	24.80	-0.00	7.67	1.257	274
49.888	21.78	24.79	0.00	7.67	1.257	274
49.920	21.77	24.78	-0.00	7.67	1.261	275
49.952	21.75	24.76	-0.00	7.67	1.261	275
49.984	21.74	24.75	-0.00	7.67	1.261	275
50.016	21.72	24.74	-0.00	7.67	1.261	275
50.048	21.70	24.72	-0.01	7.66	1.261	275
50.080	21.69	24.70	-0.00	7.67	1.261	275
50.112	21.68	24.69	0.00	7.67	1.261	275
50.144	21.67	24.69	-0.01	7.66	1.261	275
50.176	21.67	24.68	-0.01	7.66	1.261	275
50.208	21.69	24.70	-0.00	7.67	1.261	275
50.240	21.70	24.71	-0.00	7.67	1.261	275
50.272	21.72	24.74	-0.00	7.67	1.261	275
50.304	21.74	24.76	-0.00	7.67	1.261	275
50.336	21.77	24.78	-0.00	7.67	1.261	275
50.368	21.78	24.79	-0.00	7.67	1.261	275
50.400	21.76	24.78	-0.00	7.67	1.257	274
50.432	21.72	24.74	-0.00	7.67	1.257	274
50.464	21.70	24.72	-0.01	7.66	1.257	274
50.496	21.71	24.72	-0.00	7.67	1.257	274
50.528	21.74	24.75	-0.00	7.67	1.257	274
50.560	21.76	24.78	0.00	7.67	1.257	274
50.592	21.77	24.78	0.00	7.67	1.257	274
50.624	21.79	24.80	-0.00	7.67	1.257	274
50.656	21.79	24.80	-0.00	7.67	1.257	274
50.688	21.80	24.81	-0.00	7.67	1.257	274
50.720	21.80	24.81	0.00	7.67	1.257	274
50.752	21.79	24.81	-0.00	7.67	1.257	274
50.784	21.80	24.81	-0.00	7.67	1.257	274
50.816	21.79	24.81	-0.01	7.66	1.257	274
50.848	21.78	24.80	-0.00	7.67	1.261	275
50.880	21.77	24.79	-0.00	7.67	1.261	275
50.912	21.75	24.76	-0.01	7.66	1.261	275
50.944	21.73	24.74	-0.01	7.66	1.261	275
50.976	21.73	24.74	-0.01	7.66	1.261	275
51.008	21.75	24.76	-0.00	7.67	1.261	275
51.040	21.77	24.78	0.00	7.67	1.261	275
51.072	21.79	24.80	-0.00	7.67	1.261	275
51.104	21.81	24.82	-0.01	7.66	1.261	275
51.136	21.81	24.82	-0.01	7.66	1.261	275
51.168	21.81	24.83	-0.00	7.67	1.261	275
51.200	21.82	24.84	-0.00	7.67	1.261	275
51.232	21.83	24.85	-0.00	7.67	1.261	275
51.264	21.84	24.85	-0.00	7.67	1.261	275
51.296	21.84	24.85	-0.00	7.67	1.261	275
51.328	21.83	24.84	-0.01	7.66	1.261	275
51.360	21.82	24.83	0.00	7.67	1.261	275
51.392	21.81	24.82	-0.00	7.67	1.261	275
51.424	21.80	24.82	-0.00	7.67	1.261	275
51.456	21.80	24.82	-0.00	7.67	1.261	275
51.488	21.79	24.81	-0.01	7.66	1.261	275
51.520	21.79	24.80	-0.00	7.67	1.261	275
51.552	21.77	24.78	-0.00	7.67	1.261	275
51.584	21.77	24.79	-0.00	7.67	1.261	275
51.616	21.77	24.79	-0.01	7.66	1.261	275
51.648	21.79	24.80	-0.00	7.67	1.261	275
51.680	21.80	24.81	0.00	7.67	1.261	275
51.712	21.81	24.82	0.00	7.67	1.261	275
51.744	21.83	24.84	-0.00	7.67	1.261	275
51.776	21.83	24.84	-0.01	7.66	1.261	275
51.808	21.81	24.83	-0.00	7.67	1.257	274
51.840	21.78	24.79	0.00	7.67	1.257	274
51.872	21.73	24.74	-0.00	7.67	1.257	274
51.904	21.70	24.71	-0.00	7.67	1.257	274
51.936	21.68	24.69	-0.01	7.66	1.257	274
51.968	21.68	24.69	-0.00	7.67	1.257	274
52.000	21.70	24.71	0.00	7.67	1.257	274
52.032	21.70	24.72	-0.01	7.66	1.257	274
52.064	21.70	24.71	-0.00	7.67	1.257	274
52.096	21.69	24.70	-0.01	7.66	1.257	274
52.128	21.67	24.69	-0.01	7.66	1.257	274
52.160	21.67	24.69	-0.00	7.67	1.257	274
52.192	21.67	24.68	-0.00	7.67	1.257	274
52.224	21.67	24.68	-0.00	7.67	1.257	274
52.256	21.67	24.68	-0.01	7.66	1.261	275
52.288	21.67	24.68	-0.00	7.67	1.261	275
52.320	21.67	24.68	-0.00	7.67	1.261	275
52.352	21.65	24.67	-0.00	7.67	1.261	275
52.384	21.65	24.66	-0.01	7.66	1.261	275
52.416	21.65	24.66	-0.00	7.67	1.261	275
52.448	21.65	24.67	-0.01	7.66	1.261	275
52.480	21.65	24.67	-0.00	7.67	1.261	275
52.512	21.67	24.68	-0.00	7.67	1.261	275
52.544	21.68	24.69	-0.01	7.66	1.261	275
52.576	21.69	24.70	-0.00	7.67	1.261	275
52.608	21.71	24.73	-0.01	7.66	1.261	275
52.640	21.74	24.76	-0.00	7.67	1.261	275
52.672	21.76	24.77	-0.00	7.67	1.261	275
52.704	21.77	24.78	-0.00	7.67	1.261	275
52.736	21.78	24.79	-0.00	7.67	1.257	274
52.768	21.77	24.78	-0.00	7.67	1.257	274
52.800	21.75	24.77	0.00	7.67	1.257	274
52.832	21.72	24.73	0.00	7.67	1.257	274
52.864	21.70	24.71	-0.00	7.67	1.257	274
52.896	21.70	24.71	0.00	7.67	1.257	274
52.928	21.69	24.71	-0.01	7.66	1.257	274
52.960	21.69	24.71	0.00	7.67	1.257	274
52.992	21.69	24.71	-0.00	7.67	1.257	274
53.024	21.69	24.70	-0.01	7.66	1.257	274
53.056	21.68	24.70	-0.00	7.67	1.257	274
53.088	21.70	24.71	-0.00	7.67	1.257	274
53.120	21.72	24.74	-0.00	7.67	1.257	274
53.152	21.75	24.76	-0.00	7.67	1.257	274
53.184	21.76	24.78	-0.01	7.66	1.257	274
53.216	21.77	24.78	-0.01	7.66	1.257	274
53.248	21.77	24.78	-0.00	7.67	1.257	274
53.280	21.76	24.78	-0.00	7.67	1.257	274
53.312	21.74	24.75	-0.00	7.67	1.257	274
53.344	21.71	24.73	-0.01	7.66	1.257	274
53.376	21.71	24.72	-0.00	7.67	1.257	274
53.408	21.71	24.72	-0.00	7.67	1.257	274
53.440	21.72	24.73	-0.00	7.67	1.257	274
53.472	21.72	24.73	-0.01	7.66	1.257	274
53.504	21.72	24.73	-0.00	7.67	1.257	274
53.536	21.71	24.73	-0.01	7.66	1.257	274
53.568	21.71	24.73	-0.00	7.67	1.257	274
53.600	21.72	24.73	-0.00	7.67	1.257	274
53.632	21.73	24.74	-0.00	7.67	1.257	274
53.664	21.73	24.74	-0.01	7.66	1.257	274
53.696	21.74	24.75	-0.00	7.67	1.257	274
53.728	21.73	24.74	-0.00	7.67	1.257	274
53.760	21.72	24.73	-0.00	7.67	1.257	274
53.792	21.70	24.71	-0.00	7.67	1.257	274
53.824	21.67	24.69	-0.00	7.67	1.257	274
53.856	21.68	24.69	-0.00	7.67	1.257	274
53.888	21.68	24.70	-0.00	7.67	1.257	274
53.920	21.68	24.69	-0.00	7.67	1.257	274
53.952	21.70	24.71	-0.00	7.67	1.257	274
53.984	21.71	24.72	-0.00	7.67	1.257	274
54.016	21.71	24.73	-0.00	7.67	1.257	274
54.048	21.71	24.73	-0.00	7.67	1.257	274
54.080	21.72	24.73	0.00	7.67	1.257	274
54.112	21.72	24.73	-0.01	7.66	1.257	274
54.144	21.73	24.74	-0.00	7.67	1.257	274
54.176	21.74	24.75	-0.00	7.67	1.257	274
54.208	21.75	24.76	-0.00	7.67	1.257	274
54.240	21.74	24.75	-0.00	7.67	1.257	274
54.272	21.72	24.73	-0.00	7.67	1.257	274
54.304	21.69	24.70	-0.00	7.67	1.257	274
54.336	21.69	24.70	-0.01	7.66	1.257	274
54.368	21.69	24.71	-0.00	7.67	1.257	274
54.400	21.69	24.70	0.00	7.67	1.257	274
54.432	21.67	24.69	-0.00	7.67	1.257	274
54.464	21.67	24.68	-0.01	7.66	1.257	274
54.496	21.67	24.69	-0.00	7.67	1.257	274
54.528	21.67	24.68	0.00	7.67	1.257	274
54.560	21.69	24.71	-0.00	7.67	1.257	274
54.592	21.70	24.71	-0.01	7.66	1.261	275
54.624	21.69	24.70	-0.00	7.67	1.261	275
54.656	21.68	24.70	-0.01	7.66	1.261	275
54.688	21.68	24.70	-0.00	7.67	1.261	275
54.720	21.68	24.69	-0.00	7.67	1.261	275
54.752	21.67	24.68	-0.00	7.67	1.261	275
54.784	21.65	24.66	-0.01	7.66	1.261	275
54.816	21.65	24.67	-0.00	7.67	1.261	275
54.848	21.66	24.67	-0.00	7.67	1.261	275
54.880	21.66	24.67	-0.00	7.67	1.261	275
54.912	21.67	24.68	-0.00	7.67	1.261	275
54.944	21.67	24.69	-0.00	7.67	1.261	275
54.976	21.68	24.69	-0.00	7.67	1.261	275
55.008	21.68	24.69	0.00	7.67	1.261	275
55.040	21.68	24.69	-0.00	7.67	1.261	275
55.072	21.68	24.69	-0.00	7.67	1.257	274
55.104	21.66	24.68	-0.01	7.66	1.257	274
55.136	21.64	24.65	-0.00	7.67	1.257	274
55.168	21.62	24.64	-0.00	7.67	1.257	274
55.200	21.63	24.64	0.00	7.67	1.257	274
55.232	21.62	24.64	-0.01	7.66	1.257	274
55.264	21.60	24.61	-0.01	7.66	1.257	274
55.296	21.59	24.60	-0.01	7.66	1.257	274
55.328	21.59	24.60	-0.00	7.67	1.257	274
55.360	21.59	24.60	-0.00	7.67	1.257	274
55.392	21.60	24.61	-0.00	7.67	1.257	274
55.424	21.61	24.62	-0.01	7.66	1.257	274
55.456	21.62	24.64	-0.01	7.66	1.257	274
55.488	21.62	24.64	-0.00	7.67	1.257	274
55.520	21.64	24.65	-0.00	7.67	1.257	274
55.552	21.65	24.66	-0.01	7.66	1.257	274
55.584	21.67	24.68	-0.00	7.67	1.257	274
55.616	21.69	24.70	-0.00	7.67	1.257	274
55.648	21.69	24.71	-0.01	7.66	1.257	274
55.680	21.68	24.70	-0.00	7.67	1.257	274
55.712	21.66	24.67	-0.00	7.67	1.257	274
55.744	21.64	24.65	-0.00	7.67	1.257	274
55.776	21.62	24.63	-0.01	7.66	1.257	274
55.808	21.62	24.64	-0.00	7.67	1.257	274
55.840	21.63	24.64	0.00	7.67	1.257	274
55.872	21.63	24.64	-0.01	7.66	1.257	274
55.904	21.63	24.64	-0.01	7.66	1.257	274
55.936	21.62	24.64	-0.00	7.67	1.257	274
55.968	21.63	24.64	-0.00	7.67	1.257	274
56.000	21.66	24.67	-0.00	7.67	1.257	274
56.032	21.68	24.69	-0.00	7.67	1.257	274
56.064	21.68	24.69	-0.01	7.66	1.257	274
56.096	21.69	24.70	-0.00	7.67	1.257	274
56.128	21.71	24.72	0.00	7.67	1.257	274
56.160	21.71	24.72	0.00	7.67	1.257	274
56.192	21.72	24.73	-0.00	7.67	1.257	274
56.224	21.70	24.71	-0.00	7.67	1.257	274
56.256	21.70	24.71	-0.00	7.67	1.257	274
56.288	21.70	24.71	-0.00	7.67	1.257	274
56.320	21.71	24.72	-0.00	7.67	1.257	274
56.352	21.70	24.72	-0.00	7.67	1.257	274
56.384	21.71	24.72	-0.00	7.67	1.257	274
56.416	21.71	24.72	-0.01	7.66	1.257	274
56.448	21.70	24.71	-0.00	7.67	1.257	274
56.480	21.71	24.72	-0.01	7.66	1.257	274
56.512	21.71	24.73	-0.00	7.67	1.257	274
56.544	21.71	24.73	-0.00	7.67	1.257	274
56.576	21.70	24.72	-0.01	7.66	1.257	274
56.608	21.70	24.71	0.00	7.67	1.257	274
56.640	21.69	24.70	-0.01	7.66	1.257	274
56.672	21.67	24.68	-0.01	7.66	1.257	274
56.704	21.65	24.66	-0.01	7.66	1.257	274
56.736	21.64	24.65	-0.00	7.67	1.257	274
56.768	21.63	24.64	-0.00	7.67	1.257	274
56.800	21.64	24.65	-0.00	7.67	1.257	274
56.832	21.65	24.66	-0.01	7.66	1.257	274
56.864	21.65	24.66	-0.01	7.66	1.257	274
56.896	21.65	24.66	-0.00	7.67	1.257	274
56.928	21.66	24.68	-0.00	7.67	1.257	274
56.960	21.70	24.71	-0.00	7.67	1.257	274
56.992	21.72	24.73	0.00	7.67	1.257	274
57.024	21.73	24.74	-0.01	7.66	1.257	274
57.056	21.74	24.75	-0.00	7.67	1.257	274
57.088	21.73	24.75	-0.00	7.67	1.257	274
57.120	21.72	24.73	-0.00	7.67	1.257	274
57.152	21.70	24.71	-0.00	7.67	1.257	274
57.184	21.68	24.69	-0.00	7.67	1.257	274
57.216	21.65	24.67	-0.00	7.67	1.257	274
57.248	21.64	24.65	-0.00	7.67	1.257	274
57.280	21.62	24.64	-0.01	7.66	1.257	274
57.312	21.61	24.62	-0.01	7.66	1.257	274
57.344	21.61	24.62	-0.00	7.67	1.257	274
57.376	21.62	24.63	-0.01	7.66	1.257	274
57.408	21.63	24.64	0.00	7.67	1.257	274
57.440	21.65	24.67	-0.00	7.67	1.257	274
57.472	21.68	24.69	-0.00	7.67	1.257	274
57.504	21.69	24.71	-0.01	7.66	1.257	274
57.536	21.69	24.70	0.00	7.67	1.257	274
57.568	21.69	24.70	-0.00	7.67	1.257	274
57.600	21.69	24.70	-0.00	7.67	1.257	274
57.632	21.67	24.68	-0.01	7.66	1.257	274
57.664	21.64	24.65	-0.00	7.67	1.257	274
57.696	21.61	24.62	-0.00	7.67	1.257	274
57.728	21.59	24.60	0.00	7.67	1.257	274
57.760	21.59	24.61	-0.00	7.67	1.257	274
57.792	21.60	24.61	-0.00	7.67	1.257	274
57.824	21.61	24.62	-0.01	7.66	1.257	274
57.856	21.63	24.65	-0.00	7.67	1.257	274
57.888	21.65	24.67	0.00	7.67	1.257	274
57.920	21.71	24.73	-0.00	7.67	1.257	274
57.952	21.75	24.76	-0.01	7.66	1.257	274
57.984	21.79	24.80	-0.01	7.66	1.257	274
58.016	21.80	24.82	-0.00	7.67	1.257	274
58.048	21.82	24.83	-0.00	7.67	1.257	274
58.080	21.80	24.82	-0.00	7.67	1.257	274
58.112	21.79	24.80	-0.01	7.66	1.257	274
58.144	21.76	24.77	-0.00	7.67	1.257	274
58.176	21.75	24.76	-0.00	7.67	1.257	274
58.208	21.75	24.77	0.00	7.67	1.257	274
58.240	21.75	24.76	-0.00	7.67	1.257	274
58.272	21.76	24.77	-0.00	7.67	1.257	274
58.304	21.77	24.79	-0.01	7.66	1.257	274
58.336	21.78	24.80	-0.00	7.67	1.257	274
58.368	21.78	24.80	-0.00	7.67	1.257	274
58.400	21.79	24.80	-0.01	7.66	1.257	274
58.432	21.79	24.80	-0.00	7.67	1.257	274
58.464	21.79	24.81	-0.00	7.67	1.257	274
58.496	21.79	24.80	-0.00	7.67	1.257	274
58.528	21.78	24.80	-0.00	7.67	1.257	274
58.560	21.77	24.78	-0.01	7.66	1.257	274
58.592	21.76	24.77	-0.01	7.66	1.257	274
58.624	21.74	24.75	-0.00	7.67	1.257	274
58.656	21.70	24.72	-0.00	7.67	1.257	274
58.688	21.70	24.71	-0.00	7.67	1.257	274
58.720	21.70	24.71	-0.01	7.66	1.257	274
58.752	21.70	24.72	-0.01	7.66	1.257	274
58.784	21.70	24.71	-0.01	7.66	1.257	274
58.816	21.71	24.72	-0.00	7.67	1.261	275
58.848	21.71	24.72	-0.01	7.66	1.261	275
58.880	21.72	24.74	-0.01	7.66	1.261	275
58.912	21.73	24.74	-0.00	7.67	1.261	275
58.944	21.71	24.73	-0.01	7.66	1.261	275
58.976	21.68	24.70	-0.00	7.67	1.261	275
59.008	21.66	24.67	-0.01	7.66	1.261	275
59.040	21.64	24.65	-0.00	7.67	1.261	275
59.072	21.65	24.66	-0.00	7.67	1.261	275
59.104	21.62	24.64	-0.00	7.67	1.261	275
59.136	21.62	24.64	0.00	7.67	1.261	275
59.168	21.63	24.64	-0.00	7.67	1.261	275
59.200	21.64	24.66	-0.01	7.66	1.261	275
59.232	21.65	24.67	-0.01	7.66	1.261	275
59.264	21.66	24.68	-0.01	7.66	1.261	275
59.296	21.67	24.68	0.00	7.67	1.257	274
59.328	21.67	24.68	-0.00	7.67	1.257	274
59.360	21.67	24.68	-0.00	7.67	1.257	274
59.392	21.69	24.70	-0.01	7.66	1.257	274
59.424	21.69	24.70	-0.01	7.66	1.257	274
59.456	21.69	24.70	0.00	7.67	1.257	274
59.488	21.69	24.71	-0.00	7.67	1.257	274
59.520	21.70	24.72	-0.00	7.67	1.257	274
59.552	21.70	24.72	-0.01	7.66	1.257	274
59.584	21.68	24.69	-0.01	7.66	1.257	274
59.616	21.65	24.66	-0.01	7.66	1.257	274
59.648	21.65	24.66	-0.00	7.67	1.257	274
59.680	21.65	24.66	-0.00	7.67	1.257	274
59.712	21.65	24.66	-0.01	7.66	1.257	274
59.744	21.66	24.67	-0.00	7.67	1.257	274
59.776	21.66	24.68	0.00	7.67	1.257	274
59.808	21.68	24.69	-0.01	7.66	1.257	274
59.840	21.71	24.73	-0.01	7.66	1.257	274
59.872	21.74	24.76	-0.01	7.66	1.257	274
59.904	21.76	24.78	-0.01	7.66	1.257	274
59.936	21.77	24.79	0.00	7.67	1.257	274
59.968	21.76	24.77	0.00	7.67	1.257	274
60.000	21.74	24.75	-0.00	7.67	1.257	274
60.032	21.71	24.73	-0.01	7.66	1.257	274
60.064	21.67	24.69	-0.00	7.67	1.257	274
60.096	21.63	24.64	-0.00	7.67	1.257	274
60.128	21.60	24.62	-0.00	7.67	1.257	274
60.160	21.61	24.62	-0.00	7.67	1.257	274
60.192	21.62	24.63	-0.01	7.66	1.257	274
60.224	21.63	24.64	-0.00	7.67	1.261	275
60.256	21.66	24.68	-0.00	7.67	1.261	275
60.288	21.68	24.69	-0.00	7.67	1.261	275
60.320	21.69	24.70	-0.00	7.67	1.261	275
60.352	21.70	24.72	-0.00	7.67	1.261	275
60.384	21.71	24.72	-0.00	7.67	1.261	275
60.416	21.71	24.73	-0.00	7.67	1.261	275
60.448	21.70	24.72	-0.00	7.67	1.261	275
60.480	21.69	24.71	-0.01	7.66	1.261	275
60.512	21.68	24.69	-0.01	7.66	1.261	275
60.544	21.66	24.67	-0.00	7.67	1.261	275
60.576	21.63	24.64	-0.00	7.67	1.261	275
60.608	21.63	24.64	-0.01	7.66	1.261	275
60.640	21.63	24.64	-0.00	7.67	1.261	275
60.672	20.75	23.77	-0.01	7.66	1.225	267
60.704	17.86	20.87	-0.01	7.66	1.225	267
60.736	14.37	17.39	-0.00	7.67	1.225	267
60.768	10.98	13.99	-0.00	7.67	1.225	267
60.800	8.15	11.17	-0.01	7.66	1.225	267
60.832	5.90	8.91	-0.01	7.66	1.225	267
60.864	4.09	7.10	-0.00	7.67	1.225	267
60.896	2.64	5.65	-0.00	7.67	1.225	267
60.928	1.50	4.51	-0.01	7.66	1.225	267
60.960	0.63	3.65	-0.01	7.66	1.225	267
60.992	0.02	3.04	-0.00	7.67	1.225	267
61.024	-0.39	2.62	-0.00	7.67	1.225	267
61.056	-0.65	2.36	-0.00	7.67	1.225	267
61.088	-0.79	2.22	-0.00	7.67	1.225	267
61.120	-0.84	2.18	-0.00	7.67	1.225	267
61.152	-0.80	2.21	-0.01	7.66	0.119	26
61.184	-0.72	2.29	0.00	7.67	0.119	26
61.216	-0.60	2.41	-0.00	7.67	0.119	26
61.248	-0.49	2.53	-0.00	7.67	0.119	26
61.280	-0.40	2.61	-0.01	7.66	0.119	26
61.312	-0.34	2.67	-0.01	7.66	0.119	26
61.344	-0.16	2.85	-0.01	7.66	0.119	26
61.376	-0.06	2.95	-0.00	7.67	0.119	26
61.408	0.00	3.02	-0.01	7.66	0.119	26
61.440	0.05	3.07	0.00	7.67	0.119	26
61.472	0.08	3.10	-0.01	7.66	0.119	26
61.504	0.13	3.14	-0.01	7.66	0.119	26
61.536	0.17	3.18	-0.00	7.67	0.119	26
61.568	0.20	3.21	-0.00	7.67	0.119	26
61.600	0.18	3.20	-0.00	7.67	0.119	26
61.632	0.13	3.14	-0.01	7.66	0.000	0
61.664	0.08	3.09	-0.00	7.67	0.000	0
61.696	0.01	3.02	-0.00	7.67	0.000	0
61.728	-0.05	2.96	-0.00	7.67	0.000	0
61.760	-0.11	2.90	-0.00	7.67	0.000	0
61.792	-0.14	2.88	-0.01	7.66	0.000	0
61.824	-0.13	2.89	-0.00	7.67	0.000	0
61.856	-0.12	2.89	-0.00	7.67	0.000	0
61.888	-0.15	2.86	-0.01	7.66	0.000	0
61.920	-0.20	2.81	-0.01	7.66	0.000	0
61.952	-0.29	2.72	-0.01	7.66	0.000	0
61.984	-0.35	2.66	-0.00	7.67	0.000	0
62.016	-0.37	2.64	-0.00	7.67	0.000	0
62.048	-0.38	2.64	-0.00	7.67	0.000	0
62.080	-0.37	2.64	-0.00	7.67	0.000	0
62.112	-0.38	2.64	-0.00	7.67	0.000	0
62.144	-0.37	2.64	-0.00	7.67	0.000	0
62.176	-0.38	2.64	-0.00	7.67	0.000	0
62.208	-0.41	2.60	-0.01	7.66	0.000	0
62.240	-0.47	2.54	-0.01	7.66	0.000	0
62.272	-0.53	2.49	-0.01	7.66	0.000	0
62.304	-0.57	2.45	0.00	7.67	0.000	0
62.336	-0.59	2.43	0.00	7.67	0.000	0
62.368	-0.59	2.42	-0.01	7.66	0.000	0
62.400	-0.60	2.42	-0.00	7.67	0.000	0
62.432	-0.60	2.41	-0.01	7.66	0.000	0
62.464	-0.60	2.41	0.00	7.67	0.000	0
