Tempo(s)    P0(KPa) P0+Coluna(KPa)  P1(KPa) P1+Coluna(KPa)  Vazao(L/min)    Pulsos
0.000	-0.02	2.74	-0.00	7.66	0.000	0
0.032	-0.03	2.74	-0.00	7.67	0.000	0
0.064	-0.02	2.74	-0.00	7.67	0.000	0
0.096	-0.03	2.74	-0.00	7.66	0.000	0
0.128	-0.03	2.74	0.00	7.67	0.000	0
0.160	-0.03	2.74	-0.00	7.67	0.000	0
0.192	-0.03	2.74	-0.01	7.66	0.000	0
0.224	-0.03	2.74	-0.00	7.66	0.000	0
0.256	-0.03	2.74	-0.01	7.66	0.000	0
0.288	-0.03	2.73	0.00	7.67	0.000	0
0.320	-0.03	2.73	-0.00	7.67	0.000	0
0.352	-0.03	2.73	-0.00	7.67	0.000	0
0.384	-0.03	2.73	-0.00	7.66	0.000	0
0.416	-0.04	2.73	-0.00	7.67	0.000	0
0.448	-0.04	2.73	0.00	7.67	0.000	0
0.480	-0.04	2.73	-0.00	7.67	0.000	0
0.512	-0.03	2.73	-0.00	7.66	0.000	0
0.544	-0.04	2.73	-0.00	7.67	0.000	0
0.576	-0.04	2.73	-0.01	7.66	0.000	0
0.608	-0.04	2.73	-0.00	7.66	0.000	0
0.640	-0.04	2.73	0.00	7.67	0.000	0
0.672	-0.04	2.73	-0.00	7.67	0.000	0
0.704	-0.04	2.73	0.00	7.67	0.000	0
0.736	-0.04	2.73	-0.00	7.67	0.000	0
0.768	-0.04	2.72	-0.00	7.67	0.000	0
0.800	-0.04	2.72	0.00	7.67	0.000	0
0.832	-0.04	2.72	0.00	7.67	0.000	0
0.864	-0.04	2.73	-0.00	7.66	0.000	0
0.896	-0.04	2.73	-0.00	7.67	0.000	0
0.928	-0.05	2.72	0.00	7.67	0.000	0
0.960	-0.04	2.72	0.00	7.67	0.000	0
0.992	-0.04	2.72	-0.01	7.66	0.000	0
1.024	-0.04	2.72	-0.01	7.66	0.000	0
1.056	-0.04	2.72	-0.01	7.66	0.000	0
1.088	-0.04	2.73	-0.00	7.66	0.000	0
1.120	-0.04	2.72	0.01	7.67	0.000	0
1.152	-0.04	2.73	-0.00	7.66	0.000	0
1.184	-0.04	2.73	-0.00	7.66	0.000	0
1.216	-0.04	2.73	-0.00	7.66	0.000	0
1.248	-0.04	2.73	0.00	7.67	0.000	0
1.280	-0.04	2.73	-0.00	7.67	0.000	0
1.312	-0.04	2.73	-0.00	7.67	0.000	0
1.344	-0.03	2.73	-0.00	7.66	0.000	0
1.376	-0.03	2.73	-0.00	7.66	0.000	0
1.408	-0.03	2.73	-0.00	7.67	0.000	0
1.440	-0.03	2.73	0.00	7.67	0.000	0
1.472	-0.03	2.73	-0.00	7.67	0.000	0
1.504	-0.03	2.74	-0.00	7.66	0.000	0
1.536	-0.03	2.74	-0.01	7.66	0.000	0
1.568	-0.03	2.73	-0.00	7.67	0.000	0
1.600	-0.03	2.74	0.00	7.67	0.000	0
1.632	-0.03	2.74	-0.00	7.67	0.000	0
1.664	-0.03	2.74	-0.00	7.66	0.000	0
1.696	-0.03	2.74	-0.00	7.67	0.000	0
1.728	-0.03	2.74	-0.01	7.66	0.000	0
1.760	-0.03	2.74	0.00	7.67	0.000	0
1.792	0.20	2.97	-0.01	7.66	0.000	0
1.824	1.48	4.24	-0.00	7.67	0.000	0
1.856	3.41	6.18	-0.00	7.67	0.000	0
1.888	5.60	8.37	-0.01	7.66	0.000	0
1.920	7.77	10.53	0.00	7.67	0.000	0
1.952	9.75	12.52	-0.00	7.66	0.000	0
1.984	11.49	14.26	-0.00	7.66	0.000	0
2.016	13.02	15.78	0.00	7.67	0.000	0
2.048	14.34	17.11	-0.00	7.67	0.000	0
2.080	15.47	18.24	0.00	7.67	0.000	0
2.112	16.40	19.16	-0.00	7.67	0.000	0
2.144	17.15	19.92	-0.00	7.67	0.000	0
2.176	17.74	20.51	-0.00	7.66	0.862	188
2.208	18.23	20.99	-0.01	7.66	0.862	188
2.240	18.59	21.36	-0.00	7.67	0.862	188
2.272	18.86	21.63	-0.00	7.67	0.862	188
2.304	19.08	21.84	-0.00	7.66	0.862	188
2.336	19.24	22.01	-0.00	7.67	0.862	188
2.368	19.37	22.14	-0.00	7.67	0.862	188
2.400	19.46	22.23	0.00	7.67	0.862	188
2.432	19.54	22.31	-0.00	7.67	0.862	188
2.464	19.60	22.37	-0.00	7.67	0.862	188
2.496	19.65	22.41	-0.01	7.66	0.862	188
2.528	19.67	22.43	-0.00	7.66	0.862	188
2.560	19.67	22.43	-0.00	7.66	0.862	188
2.592	19.66	22.42	-0.00	7.67	0.862	188
2.624	19.64	22.41	-0.00	7.66	0.862	188
2.656	19.63	22.39	-0.00	7.67	1.225	267
2.688	19.63	22.40	-0.00	7.66	1.225	267
2.720	19.65	22.42	0.00	7.67	1.225	267
2.752	19.67	22.44	-0.00	7.67	1.225	267
2.784	19.67	22.44	-0.00	7.66	1.225	267
2.816	19.68	22.45	-0.00	7.66	1.225	267
2.848	19.69	22.46	-0.01	7.66	1.225	267
2.880	19.70	22.47	0.00	7.67	1.225	267
2.912	19.71	22.48	-0.00	7.67	1.225	267
2.944	19.72	22.48	0.00	7.67	1.225	267
2.976	19.71	22.48	-0.00	7.67	1.225	267
3.008	19.71	22.47	-0.00	7.66	1.225	267
3.040	19.70	22.47	0.00	7.67	1.225	267
3.072	19.69	22.46	-0.00	7.66	1.225	267
3.104	19.68	22.45	-0.00	7.66	1.239	270
3.136	19.67	22.44	-0.00	7.67	1.239	270
3.168	19.68	22.45	-0.00	7.66	1.239	270
3.200	19.69	22.46	0.00	7.67	1.239	270
3.232	19.70	22.47	0.00	7.67	1.239	270
3.264	19.70	22.47	-0.00	7.67	1.239	270
3.296	19.70	22.47	-0.00	7.67	1.239	270
3.328	19.71	22.48	0.00	7.67	1.239	270
3.360	19.73	22.50	0.00	7.67	1.239	270
3.392	19.76	22.52	-0.00	7.66	1.239	270
3.424	19.77	22.54	-0.00	7.66	1.239	270
3.456	19.78	22.55	-0.01	7.66	1.239	270
3.488	19.79	22.56	-0.01	7.66	1.239	270
3.520	19.80	22.57	-0.00	7.66	1.239	270
3.552	19.80	22.56	-0.00	7.67	1.239	270
3.584	19.78	22.55	-0.00	7.67	1.239	270
3.616	19.77	22.53	-0.01	7.66	1.239	270
3.648	19.77	22.54	0.00	7.67	1.239	270
3.680	19.77	22.54	-0.00	7.66	1.239	270
3.712	19.76	22.53	0.00	7.67	1.239	270
3.744	19.76	22.53	-0.00	7.66	1.239	270
3.776	19.77	22.54	-0.01	7.66	1.239	270
3.808	19.78	22.55	-0.00	7.66	1.239	270
3.840	19.79	22.55	-0.00	7.66	1.239	270
3.872	19.81	22.58	0.00	7.67	1.239	270
3.904	19.82	22.59	-0.00	7.67	1.239	270
3.936	19.83	22.60	-0.01	7.66	1.239	270
3.968	19.83	22.60	-0.01	7.66	1.239	270
4.000	19.83	22.60	0.00	7.67	1.239	270
4.032	19.82	22.59	-0.00	7.67	1.243	271
4.064	19.82	22.59	0.00	7.67	1.243	271
4.096	19.81	22.58	-0.01	7.66	1.243	271
4.128	19.80	22.57	-0.01	7.66	1.243	271
4.160	19.80	22.57	-0.00	7.67	1.243	271
4.192	19.79	22.55	-0.01	7.66	1.243	271
4.224	19.77	22.53	-0.00	7.66	1.243	271
4.256	19.75	22.51	-0.01	7.66	1.243	271
4.288	19.74	22.51	-0.01	7.66	1.243	271
4.320	19.73	22.50	-0.00	7.66	1.243	271
4.352	19.72	22.49	-0.00	7.67	1.243	271
4.384	19.73	22.50	-0.00	7.66	1.243	271
4.416	19.74	22.51	-0.00	7.66	1.243	271
4.448	19.75	22.51	-0.00	7.66	1.243	271
4.480	19.75	22.52	-0.00	7.67	1.243	271
4.512	19.75	22.52	-0.00	7.67	1.239	270
4.544	19.77	22.54	-0.00	7.66	1.239	270
4.576	19.77	22.53	-0.00	7.66	1.239	270
4.608	19.77	22.54	-0.01	7.66	1.239	270
4.640	19.77	22.53	-0.00	7.67	1.239	270
4.672	19.75	22.52	0.00	7.67	1.239	270
4.704	19.73	22.50	-0.00	7.67	1.239	270
4.736	19.72	22.48	-0.01	7.66	1.239	270
4.768	19.70	22.47	-0.00	7.67	1.239	270
4.800	19.69	22.45	-0.01	7.66	1.239	270
4.832	19.68	22.45	0.00	7.67	1.239	270
4.864	19.69	22.46	-0.00	7.67	1.239	270
4.896	19.68	22.45	-0.00	7.67	1.239	270
4.928	19.68	22.45	-0.00	7.67	1.239	270
4.960	19.68	22.45	-0.00	7.67	1.239	270
4.992	19.68	22.45	-0.00	7.67	1.243	271
5.024	19.67	22.44	0.00	7.67	1.243	271
5.056	19.66	22.42	-0.00	7.66	1.243	271
5.088	19.65	22.42	0.00	7.67	1.243	271
5.120	19.65	22.42	-0.00	7.67	1.243	271
5.152	19.66	22.43	0.00	7.67	1.243	271
5.184	19.68	22.44	-0.00	7.67	1.243	271
5.216	19.69	22.46	-0.00	7.67	1.243	271
5.248	19.70	22.46	-0.00	7.67	1.243	271
5.280	19.70	22.47	-0.00	7.66	1.243	271
5.312	19.70	22.46	0.00	7.67	1.243	271
5.344	19.70	22.47	-0.00	7.66	1.243	271
5.376	19.71	22.48	-0.00	7.67	1.243	271
5.408	19.72	22.48	-0.00	7.67	1.243	271
5.440	19.72	22.49	-0.00	7.66	1.243	271
5.472	19.72	22.49	-0.00	7.67	1.243	271
5.504	19.72	22.49	-0.00	7.66	1.243	271
5.536	19.71	22.48	-0.01	7.66	1.243	271
5.568	19.69	22.46	-0.00	7.66	1.243	271
5.600	19.70	22.47	-0.00	7.67	1.243	271
5.632	19.71	22.48	0.00	7.67	1.243	271
5.664	19.71	22.48	-0.00	7.67	1.243	271
5.696	19.73	22.49	-0.00	7.66	1.243	271
5.728	19.75	22.52	-0.01	7.66	1.243	271
5.760	19.77	22.53	-0.00	7.67	1.243	271
5.792	19.76	22.53	-0.00	7.67	1.243	271
5.824	19.77	22.54	-0.00	7.67	1.243	271
5.856	19.77	22.53	-0.00	7.67	1.243	271
5.888	19.77	22.53	0.00	7.67	1.243	271
5.920	19.76	22.52	-0.00	7.67	1.243	271
5.952	19.75	22.52	0.00	7.67	1.243	271
5.984	19.74	22.51	-0.00	7.67	1.243	271
6.016	19.74	22.51	0.00	7.67	1.243	271
6.048	19.74	22.50	-0.00	7.67	1.243	271
6.080	19.74	22.51	-0.00	7.66	1.243	271
6.112	19.74	22.50	-0.00	7.67	1.243	271
6.144	19.73	22.50	0.00	7.67	1.243	271
6.176	19.71	22.48	-0.00	7.66	1.243	271
6.208	19.69	22.46	-0.01	7.66	1.243	271
6.240	19.68	22.45	-0.00	7.66	1.243	271
6.272	19.68	22.44	-0.00	7.67	1.243	271
6.304	19.69	22.45	0.00	7.67	1.243	271
6.336	19.70	22.47	-0.00	7.66	1.243	271
6.368	19.72	22.48	-0.01	7.66	1.243	271
6.400	19.73	22.50	-0.00	7.67	1.243	271
6.432	19.73	22.50	-0.00	7.67	1.243	271
6.464	19.73	22.49	-0.00	7.66	1.243	271
6.496	19.72	22.49	-0.00	7.66	1.243	271
6.528	19.70	22.46	0.00	7.67	1.243	271
6.560	19.68	22.44	-0.00	7.66	1.243	271
6.592	19.68	22.44	-0.00	7.66	1.243	271
6.624	19.68	22.45	-0.00	7.67	1.243	271
6.656	19.68	22.45	-0.01	7.66	1.243	271
6.688	19.68	22.44	-0.01	7.66	1.243	271
6.720	19.68	22.44	-0.00	7.66	1.243	271
6.752	19.68	22.44	0.00	7.67	1.243	271
6.784	19.69	22.46	0.00	7.67	1.243	271
6.816	19.71	22.48	-0.00	7.66	1.243	271
6.848	19.74	22.50	-0.00	7.66	1.243	271
6.880	19.74	22.51	-0.00	7.67	1.243	271
6.912	19.75	22.52	0.00	7.67	1.243	271
6.944	19.74	22.51	-0.00	7.67	1.243	271
6.976	19.74	22.50	-0.01	7.66	1.243	271
7.008	19.72	22.49	-0.00	7.66	1.243	271
7.040	19.72	22.49	0.00	7.67	1.243	271
7.072	19.73	22.50	-0.00	7.67	1.243	271
7.104	19.74	22.51	0.00	7.67	1.243	271
7.136	19.73	22.50	-0.00	7.67	1.243	271
7.168	19.73	22.50	0.00	7.67	1.243	271
7.200	19.74	22.51	-0.00	7.66	1.243	271
7.232	19.75	22.52	-0.00	7.67	1.243	271
7.264	19.75	22.52	0.00	7.67	1.243	271
7.296	19.77	22.53	-0.00	7.66	1.243	271
7.328	19.79	22.55	-0.00	7.66	1.248	272
7.360	19.80	22.57	-0.01	7.66	1.248	272
7.392	19.82	22.58	0.00	7.67	1.248	272
7.424	19.80	22.57	-0.00	7.67	1.248	272
7.456	19.79	22.55	-0.00	7.66	1.248	272
7.488	19.77	22.54	-0.00	7.66	1.248	272
7.520	19.76	22.53	-0.01	7.66	1.248	272
7.552	19.76	22.53	-0.00	7.67	1.248	272
7.584	19.77	22.54	-0.00	7.67	1.248	272
7.616	19.77	22.54	-0.01	7.66	1.248	272
7.648	19.77	22.53	-0.00	7.66	1.248	272
7.680	19.77	22.54	0.00	7.67	1.248	272
7.712	19.78	22.55	-0.00	7.67	1.248	272
7.744	19.79	22.55	0.00	7.67	1.248	272
7.776	19.79	22.55	0.00	7.67	1.243	271
7.808	19.78	22.55	-0.00	7.66	1.243	271
7.840	19.77	22.53	-0.00	7.67	1.243	271
7.872	19.77	22.53	-0.00	7.67	1.243	271
7.904	19.75	22.52	-0.00	7.66	1.243	271
7.936	19.74	22.51	-0.01	7.66	1.243	271
7.968	19.74	22.51	-0.01	7.66	1.243	271
8.000	19.73	22.50	-0.01	7.66	1.243	271
8.032	19.74	22.50	-0.00	7.67	1.243	271
8.064	19.75	22.52	0.00	7.67	1.243	271
8.096	19.77	22.53	0.00	7.67	1.243	271
8.128	19.79	22.56	-0.01	7.66	1.243	271
8.160	19.80	22.57	-0.00	7.67	1.243	271
8.192	19.81	22.58	-0.00	7.67	1.243	271
8.224	19.82	22.58	0.00	7.67	1.243	271
8.256	19.83	22.59	-0.00	7.67	1.248	272
8.288	19.82	22.59	-0.00	7.67	1.248	272
8.320	19.82	22.59	-0.00	7.67	1.248	272
8.352	19.80	22.57	-0.01	7.66	1.248	272
8.384	19.79	22.55	0.00	7.67	1.248	272
8.416	19.77	22.53	-0.00	7.67	1.248	272
8.448	19.74	22.50	-0.01	7.66	1.248	272
8.480	19.72	22.49	-0.00	7.66	1.248	272
8.512	19.71	22.48	-0.00	7.66	1.248	272
8.544	19.72	22.48	-0.00	7.66	1.248	272
8.576	19.73	22.49	-0.00	7.66	1.248	272
8.608	19.74	22.50	-0.00	7.67	1.248	272
8.640	19.76	22.53	-0.00	7.66	1.248	272
8.672	19.76	22.53	-0.00	7.66	1.248	272
8.704	19.77	22.54	-0.00	7.67	1.248	272
8.736	19.78	22.54	-0.00	7.67	1.243	271
8.768	19.80	22.57	-0.00	7.67	1.243	271
8.800	19.81	22.58	-0.00	7.67	1.243	271
8.832	19.83	22.59	-0.00	7.66	1.243	271
8.864	19.83	22.60	0.00	7.67	1.243	271
8.896	19.83	22.60	0.00	7.67	1.243	271
8.928	19.82	22.59	-0.01	7.66	1.243	271
8.960	19.81	22.58	-0.00	7.66	1.243	271
8.992	19.78	22.55	-0.00	7.66	1.243	271
9.024	19.79	22.55	-0.00	7.67	1.243	271
9.056	19.79	22.55	0.00	7.67	1.243	271
9.088	19.79	22.56	0.00	7.67	1.243	271
9.120	19.80	22.57	-0.00	7.66	1.243	271
9.152	19.80	22.57	-0.01	7.66	1.243	271
9.184	19.81	22.58	0.00	7.67	1.248	272
9.216	19.81	22.58	-0.00	7.67	1.248	272
9.248	19.83	22.60	0.00	7.67	1.248	272
9.280	19.84	22.61	-0.00	7.66	1.248	272
9.312	19.84	22.61	-0.00	7.66	1.248	272
9.344	19.84	22.60	0.00	7.67	1.248	272
9.376	19.83	22.60	0.00	7.67	1.248	272
9.408	19.82	22.59	-0.01	7.66	1.248	272
9.440	19.82	22.58	-0.00	7.66	1.248	272
9.472	19.80	22.57	-0.00	7.67	1.248	272
9.504	19.80	22.57	0.00	7.67	1.248	272
9.536	19.80	22.57	0.00	7.67	1.248	272
9.568	19.81	22.58	-0.01	7.66	1.248	272
9.600	19.82	22.58	-0.01	7.66	1.248	272
9.632	19.82	22.59	-0.00	7.67	1.248	272
9.664	19.82	22.59	0.00	7.67	1.248	272
9.696	19.83	22.60	-0.00	7.66	1.248	272
9.728	19.84	22.61	-0.00	7.67	1.248	272
9.760	19.85	22.61	-0.00	7.67	1.248	272
9.792	19.85	22.62	-0.00	7.66	1.248	272
9.824	19.85	22.62	0.00	7.67	1.248	272
9.856	19.86	22.63	-0.00	7.66	1.248	272
9.888	19.85	22.62	-0.00	7.66	1.248	272
9.920	19.83	22.60	-0.00	7.67	1.248	272
9.952	19.81	22.58	-0.00	7.67	1.248	272
9.984	19.80	22.57	0.00	7.67	1.248	272
10.016	19.80	22.57	-0.00	7.67	1.248	272
10.048	19.80	22.57	-0.00	7.66	1.248	272
10.080	19.79	22.56	0.00	7.67	1.248	272
10.112	19.79	22.55	-0.00	7.66	1.248	272
10.144	19.79	22.55	0.00	7.67	1.248	272
10.176	19.80	22.56	0.00	7.67	1.248	272
10.208	19.81	22.58	-0.00	7.67	1.248	272
10.240	19.82	22.59	-0.00	7.67	1.248	272
10.272	19.82	22.59	-0.00	7.66	1.248	272
10.304	19.82	22.59	0.00	7.67	1.248	272
10.336	19.81	22.58	-0.00	7.67	1.248	272
10.368	19.80	22.57	-0.00	7.67	1.248	272
10.400	19.79	22.56	0.00	7.67	1.248	272
10.432	19.77	22.54	-0.00	7.67	1.248	272
10.464	19.77	22.54	0.00	7.67	1.248	272
10.496	19.80	22.56	-0.00	7.66	1.248	272
10.528	19.81	22.58	-0.00	7.66	1.248	272
10.560	19.82	22.59	-0.00	7.66	1.248	272
10.592	19.82	22.59	-0.00	7.66	1.248	272
10.624	19.83	22.60	0.00	7.67	1.248	272
10.656	19.85	22.61	0.00	7.67	1.248	272
10.688	19.86	22.63	-0.00	7.66	1.248	272
10.720	19.88	22.64	-0.01	7.66	1.248	272
10.752	19.88	22.64	-0.00	7.66	1.248	272
10.784	19.86	22.63	-0.00	7.67	1.248	272
10.816	19.84	22.61	-0.00	7.67	1.248	272
10.848	19.85	22.61	-0.01	7.66	1.248	272
10.880	19.84	22.60	-0.00	7.66	1.248	272
10.912	19.82	22.59	0.00	7.67	1.248	272
10.944	19.82	22.58	0.00	7.67	1.248	272
10.976	19.84	22.60	0.00	7.67	1.248	272
11.008	19.85	22.62	-0.01	7.66	1.248	272
11.040	19.86	22.63	-0.00	7.66	1.248	272
11.072	19.86	22.63	-0.00	7.66	1.248	272
11.104	19.85	22.62	-0.00	7.66	1.248	272
11.136	19.85	22.61	-0.00	7.66	1.248	272
11.168	19.85	22.62	-0.00	7.67	1.248	272
11.200	19.87	22.63	-0.00	7.67	1.248	272
11.232	19.88	22.65	-0.01	7.66	1.248	272
11.264	19.89	22.66	-0.00	7.67	1.248	272
11.296	19.89	22.66	-0.00	7.66	1.248	272
11.328	19.89	22.66	-0.00	7.66	1.248	272
11.360	19.88	22.65	-0.00	7.66	1.248	272
11.392	19.86	22.63	-0.00	7.67	1.248	272
11.424	19.84	22.61	-0.00	7.66	1.248	272
11.456	19.85	22.62	-0.00	7.67	1.248	272
11.488	19.85	22.62	-0.01	7.66	1.248	272
11.520	19.85	22.62	-0.00	7.66	1.252	273
11.552	19.84	22.61	0.00	7.67	1.252	273
11.584	19.85	22.61	-0.00	7.67	1.252	273
11.616	19.85	22.62	0.00	7.67	1.252	273
11.648	19.84	22.61	0.00	7.67	1.252	273
11.680	19.85	22.62	-0.00	7.67	1.252	273
11.712	19.87	22.63	-0.00	7.66	1.252	273
11.744	19.87	22.63	-0.00	7.67	1.252	273
11.776	19.87	22.64	0.00	7.67	1.252	273
11.808	19.87	22.63	-0.00	7.66	1.252	273
11.840	19.86	22.63	-0.00	7.66	1.252	273
11.872	19.85	22.62	-0.01	7.66	1.252	273
11.904	19.85	22.62	0.00	7.67	1.252	273
11.936	19.86	22.63	0.00	7.67	1.252	273
11.968	19.87	22.64	-0.00	7.66	1.252	273
12.000	19.87	22.63	-0.00	7.66	1.248	272
12.032	19.88	22.65	-0.01	7.66	1.248	272
12.064	19.88	22.65	0.00	7.67	1.248	272
12.096	19.87	22.64	-0.00	7.66	1.248	272
12.128	19.86	22.63	-0.01	7.66	1.248	272
12.160	19.86	22.63	-0.00	7.67	1.248	272
12.192	19.87	22.64	-0.00	7.67	1.248	272
12.224	19.89	22.65	0.00	7.67	1.248	272
12.256	19.89	22.66	0.00	7.67	1.248	272
12.288	19.89	22.65	-0.00	7.66	1.248	272
12.320	19.88	22.65	-0.00	7.67	1.248	272
12.352	19.86	22.63	-0.01	7.66	1.248	272
12.384	19.84	22.60	0.00	7.67	1.248	272
12.416	19.83	22.60	-0.00	7.66	1.248	272
12.448	19.83	22.60	-0.00	7.66	1.248	272
12.480	19.83	22.60	-0.01	7.66	1.248	272
12.512	19.83	22.60	0.00	7.67	1.248	272
12.544	19.84	22.60	-0.00	7.67	1.248	272
12.576	19.84	22.61	0.00	7.67	1.248	272
12.608	19.85	22.61	-0.00	7.66	1.248	272
12.640	19.85	22.62	-0.00	7.67	1.248	272
12.672	19.85	22.62	-0.00	7.66	1.248	272
12.704	19.86	22.63	0.00	7.67	1.248	272
12.736	19.86	22.63	-0.00	7.66	1.248	272
12.768	19.86	22.62	-0.00	7.67	1.248	272
12.800	19.86	22.63	-0.00	7.66	1.248	272
12.832	19.86	22.63	-0.00	7.67	1.248	272
12.864	19.86	22.62	-0.00	7.67	1.248	272
12.896	19.86	22.63	0.00	7.67	1.248	272
12.928	19.88	22.64	-0.01	7.66	1.252	273
12.960	19.89	22.65	-0.00	7.67	1.252	273
12.992	19.89	22.66	0.00	7.67	1.252	273
13.024	19.89	22.65	-0.00	7.67	1.252	273
13.056	19.88	22.64	0.00	7.67	1.252	273
13.088	19.87	22.64	-0.00	7.67	1.252	273
13.120	19.88	22.64	-0.00	7.66	1.252	273
13.152	19.88	22.64	-0.00	7.66	1.252	273
13.184	19.88	22.65	-0.00	7.67	1.252	273
13.216	19.88	22.65	0.00	7.67	1.252	273
13.248	19.89	22.65	-0.00	7.67	1.252	273
13.280	19.89	22.66	-0.00	7.66	1.252	273
13.312	19.90	22.66	-0.00	7.67	1.252	273
13.344	19.88	22.65	-0.00	7.67	1.252	273
13.376	19.89	22.66	-0.00	7.67	1.252	273
13.408	19.90	22.67	-0.00	7.66	1.248	272
13.440	19.91	22.68	0.00	7.67	1.248	272
13.472	19.92	22.69	-0.00	7.67	1.248	272
13.504	19.94	22.70	-0.00	7.67	1.248	272
13.536	19.93	22.70	0.00	7.67	1.248	272
13.568	19.93	22.69	-0.00	7.67	1.248	272
13.600	19.92	22.69	-0.00	7.66	1.248	272
13.632	19.94	22.70	-0.00	7.66	1.248	272
13.664	19.94	22.71	-0.00	7.67	1.248	272
13.696	19.94	22.70	0.01	7.67	1.248	272
13.728	19.93	22.69	-0.00	7.66	1.248	272
13.760	19.91	22.68	-0.00	7.67	1.248	272
13.792	19.90	22.67	-0.00	7.66	1.248	272
13.824	19.89	22.65	0.01	7.67	1.248	272
13.856	19.87	22.64	0.01	7.67	1.248	272
13.888	19.86	22.62	-0.00	7.66	1.252	273
13.920	19.85	22.62	-0.01	7.66	1.252	273
13.952	19.84	22.61	-0.00	7.67	1.252	273
13.984	19.85	22.62	0.00	7.67	1.252	273
14.016	19.85	22.62	0.00	7.67	1.252	273
14.048	19.84	22.61	-0.00	7.67	1.252	273
14.080	19.82	22.59	-0.00	7.67	1.252	273
14.112	19.82	22.59	-0.00	7.66	1.252	273
14.144	19.83	22.59	0.01	7.67	1.252	273
14.176	19.83	22.59	0.00	7.67	1.252	273
14.208	19.83	22.59	-0.00	7.66	1.252	273
14.240	19.83	22.59	-0.00	7.67	1.252	273
14.272	19.83	22.60	-0.00	7.66	1.252	273
14.304	19.82	22.59	-0.00	7.67	1.252	273
14.336	19.82	22.58	0.00	7.67	1.252	273
14.368	19.81	22.58	-0.00	7.67	1.252	273
14.400	19.81	22.58	-0.00	7.67	1.252	273
14.432	19.82	22.59	-0.00	7.66	1.252	273
14.464	19.83	22.60	-0.00	7.67	1.252	273
14.496	19.84	22.61	0.00	7.67	1.252	273
14.528	19.86	22.62	-0.00	7.67	1.252	273
14.560	19.84	22.61	-0.00	7.66	1.252	273
14.592	19.86	22.62	-0.00	7.66	1.252	273
14.624	19.88	22.64	-0.00	7.67	1.252	273
14.656	19.89	22.65	0.01	7.67	1.252	273
14.688	19.90	22.67	-0.00	7.67	1.252	273
14.720	19.92	22.69	-0.00	7.67	1.252	273
14.752	19.92	22.69	0.00	7.67	1.252	273
14.784	19.91	22.68	0.00	7.67	1.252	273
14.816	19.89	22.65	0.00	7.67	1.248	272
14.848	19.88	22.64	-0.00	7.67	1.248	272
14.880	19.87	22.64	-0.00	7.66	1.248	272
14.912	19.87	22.63	-0.00	7.66	1.248	272
14.944	19.86	22.62	0.00	7.67	1.248	272
14.976	19.86	22.62	0.00	7.67	1.248	272
15.008	19.84	22.61	-0.01	7.66	1.248	272
15.040	19.85	22.61	-0.00	7.67	1.248	272
15.072	19.86	22.63	0.00	7.67	1.248	272
15.104	19.88	22.64	0.00	7.67	1.248	272
15.136	19.88	22.65	0.00	7.67	1.248	272
15.168	19.89	22.66	-0.00	7.67	1.248	272
15.200	19.90	22.67	0.00	7.67	1.248	272
15.232	19.90	22.67	-0.00	7.66	1.248	272
15.264	19.90	22.66	-0.00	7.67	1.248	272
15.296	19.88	22.65	0.00	7.67	1.252	273
15.328	19.88	22.64	0.00	7.67	1.252	273
15.360	19.88	22.65	0.00	7.67	1.252	273
15.392	19.88	22.64	-0.00	7.66	1.252	273
15.424	19.87	22.64	0.00	7.67	1.252	273
15.456	19.88	22.65	0.01	7.67	1.252	273
15.488	19.89	22.66	0.00	7.67	1.252	273
15.520	19.90	22.67	-0.00	7.67	1.252	273
15.552	19.91	22.68	-0.00	7.67	1.252	273
15.584	19.92	22.68	0.00	7.67	1.252	273
15.616	19.93	22.69	0.01	7.67	1.252	273
15.648	19.94	22.71	-0.00	7.67	1.252	273
15.680	19.94	22.70	0.00	7.67	1.252	273
15.712	19.94	22.70	-0.00	7.67	1.252	273
15.744	19.93	22.70	-0.00	7.67	1.252	273
15.776	19.92	22.68	-0.00	7.67	1.252	273
15.808	19.91	22.68	-0.00	7.66	1.252	273
15.840	19.91	22.68	-0.00	7.67	1.252	273
15.872	19.90	22.67	-0.00	7.66	1.252	273
15.904	19.90	22.67	-0.00	7.67	1.252	273
15.936	19.90	22.67	0.00	7.67	1.252	273
15.968	19.90	22.66	-0.00	7.67	1.252	273
16.000	19.90	22.67	-0.00	7.67	1.252	273
16.032	19.92	22.68	-0.00	7.66	1.252	273
16.064	19.94	22.70	0.01	7.67	1.252	273
16.096	19.93	22.70	0.00	7.67	1.252	273
16.128	19.92	22.69	-0.01	7.66	1.252	273
16.160	19.91	22.67	-0.00	7.66	1.252	273
16.192	19.89	22.65	0.00	7.67	1.252	273
16.224	19.88	22.64	-0.00	7.66	1.252	273
16.256	19.86	22.63	0.00	7.67	1.252	273
16.288	19.87	22.64	-0.00	7.66	1.252	273
16.320	19.89	22.65	0.00	7.67	1.252	273
16.352	19.90	22.66	-0.00	7.67	1.252	273
16.384	19.90	22.67	-0.00	7.66	1.252	273
16.416	19.90	22.67	0.00	7.67	1.252	273
16.448	19.89	22.66	-0.01	7.66	1.252	273
16.480	19.88	22.65	-0.01	7.66	1.252	273
16.512	19.89	22.65	-0.00	7.67	1.252	273
16.544	19.90	22.67	-0.00	7.66	1.252	273
16.576	19.90	22.67	0.00	7.67	1.252	273
16.608	19.90	22.66	-0.00	7.67	1.252	273
16.640	19.90	22.67	-0.00	7.66	1.252	273
16.672	19.91	22.68	-0.00	7.66	1.248	272
16.704	19.92	22.68	-0.00	7.66	1.248	272
16.736	19.91	22.68	0.00	7.67	1.248	272
16.768	19.92	22.68	-0.00	7.67	1.248	272
16.800	19.92	22.68	-0.00	7.66	1.248	272
16.832	19.92	22.69	-0.01	7.66	1.248	272
16.864	19.92	22.68	0.00	7.67	1.248	272
16.896	19.92	22.68	0.00	7.67	1.248	272
16.928	19.91	22.68	-0.00	7.67	1.248	272
16.960	19.92	22.68	-0.00	7.66	1.248	272
16.992	19.91	22.68	-0.00	7.66	1.248	272
17.024	19.93	22.69	0.00	7.67	1.248	272
17.056	19.93	22.70	-0.00	7.67	1.248	272
17.088	19.93	22.69	0.00	7.67	1.248	272
17.120	19.92	22.69	-0.00	7.66	1.248	272
17.152	19.93	22.70	-0.00	7.67	1.257	274
17.184	19.94	22.70	-0.01	7.66	1.257	274
17.216	19.93	22.70	0.00	7.67	1.257	274
17.248	19.91	22.68	-0.00	7.67	1.257	274
17.280	19.92	22.69	-0.00	7.66	1.257	274
17.312	19.92	22.69	-0.00	7.66	1.257	274
17.344	19.93	22.69	-0.00	7.67	1.257	274
17.376	19.92	22.69	0.00	7.67	1.257	274
17.408	19.91	22.67	0.00	7.67	1.257	274
17.440	19.89	22.66	-0.01	7.66	1.257	274
17.472	19.88	22.65	-0.00	7.67	1.257	274
17.504	19.89	22.66	-0.00	7.66	1.257	274
17.536	19.91	22.68	0.00	7.67	1.257	274
17.568	19.90	22.67	-0.00	7.67	1.257	274
17.600	19.91	22.68	-0.00	7.66	1.257	274
17.632	19.92	22.68	-0.00	7.67	1.248	272
17.664	19.93	22.69	-0.00	7.66	1.248	272
17.696	19.93	22.70	0.00	7.67	1.248	272
17.728	19.93	22.69	-0.00	7.66	1.248	272
17.760	19.93	22.70	-0.00	7.67	1.248	272
17.792	19.93	22.70	-0.00	7.66	1.248	272
17.824	19.93	22.70	-0.00	7.66	1.248	272
17.856	19.93	22.70	0.00	7.67	1.248	272
17.888	19.93	22.70	0.00	7.67	1.248	272
17.920	19.94	22.70	-0.00	7.67	1.248	272
17.952	19.93	22.69	-0.01	7.66	1.248	272
17.984	19.93	22.70	0.00	7.67	1.248	272
18.016	19.93	22.70	0.00	7.67	1.248	272
18.048	19.93	22.70	0.00	7.67	1.248	272
18.080	19.92	22.69	-0.01	7.66	1.252	273
18.112	19.92	22.69	-0.00	7.66	1.252	273
18.144	19.92	22.68	0.00	7.67	1.252	273
18.176	19.90	22.67	0.00	7.67	1.252	273
18.208	19.88	22.64	-0.00	7.66	1.252	273
18.240	19.87	22.64	-0.00	7.66	1.252	273
18.272	19.88	22.64	-0.00	7.67	1.252	273
18.304	19.88	22.64	-0.00	7.67	1.252	273
18.336	19.89	22.66	-0.00	7.67	1.252	273
18.368	19.90	22.67	-0.00	7.66	1.252	273
18.400	19.91	22.68	0.00	7.67	1.252	273
18.432	19.92	22.68	-0.01	7.66	1.252	273
18.464	19.92	22.69	-0.00	7.66	1.252	273
18.496	19.93	22.70	0.00	7.67	1.252	273
18.528	19.94	22.70	-0.00	7.67	1.252	273
18.560	19.94	22.70	-0.00	7.67	1.252	273
18.592	19.94	22.70	0.00	7.67	1.252	273
18.624	19.94	22.70	-0.00	7.66	1.252	273
18.656	19.93	22.70	0.00	7.67	1.252	273
18.688	19.91	22.68	-0.00	7.67	1.252	273
18.720	19.90	22.67	-0.00	7.67	1.252	273
18.752	19.90	22.67	-0.00	7.66	1.252	273
18.784	19.89	22.66	-0.00	7.67	1.252	273
18.816	19.90	22.67	0.00	7.67	1.252	273
18.848	19.91	22.68	-0.00	7.67	1.252	273
18.880	19.92	22.69	-0.00	7.67	1.252	273
18.912	19.92	22.69	-0.00	7.67	1.252	273
18.944	19.93	22.70	-0.00	7.67	1.252	273
18.976	19.94	22.71	0.00	7.67	1.252	273
19.008	19.95	22.72	-0.00	7.67	1.252	273
19.040	19.94	22.71	-0.00	7.67	1.252	273
19.072	19.94	22.70	-0.00	7.67	1.252	273
19.104	19.94	22.70	0.00	7.67	1.252	273
19.136	19.95	22.72	0.00	7.67	1.252	273
19.168	19.95	22.72	-0.00	7.66	1.252	273
19.200	19.96	22.73	0.00	7.67	1.252	273
19.232	19.97	22.74	-0.00	7.66	1.252	273
19.264	19.98	22.74	0.00	7.67	1.252	273
19.296	19.98	22.74	0.00	7.67	1.252	273
19.328	19.98	22.75	0.00	7.67	1.252	273
19.360	19.98	22.75	-0.00	7.67	1.252	273
19.392	19.98	22.74	-0.00	7.67	1.252	273
19.424	19.98	22.75	-0.00	7.67	1.252	273
19.456	19.98	22.74	0.01	7.67	1.252	273
19.488	19.96	22.73	0.00	7.67	1.252	273
19.520	19.95	22.72	-0.01	7.66	1.252	273
19.552	19.95	22.71	-0.00	7.66	1.252	273
19.584	19.94	22.71	0.00	7.67	1.252	273
19.616	19.94	22.71	-0.00	7.67	1.252	273
19.648	19.93	22.69	-0.00	7.66	1.252	273
19.680	19.91	22.68	-0.01	7.66	1.252	273
19.712	19.92	22.68	-0.00	7.67	1.252	273
19.744	19.92	22.68	-0.00	7.66	1.252	273
19.776	19.92	22.69	-0.00	7.66	1.252	273
19.808	19.92	22.69	0.00	7.67	1.252	273
19.840	19.92	22.68	-0.01	7.66	1.252	273
19.872	19.93	22.70	-0.00	7.66	1.252	273
19.904	19.95	22.71	-0.00	7.66	1.252	273
19.936	19.95	22.72	0.00	7.67	1.252	273
19.968	19.97	22.73	-0.00	7.67	1.252	273
20.000	19.97	22.74	-0.01	7.66	1.252	273
20.032	19.98	22.75	-0.00	7.66	1.252	273
20.064	20.00	22.77	-0.00	7.66	1.252	273
20.096	20.00	22.77	0.00	7.67	1.252	273
20.128	19.98	22.74	-0.00	7.67	1.252	273
20.160	19.97	22.74	-0.00	7.67	1.252	273
20.192	19.96	22.73	-0.01	7.66	1.252	273
20.224	19.95	22.72	-0.01	7.66	1.252	273
20.256	19.95	22.71	-0.00	7.67	1.252	273
20.288	19.95	22.71	0.00	7.67	1.252	273
20.320	19.94	22.71	-0.00	7.66	1.252	273
20.352	19.93	22.70	-0.00	7.66	1.252	273
20.384	19.93	22.70	-0.00	7.66	1.252	273
20.416	19.95	22.72	-0.00	7.66	1.252	273
20.448	19.97	22.73	0.00	7.67	1.252	273
20.480	19.97	22.74	0.00	7.67	1.252	273
20.512	19.97	22.74	0.00	7.67	1.252	273
20.544	19.96	22.73	-0.00	7.66	1.252	273
20.576	19.95	22.72	-0.00	7.67	1.252	273
20.608	19.93	22.70	0.00	7.67	1.252	273
20.640	19.92	22.69	-0.00	7.67	1.252	273
20.672	19.92	22.69	-0.00	7.66	1.252	273
20.704	19.92	22.69	-0.00	7.66	1.252	273
20.736	19.92	22.69	0.00	7.67	1.252	273
20.768	19.92	22.69	-0.00	7.67	1.252	273
20.800	19.93	22.69	-0.00	7.67	1.252	273
20.832	19.93	22.70	-0.00	7.66	1.252	273
20.864	19.95	22.72	-0.00	7.67	1.252	273
20.896	19.98	22.74	-0.00	7.67	1.257	274
20.928	20.00	22.77	-0.00	7.67	1.257	274
20.960	20.01	22.78	0.00	7.67	1.257	274
20.992	20.02	22.78	-0.00	7.66	1.257	274
21.024	20.01	22.78	-0.00	7.66	1.257	274
21.056	20.01	22.77	0.00	7.67	1.257	274
21.088	19.99	22.76	0.00	7.67	1.257	274
21.120	19.99	22.76	-0.00	7.67	1.257	274
21.152	19.98	22.75	-0.00	7.66	1.257	274
21.184	19.98	22.74	-0.00	7.67	1.257	274
21.216	19.98	22.74	-0.00	7.67	1.257	274
21.248	19.98	22.75	0.00	7.67	1.257	274
21.280	19.99	22.75	0.00	7.67	1.257	274
21.312	19.99	22.76	-0.00	7.66	1.257	274
21.344	19.99	22.75	-0.00	7.67	1.257	274
21.376	19.98	22.75	-0.00	7.67	1.252	273
21.408	19.99	22.75	0.00	7.67	1.252	273
21.440	19.98	22.75	-0.00	7.66	1.252	273
21.472	19.98	22.75	0.00	7.67	1.252	273
21.504	19.99	22.75	-0.00	7.66	1.252	273
21.536	19.99	22.76	-0.00	7.66	1.252	273
21.568	19.98	22.75	-0.00	7.66	1.252	273
21.600	19.98	22.74	-0.00	7.67	1.252	273
21.632	19.97	22.74	-0.00	7.67	1.252	273
21.664	19.98	22.75	0.00	7.67	1.252	273
21.696	20.00	22.77	-0.00	7.66	1.252	273
21.728	20.00	22.77	-0.00	7.66	1.252	273
21.760	20.00	22.77	0.00	7.67	1.252	273
21.792	20.00	22.76	-0.00	7.66	1.252	273
21.824	19.99	22.76	-0.00	7.66	1.257	274
21.856	20.00	22.77	0.00	7.67	1.257	274
21.888	20.00	22.77	0.00	7.67	1.257	274
21.920	20.00	22.77	0.00	7.67	1.257	274
21.952	20.01	22.78	0.00	7.67	1.257	274
21.984	20.00	22.77	-0.00	7.66	1.257	274
22.016	19.99	22.75	-0.00	7.66	1.257	274
22.048	19.97	22.74	0.00	7.67	1.257	274
22.080	19.96	22.73	-0.00	7.67	1.257	274
22.112	19.97	22.73	-0.00	7.66	1.257	274
22.144	19.97	22.74	-0.00	7.66	1.257	274
22.176	19.98	22.75	-0.00	7.67	1.257	274
22.208	19.99	22.76	0.00	7.67	1.257	274
22.240	20.01	22.78	-0.00	7.67	1.257	274
22.272	20.02	22.78	-0.01	7.66	1.257	274
22.304	20.02	22.78	-0.00	7.67	1.252	273
22.336	20.04	22.80	0.00	7.67	1.252	273
22.368	20.05	22.81	0.00	7.67	1.252	273
22.400	20.06	22.82	-0.00	7.67	1.252	273
22.432	20.06	22.82	-0.01	7.66	1.252	273
22.464	20.06	22.82	-0.00	7.66	1.252	273
22.496	20.05	22.82	-0.00	7.67	1.252	273
22.528	20.05	22.81	-0.00	7.67	1.252	273
22.560	20.04	22.80	-0.00	7.67	1.252	273
22.592	20.04	22.81	-0.00	7.66	1.252	273
22.624	20.04	22.80	-0.00	7.66	1.252	273
22.656	20.04	22.80	-0.00	7.66	1.252	273
22.688	20.04	22.80	0.00	7.67	1.252	273
22.720	20.03	22.79	-0.00	7.67	1.252	273
22.752	20.01	22.78	-0.00	7.67	1.252	273
22.784	20.02	22.78	-0.01	7.66	1.257	274
22.816	20.03	22.79	-0.00	7.67	1.257	274
22.848	20.03	22.79	0.01	7.67	1.257	274
22.880	20.03	22.79	0.00	7.67	1.257	274
22.912	20.04	22.80	-0.00	7.66	1.257	274
22.944	20.03	22.80	-0.00	7.66	1.257	274
22.976	20.02	22.79	-0.00	7.67	1.257	274
23.008	20.01	22.77	0.00	7.67	1.257	274
23.040	20.00	22.77	0.00	7.67	1.257	274
23.072	19.99	22.76	-0.00	7.67	1.257	274
23.104	20.00	22.77	-0.00	7.66	1.257	274
23.136	20.00	22.77	-0.00	7.67	1.257	274
23.168	20.01	22.78	-0.00	7.67	1.257	274
23.200	20.01	22.78	-0.00	7.66	1.257	274
23.232	20.03	22.79	-0.00	7.66	1.257	274
23.264	20.04	22.80	-0.00	7.66	1.257	274
23.296	20.04	22.81	0.00	7.67	1.257	274
23.328	20.05	22.82	-0.00	7.67	1.257	274
23.360	20.07	22.83	-0.01	7.66	1.257	274
23.392	20.08	22.84	-0.00	7.66	1.257	274
23.424	20.08	22.84	-0.00	7.66	1.257	274
23.456	20.07	22.84	0.00	7.67	1.257	274
23.488	20.06	22.83	-0.00	7.66	1.257	274
23.520	20.05	22.82	0.00	7.67	1.257	274
23.552	20.05	22.82	-0.00	7.66	1.257	274
23.584	20.04	22.81	-0.00	7.66	1.257	274
23.616	20.05	22.82	-0.00	7.66	1.257	274
23.648	20.06	22.83	-0.00	7.66	1.257	274
23.680	20.08	22.84	-0.00	7.66	1.257	274
23.712	20.09	22.86	-0.01	7.66	1.252	273
23.744	20.10	22.87	-0.01	7.66	1.252	273
23.776	20.12	22.88	-0.00	7.67	1.252	273
23.808	20.12	22.89	-0.00	7.67	1.252	273
23.840	20.11	22.87	0.00	7.67	1.252	273
23.872	20.10	22.87	-0.01	7.66	1.252	273
23.904	20.09	22.86	-0.00	7.66	1.252	273
23.936	20.09	22.85	-0.00	7.66	1.252	273
23.968	20.06	22.82	0.00	7.67	1.252	273
24.000	20.04	22.81	-0.00	7.66	1.252	273
24.032	20.05	22.82	-0.00	7.67	1.252	273
24.064	20.06	22.83	-0.00	7.66	1.252	273
24.096	20.05	22.82	-0.00	7.67	1.252	273
24.128	20.05	22.81	0.00	7.67	1.252	273
24.160	20.04	22.81	-0.00	7.67	1.257	274
24.192	20.05	22.82	-0.01	7.66	1.257	274
24.224	20.07	22.83	-0.00	7.66	1.257	274
24.256	20.09	22.85	-0.01	7.66	1.257	274
24.288	20.10	22.87	0.00	7.67	1.257	274
24.320	20.11	22.87	-0.00	7.67	1.257	274
24.352	20.10	22.86	-0.00	7.66	1.257	274
24.384	20.09	22.85	-0.00	7.66	1.257	274
24.416	20.08	22.84	-0.00	7.67	1.257	274
24.448	20.06	22.83	-0.00	7.67	1.257	274
24.480	20.05	22.82	-0.00	7.67	1.257	274
24.512	20.05	22.82	-0.00	7.67	1.257	274
24.544	20.06	22.83	-0.00	7.66	1.257	274
24.576	20.08	22.85	-0.01	7.66	1.257	274
24.608	20.10	22.87	0.00	7.67	1.257	274
24.640	20.12	22.88	0.00	7.67	1.257	274
24.672	20.13	22.89	0.00	7.67	1.257	274
24.704	20.13	22.89	-0.01	7.66	1.257	274
24.736	20.13	22.90	0.00	7.67	1.257	274
24.768	20.13	22.89	0.00	7.67	1.257	274
24.800	20.11	22.87	0.00	7.67	1.257	274
24.832	20.09	22.86	-0.00	7.66	1.257	274
24.864	20.08	22.84	-0.00	7.67	1.257	274
24.896	20.06	22.82	-0.00	7.66	1.257	274
24.928	20.04	22.80	-0.00	7.67	1.257	274
24.960	20.01	22.78	0.00	7.67	1.257	274
24.992	20.01	22.77	-0.00	7.67	1.257	274
25.024	20.02	22.78	-0.00	7.66	1.257	274
25.056	20.03	22.80	-0.00	7.66	1.257	274
25.088	20.05	22.82	-0.00	7.67	1.257	274
25.120	20.07	22.83	-0.00	7.67	1.257	274
25.152	20.10	22.87	-0.01	7.66	1.257	274
25.184	20.12	22.89	0.00	7.67	1.257	274
25.216	20.13	22.90	0.00	7.67	1.257	274
25.248	20.14	22.90	-0.00	7.67	1.257	274
25.280	20.13	22.90	-0.00	7.67	1.257	274
25.312	20.12	22.89	0.00	7.67	1.257	274
25.344	20.12	22.89	-0.00	7.66	1.257	274
25.376	20.10	22.87	-0.00	7.67	1.257	274
25.408	20.09	22.86	0.00	7.67	1.257	274
25.440	20.08	22.84	0.00	7.67	1.257	274
25.472	20.08	22.85	-0.00	7.66	1.257	274
25.504	20.10	22.86	-0.00	7.67	1.257	274
25.536	20.10	22.87	-0.00	7.67	1.257	274
25.568	20.12	22.89	0.00	7.67	1.261	275
25.600	20.13	22.90	0.00	7.67	1.261	275
25.632	20.14	22.91	-0.00	7.67	1.261	275
25.664	20.15	22.91	-0.00	7.66	1.261	275
25.696	20.15	22.92	-0.00	7.66	1.261	275
25.728	20.15	22.92	0.00	7.67	1.261	275
25.760	20.14	22.90	0.00	7.67	1.261	275
25.792	20.12	22.89	0.00	7.67	1.261	275
25.824	20.12	22.88	-0.00	7.66	1.261	275
25.856	20.11	22.88	-0.01	7.66	1.261	275
25.888	20.09	22.85	-0.01	7.66	1.261	275
25.920	20.07	22.84	0.00	7.67	1.261	275
25.952	20.07	22.84	-0.00	7.66	1.261	275
25.984	20.07	22.84	-0.00	7.66	1.261	275
26.016	20.07	22.83	-0.00	7.66	1.261	275
26.048	20.07	22.84	-0.00	7.66	1.257	274
26.080	20.08	22.84	0.00	7.67	1.257	274
26.112	20.09	22.86	-0.00	7.67	1.257	274
26.144	20.10	22.87	-0.00	7.66	1.257	274
26.176	20.12	22.89	-0.00	7.66	1.257	274
26.208	20.14	22.91	-0.00	7.66	1.257	274
26.240	20.17	22.93	-0.00	7.67	1.257	274
26.272	20.18	22.94	-0.00	7.67	1.257	274
26.304	20.16	22.93	0.00	7.67	1.257	274
26.336	20.15	22.92	-0.01	7.66	1.257	274
26.368	20.13	22.89	-0.00	7.67	1.257	274
26.400	20.11	22.88	-0.00	7.67	1.257	274
26.432	20.12	22.88	-0.00	7.67	1.257	274
26.464	20.12	22.89	-0.01	7.66	1.257	274
26.496	20.13	22.89	-0.00	7.66	1.257	274
26.528	20.13	22.89	-0.00	7.67	1.257	274
26.560	20.12	22.88	0.00	7.67	1.257	274
26.592	20.12	22.88	-0.00	7.66	1.257	274
26.624	20.12	22.88	-0.01	7.66	1.257	274
26.656	20.13	22.89	0.00	7.67	1.257	274
26.688	20.14	22.90	0.00	7.67	1.257	274
26.720	20.13	22.90	-0.00	7.67	1.257	274
26.752	20.12	22.89	-0.00	7.66	1.257	274
26.784	20.11	22.88	-0.01	7.66	1.257	274
26.816	20.09	22.86	-0.00	7.66	1.257	274
26.848	20.08	22.84	-0.00	7.67	1.257	274
26.880	20.05	22.82	0.00	7.67	1.257	274
26.912	20.04	22.80	-0.00	7.67	1.257	274
26.944	20.04	22.81	-0.00	7.67	1.257	274
26.976	20.05	22.82	-0.01	7.66	1.257	274
27.008	20.05	22.82	0.00	7.67	1.257	274
27.040	20.07	22.83	0.00	7.67	1.257	274
27.072	20.09	22.86	-0.01	7.66	1.257	274
27.104	20.11	22.88	-0.01	7.66	1.257	274
27.136	20.14	22.90	-0.00	7.66	1.257	274
27.168	20.14	22.91	0.00	7.67	1.257	274
27.200	20.14	22.91	-0.00	7.67	1.257	274
27.232	20.15	22.92	-0.00	7.67	1.257	274
27.264	20.16	22.93	-0.00	7.66	1.257	274
27.296	20.17	22.94	-0.01	7.66	1.257	274
27.328	20.17	22.94	0.00	7.67	1.257	274
27.360	20.16	22.93	0.00	7.67	1.257	274
27.392	20.16	22.92	0.00	7.67	1.257	274
27.424	20.17	22.94	0.00	7.67	1.257	274
27.456	20.19	22.95	-0.00	7.66	1.261	275
27.488	20.21	22.97	0.00	7.67	1.261	275
27.520	20.23	23.00	0.00	7.67	1.261	275
27.552	20.25	23.02	-0.00	7.66	1.261	275
27.584	20.27	23.03	-0.00	7.67	1.261	275
27.616	20.29	23.05	-0.00	7.67	1.261	275
27.648	20.29	23.06	0.00	7.67	1.261	275
27.680	20.29	23.05	0.00	7.67	1.261	275
27.712	20.29	23.05	0.00	7.67	1.261	275
27.744	20.27	23.03	-0.00	7.66	1.261	275
27.776	20.24	23.01	-0.00	7.67	1.261	275
27.808	20.22	22.98	0.00	7.67	1.261	275
27.840	20.21	22.98	0.01	7.67	1.261	275
27.872	20.19	22.96	-0.00	7.67	1.261	275
27.904	20.21	22.97	-0.00	7.67	1.266	276
27.936	20.22	22.98	-0.00	7.66	1.266	276
27.968	20.22	22.99	0.00	7.67	1.266	276
28.000	20.24	23.00	0.00	7.67	1.266	276
28.032	20.26	23.03	0.00	7.67	1.266	276
28.064	20.29	23.05	0.00	7.67	1.266	276
28.096	20.33	23.10	-0.00	7.67	1.266	276
28.128	20.37	23.14	-0.00	7.67	1.266	276
28.160	20.38	23.15	-0.00	7.67	1.266	276
28.192	20.37	23.14	-0.00	7.67	1.266	276
28.224	20.37	23.13	-0.00	7.66	1.266	276
28.256	20.36	23.13	-0.00	7.67	1.266	276
28.288	20.35	23.11	0.00	7.67	1.266	276
28.320	20.32	23.09	0.00	7.67	1.266	276
28.352	20.31	23.07	-0.00	7.67	1.266	276
28.384	20.32	23.08	-0.01	7.66	1.266	276
28.416	20.33	23.10	-0.01	7.66	1.266	276
28.448	20.35	23.12	0.00	7.67	1.266	276
28.480	20.38	23.14	0.00	7.67	1.266	276
28.512	20.39	23.16	-0.00	7.66	1.266	276
28.544	20.39	23.15	-0.00	7.66	1.266	276
28.576	20.39	23.16	-0.00	7.66	1.266	276
28.608	20.39	23.16	0.00	7.67	1.266	276
28.640	20.40	23.17	0.00	7.67	1.266	276
28.672	20.41	23.18	-0.00	7.66	1.266	276
28.704	20.40	23.17	-0.00	7.66	1.266	276
28.736	20.40	23.16	-0.00	7.67	1.266	276
28.768	20.38	23.15	-0.00	7.67	1.266	276
28.800	20.36	23.13	-0.00	7.67	1.266	276
28.832	20.37	23.13	0.00	7.67	1.266	276
28.864	20.39	23.15	-0.00	7.67	1.266	276
28.896	20.40	23.17	-0.00	7.67	1.266	276
28.928	20.42	23.18	0.00	7.67	1.266	276
28.960	20.41	23.18	0.00	7.67	1.266	276
28.992	20.42	23.19	-0.00	7.67	1.266	276
29.024	20.44	23.20	0.00	7.67	1.266	276
29.056	20.47	23.23	-0.00	7.66	1.266	276
29.088	20.48	23.25	0.00	7.67	1.266	276
29.120	20.50	23.26	0.00	7.67	1.266	276
29.152	20.51	23.27	-0.00	7.67	1.266	276
29.184	20.51	23.28	-0.00	7.66	1.266	276
29.216	20.50	23.27	-0.00	7.67	1.266	276
29.248	20.49	23.25	0.00	7.67	1.266	276
29.280	20.47	23.24	-0.00	7.67	1.266	276
29.312	20.47	23.24	0.00	7.67	1.271	277
29.344	20.48	23.24	-0.00	7.66	1.271	277
29.376	20.48	23.25	-0.01	7.66	1.271	277
29.408	20.48	23.25	0.00	7.67	1.271	277
29.440	20.48	23.24	0.00	7.67	1.271	277
29.472	20.49	23.25	-0.00	7.67	1.271	277
29.504	20.49	23.25	0.00	7.67	1.271	277
29.536	20.50	23.27	-0.00	7.66	1.271	277
29.568	20.51	23.28	-0.00	7.67	1.271	277
29.600	20.49	23.25	0.00	7.67	1.271	277
29.632	20.48	23.25	-0.00	7.66	1.271	277
29.664	20.46	23.23	-0.00	7.67	1.271	277
29.696	20.44	23.21	0.00	7.67	1.271	277
29.728	20.41	23.18	0.00	7.67	1.271	277
29.760	20.41	23.18	0.00	7.67	1.271	277
29.792	20.42	23.19	-0.00	7.66	1.271	277
29.824	20.45	23.22	-0.00	7.67	1.271	277
29.856	20.47	23.23	-0.00	7.66	1.271	277
29.888	20.47	23.24	0.00	7.67	1.271	277
29.920	20.47	23.24	0.00	7.67	1.271	277
29.952	20.46	23.23	-0.00	7.67	1.271	277
29.984	20.44	23.21	-0.00	7.66	1.271	277
30.016	20.44	23.20	-0.00	7.66	1.271	277
30.048	20.43	23.20	-0.00	7.67	1.271	277
30.080	20.43	23.20	0.00	7.67	1.271	277
30.112	20.44	23.21	-0.00	7.67	1.271	277
30.144	20.45	23.22	-0.00	7.67	1.271	277
30.176	20.46	23.23	-0.00	7.67	1.271	277
30.208	20.45	23.22	0.01	7.67	1.271	277
30.240	20.43	23.20	0.00	7.67	1.271	277
30.272	20.44	23.21	-0.00	7.66	1.271	277
30.304	20.44	23.21	-0.00	7.67	1.271	277
30.336	20.44	23.20	0.00	7.67	1.271	277
30.368	20.42	23.18	0.00	7.67	1.271	277
30.400	20.40	23.17	0.00	7.67	1.271	277
30.432	20.38	23.15	0.00	7.67	1.271	277
30.464	20.37	23.14	-0.00	7.67	1.271	277
30.496	20.38	23.15	-0.00	7.66	1.271	277
30.528	20.39	23.15	0.00	7.67	1.271	277
30.560	20.38	23.15	-0.00	7.67	1.271	277
30.592	20.38	23.15	-0.00	7.66	1.271	277
30.624	20.39	23.16	-0.00	7.66	1.271	277
30.656	20.40	23.16	-0.00	7.66	1.271	277
30.688	20.38	23.15	0.00	7.67	1.271	277
30.720	20.36	23.13	0.00	7.67	1.271	277
30.752	20.36	23.13	-0.00	7.67	1.271	277
30.784	20.37	23.14	-0.01	7.66	1.271	277
30.816	20.39	23.15	-0.00	7.67	1.271	277
30.848	20.40	23.17	0.00	7.67	1.271	277
30.880	20.42	23.19	0.00	7.67	1.271	277
30.912	20.45	23.21	-0.01	7.66	1.271	277
30.944	20.47	23.24	-0.00	7.67	1.271	277
30.976	20.50	23.27	-0.00	7.67	1.271	277
31.008	20.52	23.28	0.00	7.67	1.271	277
31.040	20.52	23.29	0.00	7.67	1.271	277
31.072	20.52	23.29	-0.00	7.67	1.271	277
31.104	20.52	23.29	-0.00	7.67	1.271	277
31.136	20.52	23.28	0.00	7.67	1.271	277
31.168	20.51	23.28	0.00	7.67	1.271	277
31.200	20.49	23.25	0.00	7.67	1.271	277
31.232	20.49	23.26	0.00	7.67	1.271	277
31.264	20.49	23.26	-0.01	7.66	1.271	277
31.296	20.49	23.26	-0.00	7.67	1.271	277
31.328	20.51	23.28	0.00	7.67	1.271	277
31.360	20.50	23.27	-0.00	7.66	1.271	277
31.392	20.50	23.26	-0.00	7.66	1.271	277
31.424	20.48	23.25	-0.00	7.67	1.271	277
31.456	20.47	23.24	-0.00	7.67	1.271	277
31.488	20.45	23.22	0.00	7.67	1.271	277
31.520	20.43	23.19	0.00	7.67	1.271	277
31.552	20.40	23.16	0.00	7.67	1.271	277
31.584	20.38	23.14	-0.00	7.66	1.271	277
31.616	20.36	23.12	0.00	7.67	1.271	277
31.648	20.35	23.11	0.00	7.67	1.271	277
31.680	20.35	23.12	-0.00	7.66	1.271	277
31.712	20.37	23.13	-0.00	7.67	1.271	277
31.744	20.39	23.16	-0.00	7.66	1.271	277
31.776	20.42	23.19	-0.00	7.67	1.271	277
31.808	20.46	23.22	0.00	7.67	1.271	277
31.840	20.49	23.25	-0.00	7.66	1.271	277
31.872	20.50	23.27	-0.00	7.67	1.271	277
31.904	20.51	23.28	-0.01	7.66	1.271	277
31.936	20.51	23.28	0.00	7.67	1.271	277
31.968	20.50	23.27	0.00	7.67	1.271	277
32.000	20.49	23.26	-0.00	7.67	1.271	277
32.032	20.48	23.24	-0.00	7.67	1.271	277
32.064	20.48	23.25	-0.00	7.67	1.271	277
32.096	20.47	23.24	-0.00	7.67	1.271	277
32.128	20.47	23.23	0.00	7.67	1.271	277
32.160	20.45	23.22	-0.00	7.67	1.271	277
32.192	20.47	23.23	-0.00	7.67	1.271	277
32.224	20.48	23.25	0.00	7.67	1.271	277
32.256	20.49	23.26	-0.00	7.67	1.271	277
32.288	20.50	23.26	0.00	7.67	1.271	277
32.320	20.51	23.27	0.00	7.67	1.271	277
32.352	20.50	23.27	-0.00	7.66	1.271	277
32.384	20.52	23.29	0.00	7.67	1.271	277
32.416	20.54	23.31	0.00	7.67	1.271	277
32.448	20.52	23.29	0.00	7.67	1.271	277
32.480	20.49	23.26	-0.00	7.66	1.271	277
32.512	20.48	23.25	-0.00	7.66	1.271	277
32.544	20.47	23.24	-0.00	7.66	1.271	277
32.576	20.46	23.23	0.00	7.67	1.271	277
32.608	20.43	23.20	0.00	7.67	1.266	276
32.640	20.43	23.20	-0.00	7.66	1.266	276
32.672	20.43	23.19	-0.00	7.67	1.266	276
32.704	20.44	23.20	0.00	7.67	1.266	276
32.736	20.44	23.20	-0.00	7.67	1.266	276
32.768	20.44	23.21	0.00	7.67	1.266	276
32.800	20.44	23.21	-0.00	7.67	1.266	276
32.832	20.44	23.21	-0.00	7.67	1.266	276
32.864	20.44	23.21	-0.00	7.67	1.266	276
32.896	20.44	23.20	-0.00	7.67	1.266	276
32.928	20.42	23.19	0.00	7.67	1.266	276
32.960	20.41	23.18	-0.00	7.67	1.266	276
32.992	20.40	23.17	-0.00	7.66	1.266	276
33.024	20.40	23.16	0.00	7.67	1.266	276
33.056	20.40	23.17	0.00	7.67	1.271	277
33.088	20.38	23.15	0.01	7.67	1.271	277
33.120	20.38	23.15	-0.00	7.67	1.271	277
33.152	20.40	23.17	-0.00	7.67	1.271	277
33.184	20.42	23.19	-0.00	7.66	1.271	277
33.216	20.44	23.21	-0.00	7.66	1.271	277
33.248	20.46	23.22	0.00	7.67	1.271	277
33.280	20.46	23.23	-0.00	7.67	1.271	277
33.312	20.46	23.23	-0.00	7.67	1.271	277
33.344	20.48	23.24	-0.00	7.67	1.271	277
33.376	20.48	23.25	0.00	7.67	1.271	277
33.408	20.49	23.25	0.00	7.67	1.271	277
33.440	20.48	23.24	0.00	7.67	1.271	277
33.472	20.46	23.22	-0.00	7.66	1.271	277
33.504	20.44	23.21	-0.00	7.67	1.271	277
33.536	20.44	23.20	0.00	7.67	1.271	277
33.568	20.41	23.18	-0.00	7.67	1.271	277
33.600	20.42	23.18	-0.00	7.66	1.271	277
33.632	20.42	23.19	-0.00	7.66	1.271	277
33.664	20.44	23.21	-0.00	7.66	1.271	277
33.696	20.46	23.23	0.00	7.67	1.271	277
33.728	20.48	23.24	0.00	7.67	1.271	277
33.760	20.48	23.24	-0.00	7.67	1.271	277
33.792	20.46	23.23	-0.00	7.67	1.271	277
33.824	20.45	23.21	-0.00	7.67	1.271	277
33.856	20.42	23.19	-0.00	7.67	1.271	277
33.888	20.40	23.17	-0.00	7.67	1.271	277
33.920	20.40	23.17	-0.00	7.67	1.271	277
33.952	20.39	23.16	-0.00	7.66	1.271	277
33.984	20.38	23.15	-0.01	7.66	1.271	277
34.016	20.38	23.14	-0.00	7.67	1.271	277
34.048	20.37	23.14	-0.01	7.66	1.271	277
34.080	20.38	23.15	-0.00	7.67	1.271	277
34.112	20.38	23.15	-0.01	7.66	1.271	277
34.144	20.37	23.14	0.00	7.67	1.271	277
34.176	20.37	23.14	-0.00	7.67	1.271	277
34.208	20.36	23.12	-0.00	7.67	1.271	277
34.240	20.35	23.12	-0.00	7.66	1.271	277
34.272	20.33	23.10	-0.00	7.67	1.271	277
34.304	20.34	23.10	-0.00	7.67	1.271	277
34.336	20.36	23.12	0.00	7.67	1.271	277
34.368	20.37	23.13	-0.00	7.67	1.271	277
34.400	20.36	23.13	0.00	7.67	1.271	277
34.432	20.36	23.12	-0.00	7.67	1.271	277
34.464	20.34	23.10	-0.00	7.66	1.266	276
34.496	20.32	23.08	0.00	7.67	1.266	276
34.528	20.29	23.05	-0.00	7.66	1.266	276
34.560	20.27	23.04	-0.00	7.66	1.266	276
34.592	20.28	23.04	-0.00	7.67	1.266	276
34.624	20.30	23.06	0.00	7.67	1.266	276
34.656	20.30	23.07	0.00	7.67	1.266	276
34.688	20.31	23.08	-0.00	7.66	1.266	276
34.720	20.33	23.10	-0.01	7.66	1.266	276
34.752	20.34	23.11	-0.00	7.67	1.266	276
34.784	20.36	23.13	0.00	7.67	1.266	276
34.816	20.38	23.14	0.00	7.67	1.266	276
34.848	20.37	23.14	-0.00	7.67	1.266	276
34.880	20.35	23.12	-0.00	7.66	1.266	276
34.912	20.34	23.11	-0.00	7.67	1.266	276
34.944	20.34	23.11	-0.00	7.66	1.266	276
34.976	20.34	23.10	-0.00	7.67	1.266	276
35.008	20.32	23.09	0.00	7.67	1.266	276
35.040	20.30	23.07	0.00	7.67	1.266	276
35.072	20.29	23.06	-0.00	7.67	1.266	276
35.104	20.30	23.07	-0.00	7.67	1.266	276
35.136	20.30	23.07	-0.00	7.67	1.266	276
35.168	20.30	23.07	-0.00	7.67	1.266	276
35.200	20.30	23.07	-0.00	7.67	1.266	276
35.232	20.28	23.05	-0.00	7.67	1.266	276
35.264	20.26	23.03	-0.00	7.67	1.266	276
35.296	20.24	23.01	-0.00	7.67	1.266	276
35.328	20.23	23.00	-0.00	7.67	1.266	276
35.360	20.22	22.99	-0.00	7.67	1.266	276
35.392	20.23	23.00	-0.00	7.67	1.266	276
35.424	20.23	23.00	0.00	7.67	1.266	276
35.456	20.23	23.00	0.00	7.67	1.266	276
35.488	20.22	22.99	-0.00	7.67	1.266	276
35.520	20.23	22.99	-0.00	7.67	1.266	276
35.552	20.25	23.01	-0.00	7.66	1.266	276
35.584	20.26	23.03	-0.00	7.67	1.266	276
35.616	20.25	23.02	0.00	7.67	1.266	276
35.648	20.24	23.00	-0.00	7.66	1.266	276
35.680	20.23	23.00	-0.01	7.66	1.266	276
35.712	20.23	23.00	-0.00	7.66	1.266	276
35.744	20.25	23.02	-0.00	7.67	1.266	276
35.776	20.27	23.03	0.00	7.67	1.266	276
35.808	20.28	23.05	-0.00	7.67	1.266	276
35.840	20.30	23.07	-0.00	7.67	1.266	276
35.872	20.33	23.10	-0.00	7.67	1.266	276
35.904	20.35	23.12	-0.00	7.67	1.266	276
35.936	20.38	23.14	-0.00	7.67	1.266	276
35.968	20.36	23.13	0.00	7.67	1.266	276
36.000	20.35	23.11	-0.00	7.67	1.266	276
36.032	20.35	23.12	-0.00	7.67	1.266	276
36.064	20.36	23.12	0.00	7.67	1.266	276
36.096	20.35	23.12	0.00	7.67	1.266	276
36.128	20.35	23.12	0.00	7.67	1.266	276
36.160	20.35	23.12	-0.00	7.66	1.266	276
36.192	20.35	23.11	-0.00	7.67	1.266	276
36.224	20.37	23.14	-0.00	7.67	1.266	276
36.256	20.39	23.16	0.00	7.67	1.266	276
36.288	20.41	23.17	0.00	7.67	1.266	276
36.320	20.39	23.16	-0.00	7.66	1.266	276
36.352	20.37	23.13	-0.00	7.66	1.271	277
36.384	20.35	23.12	0.01	7.67	1.271	277
36.416	20.35	23.12	0.00	7.67	1.271	277
36.448	20.34	23.11	0.00	7.67	1.271	277
36.480	20.34	23.11	-0.00	7.67	1.271	277
36.512	20.35	23.12	-0.00	7.67	1.271	277
36.544	20.36	23.12	-0.00	7.67	1.271	277
36.576	20.37	23.14	0.00	7.67	1.271	277
36.608	20.40	23.17	-0.00	7.67	1.271	277
36.640	20.41	23.18	-0.00	7.66	1.271	277
36.672	20.44	23.20	-0.00	7.67	1.271	277
36.704	20.47	23.24	-0.00	7.67	1.271	277
36.736	20.50	23.26	0.00	7.67	1.271	277
36.768	20.49	23.25	-0.00	7.67	1.271	277
36.800	20.48	23.25	-0.00	7.67	1.266	276
36.832	20.48	23.25	-0.00	7.67	1.266	276
36.864	20.47	23.24	-0.00	7.67	1.266	276
36.896	20.44	23.21	-0.00	7.67	1.266	276
36.928	20.42	23.19	-0.00	7.66	1.266	276
36.960	20.39	23.15	-0.00	7.67	1.266	276
36.992	20.37	23.13	0.00	7.67	1.266	276
37.024	20.35	23.12	0.00	7.67	1.266	276
37.056	20.35	23.12	0.00	7.67	1.266	276
37.088	20.36	23.13	-0.00	7.67	1.266	276
37.120	20.40	23.17	-0.00	7.67	1.266	276
37.152	20.43	23.19	-0.00	7.66	1.266	276
37.184	20.46	23.23	-0.00	7.66	1.266	276
37.216	20.48	23.25	0.00	7.67	1.266	276
37.248	20.49	23.25	-0.00	7.66	1.266	276
37.280	20.48	23.25	-0.00	7.66	1.271	277
37.312	20.47	23.23	-0.00	7.66	1.271	277
37.344	20.46	23.22	0.00	7.67	1.271	277
37.376	20.44	23.21	0.00	7.67	1.271	277
37.408	20.44	23.20	-0.01	7.66	1.271	277
37.440	20.43	23.20	-0.00	7.67	1.271	277
37.472	20.43	23.19	-0.00	7.67	1.271	277
37.504	20.44	23.20	0.01	7.67	1.271	277
37.536	20.44	23.21	0.00	7.67	1.271	277
37.568	20.46	23.23	-0.00	7.67	1.271	277
37.600	20.48	23.25	-0.00	7.66	1.271	277
37.632	20.50	23.26	-0.01	7.66	1.271	277
37.664	20.50	23.27	0.00	7.67	1.271	277
37.696	20.49	23.25	0.00	7.67	1.271	277
37.728	20.47	23.23	-0.00	7.67	1.271	277
37.760	20.44	23.21	-0.01	7.66	1.271	277
37.792	20.41	23.18	-0.00	7.67	1.271	277
37.824	20.39	23.16	-0.00	7.67	1.271	277
37.856	20.37	23.14	0.00	7.67	1.271	277
37.888	20.35	23.11	-0.00	7.67	1.271	277
37.920	20.34	23.11	0.00	7.67	1.271	277
37.952	20.35	23.12	-0.00	7.66	1.271	277
37.984	20.35	23.11	0.00	7.67	1.271	277
38.016	20.33	23.10	0.00	7.67	1.271	277
38.048	20.33	23.10	-0.00	7.66	1.271	277
38.080	20.33	23.10	-0.00	7.67	1.271	277
38.112	20.35	23.11	-0.00	7.67	1.271	277
38.144	20.37	23.14	0.00	7.67	1.271	277
38.176	20.38	23.15	0.00	7.67	1.271	277
38.208	20.39	23.16	0.00	7.67	1.266	276
38.240	20.40	23.17	-0.00	7.67	1.266	276
38.272	20.41	23.18	-0.00	7.67	1.266	276
38.304	20.41	23.18	0.00	7.67	1.266	276
38.336	20.38	23.14	-0.00	7.66	1.266	276
38.368	20.34	23.10	-0.00	7.67	1.266	276
38.400	20.31	23.08	-0.01	7.66	1.266	276
38.432	20.29	23.06	-0.00	7.66	1.266	276
38.464	20.29	23.05	-0.00	7.67	1.266	276
38.496	20.28	23.05	0.00	7.67	1.266	276
38.528	20.29	23.06	-0.00	7.66	1.266	276
38.560	20.30	23.07	-0.01	7.66	1.266	276
38.592	20.32	23.08	-0.00	7.66	1.266	276
38.624	20.33	23.09	0.00	7.67	1.266	276
38.656	20.33	23.10	0.00	7.67	1.266	276
38.688	20.31	23.07	0.00	7.67	1.266	276
38.720	20.27	23.04	-0.00	7.66	1.266	276
38.752	20.24	23.01	0.00	7.67	1.266	276
38.784	20.23	22.99	0.00	7.67	1.266	276
38.816	20.20	22.97	-0.00	7.67	1.266	276
38.848	20.20	22.97	0.01	7.67	1.266	276
38.880	20.21	22.97	-0.00	7.67	1.266	276
38.912	20.22	22.99	0.00	7.67	1.266	276
38.944	20.24	23.00	0.00	7.67	1.266	276
38.976	20.25	23.02	0.00	7.67	1.266	276
39.008	20.27	23.03	-0.00	7.67	1.266	276
39.040	20.27	23.04	-0.00	7.66	1.266	276
39.072	20.29	23.05	-0.00	7.67	1.266	276
39.104	20.29	23.06	0.00	7.67	1.266	276
39.136	20.31	23.07	-0.00	7.66	1.266	276
39.168	20.31	23.08	0.00	7.67	1.266	276
39.200	20.32	23.08	-0.00	7.67	1.266	276
39.232	20.32	23.09	-0.01	7.66	1.266	276
39.264	20.33	23.09	0.00	7.67	1.266	276
39.296	20.31	23.08	0.00	7.67	1.266	276
39.328	20.29	23.06	-0.00	7.67	1.266	276
39.360	20.29	23.05	-0.01	7.66	1.266	276
39.392	20.30	23.07	0.00	7.67	1.266	276
39.424	20.31	23.08	0.00	7.67	1.266	276
39.456	20.31	23.08	-0.00	7.66	1.266	276
39.488	20.31	23.08	0.00	7.67	1.266	276
39.520	20.33	23.10	-0.00	7.66	1.266	276
39.552	20.36	23.12	-0.00	7.67	1.266	276
39.584	20.37	23.14	-0.00	7.66	1.266	276
39.616	20.37	23.14	-0.00	7.66	1.266	276
39.648	20.36	23.13	-0.00	7.67	1.266	276
39.680	20.36	23.12	-0.00	7.66	1.266	276
39.712	20.34	23.11	-0.00	7.67	1.266	276
39.744	20.33	23.09	-0.00	7.67	1.266	276
39.776	20.31	23.07	0.00	7.67	1.266	276
39.808	20.29	23.06	-0.00	7.67	1.266	276
39.840	20.29	23.06	-0.00	7.66	1.266	276
39.872	20.29	23.06	-0.00	7.66	1.266	276
39.904	20.29	23.06	-0.00	7.67	1.266	276
39.936	20.31	23.08	-0.00	7.67	1.266	276
39.968	20.33	23.09	-0.00	7.67	1.266	276
40.000	20.34	23.10	-0.00	7.67	1.266	276
40.032	20.35	23.12	-0.00	7.66	1.266	276
40.064	20.37	23.14	0.00	7.67	1.266	276
40.096	20.38	23.14	0.00	7.67	1.261	275
40.128	20.37	23.14	-0.01	7.66	1.261	275
40.160	20.35	23.12	-0.01	7.66	1.261	275
40.192	20.34	23.11	-0.00	7.66	1.261	275
40.224	20.32	23.08	0.00	7.67	1.261	275
40.256	20.28	23.04	-0.00	7.67	1.261	275
40.288	20.24	23.00	-0.00	7.67	1.261	275
40.320	20.23	22.99	-0.00	7.66	1.261	275
40.352	20.23	23.00	-0.00	7.66	1.261	275
40.384	20.24	23.01	0.00	7.67	1.261	275
40.416	20.25	23.02	0.00	7.67	1.261	275
40.448	20.25	23.02	-0.00	7.67	1.261	275
40.480	20.24	23.01	0.00	7.67	1.261	275
40.512	20.25	23.01	-0.00	7.66	1.261	275
40.544	20.26	23.02	-0.00	7.66	1.252	273
40.576	20.25	23.02	-0.00	7.67	1.252	273
40.608	20.25	23.02	-0.01	7.66	1.252	273
40.640	20.26	23.03	-0.01	7.66	1.252	273
40.672	20.27	23.03	-0.00	7.66	1.252	273
40.704	20.28	23.04	-0.00	7.67	1.252	273
40.736	20.29	23.05	-0.00	7.67	1.252	273
40.768	20.30	23.07	-0.00	7.66	1.252	273
40.800	20.30	23.06	-0.00	7.66	1.252	273
40.832	20.30	23.07	0.00	7.67	1.252	273
40.864	20.30	23.07	0.00	7.67	1.252	273
40.896	20.31	23.08	-0.00	7.67	1.252	273
40.928	20.32	23.09	-0.00	7.67	1.252	273
40.960	20.34	23.10	-0.00	7.66	1.252	273
40.992	20.34	23.11	-0.00	7.66	1.252	273
41.024	20.35	23.12	-0.00	7.66	1.261	275
41.056	20.34	23.11	0.00	7.67	1.261	275
41.088	20.33	23.10	-0.00	7.67	1.261	275
41.120	20.30	23.07	-0.00	7.66	1.261	275
41.152	20.28	23.04	-0.01	7.66	1.261	275
41.184	20.26	23.02	0.00	7.67	1.261	275
41.216	20.23	23.00	0.00	7.67	1.261	275
41.248	20.21	22.98	-0.00	7.66	1.261	275
41.280	20.20	22.97	-0.00	7.67	1.261	275
41.312	20.20	22.97	-0.01	7.66	1.261	275
41.344	20.21	22.98	-0.00	7.67	1.261	275
41.376	20.21	22.98	-0.00	7.67	1.261	275
41.408	20.24	23.00	0.00	7.67	1.261	275
41.440	20.26	23.03	0.00	7.67	1.261	275
41.472	20.30	23.07	-0.00	7.67	1.261	275
41.504	20.33	23.10	0.00	7.67	1.261	275
41.536	20.35	23.11	-0.00	7.67	1.261	275
41.568	20.35	23.11	-0.00	7.67	1.261	275
41.600	20.33	23.10	-0.00	7.67	1.261	275
41.632	20.30	23.07	-0.01	7.66	1.261	275
41.664	20.30	23.06	0.01	7.67	1.261	275
41.696	20.28	23.04	0.00	7.67	1.261	275
41.728	20.25	23.02	-0.00	7.66	1.261	275
41.760	20.24	23.01	-0.00	7.66	1.261	275
41.792	20.24	23.01	-0.01	7.66	1.261	275
41.824	20.26	23.03	-0.00	7.67	1.261	275
41.856	20.29	23.06	0.00	7.67	1.261	275
41.888	20.32	23.09	-0.00	7.67	1.261	275
41.920	20.36	23.13	-0.01	7.66	1.261	275
41.952	20.38	23.14	-0.00	7.67	1.261	275
41.984	20.39	23.15	-0.00	7.67	1.261	275
42.016	20.38	23.15	-0.00	7.67	1.261	275
42.048	20.38	23.14	-0.00	7.67	1.261	275
42.080	20.37	23.14	-0.00	7.66	1.261	275
42.112	20.36	23.13	0.00	7.67	1.261	275
42.144	20.34	23.11	-0.00	7.67	1.261	275
42.176	20.32	23.08	0.00	7.67	1.261	275
42.208	20.30	23.07	-0.00	7.67	1.261	275
42.240	20.30	23.07	-0.00	7.66	1.261	275
42.272	20.30	23.06	0.00	7.67	1.261	275
42.304	20.31	23.08	-0.00	7.67	1.261	275
42.336	20.34	23.10	0.00	7.67	1.261	275
42.368	20.35	23.12	-0.00	7.67	1.261	275
42.400	20.37	23.14	-0.01	7.66	1.261	275
42.432	20.39	23.16	-0.01	7.66	1.271	277
42.464	20.43	23.19	0.00	7.67	1.271	277
42.496	20.45	23.21	-0.00	7.66	1.271	277
42.528	20.47	23.24	-0.00	7.67	1.271	277
42.560	20.48	23.24	-0.00	7.66	1.271	277
42.592	20.48	23.25	-0.00	7.67	1.271	277
42.624	20.47	23.24	-0.00	7.66	1.271	277
42.656	20.46	23.22	0.00	7.67	1.271	277
42.688	20.44	23.20	-0.00	7.66	1.271	277
42.720	20.41	23.18	-0.00	7.67	1.271	277
42.752	20.40	23.16	-0.00	7.67	1.271	277
42.784	20.38	23.15	-0.00	7.67	1.271	277
42.816	20.38	23.15	-0.00	7.67	1.271	277
42.848	20.38	23.15	-0.00	7.66	1.271	277
42.880	20.38	23.14	-0.00	7.66	1.271	277
42.912	20.38	23.14	-0.00	7.67	1.266	276
42.944	20.37	23.14	0.00	7.67	1.266	276
42.976	20.38	23.14	0.00	7.67	1.266	276
43.008	20.37	23.14	-0.01	7.66	1.266	276
43.040	20.37	23.13	-0.00	7.67	1.266	276
43.072	20.35	23.12	-0.00	7.67	1.266	276
43.104	20.36	23.13	0.00	7.67	1.266	276
43.136	20.35	23.12	-0.00	7.67	1.266	276
43.168	20.34	23.10	-0.00	7.66	1.266	276
43.200	20.33	23.10	-0.00	7.66	1.266	276
43.232	20.34	23.11	-0.00	7.66	1.266	276
43.264	20.36	23.12	-0.00	7.67	1.266	276
43.296	20.38	23.14	-0.00	7.67	1.266	276
43.328	20.39	23.16	-0.01	7.66	1.266	276
43.360	20.41	23.17	-0.01	7.66	1.271	277
43.392	20.42	23.18	-0.00	7.66	1.271	277
43.424	20.42	23.19	-0.00	7.66	1.271	277
43.456	20.44	23.21	0.00	7.67	1.271	277
43.488	20.46	23.23	0.00	7.67	1.271	277
43.520	20.47	23.24	-0.01	7.66	1.271	277
43.552	20.44	23.21	-0.00	7.67	1.271	277
43.584	20.41	23.18	-0.00	7.66	1.271	277
43.616	20.36	23.13	-0.00	7.67	1.271	277
43.648	20.32	23.08	0.00	7.67	1.271	277
43.680	20.31	23.08	-0.00	7.67	1.271	277
43.712	20.31	23.08	-0.00	7.66	1.271	277
43.744	20.33	23.10	-0.00	7.67	1.271	277
43.776	20.35	23.12	-0.00	7.67	1.271	277
43.808	20.37	23.14	-0.00	7.67	1.271	277
43.840	20.38	23.15	-0.00	7.67	1.266	276
43.872	20.39	23.15	-0.00	7.66	1.266	276
43.904	20.40	23.16	-0.00	7.67	1.266	276
43.936	20.40	23.17	0.00	7.67	1.266	276
43.968	20.39	23.16	-0.00	7.66	1.266	276
44.000	20.39	23.16	0.00	7.67	1.266	276
44.032	20.39	23.16	-0.00	7.67	1.266	276
44.064	20.40	23.16	-0.00	7.66	1.266	276
44.096	20.37	23.13	0.00	7.67	1.266	276
44.128	20.34	23.11	-0.00	7.67	1.266	276
44.160	20.32	23.09	0.00	7.67	1.266	276
44.192	20.32	23.09	-0.00	7.66	1.266	276
44.224	20.32	23.09	-0.00	7.66	1.266	276
44.256	20.34	23.10	-0.00	7.67	1.266	276
44.288	20.35	23.12	-0.00	7.67	1.266	276
44.320	20.35	23.12	-0.00	7.66	1.266	276
44.352	20.35	23.12	0.00	7.67	1.266	276
44.384	20.34	23.10	-0.00	7.67	1.266	276
44.416	20.34	23.10	0.00	7.67	1.266	276
44.448	20.33	23.10	-0.00	7.67	1.266	276
44.480	20.34	23.11	-0.01	7.66	1.266	276
44.512	20.34	23.11	-0.01	7.66	1.266	276
44.544	20.34	23.11	-0.00	7.67	1.266	276
44.576	20.32	23.08	0.00	7.67	1.266	276
44.608	20.30	23.07	-0.00	7.66	1.266	276
44.640	20.29	23.05	0.00	7.67	1.266	276
44.672	20.28	23.05	-0.01	7.66	1.266	276
44.704	20.29	23.05	-0.00	7.66	1.266	276
44.736	20.28	23.05	-0.00	7.67	1.266	276
44.768	20.28	23.05	-0.00	7.67	1.266	276
44.800	20.28	23.04	-0.00	7.67	1.266	276
44.832	20.30	23.06	-0.00	7.66	1.266	276
44.864	20.32	23.09	-0.00	7.67	1.266	276
44.896	20.33	23.09	0.01	7.67	1.266	276
44.928	20.32	23.09	-0.00	7.67	1.266	276
44.960	20.32	23.08	-0.00	7.67	1.266	276
44.992	20.30	23.07	-0.00	7.67	1.266	276
45.024	20.28	23.05	-0.00	7.66	1.266	276
45.056	20.25	23.02	0.00	7.67	1.266	276
45.088	20.24	23.01	-0.00	7.67	1.266	276
45.120	20.24	23.00	-0.00	7.67	1.266	276
45.152	20.24	23.01	-0.00	7.66	1.266	276
45.184	20.24	23.00	-0.00	7.66	1.266	276
45.216	20.24	23.00	0.00	7.67	1.266	276
45.248	20.24	23.01	0.00	7.67	1.261	275
45.280	20.23	23.00	-0.00	7.67	1.261	275
45.312	20.24	23.01	-0.01	7.66	1.261	275
45.344	20.25	23.02	-0.00	7.67	1.261	275
45.376	20.27	23.03	-0.00	7.67	1.261	275
45.408	20.27	23.04	0.00	7.67	1.261	275
45.440	20.27	23.04	-0.00	7.66	1.261	275
45.472	20.26	23.03	0.00	7.67	1.261	275
45.504	20.25	23.02	-0.00	7.67	1.261	275
45.536	20.24	23.00	0.00	7.67	1.261	275
45.568	20.23	23.00	-0.00	7.67	1.261	275
45.600	20.23	23.00	-0.00	7.66	1.261	275
45.632	20.24	23.01	-0.01	7.66	1.261	275
45.664	20.24	23.01	-0.00	7.66	1.261	275
45.696	20.25	23.01	0.00	7.67	1.266	276
45.728	20.25	23.02	-0.00	7.66	1.266	276
45.760	20.24	23.01	-0.01	7.66	1.266	276
45.792	20.26	23.02	-0.00	7.67	1.266	276
45.824	20.28	23.05	-0.00	7.66	1.266	276
45.856	20.30	23.07	0.00	7.67	1.266	276
45.888	20.31	23.08	-0.00	7.67	1.266	276
45.920	20.32	23.09	-0.00	7.67	1.266	276
45.952	20.33	23.10	-0.00	7.66	1.266	276
45.984	20.34	23.11	-0.00	7.67	1.266	276
46.016	20.31	23.08	0.00	7.67	1.266	276
46.048	20.30	23.07	-0.01	7.66	1.266	276
46.080	20.30	23.06	-0.00	7.66	1.266	276
46.112	20.30	23.07	-0.00	7.67	1.266	276
46.144	20.31	23.08	-0.00	7.67	1.266	276
46.176	20.33	23.10	0.00	7.67	1.266	276
46.208	20.37	23.13	-0.00	7.67	1.266	276
46.240	20.40	23.16	-0.00	7.66	1.266	276
46.272	20.43	23.20	-0.00	7.67	1.266	276
46.304	20.45	23.22	-0.00	7.66	1.266	276
46.336	20.47	23.23	0.00	7.67	1.266	276
46.368	20.47	23.24	0.00	7.67	1.266	276
46.400	20.45	23.22	-0.00	7.66	1.266	276
46.432	20.43	23.19	-0.01	7.66	1.266	276
46.464	20.41	23.18	-0.01	7.66	1.266	276
46.496	20.36	23.13	0.00	7.67	1.266	276
46.528	20.32	23.09	-0.00	7.67	1.266	276
46.560	20.30	23.07	-0.01	7.66	1.266	276
46.592	20.31	23.08	-0.00	7.66	1.266	276
46.624	20.32	23.09	-0.00	7.67	1.266	276
46.656	20.35	23.11	-0.00	7.66	1.266	276
46.688	20.38	23.14	-0.00	7.67	1.266	276
46.720	20.41	23.17	-0.00	7.67	1.266	276
46.752	20.43	23.20	-0.01	7.66	1.266	276
46.784	20.45	23.22	-0.00	7.67	1.266	276
46.816	20.45	23.21	0.00	7.67	1.266	276
46.848	20.43	23.20	-0.00	7.67	1.266	276
46.880	20.42	23.19	-0.01	7.66	1.266	276
46.912	20.41	23.17	-0.01	7.66	1.266	276
46.944	20.39	23.16	-0.00	7.66	1.266	276
46.976	20.37	23.14	0.00	7.67	1.266	276
47.008	20.35	23.12	-0.00	7.67	1.266	276
47.040	20.34	23.11	0.00	7.67	1.266	276
47.072	20.34	23.11	-0.01	7.66	1.266	276
47.104	20.35	23.12	-0.00	7.66	1.266	276
47.136	20.37	23.13	0.00	7.67	1.266	276
47.168	20.38	23.15	-0.00	7.67	1.266	276
47.200	20.39	23.15	-0.01	7.66	1.266	276
47.232	20.40	23.17	-0.01	7.66	1.266	276
47.264	20.41	23.18	-0.00	7.66	1.266	276
47.296	20.40	23.17	0.00	7.67	1.266	276
47.328	20.39	23.16	-0.01	7.66	1.266	276
47.360	20.37	23.14	-0.00	7.66	1.266	276
47.392	20.37	23.13	-0.01	7.66	1.266	276
47.424	20.36	23.12	-0.00	7.67	1.266	276
47.456	20.33	23.10	-0.00	7.67	1.266	276
47.488	20.32	23.08	-0.00	7.66	1.266	276
47.520	20.33	23.09	-0.00	7.66	1.266	276
47.552	20.34	23.11	-0.01	7.66	1.266	276
47.584	20.35	23.12	-0.00	7.67	1.271	277
47.616	20.36	23.12	0.00	7.67	1.271	277
47.648	20.38	23.14	-0.00	7.67	1.271	277
47.680	20.40	23.17	0.00	7.67	1.271	277
47.712	20.42	23.19	-0.00	7.66	1.271	277
47.744	20.44	23.21	-0.01	7.66	1.271	277
47.776	20.45	23.22	-0.00	7.66	1.271	277
47.808	20.44	23.20	0.00	7.67	1.271	277
47.840	20.42	23.18	-0.00	7.67	1.271	277
47.872	20.39	23.16	-0.00	7.66	1.271	277
47.904	20.37	23.14	-0.00	7.66	1.271	277
47.936	20.35	23.12	0.00	7.67	1.271	277
47.968	20.35	23.11	-0.00	7.67	1.271	277
48.000	20.35	23.12	-0.00	7.67	1.271	277
48.032	20.35	23.12	-0.00	7.66	1.271	277
48.064	20.37	23.14	-0.00	7.67	1.266	276
48.096	20.39	23.16	-0.00	7.66	1.266	276
48.128	20.41	23.18	-0.00	7.66	1.266	276
48.160	20.43	23.19	0.00	7.67	1.266	276
48.192	20.43	23.20	0.00	7.67	1.266	276
48.224	20.42	23.18	-0.00	7.66	1.266	276
48.256	20.39	23.16	0.00	7.67	1.266	276
48.288	20.37	23.14	-0.00	7.66	1.266	276
48.320	20.35	23.12	-0.00	7.66	1.266	276
48.352	20.33	23.09	-0.00	7.67	1.266	276
48.384	20.30	23.07	-0.00	7.66	1.266	276
48.416	20.26	23.03	0.00	7.67	1.266	276
48.448	20.25	23.02	0.00	7.67	1.266	276
48.480	20.26	23.03	-0.00	7.66	1.266	276
48.512	20.29	23.06	-0.00	7.67	1.266	276
48.544	20.32	23.08	0.00	7.67	1.266	276
48.576	20.33	23.10	0.00	7.67	1.266	276
48.608	20.36	23.12	-0.00	7.66	1.266	276
48.640	20.37	23.14	-0.00	7.66	1.266	276
48.672	20.41	23.17	-0.00	7.66	1.266	276
48.704	20.43	23.20	-0.00	7.67	1.266	276
48.736	20.44	23.21	0.00	7.67	1.266	276
48.768	20.45	23.21	-0.00	7.66	1.266	276
48.800	20.44	23.21	-0.00	7.67	1.266	276
48.832	20.42	23.19	-0.00	7.66	1.266	276
48.864	20.39	23.16	-0.00	7.67	1.266	276
48.896	20.35	23.11	0.00	7.67	1.266	276
48.928	20.31	23.08	-0.01	7.66	1.266	276
48.960	20.30	23.07	-0.00	7.66	1.266	276
48.992	20.30	23.07	-0.01	7.66	1.266	276
49.024	20.32	23.09	-0.01	7.66	1.266	276
49.056	20.35	23.12	-0.00	7.66	1.266	276
49.088	20.39	23.15	-0.00	7.67	1.266	276
49.120	20.40	23.17	-0.00	7.67	1.266	276
49.152	20.43	23.20	-0.00	7.67	1.266	276
49.184	20.45	23.21	-0.00	7.67	1.266	276
49.216	20.45	23.22	0.00	7.67	1.266	276
49.248	20.45	23.22	-0.00	7.66	1.266	276
49.280	20.45	23.22	-0.00	7.67	1.266	276
49.312	20.43	23.20	-0.00	7.66	1.266	276
49.344	20.41	23.18	-0.00	7.66	1.266	276
49.376	20.38	23.15	0.00	7.67	1.266	276
49.408	20.37	23.13	-0.00	7.66	1.266	276
49.440	20.36	23.13	-0.00	7.66	1.271	277
49.472	20.36	23.13	-0.01	7.66	1.271	277
49.504	20.37	23.14	0.00	7.67	1.271	277
49.536	20.39	23.15	-0.00	7.67	1.271	277
49.568	20.40	23.17	-0.00	7.66	1.271	277
49.600	20.41	23.17	-0.01	7.66	1.271	277
49.632	20.42	23.19	-0.01	7.66	1.271	277
49.664	20.43	23.19	-0.00	7.66	1.271	277
49.696	20.41	23.18	-0.00	7.67	1.271	277
49.728	20.40	23.17	-0.00	7.67	1.271	277
49.760	20.39	23.15	-0.00	7.66	1.271	277
49.792	20.35	23.12	-0.00	7.66	1.271	277
49.824	20.32	23.09	-0.00	7.66	1.271	277
49.856	20.28	23.04	0.00	7.67	1.271	277
49.888	20.26	23.03	-0.00	7.67	1.271	277
49.920	20.25	23.02	-0.00	7.66	1.266	276
49.952	20.24	23.01	-0.01	7.66	1.266	276
49.984	20.26	23.03	0.00	7.67	1.266	276
50.016	20.28	23.05	0.00	7.67	1.266	276
50.048	20.32	23.08	0.01	7.67	1.266	276
50.080	20.35	23.12	-0.00	7.66	1.266	276
50.112	20.38	23.15	-0.00	7.66	1.266	276
50.144	20.38	23.15	-0.00	7.66	1.266	276
50.176	20.36	23.13	0.00	7.67	1.266	276
50.208	20.34	23.10	0.00	7.67	1.266	276
50.240	20.31	23.07	-0.00	7.67	1.266	276
50.272	20.29	23.05	-0.00	7.66	1.266	276
50.304	20.26	23.03	-0.01	7.66	1.266	276
50.336	20.25	23.02	-0.00	7.67	1.266	276
50.368	20.26	23.03	-0.00	7.66	1.266	276
50.400	20.28	23.04	0.00	7.67	1.271	277
50.432	20.29	23.05	-0.01	7.66	1.271	277
50.464	20.30	23.07	-0.00	7.67	1.271	277
50.496	20.32	23.09	-0.00	7.66	1.271	277
50.528	20.34	23.11	-0.00	7.66	1.271	277
50.560	20.35	23.12	-0.00	7.67	1.271	277
50.592	20.35	23.12	-0.00	7.66	1.271	277
50.624	20.35	23.12	-0.00	7.66	1.271	277
50.656	20.32	23.08	-0.00	7.67	1.271	277
50.688	20.29	23.06	0.00	7.67	1.271	277
50.720	20.28	23.05	-0.00	7.67	1.271	277
50.752	20.27	23.04	-0.01	7.66	1.271	277
50.784	20.25	23.02	-0.01	7.66	1.271	277
50.816	20.25	23.02	0.00	7.67	1.271	277
50.848	20.26	23.03	-0.00	7.66	1.261	275
50.880	20.28	23.04	-0.00	7.66	1.261	275
50.912	20.30	23.07	-0.00	7.66	1.261	275
50.944	20.31	23.08	0.00	7.67	1.261	275
50.976	20.30	23.07	0.00	7.67	1.261	275
51.008	20.29	23.06	-0.01	7.66	1.261	275
51.040	20.28	23.05	-0.00	7.67	1.261	275
51.072	20.30	23.07	-0.00	7.66	1.261	275
51.104	20.30	23.07	-0.01	7.66	1.261	275
51.136	20.29	23.06	0.00	7.67	1.261	275
51.168	20.29	23.05	-0.00	7.66	1.261	275
51.200	20.29	23.05	-0.00	7.66	1.261	275
51.232	20.28	23.04	-0.00	7.66	1.261	275
51.264	20.26	23.03	-0.00	7.66	1.261	275
51.296	20.22	22.99	-0.00	7.67	1.261	275
51.328	20.20	22.97	0.00	7.67	1.266	276
51.360	20.19	22.96	0.00	7.67	1.266	276
51.392	20.19	22.96	-0.01	7.66	1.266	276
51.424	20.19	22.96	-0.01	7.66	1.266	276
51.456	20.20	22.97	-0.00	7.66	1.266	276
51.488	20.21	22.98	-0.00	7.66	1.266	276
51.520	20.23	23.00	0.00	7.67	1.266	276
51.552	20.26	23.03	-0.00	7.66	1.266	276
51.584	20.28	23.05	-0.00	7.67	1.266	276
51.616	20.29	23.05	0.00	7.67	1.266	276
51.648	20.28	23.05	-0.00	7.67	1.266	276
51.680	20.28	23.04	-0.01	7.66	1.266	276
51.712	20.27	23.03	-0.00	7.67	1.266	276
51.744	20.25	23.02	-0.00	7.67	1.266	276
51.776	20.24	23.01	-0.00	7.67	1.266	276
51.808	20.24	23.01	-0.00	7.67	1.266	276
51.840	20.26	23.02	-0.00	7.67	1.266	276
51.872	20.26	23.03	0.00	7.67	1.266	276
51.904	20.27	23.03	-0.00	7.66	1.266	276
51.936	20.27	23.04	-0.00	7.67	1.266	276
51.968	20.29	23.05	-0.01	7.66	1.266	276
52.000	20.30	23.07	0.00	7.67	1.266	276
52.032	20.32	23.09	-0.00	7.66	1.266	276
52.064	20.32	23.09	-0.00	7.66	1.266	276
52.096	20.30	23.07	0.00	7.67	1.266	276
52.128	20.30	23.07	-0.00	7.66	1.266	276
52.160	20.29	23.06	-0.00	7.66	1.266	276
52.192	20.30	23.07	-0.00	7.66	1.266	276
52.224	20.29	23.06	-0.00	7.66	1.266	276
52.256	20.29	23.05	-0.00	7.66	1.261	275
52.288	20.30	23.06	-0.00	7.67	1.261	275
52.320	20.30	23.07	-0.01	7.66	1.261	275
52.352	20.31	23.08	-0.00	7.67	1.261	275
52.384	20.31	23.08	-0.00	7.67	1.261	275
52.416	20.32	23.08	0.00	7.67	1.261	275
52.448	20.32	23.09	-0.00	7.67	1.261	275
52.480	20.34	23.10	-0.00	7.67	1.261	275
52.512	20.36	23.13	-0.00	7.66	1.261	275
52.544	20.36	23.13	-0.00	7.66	1.261	275
52.576	20.35	23.11	0.00	7.67	1.261	275
52.608	20.34	23.10	0.00	7.67	1.261	275
52.640	20.33	23.10	-0.00	7.66	1.261	275
52.672	20.32	23.09	-0.00	7.66	1.261	275
52.704	20.30	23.07	-0.00	7.67	1.261	275
52.736	20.28	23.04	0.00	7.67	1.271	277
52.768	20.28	23.04	-0.01	7.66	1.271	277
52.800	20.28	23.05	-0.00	7.67	1.271	277
52.832	20.28	23.05	-0.00	7.66	1.271	277
52.864	20.27	23.04	-0.00	7.67	1.271	277
52.896	20.25	23.02	-0.00	7.67	1.271	277
52.928	20.24	23.01	-0.00	7.67	1.271	277
52.960	20.24	23.00	-0.00	7.66	1.271	277
52.992	20.24	23.01	-0.00	7.66	1.271	277
53.024	20.24	23.01	-0.00	7.67	1.271	277
53.056	20.25	23.02	-0.00	7.67	1.271	277
53.088	20.27	23.03	0.00	7.67	1.271	277
53.120	20.27	23.04	-0.00	7.66	1.271	277
53.152	20.28	23.04	-0.00	7.66	1.271	277
53.184	20.26	23.03	-0.01	7.66	1.261	275
53.216	20.25	23.02	-0.00	7.67	1.261	275
53.248	20.25	23.02	-0.00	7.67	1.261	275
53.280	20.27	23.03	0.00	7.67	1.261	275
53.312	20.28	23.05	-0.00	7.67	1.261	275
53.344	20.30	23.06	-0.00	7.66	1.261	275
53.376	20.32	23.09	0.00	7.67	1.261	275
53.408	20.34	23.11	-0.00	7.67	1.261	275
53.440	20.36	23.13	-0.00	7.67	1.261	275
53.472	20.37	23.14	-0.00	7.66	1.261	275
53.504	20.36	23.12	-0.00	7.67	1.261	275
53.536	20.35	23.11	0.00	7.67	1.261	275
53.568	20.34	23.10	-0.00	7.67	1.261	275
53.600	20.32	23.09	-0.00	7.67	1.261	275
53.632	20.31	23.07	-0.00	7.67	1.261	275
53.664	20.28	23.05	-0.00	7.66	1.271	277
53.696	20.25	23.02	0.00	7.67	1.271	277
53.728	20.23	23.00	-0.01	7.66	1.271	277
53.760	20.21	22.98	-0.01	7.66	1.271	277
53.792	20.19	22.96	-0.00	7.66	1.271	277
53.824	20.18	22.95	-0.00	7.66	1.271	277
53.856	20.19	22.96	-0.00	7.66	1.271	277
53.888	20.21	22.98	-0.00	7.67	1.271	277
53.920	20.22	22.99	-0.00	7.67	1.271	277
53.952	20.24	23.01	-0.01	7.66	1.271	277
53.984	20.27	23.03	-0.00	7.66	1.271	277
54.016	20.29	23.05	0.00	7.67	1.271	277
54.048	20.30	23.07	-0.00	7.67	1.271	277
54.080	20.31	23.08	-0.00	7.66	1.271	277
54.112	20.33	23.10	-0.01	7.66	1.271	277
54.144	20.34	23.10	-0.00	7.66	1.261	275
54.176	20.34	23.11	-0.00	7.66	1.261	275
54.208	20.35	23.12	-0.00	7.67	1.261	275
54.240	20.35	23.12	-0.00	7.67	1.261	275
54.272	20.35	23.11	-0.00	7.66	1.261	275
54.304	20.35	23.12	-0.01	7.66	1.261	275
54.336	20.37	23.13	0.00	7.67	1.261	275
54.368	20.38	23.15	-0.00	7.67	1.261	275
54.400	20.40	23.17	-0.00	7.66	1.261	275
54.432	20.42	23.19	-0.00	7.67	1.261	275
54.464	20.43	23.20	-0.00	7.66	1.261	275
54.496	20.41	23.18	0.00	7.67	1.261	275
54.528	20.39	23.16	0.00	7.67	1.261	275
54.560	20.36	23.12	-0.01	7.66	1.261	275
54.592	20.35	23.11	0.00	7.67	1.271	277
54.624	20.33	23.09	-0.00	7.66	1.271	277
54.656	20.33	23.10	-0.00	7.67	1.271	277
54.688	20.34	23.10	0.00	7.67	1.271	277
54.720	20.34	23.10	-0.00	7.66	1.271	277
54.752	20.33	23.10	-0.01	7.66	1.271	277
54.784	20.33	23.09	-0.00	7.67	1.271	277
54.816	20.34	23.10	0.00	7.67	1.271	277
54.848	20.36	23.12	-0.00	7.66	1.271	277
54.880	20.38	23.15	-0.01	7.66	1.271	277
54.912	20.39	23.16	-0.01	7.66	1.271	277
54.944	20.39	23.16	-0.00	7.67	1.271	277
54.976	20.39	23.16	0.00	7.67	1.271	277
55.008	20.38	23.14	-0.00	7.67	1.271	277
55.040	20.37	23.13	-0.00	7.67	1.271	277
55.072	20.35	23.12	-0.00	7.66	1.266	276
55.104	20.32	23.08	-0.00	7.66	1.266	276
55.136	20.30	23.07	-0.00	7.67	1.266	276
55.168	20.29	23.06	-0.01	7.66	1.266	276
55.200	20.30	23.07	-0.01	7.66	1.266	276
55.232	20.30	23.07	-0.00	7.67	1.266	276
55.264	20.30	23.06	-0.01	7.66	1.266	276
55.296	20.31	23.08	-0.00	7.67	1.266	276
55.328	20.32	23.09	0.00	7.67	1.266	276
55.360	20.34	23.11	-0.00	7.67	1.266	276
55.392	20.35	23.12	-0.00	7.67	1.266	276
55.424	20.37	23.14	-0.00	7.67	1.266	276
55.456	20.37	23.13	0.00	7.67	1.266	276
55.488	20.35	23.12	-0.00	7.67	1.266	276
55.520	20.34	23.11	-0.00	7.66	1.266	276
55.552	20.34	23.10	-0.00	7.67	1.271	277
55.584	20.31	23.08	-0.00	7.67	1.271	277
55.616	20.30	23.07	-0.00	7.67	1.271	277
55.648	20.30	23.07	-0.00	7.67	1.271	277
55.680	20.30	23.07	-0.00	7.67	1.271	277
55.712	20.32	23.08	-0.00	7.66	1.271	277
55.744	20.33	23.10	-0.01	7.66	1.271	277
55.776	20.34	23.11	-0.00	7.66	1.271	277
55.808	20.35	23.12	0.00	7.67	1.271	277
55.840	20.38	23.14	-0.01	7.66	1.271	277
55.872	20.39	23.16	-0.00	7.67	1.271	277
55.904	20.39	23.15	-0.00	7.66	1.271	277
55.936	20.38	23.15	-0.00	7.67	1.271	277
55.968	20.38	23.15	-0.00	7.66	1.271	277
56.000	20.37	23.14	-0.00	7.66	1.266	276
56.032	20.32	23.09	-0.00	7.67	1.266	276
56.064	20.29	23.05	-0.00	7.66	1.266	276
56.096	20.27	23.03	-0.00	7.67	1.266	276
56.128	20.26	23.03	-0.00	7.67	1.266	276
56.160	20.26	23.03	-0.00	7.67	1.266	276
56.192	20.26	23.03	-0.00	7.66	1.266	276
56.224	20.25	23.02	-0.01	7.66	1.266	276
56.256	20.25	23.02	-0.00	7.67	1.266	276
56.288	20.26	23.03	-0.00	7.66	1.266	276
56.320	20.28	23.05	-0.00	7.67	1.266	276
56.352	20.30	23.07	-0.01	7.66	1.266	276
56.384	20.31	23.08	-0.00	7.67	1.266	276
56.416	20.33	23.10	-0.00	7.66	1.266	276
56.448	20.35	23.11	0.00	7.67	1.266	276
56.480	20.35	23.12	-0.00	7.67	1.266	276
56.512	20.35	23.11	-0.00	7.66	1.266	276
56.544	20.32	23.09	-0.00	7.67	1.266	276
56.576	20.32	23.09	-0.00	7.66	1.266	276
56.608	20.32	23.08	-0.00	7.66	1.266	276
56.640	20.32	23.09	-0.01	7.66	1.266	276
56.672	20.31	23.08	-0.00	7.66	1.266	276
56.704	20.31	23.08	-0.00	7.66	1.266	276
56.736	20.31	23.08	-0.00	7.67	1.266	276
56.768	20.31	23.08	-0.00	7.67	1.266	276
56.800	20.32	23.09	-0.00	7.66	1.266	276
56.832	20.33	23.10	-0.00	7.66	1.266	276
56.864	20.33	23.10	-0.00	7.66	1.266	276
56.896	20.31	23.08	-0.00	7.66	1.266	276
56.928	20.31	23.08	-0.00	7.67	1.266	276
56.960	20.30	23.07	-0.00	7.66	1.266	276
56.992	20.30	23.07	-0.00	7.66	1.266	276
57.024	20.28	23.04	-0.00	7.66	1.266	276
57.056	20.29	23.05	0.00	7.67	1.266	276
57.088	20.32	23.08	-0.00	7.67	1.266	276
57.120	20.34	23.11	-0.00	7.67	1.266	276
57.152	20.38	23.14	-0.01	7.66	1.266	276
57.184	20.40	23.17	-0.00	7.66	1.266	276
57.216	20.42	23.19	-0.00	7.67	1.266	276
57.248	20.42	23.19	-0.00	7.67	1.266	276
57.280	20.43	23.19	-0.01	7.66	1.266	276
57.312	20.42	23.19	-0.00	7.66	1.266	276
57.344	20.39	23.16	-0.00	7.66	1.266	276
57.376	20.37	23.14	0.00	7.67	1.266	276
57.408	20.35	23.12	-0.00	7.66	1.271	277
57.440	20.33	23.10	-0.00	7.67	1.271	277
57.472	20.30	23.06	-0.01	7.66	1.271	277
57.504	20.26	23.02	-0.01	7.66	1.271	277
57.536	20.26	23.03	-0.00	7.67	1.271	277
57.568	20.28	23.05	0.00	7.67	1.271	277
57.600	20.29	23.06	-0.00	7.67	1.271	277
57.632	20.31	23.08	-0.01	7.66	1.271	277
57.664	20.32	23.09	-0.01	7.66	1.271	277
57.696	20.33	23.10	0.00	7.67	1.271	277
57.728	20.34	23.11	0.00	7.67	1.271	277
57.760	20.37	23.14	-0.01	7.66	1.271	277
57.792	20.39	23.15	-0.00	7.66	1.271	277
57.824	20.39	23.15	-0.00	7.66	1.271	277
57.856	20.37	23.14	0.00	7.67	1.271	277
57.888	20.35	23.12	0.00	7.67	1.266	276
57.920	20.34	23.10	-0.00	7.67	1.266	276
57.952	20.30	23.07	-0.00	7.67	1.266	276
57.984	20.25	23.02	-0.01	7.66	1.266	276
58.016	20.23	23.00	-0.00	7.67	1.266	276
58.048	20.22	22.99	-0.00	7.66	1.266	276
58.080	20.23	22.99	0.00	7.67	1.266	276
58.112	20.25	23.01	-0.00	7.66	1.266	276
58.144	20.27	23.03	-0.00	7.66	1.266	276
58.176	20.30	23.07	0.00	7.67	1.266	276
58.208	20.34	23.10	0.00	7.67	1.266	276
58.240	20.38	23.14	-0.00	7.66	1.266	276
58.272	20.41	23.18	-0.00	7.67	1.266	276
58.304	20.42	23.18	-0.00	7.66	1.266	276
58.336	20.41	23.17	0.00	7.67	1.266	276
58.368	20.38	23.15	0.00	7.67	1.266	276
58.400	20.36	23.13	-0.01	7.66	1.266	276
58.432	20.35	23.11	-0.00	7.67	1.266	276
58.464	20.32	23.09	-0.00	7.66	1.266	276
58.496	20.30	23.07	0.00	7.67	1.266	276
58.528	20.28	23.05	-0.00	7.67	1.266	276
58.560	20.28	23.04	-0.00	7.67	1.266	276
58.592	20.28	23.04	-0.00	7.67	1.266	276
58.624	20.28	23.05	-0.00	7.67	1.266	276
58.656	20.29	23.06	0.00	7.67	1.266	276
58.688	20.30	23.07	-0.00	7.67	1.266	276
58.720	20.31	23.07	-0.00	7.66	1.266	276
58.752	20.30	23.07	-0.01	7.66	1.266	276
58.784	20.30	23.07	-0.01	7.66	1.266	276
58.816	20.30	23.07	0.00	7.67	1.266	276
58.848	20.30	23.07	-0.00	7.67	1.266	276
58.880	20.30	23.07	-0.01	7.66	1.266	276
58.912	20.27	23.03	-0.00	7.66	1.266	276
58.944	20.26	23.03	-0.00	7.66	1.266	276
58.976	20.26	23.03	-0.00	7.66	1.266	276
59.008	20.26	23.03	0.00	7.67	1.266	276
59.040	20.27	23.04	-0.00	7.66	1.266	276
59.072	20.29	23.05	-0.00	7.66	1.266	276
59.104	20.30	23.07	-0.01	7.66	1.266	276
59.136	20.32	23.09	-0.00	7.67	1.266	276
59.168	20.33	23.10	-0.00	7.67	1.266	276
59.200	20.34	23.11	-0.01	7.66	1.266	276
59.232	20.35	23.12	-0.00	7.66	1.266	276
59.264	20.35	23.11	-0.00	7.67	1.266	276
59.296	20.34	23.10	-0.00	7.67	1.271	277
59.328	20.33	23.10	-0.00	7.67	1.271	277
59.360	20.32	23.09	-0.01	7.66	1.271	277
59.392	20.30	23.07	-0.00	7.66	1.271	277
59.424	20.29	23.06	0.00	7.67	1.271	277
59.456	20.24	23.01	0.00	7.67	1.271	277
59.488	18.70	21.47	-0.00	7.66	1.271	277
59.520	15.75	18.52	-0.00	7.66	1.271	277
59.552	12.58	15.34	-0.01	7.66	1.271	277
59.584	9.69	12.46	-0.01	7.66	1.271	277
59.616	7.27	10.04	-0.00	7.66	1.271	277
59.648	5.37	8.14	-0.01	7.66	1.271	277
59.680	3.80	6.57	-0.01	7.66	1.271	277
59.712	2.53	5.30	-0.01	7.66	1.271	277
59.744	1.55	4.32	-0.01	7.66	0.647	141
59.776	0.80	3.57	-0.00	7.67	0.647	141
59.808	0.27	3.04	0.00	7.67	0.647	141
59.840	-0.10	2.66	-0.00	7.66	0.647	141
59.872	-0.35	2.42	-0.01	7.66	0.647	141
59.904	-0.49	2.28	-0.01	7.66	0.647	141
59.936	-0.55	2.22	-0.00	7.67	0.647	141
59.968	-0.54	2.23	-0.00	7.66	0.647	141
60.000	-0.48	2.29	-0.00	7.66	0.647	141
60.032	-0.40	2.37	-0.00	7.67	0.647	141
60.064	-0.31	2.46	-0.00	7.67	0.647	141
60.096	-0.20	2.56	0.00	7.67	0.647	141
60.128	-0.11	2.66	0.00	7.67	0.647	141
60.160	-0.02	2.75	-0.00	7.66	0.647	141
60.192	0.05	2.82	-0.01	7.66	0.647	141
60.224	0.11	2.88	-0.00	7.67	0.000	0
60.256	0.14	2.91	-0.00	7.67	0.000	0
60.288	0.16	2.93	-0.00	7.67	0.000	0
60.320	0.17	2.93	-0.01	7.66	0.000	0
60.352	0.16	2.92	-0.00	7.67	0.000	0
60.384	0.14	2.90	-0.00	7.67	0.000	0
60.416	0.11	2.88	0.00	7.67	0.000	0
60.448	0.08	2.85	0.00	7.67	0.000	0
60.480	0.05	2.82	-0.01	7.66	0.000	0
60.512	0.02	2.79	-0.01	7.66	0.000	0
60.544	-0.00	2.77	-0.01	7.66	0.000	0
60.576	-0.03	2.74	-0.00	7.67	0.000	0
60.608	-0.04	2.73	-0.00	7.67	0.000	0
60.640	-0.06	2.71	-0.00	7.67	0.000	0
60.672	-0.06	2.70	-0.01	7.66	0.000	0
60.704	-0.07	2.70	-0.01	7.66	0.000	0
60.736	-0.07	2.70	0.00	7.67	0.000	0
60.768	-0.07	2.70	-0.00	7.67	0.000	0
60.800	-0.06	2.70	-0.01	7.66	0.000	0
60.832	-0.06	2.71	-0.00	7.66	0.000	0
60.864	-0.05	2.72	-0.01	7.66	0.000	0
60.896	-0.04	2.72	-0.00	7.66	0.000	0
60.928	-0.04	2.73	-0.00	7.66	0.000	0
60.960	-0.04	2.73	-0.01	7.66	0.000	0
60.992	-0.03	2.74	-0.00	7.66	0.000	0
61.024	-0.03	2.74	-0.00	7.67	0.000	0
61.056	-0.03	2.74	0.00	7.67	0.000	0
61.088	-0.03	2.74	-0.00	7.67	0.000	0
61.120	-0.03	2.74	-0.00	7.66	0.000	0
61.152	-0.03	2.74	-0.01	7.66	0.000	0
61.184	-0.03	2.74	-0.00	7.67	0.000	0
61.216	-0.03	2.73	-0.00	7.67	0.000	0
61.248	-0.03	2.73	-0.00	7.66	0.000	0
61.280	-0.04	2.73	-0.00	7.66	0.000	0
61.312	-0.04	2.73	-0.00	7.66	0.000	0
61.344	-0.04	2.72	-0.00	7.67	0.000	0
61.376	-0.04	2.72	-0.00	7.67	0.000	0
