Tempo(s)    P0(KPa) P0+Coluna(KPa)  P1(KPa) P1+Coluna(KPa)  Vazao(L/min)    Pulsos
0.000	-0.06	4.85	-0.00	7.66	0.000	0
0.032	-0.07	4.84	0.00	7.66	0.000	0
0.064	-0.07	4.85	-0.00	7.65	0.000	0
0.096	-0.07	4.84	-0.00	7.66	0.000	0
0.128	-0.07	4.84	-0.00	7.66	0.000	0
0.160	-0.07	4.84	0.00	7.66	0.000	0
0.192	-0.08	4.84	0.00	7.66	0.000	0
0.224	-0.08	4.84	-0.00	7.65	0.000	0
0.256	-0.08	4.84	-0.00	7.65	0.000	0
0.288	-0.07	4.84	-0.00	7.65	0.000	0
0.320	-0.08	4.84	0.00	7.66	0.000	0
0.352	-0.08	4.84	0.00	7.66	0.000	0
0.384	-0.07	4.84	-0.00	7.66	0.000	0
0.416	-0.08	4.84	-0.00	7.65	0.000	0
0.448	-0.08	4.83	-0.00	7.65	0.000	0
0.480	-0.08	4.83	-0.00	7.65	0.000	0
0.512	-0.09	4.83	0.00	7.66	0.000	0
0.544	-0.09	4.83	-0.00	7.65	0.000	0
0.576	-0.09	4.82	-0.00	7.65	0.000	0
0.608	-0.09	4.82	-0.00	7.66	0.000	0
0.640	-0.09	4.82	0.00	7.66	0.000	0
0.672	-0.09	4.82	0.00	7.66	0.000	0
0.704	-0.10	4.82	-0.00	7.66	0.000	0
0.736	-0.10	4.82	-0.00	7.65	0.000	0
0.768	-0.10	4.82	-0.00	7.65	0.000	0
0.800	-0.10	4.81	0.00	7.66	0.000	0
0.832	-0.10	4.81	0.00	7.66	0.000	0
0.864	-0.11	4.80	0.00	7.66	0.000	0
0.896	-0.11	4.81	-0.00	7.66	0.000	0
0.928	-0.11	4.80	0.00	7.66	0.000	0
0.960	-0.11	4.80	0.00	7.66	0.000	0
0.992	-0.11	4.80	0.00	7.66	0.000	0
1.024	-0.11	4.80	0.00	7.66	0.000	0
1.056	-0.11	4.80	-0.00	7.66	0.000	0
1.088	-0.11	4.80	-0.01	7.65	0.000	0
1.120	-0.12	4.80	-0.00	7.66	0.000	0
1.152	-0.12	4.79	-0.00	7.66	0.000	0
1.184	-0.12	4.79	-0.00	7.66	0.000	0
1.216	-0.12	4.79	-0.00	7.66	0.000	0
1.248	-0.12	4.79	0.00	7.66	0.000	0
1.280	-0.12	4.79	0.00	7.66	0.000	0
1.312	-0.12	4.79	0.00	7.66	0.000	0
1.344	-0.12	4.79	-0.00	7.66	0.000	0
1.376	-0.13	4.79	-0.00	7.65	0.000	0
1.408	-0.13	4.79	-0.00	7.65	0.000	0
1.440	-0.13	4.79	0.00	7.66	0.000	0
1.472	-0.13	4.78	0.00	7.66	0.000	0
1.504	-0.13	4.78	-0.00	7.66	0.000	0
1.536	-0.13	4.78	0.00	7.66	0.000	0
1.568	-0.13	4.78	-0.00	7.66	0.000	0
1.600	-0.13	4.78	0.00	7.66	0.000	0
1.632	-0.14	4.78	0.00	7.66	0.000	0
1.664	-0.14	4.78	-0.00	7.65	0.000	0
1.696	-0.14	4.78	0.00	7.66	0.000	0
1.728	-0.14	4.78	0.00	7.66	0.000	0
1.760	-0.14	4.77	0.00	7.66	0.000	0
1.792	-0.14	4.77	0.00	7.66	0.000	0
1.824	-0.14	4.77	-0.00	7.65	0.000	0
1.856	-0.14	4.78	-0.00	7.65	0.000	0
1.888	-0.14	4.77	-0.00	7.65	0.000	0
1.920	-0.14	4.77	-0.00	7.66	0.000	0
1.952	-0.14	4.77	0.00	7.66	0.000	0
1.984	-0.14	4.77	-0.01	7.65	0.000	0
2.016	0.84	5.75	-0.00	7.66	0.000	0
2.048	2.53	7.44	-0.00	7.65	0.000	0
2.080	4.43	9.34	-0.00	7.66	0.000	0
2.112	6.28	11.19	-0.00	7.66	0.000	0
2.144	7.78	12.69	0.00	7.66	0.000	0
2.176	9.01	13.92	-0.00	7.65	0.385	84
2.208	10.10	15.02	-0.00	7.66	0.385	84
2.240	10.96	15.88	-0.00	7.66	0.385	84
2.272	11.64	16.56	0.00	7.66	0.385	84
2.304	12.17	17.09	-0.00	7.66	0.385	84
2.336	12.59	17.50	-0.00	7.66	0.385	84
2.368	12.88	17.79	-0.00	7.65	0.385	84
2.400	13.07	17.98	-0.00	7.65	0.385	84
2.432	13.22	18.13	0.00	7.66	0.385	84
2.464	13.32	18.23	-0.01	7.65	0.385	84
2.496	13.36	18.28	-0.00	7.65	0.385	84
2.528	13.40	18.32	-0.00	7.66	0.385	84
2.560	13.42	18.33	0.00	7.66	0.385	84
2.592	13.41	18.33	-0.00	7.66	0.385	84
2.624	13.40	18.31	0.00	7.66	0.385	84
2.656	13.36	18.28	-0.00	7.65	1.239	270
2.688	13.33	18.25	-0.01	7.65	1.239	270
2.720	13.31	18.23	-0.01	7.65	1.239	270
2.752	13.30	18.21	0.00	7.66	1.239	270
2.784	13.27	18.19	0.00	7.66	1.239	270
2.816	13.27	18.18	-0.01	7.65	1.239	270
2.848	13.27	18.19	-0.00	7.66	1.239	270
2.880	13.27	18.19	0.00	7.66	1.239	270
2.912	13.29	18.20	0.00	7.66	1.239	270
2.944	13.30	18.22	-0.00	7.66	1.239	270
2.976	13.31	18.23	-0.00	7.66	1.239	270
3.008	13.32	18.24	0.00	7.66	1.239	270
3.040	13.36	18.27	-0.00	7.66	1.239	270
3.072	13.38	18.29	-0.00	7.66	1.239	270
3.104	13.40	18.32	-0.00	7.65	1.271	277
3.136	13.42	18.34	-0.00	7.66	1.271	277
3.168	13.43	18.34	-0.00	7.66	1.271	277
3.200	13.44	18.35	-0.00	7.66	1.271	277
3.232	13.43	18.34	0.00	7.66	1.271	277
3.264	13.42	18.33	-0.00	7.66	1.271	277
3.296	13.41	18.32	-0.00	7.66	1.271	277
3.328	13.40	18.31	-0.00	7.65	1.271	277
3.360	13.38	18.29	-0.00	7.65	1.271	277
3.392	13.37	18.29	0.00	7.66	1.271	277
3.424	13.38	18.29	-0.00	7.66	1.271	277
3.456	13.39	18.30	-0.00	7.66	1.271	277
3.488	13.39	18.30	-0.00	7.66	1.271	277
3.520	13.40	18.31	-0.00	7.66	1.271	277
3.552	13.40	18.32	0.00	7.66	1.271	277
3.584	13.39	18.30	0.00	7.66	1.271	277
3.616	13.37	18.28	-0.00	7.65	1.271	277
3.648	13.36	18.27	-0.00	7.65	1.271	277
3.680	13.35	18.26	-0.00	7.66	1.271	277
3.712	13.34	18.26	0.01	7.67	1.271	277
3.744	13.34	18.25	-0.00	7.66	1.271	277
3.776	13.34	18.25	-0.00	7.65	1.271	277
3.808	13.33	18.24	-0.00	7.66	1.271	277
3.840	13.32	18.23	-0.00	7.66	1.271	277
3.872	13.31	18.23	0.01	7.67	1.271	277
3.904	13.32	18.23	-0.00	7.66	1.271	277
3.936	13.32	18.24	-0.00	7.65	1.271	277
3.968	13.32	18.24	-0.00	7.66	1.271	277
4.000	13.33	18.25	-0.00	7.65	1.271	277
4.032	13.34	18.25	0.00	7.66	1.275	278
4.064	13.34	18.26	-0.00	7.65	1.275	278
4.096	13.33	18.25	-0.00	7.66	1.275	278
4.128	13.33	18.24	-0.00	7.65	1.275	278
4.160	13.32	18.24	-0.00	7.66	1.275	278
4.192	13.32	18.23	0.00	7.66	1.275	278
4.224	13.31	18.22	0.00	7.66	1.275	278
4.256	13.30	18.21	-0.00	7.66	1.275	278
4.288	13.30	18.21	-0.00	7.65	1.275	278
4.320	13.30	18.22	0.00	7.66	1.275	278
4.352	13.30	18.21	0.00	7.66	1.275	278
4.384	13.30	18.22	0.00	7.66	1.275	278
4.416	13.30	18.22	-0.00	7.65	1.275	278
4.448	13.31	18.22	-0.00	7.66	1.275	278
4.480	13.32	18.23	-0.00	7.66	1.275	278
4.512	13.34	18.25	0.00	7.66	1.275	278
4.544	13.35	18.26	-0.00	7.66	1.275	278
4.576	13.35	18.26	-0.00	7.66	1.275	278
4.608	13.35	18.26	-0.00	7.65	1.275	278
4.640	13.36	18.27	0.00	7.66	1.275	278
4.672	13.37	18.28	0.00	7.66	1.275	278
4.704	13.38	18.30	0.00	7.66	1.275	278
4.736	13.39	18.30	0.00	7.66	1.275	278
4.768	13.39	18.30	-0.00	7.65	1.275	278
4.800	13.39	18.30	-0.00	7.65	1.275	278
4.832	13.39	18.30	-0.00	7.66	1.275	278
4.864	13.40	18.32	-0.00	7.66	1.275	278
4.896	13.42	18.34	-0.00	7.65	1.275	278
4.928	13.44	18.35	-0.00	7.66	1.275	278
4.960	13.45	18.36	-0.00	7.65	1.275	278
4.992	13.45	18.37	-0.00	7.66	1.271	277
5.024	13.46	18.38	-0.00	7.66	1.271	277
5.056	13.46	18.38	0.00	7.66	1.271	277
5.088	13.46	18.37	-0.00	7.65	1.271	277
5.120	13.46	18.37	0.00	7.66	1.271	277
5.152	13.47	18.38	0.00	7.66	1.271	277
5.184	13.48	18.39	-0.00	7.65	1.271	277
5.216	13.48	18.40	0.00	7.66	1.271	277
5.248	13.50	18.41	-0.00	7.66	1.271	277
5.280	13.51	18.43	-0.00	7.66	1.271	277
5.312	13.52	18.43	0.00	7.66	1.271	277
5.344	13.54	18.45	0.00	7.66	1.271	277
5.376	13.54	18.45	-0.00	7.66	1.271	277
5.408	13.52	18.44	-0.00	7.66	1.271	277
5.440	13.52	18.43	-0.00	7.65	1.275	278
5.472	13.50	18.41	0.00	7.66	1.275	278
5.504	13.48	18.39	0.00	7.66	1.275	278
5.536	13.46	18.37	-0.00	7.66	1.275	278
5.568	13.44	18.35	-0.00	7.66	1.275	278
5.600	13.43	18.34	-0.00	7.65	1.275	278
5.632	13.43	18.34	0.00	7.66	1.275	278
5.664	13.43	18.34	0.00	7.66	1.275	278
5.696	13.43	18.34	-0.00	7.65	1.275	278
5.728	13.43	18.34	0.00	7.66	1.275	278
5.760	13.42	18.33	-0.00	7.65	1.275	278
5.792	13.41	18.32	0.00	7.66	1.275	278
5.824	13.41	18.32	0.00	7.66	1.275	278
5.856	13.41	18.33	0.00	7.66	1.275	278
5.888	13.41	18.33	-0.00	7.66	1.275	278
5.920	13.41	18.32	-0.00	7.65	1.271	277
5.952	13.40	18.32	0.00	7.66	1.271	277
5.984	13.40	18.31	-0.00	7.66	1.271	277
6.016	13.39	18.31	-0.00	7.66	1.271	277
6.048	13.38	18.29	-0.00	7.65	1.271	277
6.080	13.37	18.29	-0.00	7.66	1.271	277
6.112	13.38	18.29	-0.00	7.66	1.271	277
6.144	13.38	18.29	0.00	7.66	1.271	277
6.176	13.38	18.29	0.00	7.66	1.271	277
6.208	13.38	18.29	-0.00	7.65	1.271	277
6.240	13.37	18.29	-0.00	7.66	1.271	277
6.272	13.37	18.29	0.00	7.66	1.271	277
6.304	13.38	18.29	0.00	7.66	1.271	277
6.336	13.38	18.29	-0.00	7.66	1.271	277
6.368	13.38	18.29	-0.00	7.66	1.271	277
6.400	13.39	18.30	-0.00	7.66	1.275	278
6.432	13.39	18.30	-0.00	7.65	1.275	278
6.464	13.38	18.29	0.00	7.66	1.275	278
6.496	13.36	18.28	0.00	7.66	1.275	278
6.528	13.34	18.25	-0.00	7.65	1.275	278
6.560	13.32	18.24	-0.00	7.65	1.275	278
6.592	13.31	18.23	0.00	7.66	1.275	278
6.624	13.30	18.22	0.00	7.66	1.275	278
6.656	13.29	18.21	-0.00	7.65	1.275	278
6.688	13.29	18.20	-0.00	7.66	1.275	278
6.720	13.29	18.20	-0.00	7.65	1.275	278
6.752	13.28	18.19	-0.00	7.66	1.275	278
6.784	13.28	18.19	0.00	7.66	1.275	278
6.816	13.29	18.20	0.00	7.66	1.275	278
6.848	13.30	18.21	0.00	7.66	1.271	277
6.880	13.32	18.23	-0.00	7.65	1.271	277
6.912	13.33	18.24	0.00	7.66	1.271	277
6.944	13.33	18.25	0.00	7.66	1.271	277
6.976	13.34	18.25	-0.00	7.66	1.271	277
7.008	13.32	18.23	-0.00	7.65	1.271	277
7.040	13.32	18.23	-0.00	7.65	1.271	277
7.072	13.32	18.24	-0.00	7.66	1.271	277
7.104	13.32	18.24	0.00	7.66	1.271	277
7.136	13.32	18.23	0.00	7.66	1.271	277
7.168	13.32	18.23	0.00	7.66	1.271	277
7.200	13.32	18.23	-0.00	7.66	1.271	277
7.232	13.32	18.24	-0.00	7.65	1.271	277
7.264	13.35	18.26	0.00	7.66	1.271	277
7.296	13.36	18.28	0.00	7.66	1.271	277
7.328	13.37	18.29	-0.00	7.66	1.275	278
7.360	13.39	18.30	-0.00	7.66	1.275	278
7.392	13.40	18.32	-0.00	7.66	1.275	278
7.424	13.40	18.32	0.00	7.66	1.275	278
7.456	13.41	18.32	-0.00	7.65	1.275	278
7.488	13.40	18.31	-0.01	7.65	1.275	278
7.520	13.40	18.32	-0.00	7.65	1.275	278
7.552	13.40	18.32	-0.00	7.66	1.275	278
7.584	13.40	18.31	0.00	7.66	1.275	278
7.616	13.40	18.31	-0.00	7.66	1.275	278
7.648	13.39	18.30	-0.00	7.66	1.275	278
7.680	13.37	18.29	-0.00	7.65	1.275	278
7.712	13.35	18.27	0.00	7.66	1.275	278
7.744	13.35	18.26	-0.00	7.66	1.275	278
7.776	13.35	18.27	0.00	7.66	1.271	277
7.808	13.35	18.27	0.00	7.66	1.271	277
7.840	13.35	18.27	-0.00	7.66	1.271	277
7.872	13.35	18.27	-0.00	7.66	1.271	277
7.904	13.35	18.27	0.00	7.66	1.271	277
7.936	13.35	18.27	0.00	7.66	1.271	277
7.968	13.34	18.25	-0.01	7.65	1.271	277
8.000	13.32	18.23	-0.01	7.65	1.271	277
8.032	13.32	18.23	-0.00	7.65	1.271	277
8.064	13.32	18.23	0.00	7.66	1.271	277
8.096	13.32	18.24	0.00	7.66	1.271	277
8.128	13.32	18.24	-0.00	7.66	1.271	277
8.160	13.33	18.24	-0.00	7.65	1.271	277
8.192	13.32	18.24	-0.00	7.65	1.271	277
8.224	13.33	18.25	-0.00	7.66	1.271	277
8.256	13.34	18.26	0.00	7.66	1.275	278
8.288	13.36	18.27	-0.00	7.66	1.275	278
8.320	13.36	18.27	-0.00	7.65	1.275	278
8.352	13.36	18.27	-0.00	7.65	1.275	278
8.384	13.35	18.27	-0.00	7.66	1.275	278
8.416	13.35	18.26	0.00	7.66	1.275	278
8.448	13.34	18.25	-0.00	7.66	1.275	278
8.480	13.34	18.25	-0.00	7.65	1.275	278
8.512	13.34	18.25	-0.00	7.66	1.275	278
8.544	13.34	18.26	0.00	7.66	1.275	278
8.576	13.34	18.25	-0.00	7.66	1.275	278
8.608	13.33	18.24	-0.00	7.65	1.275	278
8.640	13.32	18.23	-0.00	7.66	1.275	278
8.672	13.31	18.23	-0.00	7.66	1.275	278
8.704	13.31	18.22	-0.00	7.66	1.275	278
8.736	13.31	18.22	0.00	7.66	1.271	277
8.768	13.30	18.21	-0.00	7.66	1.271	277
8.800	13.30	18.22	-0.00	7.65	1.271	277
8.832	13.30	18.21	-0.00	7.66	1.271	277
8.864	13.30	18.21	-0.00	7.65	1.271	277
8.896	13.31	18.22	-0.00	7.66	1.271	277
8.928	13.31	18.22	-0.00	7.66	1.271	277
8.960	13.31	18.23	-0.00	7.66	1.271	277
8.992	13.33	18.24	-0.00	7.65	1.271	277
9.024	13.34	18.25	-0.00	7.66	1.271	277
9.056	13.33	18.24	-0.00	7.66	1.271	277
9.088	13.32	18.24	0.00	7.66	1.271	277
9.120	13.32	18.24	0.00	7.66	1.271	277
9.152	13.34	18.25	0.00	7.66	1.271	277
9.184	13.34	18.25	-0.00	7.65	1.275	278
9.216	13.35	18.26	0.00	7.66	1.275	278
9.248	13.35	18.26	0.00	7.66	1.275	278
9.280	13.33	18.24	-0.00	7.66	1.275	278
9.312	13.31	18.23	-0.00	7.65	1.275	278
9.344	13.30	18.21	0.00	7.66	1.275	278
9.376	13.28	18.20	-0.00	7.66	1.275	278
9.408	13.26	18.17	0.00	7.66	1.275	278
9.440	13.24	18.16	-0.00	7.66	1.275	278
9.472	13.25	18.16	-0.00	7.65	1.275	278
9.504	13.25	18.17	0.00	7.66	1.275	278
9.536	13.26	18.17	0.00	7.66	1.275	278
9.568	13.26	18.17	0.00	7.66	1.275	278
9.600	13.25	18.16	-0.00	7.66	1.275	278
9.632	13.25	18.16	-0.00	7.66	1.275	278
9.664	13.24	18.16	-0.00	7.65	1.271	277
9.696	13.25	18.16	0.00	7.66	1.271	277
9.728	13.26	18.18	0.00	7.66	1.271	277
9.760	13.27	18.18	-0.00	7.66	1.271	277
9.792	13.26	18.18	-0.00	7.66	1.271	277
9.824	13.26	18.18	0.00	7.66	1.271	277
9.856	13.27	18.19	0.00	7.66	1.271	277
9.888	13.26	18.18	0.00	7.66	1.271	277
9.920	13.26	18.18	-0.00	7.66	1.271	277
9.952	13.26	18.18	-0.00	7.65	1.271	277
9.984	13.27	18.18	0.00	7.66	1.271	277
10.016	13.27	18.18	0.00	7.66	1.271	277
10.048	13.26	18.17	0.00	7.66	1.271	277
10.080	13.25	18.17	-0.00	7.66	1.271	277
10.112	13.27	18.19	-0.00	7.65	1.271	277
10.144	13.29	18.20	-0.00	7.65	1.275	278
10.176	13.30	18.21	-0.00	7.66	1.275	278
10.208	13.31	18.22	-0.00	7.65	1.275	278
10.240	13.31	18.22	-0.00	7.65	1.275	278
10.272	13.31	18.22	-0.00	7.65	1.275	278
10.304	13.31	18.22	-0.00	7.65	1.275	278
10.336	13.30	18.22	0.00	7.66	1.275	278
10.368	13.29	18.21	-0.00	7.66	1.275	278
10.400	13.27	18.19	0.00	7.66	1.275	278
10.432	13.27	18.19	-0.00	7.66	1.275	278
10.464	13.28	18.20	-0.00	7.66	1.275	278
10.496	13.29	18.20	-0.00	7.65	1.275	278
10.528	13.28	18.20	-0.00	7.66	1.275	278
10.560	13.29	18.20	-0.01	7.65	1.275	278
10.592	13.30	18.21	-0.00	7.65	1.275	278
10.624	13.31	18.22	-0.00	7.66	1.275	278
10.656	13.31	18.22	0.00	7.66	1.275	278
10.688	13.31	18.23	0.00	7.66	1.275	278
10.720	13.32	18.23	-0.00	7.66	1.275	278
10.752	13.32	18.24	-0.00	7.65	1.275	278
10.784	13.32	18.24	0.00	7.66	1.275	278
10.816	13.33	18.24	0.00	7.66	1.275	278
10.848	13.34	18.25	-0.00	7.65	1.275	278
10.880	13.34	18.25	-0.01	7.65	1.275	278
10.912	13.34	18.26	-0.00	7.66	1.275	278
10.944	13.36	18.27	-0.00	7.65	1.275	278
10.976	13.37	18.28	-0.00	7.65	1.275	278
11.008	13.37	18.29	0.00	7.66	1.275	278
11.040	13.40	18.31	-0.00	7.66	1.275	278
11.072	13.40	18.32	-0.00	7.66	1.280	279
11.104	13.40	18.31	-0.00	7.66	1.280	279
11.136	13.40	18.31	0.00	7.66	1.280	279
11.168	13.39	18.30	0.00	7.66	1.280	279
11.200	13.38	18.29	-0.00	7.66	1.280	279
11.232	13.37	18.29	0.00	7.66	1.280	279
11.264	13.37	18.28	0.00	7.66	1.280	279
11.296	13.36	18.27	-0.00	7.66	1.280	279
11.328	13.35	18.27	-0.00	7.66	1.280	279
11.360	13.34	18.25	0.00	7.66	1.280	279
11.392	13.32	18.24	-0.00	7.66	1.280	279
11.424	13.31	18.22	-0.00	7.65	1.280	279
11.456	13.30	18.21	0.00	7.66	1.280	279
11.488	13.30	18.21	0.00	7.66	1.280	279
11.520	13.30	18.22	-0.00	7.65	1.275	278
11.552	13.31	18.23	0.00	7.66	1.275	278
11.584	13.33	18.24	-0.00	7.65	1.275	278
11.616	13.34	18.25	-0.00	7.66	1.275	278
11.648	13.34	18.25	0.00	7.66	1.275	278
11.680	13.34	18.25	-0.00	7.66	1.275	278
11.712	13.34	18.25	0.00	7.66	1.275	278
11.744	13.33	18.24	-0.00	7.65	1.275	278
11.776	13.32	18.24	0.00	7.66	1.275	278
11.808	13.31	18.22	0.00	7.66	1.275	278
11.840	13.30	18.21	-0.01	7.65	1.275	278
11.872	13.30	18.22	-0.00	7.66	1.275	278
11.904	13.32	18.23	-0.00	7.65	1.275	278
11.936	13.32	18.23	0.00	7.66	1.275	278
11.968	13.32	18.23	0.00	7.66	1.275	278
12.000	13.34	18.25	-0.00	7.65	1.275	278
12.032	13.35	18.26	-0.00	7.66	1.275	278
12.064	13.34	18.26	-0.00	7.66	1.275	278
12.096	13.35	18.27	-0.00	7.65	1.275	278
12.128	13.36	18.27	0.00	7.66	1.275	278
12.160	13.36	18.27	-0.00	7.66	1.275	278
12.192	13.36	18.27	-0.00	7.65	1.275	278
12.224	13.36	18.27	-0.00	7.66	1.275	278
12.256	13.35	18.27	-0.00	7.65	1.275	278
12.288	13.35	18.26	0.00	7.66	1.275	278
12.320	13.34	18.25	-0.00	7.65	1.275	278
12.352	13.34	18.25	0.00	7.66	1.275	278
12.384	13.35	18.26	0.00	7.66	1.275	278
12.416	13.34	18.26	0.00	7.66	1.275	278
12.448	13.34	18.25	0.00	7.66	1.275	278
12.480	13.34	18.25	-0.01	7.65	1.275	278
12.512	13.34	18.25	-0.00	7.66	1.275	278
12.544	13.33	18.25	-0.00	7.66	1.275	278
12.576	13.34	18.25	-0.00	7.65	1.275	278
12.608	13.35	18.27	0.00	7.66	1.275	278
12.640	13.35	18.26	-0.00	7.65	1.275	278
12.672	13.35	18.26	0.00	7.66	1.275	278
12.704	13.34	18.26	-0.00	7.65	1.275	278
12.736	13.34	18.25	-0.00	7.66	1.275	278
12.768	13.33	18.24	0.00	7.66	1.275	278
12.800	13.31	18.22	0.00	7.66	1.275	278
12.832	13.31	18.22	-0.00	7.65	1.275	278
12.864	13.32	18.23	0.00	7.66	1.275	278
12.896	13.34	18.25	-0.00	7.66	1.275	278
12.928	13.36	18.28	-0.00	7.65	1.275	278
12.960	13.38	18.30	-0.00	7.66	1.275	278
12.992	13.40	18.31	-0.00	7.66	1.275	278
13.024	13.41	18.32	-0.00	7.66	1.275	278
13.056	13.41	18.33	0.00	7.66	1.275	278
13.088	13.42	18.33	0.00	7.66	1.275	278
13.120	13.42	18.33	0.00	7.66	1.275	278
13.152	13.41	18.32	-0.00	7.66	1.275	278
13.184	13.40	18.32	-0.00	7.66	1.275	278
13.216	13.39	18.31	-0.00	7.65	1.275	278
13.248	13.39	18.30	0.00	7.66	1.275	278
13.280	13.37	18.28	0.00	7.66	1.275	278
13.312	13.36	18.28	0.00	7.66	1.275	278
13.344	13.36	18.27	-0.00	7.65	1.275	278
13.376	13.37	18.28	-0.00	7.65	1.275	278
13.408	13.37	18.29	0.00	7.66	1.275	278
13.440	13.37	18.28	0.00	7.66	1.275	278
13.472	13.37	18.29	-0.00	7.66	1.275	278
13.504	13.37	18.29	-0.00	7.66	1.275	278
13.536	13.39	18.30	-0.00	7.65	1.275	278
13.568	13.39	18.30	0.00	7.66	1.275	278
13.600	13.38	18.30	-0.00	7.65	1.275	278
13.632	13.37	18.28	-0.00	7.66	1.275	278
13.664	13.35	18.27	-0.01	7.65	1.275	278
13.696	13.33	18.25	-0.00	7.65	1.275	278
13.728	13.32	18.23	-0.00	7.66	1.275	278
13.760	13.30	18.22	0.00	7.66	1.275	278
13.792	13.30	18.22	-0.00	7.66	1.275	278
13.824	13.31	18.23	-0.00	7.65	1.275	278
13.856	13.32	18.24	-0.00	7.65	1.275	278
13.888	13.33	18.24	-0.00	7.66	1.275	278
13.920	13.33	18.24	0.00	7.66	1.275	278
13.952	13.33	18.24	-0.00	7.66	1.275	278
13.984	13.33	18.24	-0.00	7.65	1.275	278
14.016	13.33	18.25	0.00	7.66	1.275	278
14.048	13.34	18.25	0.00	7.66	1.275	278
14.080	13.33	18.24	0.00	7.66	1.275	278
14.112	13.32	18.24	-0.01	7.65	1.275	278
14.144	13.32	18.23	0.00	7.66	1.275	278
14.176	13.31	18.22	-0.00	7.66	1.275	278
14.208	13.30	18.21	-0.00	7.66	1.275	278
14.240	13.28	18.20	-0.00	7.66	1.275	278
14.272	13.29	18.20	-0.01	7.65	1.275	278
14.304	13.29	18.20	0.00	7.66	1.275	278
14.336	13.30	18.21	-0.00	7.66	1.275	278
14.368	13.30	18.22	-0.00	7.66	1.275	278
14.400	13.31	18.22	-0.00	7.65	1.275	278
14.432	13.32	18.23	0.00	7.66	1.275	278
14.464	13.33	18.24	-0.00	7.65	1.275	278
14.496	13.34	18.25	-0.00	7.66	1.275	278
14.528	13.35	18.26	-0.00	7.66	1.275	278
14.560	13.34	18.26	-0.01	7.65	1.275	278
14.592	13.35	18.26	-0.00	7.66	1.275	278
14.624	13.35	18.26	-0.00	7.66	1.275	278
14.656	13.35	18.26	-0.00	7.66	1.275	278
14.688	13.34	18.25	-0.00	7.65	1.275	278
14.720	13.32	18.23	0.00	7.66	1.275	278
14.752	13.32	18.23	-0.00	7.66	1.275	278
14.784	13.32	18.24	-0.00	7.66	1.275	278
14.816	13.33	18.24	0.00	7.66	1.275	278
14.848	13.33	18.24	-0.00	7.66	1.275	278
14.880	13.34	18.25	-0.00	7.66	1.275	278
14.912	13.35	18.27	-0.00	7.66	1.275	278
14.944	13.35	18.26	-0.00	7.65	1.275	278
14.976	13.35	18.27	-0.01	7.65	1.275	278
15.008	13.35	18.27	0.00	7.66	1.275	278
15.040	13.35	18.27	0.00	7.66	1.275	278
15.072	13.35	18.27	0.00	7.66	1.275	278
15.104	13.35	18.27	-0.00	7.66	1.275	278
15.136	13.35	18.26	0.00	7.66	1.275	278
15.168	13.34	18.25	-0.00	7.65	1.275	278
15.200	13.33	18.24	-0.00	7.66	1.275	278
15.232	13.32	18.23	0.00	7.66	1.275	278
15.264	13.32	18.23	-0.00	7.66	1.275	278
15.296	13.32	18.23	-0.00	7.65	1.275	278
15.328	13.31	18.23	-0.00	7.65	1.275	278
15.360	13.32	18.23	-0.00	7.65	1.275	278
15.392	13.32	18.24	0.00	7.66	1.275	278
15.424	13.32	18.23	-0.00	7.66	1.275	278
15.456	13.33	18.24	0.00	7.66	1.275	278
15.488	13.33	18.25	-0.00	7.66	1.275	278
15.520	13.33	18.24	0.00	7.66	1.275	278
15.552	13.32	18.24	-0.00	7.66	1.275	278
15.584	13.31	18.23	-0.00	7.66	1.275	278
15.616	13.30	18.21	-0.00	7.66	1.275	278
15.648	13.29	18.20	-0.00	7.66	1.275	278
15.680	13.28	18.19	-0.00	7.66	1.275	278
15.712	13.27	18.19	-0.00	7.66	1.275	278
15.744	13.27	18.18	-0.00	7.66	1.271	277
15.776	13.27	18.19	-0.01	7.65	1.271	277
15.808	13.27	18.19	-0.00	7.66	1.271	277
15.840	13.28	18.19	-0.00	7.66	1.271	277
15.872	13.30	18.21	0.00	7.66	1.271	277
15.904	13.31	18.22	-0.00	7.66	1.271	277
15.936	13.34	18.25	-0.00	7.65	1.271	277
15.968	13.36	18.27	-0.00	7.66	1.271	277
16.000	13.37	18.28	0.00	7.66	1.271	277
16.032	13.37	18.29	0.00	7.66	1.271	277
16.064	13.37	18.28	-0.00	7.65	1.271	277
16.096	13.37	18.28	-0.01	7.65	1.271	277
16.128	13.36	18.27	-0.00	7.65	1.271	277
16.160	13.35	18.26	-0.00	7.66	1.271	277
16.192	13.35	18.26	-0.00	7.66	1.271	277
16.224	13.35	18.26	0.00	7.66	1.275	278
16.256	13.35	18.26	-0.01	7.65	1.275	278
16.288	13.34	18.25	-0.00	7.66	1.275	278
16.320	13.33	18.24	0.00	7.66	1.275	278
16.352	13.34	18.25	0.00	7.66	1.275	278
16.384	13.34	18.25	-0.00	7.66	1.275	278
16.416	13.35	18.27	-0.00	7.66	1.275	278
16.448	13.36	18.27	-0.00	7.66	1.275	278
16.480	13.37	18.28	0.00	7.66	1.275	278
16.512	13.37	18.28	-0.00	7.65	1.275	278
16.544	13.38	18.29	-0.00	7.66	1.275	278
16.576	13.37	18.29	-0.01	7.65	1.275	278
16.608	13.36	18.28	-0.00	7.66	1.275	278
16.640	13.34	18.25	-0.00	7.66	1.275	278
16.672	13.32	18.24	0.00	7.66	1.275	278
16.704	13.31	18.22	-0.00	7.66	1.275	278
16.736	13.30	18.22	-0.01	7.65	1.275	278
16.768	13.30	18.22	-0.00	7.66	1.275	278
16.800	13.30	18.22	0.00	7.66	1.275	278
16.832	13.31	18.22	0.00	7.66	1.275	278
16.864	13.31	18.23	-0.00	7.65	1.275	278
16.896	13.32	18.23	-0.01	7.65	1.275	278
16.928	13.31	18.22	-0.01	7.65	1.275	278
16.960	13.31	18.23	0.00	7.66	1.275	278
16.992	13.32	18.23	0.00	7.66	1.275	278
17.024	13.32	18.23	-0.00	7.66	1.275	278
17.056	13.32	18.23	-0.00	7.65	1.275	278
17.088	13.32	18.23	-0.00	7.65	1.275	278
17.120	13.31	18.22	0.00	7.66	1.275	278
17.152	13.31	18.22	0.00	7.66	1.271	277
17.184	13.31	18.22	0.00	7.66	1.271	277
17.216	13.31	18.23	-0.00	7.65	1.271	277
17.248	13.31	18.22	-0.00	7.65	1.271	277
17.280	13.31	18.22	0.00	7.66	1.271	277
17.312	13.31	18.22	0.00	7.66	1.271	277
17.344	13.31	18.22	-0.00	7.66	1.271	277
17.376	13.29	18.21	-0.00	7.66	1.271	277
17.408	13.27	18.19	-0.01	7.65	1.271	277
17.440	13.26	18.17	-0.00	7.65	1.271	277
17.472	13.26	18.17	-0.00	7.66	1.271	277
17.504	13.26	18.17	-0.00	7.66	1.271	277
17.536	13.26	18.17	-0.00	7.65	1.271	277
17.568	13.26	18.17	-0.00	7.65	1.271	277
17.600	13.26	18.17	-0.00	7.65	1.271	277
17.632	13.26	18.18	0.00	7.66	1.275	278
17.664	13.27	18.18	-0.00	7.65	1.275	278
17.696	13.27	18.19	-0.00	7.65	1.275	278
17.728	13.28	18.19	-0.00	7.66	1.275	278
17.760	13.28	18.20	-0.00	7.66	1.275	278
17.792	13.29	18.20	-0.00	7.66	1.275	278
17.824	13.29	18.20	-0.00	7.66	1.275	278
17.856	13.29	18.20	-0.00	7.66	1.275	278
17.888	13.29	18.20	-0.00	7.65	1.275	278
17.920	13.29	18.20	-0.00	7.66	1.275	278
17.952	13.29	18.20	0.00	7.66	1.275	278
17.984	13.29	18.20	-0.00	7.66	1.275	278
18.016	13.28	18.19	0.00	7.66	1.275	278
18.048	13.27	18.18	-0.00	7.66	1.275	278
18.080	13.26	18.17	-0.00	7.65	1.271	277
18.112	13.26	18.18	0.00	7.66	1.271	277
18.144	13.27	18.18	-0.00	7.66	1.271	277
18.176	13.28	18.20	-0.01	7.65	1.271	277
18.208	13.29	18.20	-0.00	7.65	1.271	277
18.240	13.30	18.22	-0.00	7.66	1.271	277
18.272	13.30	18.21	-0.00	7.66	1.271	277
18.304	13.30	18.21	-0.00	7.66	1.271	277
18.336	13.29	18.20	-0.01	7.65	1.271	277
18.368	13.30	18.21	-0.00	7.66	1.271	277
18.400	13.30	18.21	-0.00	7.66	1.271	277
18.432	13.30	18.22	0.00	7.66	1.271	277
18.464	13.30	18.22	-0.00	7.66	1.271	277
18.496	13.31	18.23	-0.00	7.65	1.271	277
18.528	13.31	18.22	-0.00	7.66	1.271	277
18.560	13.30	18.21	-0.00	7.66	1.266	276
18.592	13.30	18.21	0.00	7.66	1.266	276
18.624	13.31	18.22	-0.00	7.66	1.266	276
18.656	13.31	18.22	-0.00	7.66	1.266	276
18.688	13.30	18.21	-0.00	7.65	1.266	276
18.720	13.30	18.21	-0.00	7.65	1.266	276
18.752	13.29	18.20	-0.00	7.66	1.266	276
18.784	13.29	18.20	-0.00	7.65	1.266	276
18.816	13.28	18.20	-0.00	7.66	1.266	276
18.848	13.29	18.20	-0.00	7.65	1.266	276
18.880	13.28	18.19	-0.00	7.65	1.266	276
18.912	13.28	18.19	-0.00	7.66	1.266	276
18.944	13.28	18.19	-0.00	7.66	1.266	276
18.976	13.28	18.19	-0.00	7.65	1.266	276
19.008	13.28	18.20	-0.00	7.66	1.266	276
19.040	13.28	18.19	-0.01	7.65	1.275	278
19.072	13.28	18.19	-0.00	7.66	1.275	278
19.104	13.29	18.20	0.00	7.66	1.275	278
19.136	13.30	18.21	-0.00	7.66	1.275	278
19.168	13.29	18.20	-0.00	7.65	1.275	278
19.200	13.29	18.20	-0.00	7.65	1.275	278
19.232	13.29	18.20	-0.00	7.66	1.275	278
19.264	13.29	18.20	0.00	7.66	1.275	278
19.296	13.31	18.22	-0.00	7.65	1.275	278
19.328	13.33	18.24	-0.00	7.65	1.275	278
19.360	13.34	18.26	-0.00	7.66	1.275	278
19.392	13.35	18.26	-0.00	7.65	1.275	278
19.424	13.35	18.26	0.00	7.66	1.275	278
19.456	13.35	18.26	-0.00	7.66	1.275	278
19.488	13.36	18.27	-0.00	7.65	1.271	277
19.520	13.35	18.26	-0.01	7.65	1.271	277
19.552	13.35	18.27	-0.00	7.66	1.271	277
19.584	13.35	18.27	-0.00	7.65	1.271	277
19.616	13.36	18.27	-0.01	7.65	1.271	277
19.648	13.37	18.28	-0.00	7.66	1.271	277
19.680	13.38	18.29	-0.00	7.66	1.271	277
19.712	13.38	18.29	-0.00	7.66	1.271	277
19.744	13.36	18.28	0.00	7.66	1.271	277
19.776	13.35	18.26	-0.00	7.66	1.271	277
19.808	13.36	18.27	-0.00	7.65	1.271	277
19.840	13.36	18.27	-0.00	7.65	1.271	277
19.872	13.36	18.28	-0.00	7.65	1.271	277
19.904	13.37	18.29	0.00	7.66	1.271	277
19.936	13.37	18.29	-0.00	7.66	1.271	277
19.968	13.39	18.30	-0.00	7.65	1.271	277
20.000	13.38	18.29	-0.00	7.65	1.271	277
20.032	13.37	18.29	0.00	7.66	1.271	277
20.064	13.38	18.30	-0.00	7.65	1.271	277
20.096	13.39	18.30	-0.00	7.66	1.271	277
20.128	13.39	18.30	0.00	7.66	1.271	277
20.160	13.38	18.29	-0.00	7.66	1.271	277
20.192	13.38	18.29	-0.00	7.66	1.271	277
20.224	13.38	18.30	0.00	7.66	1.271	277
20.256	13.39	18.30	0.00	7.66	1.271	277
20.288	13.39	18.30	-0.00	7.65	1.271	277
20.320	13.38	18.30	-0.00	7.66	1.271	277
20.352	13.38	18.29	-0.00	7.65	1.271	277
20.384	13.37	18.28	-0.00	7.66	1.271	277
20.416	13.37	18.28	-0.00	7.65	1.271	277
20.448	13.36	18.28	-0.01	7.65	1.271	277
20.480	13.35	18.26	-0.00	7.65	1.271	277
20.512	13.34	18.25	0.00	7.66	1.271	277
20.544	13.33	18.24	-0.00	7.65	1.271	277
20.576	13.33	18.24	-0.00	7.66	1.271	277
20.608	13.32	18.23	0.00	7.66	1.271	277
20.640	13.31	18.23	-0.00	7.65	1.271	277
20.672	13.31	18.23	-0.00	7.66	1.271	277
20.704	13.32	18.23	0.00	7.66	1.271	277
20.736	13.34	18.25	-0.00	7.65	1.271	277
20.768	13.36	18.28	-0.00	7.65	1.271	277
20.800	13.38	18.29	-0.00	7.66	1.271	277
20.832	13.37	18.29	-0.00	7.66	1.271	277
20.864	13.36	18.27	0.00	7.66	1.271	277
20.896	13.34	18.26	0.00	7.66	1.271	277
20.928	13.33	18.24	-0.00	7.66	1.271	277
20.960	13.32	18.24	-0.00	7.65	1.271	277
20.992	13.32	18.23	0.00	7.66	1.271	277
21.024	13.31	18.23	-0.00	7.66	1.271	277
21.056	13.32	18.23	-0.00	7.65	1.271	277
21.088	13.33	18.24	0.00	7.66	1.271	277
21.120	13.33	18.24	-0.00	7.66	1.271	277
21.152	13.31	18.23	0.00	7.66	1.271	277
21.184	13.30	18.22	0.00	7.66	1.271	277
21.216	13.30	18.22	-0.00	7.66	1.271	277
21.248	13.31	18.22	-0.00	7.66	1.271	277
21.280	13.30	18.22	-0.00	7.66	1.271	277
21.312	13.30	18.22	-0.00	7.65	1.271	277
21.344	13.30	18.21	-0.00	7.66	1.271	277
21.376	13.30	18.22	-0.00	7.65	1.266	276
21.408	13.31	18.22	-0.00	7.66	1.266	276
21.440	13.32	18.23	-0.00	7.65	1.266	276
21.472	13.31	18.23	0.00	7.66	1.266	276
21.504	13.32	18.24	0.00	7.66	1.266	276
21.536	13.32	18.24	0.00	7.66	1.266	276
21.568	13.33	18.24	-0.00	7.65	1.266	276
21.600	13.33	18.24	-0.00	7.66	1.266	276
21.632	13.34	18.25	-0.00	7.66	1.266	276
21.664	13.34	18.26	0.00	7.66	1.266	276
21.696	13.33	18.25	-0.00	7.66	1.266	276
21.728	13.33	18.24	0.00	7.66	1.266	276
21.760	13.33	18.24	-0.00	7.65	1.266	276
21.792	13.32	18.23	-0.01	7.65	1.266	276
21.824	13.32	18.23	0.00	7.66	1.275	278
21.856	13.32	18.23	0.00	7.66	1.275	278
21.888	13.32	18.23	-0.01	7.65	1.275	278
21.920	13.32	18.23	-0.00	7.65	1.275	278
21.952	13.31	18.22	-0.00	7.65	1.275	278
21.984	13.31	18.23	0.00	7.66	1.275	278
22.016	13.32	18.23	0.00	7.66	1.275	278
22.048	13.32	18.23	-0.00	7.65	1.275	278
22.080	13.32	18.23	-0.00	7.65	1.275	278
22.112	13.31	18.22	-0.00	7.66	1.275	278
22.144	13.30	18.21	0.00	7.66	1.275	278
22.176	13.28	18.19	-0.00	7.66	1.275	278
22.208	13.27	18.19	-0.00	7.65	1.275	278
22.240	13.28	18.19	-0.00	7.65	1.275	278
22.272	13.28	18.19	-0.00	7.66	1.275	278
22.304	13.28	18.20	-0.00	7.66	1.271	277
22.336	13.29	18.20	-0.00	7.65	1.271	277
22.368	13.29	18.20	-0.00	7.65	1.271	277
22.400	13.29	18.20	0.00	7.66	1.271	277
22.432	13.29	18.20	0.00	7.66	1.271	277
22.464	13.29	18.21	-0.00	7.66	1.271	277
22.496	13.30	18.21	-0.01	7.65	1.271	277
22.528	13.30	18.21	-0.00	7.66	1.271	277
22.560	13.30	18.21	-0.00	7.65	1.271	277
22.592	13.30	18.22	0.00	7.66	1.271	277
22.624	13.30	18.21	-0.00	7.66	1.271	277
22.656	13.29	18.20	-0.00	7.66	1.271	277
22.688	13.28	18.19	-0.00	7.65	1.271	277
22.720	13.28	18.19	-0.01	7.65	1.271	277
22.752	13.27	18.18	-0.01	7.65	1.271	277
22.784	13.26	18.18	-0.00	7.66	1.271	277
22.816	13.26	18.17	-0.00	7.66	1.271	277
22.848	13.27	18.18	0.00	7.66	1.271	277
22.880	13.27	18.18	-0.01	7.65	1.271	277
22.912	13.26	18.18	-0.00	7.65	1.271	277
22.944	13.26	18.17	-0.00	7.66	1.271	277
22.976	13.25	18.16	-0.01	7.65	1.271	277
23.008	13.25	18.16	-0.00	7.65	1.271	277
23.040	13.27	18.18	-0.00	7.65	1.271	277
23.072	13.29	18.20	-0.01	7.65	1.271	277
23.104	13.30	18.21	0.00	7.66	1.271	277
23.136	13.30	18.22	0.00	7.66	1.271	277
23.168	13.32	18.23	-0.00	7.66	1.271	277
23.200	13.34	18.26	-0.00	7.65	1.271	277
23.232	13.36	18.27	-0.00	7.66	1.266	276
23.264	13.37	18.28	0.00	7.66	1.266	276
23.296	13.38	18.29	0.00	7.66	1.266	276
23.328	13.38	18.30	-0.00	7.65	1.266	276
23.360	13.40	18.31	-0.00	7.65	1.266	276
23.392	13.38	18.29	-0.01	7.65	1.266	276
23.424	13.38	18.29	-0.00	7.65	1.266	276
23.456	13.36	18.27	0.00	7.66	1.266	276
23.488	13.36	18.27	-0.00	7.66	1.266	276
23.520	13.36	18.27	-0.00	7.66	1.266	276
23.552	13.35	18.27	-0.00	7.65	1.266	276
23.584	13.34	18.26	-0.00	7.65	1.266	276
23.616	13.34	18.25	0.00	7.66	1.266	276
23.648	13.35	18.27	-0.00	7.65	1.266	276
23.680	13.37	18.29	-0.00	7.65	1.266	276
23.712	13.39	18.31	-0.00	7.66	1.271	277
23.744	13.41	18.32	0.00	7.66	1.271	277
23.776	13.42	18.33	-0.00	7.66	1.271	277
23.808	13.43	18.34	-0.00	7.66	1.271	277
23.840	13.42	18.34	-0.01	7.65	1.271	277
23.872	13.42	18.33	-0.00	7.65	1.271	277
23.904	13.42	18.33	0.00	7.66	1.271	277
23.936	13.44	18.35	0.00	7.66	1.271	277
23.968	13.44	18.36	-0.00	7.65	1.271	277
24.000	13.45	18.37	-0.00	7.65	1.271	277
24.032	13.45	18.37	-0.00	7.65	1.271	277
24.064	13.44	18.35	0.00	7.66	1.271	277
24.096	13.43	18.34	-0.00	7.66	1.271	277
24.128	13.42	18.33	-0.00	7.65	1.271	277
24.160	13.42	18.33	-0.00	7.66	1.271	277
24.192	13.41	18.33	-0.00	7.65	1.271	277
24.224	13.41	18.32	0.00	7.66	1.271	277
24.256	13.41	18.33	0.00	7.66	1.271	277
24.288	13.42	18.33	-0.00	7.65	1.271	277
24.320	13.43	18.34	-0.01	7.65	1.271	277
24.352	13.43	18.34	-0.00	7.66	1.271	277
24.384	13.43	18.34	-0.00	7.66	1.271	277
24.416	13.44	18.35	0.00	7.66	1.271	277
24.448	13.44	18.35	-0.00	7.66	1.271	277
24.480	13.44	18.35	-0.00	7.66	1.271	277
24.512	13.44	18.35	-0.01	7.65	1.271	277
24.544	13.43	18.34	-0.00	7.65	1.271	277
24.576	13.42	18.33	0.00	7.66	1.271	277
24.608	13.41	18.33	-0.00	7.66	1.271	277
24.640	13.42	18.33	0.00	7.66	1.275	278
24.672	13.42	18.33	-0.00	7.65	1.275	278
24.704	13.43	18.34	-0.00	7.66	1.275	278
24.736	13.43	18.34	-0.00	7.66	1.275	278
24.768	13.43	18.34	-0.00	7.65	1.275	278
24.800	13.42	18.34	-0.00	7.65	1.275	278
24.832	13.41	18.32	-0.00	7.65	1.275	278
24.864	13.39	18.31	-0.00	7.66	1.275	278
24.896	13.39	18.31	0.00	7.66	1.275	278
24.928	13.40	18.31	-0.00	7.66	1.275	278
24.960	13.40	18.31	-0.00	7.65	1.275	278
24.992	13.41	18.32	-0.00	7.65	1.275	278
25.024	13.42	18.34	-0.00	7.66	1.275	278
25.056	13.42	18.33	0.00	7.66	1.275	278
25.088	13.41	18.32	-0.00	7.66	1.275	278
25.120	13.41	18.32	-0.00	7.65	1.271	277
25.152	13.42	18.33	-0.00	7.66	1.271	277
25.184	13.42	18.33	-0.00	7.66	1.271	277
25.216	13.42	18.34	0.00	7.66	1.271	277
25.248	13.42	18.34	-0.00	7.65	1.271	277
25.280	13.43	18.34	-0.01	7.65	1.271	277
25.312	13.42	18.34	-0.00	7.66	1.271	277
25.344	13.43	18.34	-0.00	7.66	1.271	277
25.376	13.44	18.35	0.00	7.66	1.271	277
25.408	13.43	18.35	-0.00	7.66	1.271	277
25.440	13.42	18.34	0.00	7.66	1.271	277
25.472	13.42	18.33	-0.00	7.65	1.271	277
25.504	13.42	18.33	0.00	7.66	1.271	277
25.536	13.42	18.33	-0.00	7.65	1.271	277
25.568	13.42	18.34	-0.00	7.66	1.271	277
25.600	13.43	18.35	-0.00	7.66	1.271	277
25.632	13.44	18.35	-0.01	7.65	1.271	277
25.664	13.44	18.36	-0.00	7.66	1.271	277
25.696	13.45	18.37	0.00	7.66	1.271	277
25.728	13.45	18.37	-0.00	7.65	1.271	277
25.760	13.47	18.38	-0.00	7.65	1.271	277
25.792	13.48	18.39	-0.00	7.65	1.271	277
25.824	13.49	18.40	-0.01	7.65	1.271	277
25.856	13.50	18.41	0.00	7.66	1.271	277
25.888	13.50	18.42	-0.00	7.65	1.271	277
25.920	13.50	18.41	-0.01	7.65	1.271	277
25.952	13.48	18.40	-0.00	7.66	1.271	277
25.984	13.47	18.39	-0.00	7.65	1.271	277
26.016	13.46	18.38	-0.00	7.65	1.271	277
26.048	13.46	18.37	-0.00	7.66	1.271	277
26.080	13.46	18.37	-0.00	7.65	1.271	277
26.112	13.46	18.37	-0.00	7.65	1.271	277
26.144	13.46	18.38	-0.00	7.65	1.271	277
26.176	13.47	18.38	-0.00	7.66	1.271	277
26.208	13.48	18.39	0.00	7.66	1.271	277
26.240	13.49	18.41	-0.01	7.65	1.271	277
26.272	13.49	18.40	-0.00	7.65	1.271	277
26.304	13.49	18.40	-0.00	7.66	1.271	277
26.336	13.48	18.40	-0.00	7.66	1.271	277
26.368	13.49	18.40	-0.00	7.66	1.271	277
26.400	13.50	18.41	-0.00	7.65	1.271	277
26.432	13.50	18.41	-0.00	7.65	1.271	277
26.464	13.50	18.41	-0.00	7.65	1.271	277
26.496	13.50	18.42	-0.00	7.66	1.271	277
26.528	13.51	18.42	-0.00	7.65	1.271	277
26.560	13.52	18.44	-0.01	7.65	1.271	277
26.592	13.52	18.44	-0.00	7.65	1.271	277
26.624	13.52	18.43	-0.00	7.65	1.271	277
26.656	13.52	18.43	0.00	7.66	1.271	277
26.688	13.51	18.43	0.00	7.66	1.271	277
26.720	13.51	18.42	-0.00	7.65	1.271	277
26.752	13.50	18.41	-0.00	7.66	1.271	277
26.784	13.49	18.40	-0.01	7.65	1.271	277
26.816	13.49	18.40	-0.00	7.66	1.271	277
26.848	13.49	18.40	-0.00	7.66	1.271	277
26.880	13.48	18.39	-0.01	7.65	1.271	277
26.912	13.48	18.40	-0.00	7.65	1.271	277
26.944	13.48	18.39	-0.00	7.65	1.271	277
26.976	13.47	18.38	-0.00	7.65	1.271	277
27.008	13.46	18.37	0.00	7.66	1.271	277
27.040	13.47	18.38	-0.01	7.65	1.271	277
27.072	13.47	18.38	0.00	7.66	1.271	277
27.104	13.47	18.38	-0.00	7.65	1.271	277
27.136	13.46	18.38	-0.00	7.66	1.271	277
27.168	13.45	18.37	0.00	7.66	1.271	277
27.200	13.44	18.35	-0.00	7.66	1.271	277
27.232	13.43	18.34	-0.01	7.65	1.271	277
27.264	13.42	18.33	-0.00	7.66	1.271	277
27.296	13.42	18.33	-0.00	7.65	1.271	277
27.328	13.43	18.34	-0.00	7.66	1.271	277
27.360	13.44	18.35	-0.00	7.66	1.271	277
27.392	13.44	18.36	-0.01	7.65	1.271	277
27.424	13.44	18.35	-0.00	7.66	1.271	277
27.456	13.44	18.35	0.00	7.66	1.275	278
27.488	13.43	18.34	-0.00	7.65	1.275	278
27.520	13.42	18.33	-0.00	7.65	1.275	278
27.552	13.41	18.33	-0.00	7.65	1.275	278
27.584	13.42	18.33	-0.00	7.65	1.275	278
27.616	13.42	18.33	-0.00	7.66	1.275	278
27.648	13.41	18.33	0.00	7.66	1.275	278
27.680	13.41	18.32	-0.00	7.66	1.275	278
27.712	13.41	18.32	-0.00	7.66	1.275	278
27.744	13.40	18.32	-0.00	7.66	1.275	278
27.776	13.40	18.31	-0.00	7.65	1.275	278
27.808	13.40	18.32	0.00	7.66	1.275	278
27.840	13.42	18.33	-0.00	7.66	1.275	278
27.872	13.42	18.33	0.00	7.66	1.275	278
27.904	13.41	18.33	-0.01	7.65	1.271	277
27.936	13.42	18.33	-0.00	7.65	1.271	277
27.968	13.41	18.33	0.00	7.66	1.271	277
28.000	13.42	18.34	-0.00	7.66	1.271	277
28.032	13.43	18.34	-0.00	7.66	1.271	277
28.064	13.44	18.35	0.00	7.66	1.271	277
28.096	13.44	18.35	-0.00	7.65	1.271	277
28.128	13.44	18.35	0.00	7.66	1.271	277
28.160	13.43	18.34	-0.00	7.65	1.271	277
28.192	13.42	18.34	-0.01	7.65	1.271	277
28.224	13.41	18.32	-0.00	7.65	1.271	277
28.256	13.40	18.31	-0.00	7.65	1.271	277
28.288	13.38	18.30	-0.00	7.66	1.271	277
28.320	13.38	18.29	-0.01	7.65	1.271	277
28.352	13.37	18.28	-0.00	7.66	1.271	277
28.384	13.37	18.28	-0.01	7.65	1.271	277
28.416	13.36	18.28	-0.00	7.65	1.271	277
28.448	13.36	18.28	-0.00	7.66	1.271	277
28.480	13.36	18.28	-0.01	7.65	1.271	277
28.512	13.37	18.28	-0.00	7.66	1.271	277
28.544	13.38	18.29	-0.00	7.65	1.271	277
28.576	13.40	18.31	0.00	7.66	1.271	277
28.608	13.41	18.32	-0.00	7.66	1.271	277
28.640	13.44	18.35	-0.00	7.65	1.271	277
28.672	13.44	18.36	-0.01	7.65	1.271	277
28.704	13.44	18.35	0.00	7.66	1.271	277
28.736	13.43	18.34	0.00	7.66	1.271	277
28.768	13.44	18.35	0.00	7.66	1.271	277
28.800	13.44	18.35	-0.00	7.66	1.271	277
28.832	13.44	18.35	-0.00	7.65	1.271	277
28.864	13.43	18.35	-0.00	7.66	1.266	276
28.896	13.42	18.34	-0.00	7.66	1.266	276
28.928	13.41	18.33	0.00	7.66	1.266	276
28.960	13.41	18.32	-0.01	7.65	1.266	276
28.992	13.41	18.32	-0.00	7.65	1.266	276
29.024	13.42	18.33	-0.00	7.65	1.266	276
29.056	13.42	18.34	-0.01	7.65	1.266	276
29.088	13.43	18.35	0.00	7.66	1.266	276
29.120	13.44	18.35	-0.00	7.65	1.266	276
29.152	13.44	18.35	-0.01	7.65	1.266	276
29.184	13.42	18.34	-0.00	7.66	1.266	276
29.216	13.42	18.33	-0.00	7.66	1.266	276
29.248	13.43	18.34	-0.00	7.66	1.266	276
29.280	13.44	18.35	-0.00	7.66	1.266	276
29.312	13.44	18.35	-0.00	7.65	1.271	277
29.344	13.44	18.35	-0.01	7.65	1.271	277
29.376	13.44	18.36	-0.01	7.65	1.271	277
29.408	13.44	18.35	-0.00	7.65	1.271	277
29.440	13.43	18.35	-0.00	7.66	1.271	277
29.472	13.44	18.35	-0.00	7.65	1.271	277
29.504	13.44	18.35	-0.00	7.65	1.271	277
29.536	13.44	18.35	-0.00	7.66	1.271	277
29.568	13.44	18.35	0.00	7.66	1.271	277
29.600	13.43	18.34	-0.00	7.66	1.271	277
29.632	13.44	18.35	-0.00	7.65	1.271	277
29.664	13.43	18.34	-0.00	7.65	1.271	277
29.696	13.42	18.34	-0.01	7.65	1.271	277
29.728	13.42	18.34	-0.00	7.65	1.271	277
29.760	13.43	18.34	-0.00	7.66	1.271	277
29.792	13.44	18.35	-0.00	7.65	1.271	277
29.824	13.44	18.35	-0.00	7.66	1.271	277
29.856	13.43	18.34	0.00	7.66	1.271	277
29.888	13.42	18.33	-0.00	7.66	1.271	277
29.920	13.40	18.32	-0.00	7.65	1.271	277
29.952	13.41	18.32	-0.00	7.66	1.271	277
29.984	13.42	18.33	-0.00	7.66	1.271	277
30.016	13.42	18.33	-0.00	7.65	1.271	277
30.048	13.43	18.34	-0.00	7.65	1.271	277
30.080	13.44	18.35	0.00	7.66	1.271	277
30.112	13.44	18.36	-0.00	7.65	1.271	277
30.144	13.42	18.34	-0.00	7.66	1.271	277
30.176	13.41	18.32	-0.00	7.65	1.271	277
30.208	13.40	18.32	0.00	7.66	1.271	277
30.240	13.40	18.31	-0.00	7.66	1.271	277
30.272	13.39	18.30	-0.01	7.65	1.271	277
30.304	13.38	18.29	-0.00	7.65	1.271	277
30.336	13.37	18.28	-0.00	7.66	1.271	277
30.368	13.38	18.29	-0.00	7.65	1.271	277
30.400	13.37	18.29	0.00	7.66	1.271	277
30.432	13.38	18.29	-0.00	7.66	1.271	277
30.464	13.38	18.29	-0.01	7.65	1.271	277
30.496	13.39	18.30	-0.00	7.66	1.271	277
30.528	13.40	18.31	-0.00	7.65	1.271	277
30.560	13.41	18.32	0.00	7.66	1.271	277
30.592	13.42	18.33	-0.00	7.66	1.271	277
30.624	13.42	18.34	-0.00	7.66	1.271	277
30.656	13.41	18.32	-0.00	7.66	1.271	277
30.688	13.39	18.30	-0.00	7.65	1.271	277
30.720	13.38	18.29	0.00	7.66	1.266	276
30.752	13.37	18.29	-0.01	7.65	1.266	276
30.784	13.37	18.28	-0.01	7.65	1.266	276
30.816	13.37	18.28	-0.00	7.65	1.266	276
30.848	13.37	18.28	-0.00	7.65	1.266	276
30.880	13.37	18.28	-0.00	7.66	1.266	276
30.912	13.37	18.29	-0.00	7.65	1.266	276
30.944	13.39	18.30	-0.00	7.65	1.266	276
30.976	13.40	18.31	-0.00	7.65	1.266	276
31.008	13.41	18.33	-0.00	7.66	1.266	276
31.040	13.43	18.34	-0.00	7.66	1.266	276
31.072	13.44	18.36	-0.00	7.66	1.266	276
31.104	13.44	18.36	-0.00	7.65	1.266	276
31.136	13.44	18.35	-0.01	7.65	1.266	276
31.168	13.45	18.36	-0.00	7.65	1.266	276
31.200	13.45	18.36	0.00	7.66	1.271	277
31.232	13.44	18.35	-0.00	7.66	1.271	277
31.264	13.44	18.36	-0.01	7.65	1.271	277
31.296	13.44	18.35	-0.00	7.65	1.271	277
31.328	13.44	18.35	-0.00	7.65	1.271	277
31.360	13.43	18.34	-0.00	7.66	1.271	277
31.392	13.43	18.34	-0.01	7.65	1.271	277
31.424	13.43	18.35	-0.00	7.66	1.271	277
31.456	13.43	18.34	-0.00	7.66	1.271	277
31.488	13.43	18.34	0.00	7.66	1.271	277
31.520	13.44	18.35	-0.00	7.66	1.271	277
31.552	13.43	18.35	-0.01	7.65	1.271	277
31.584	13.44	18.35	-0.00	7.66	1.271	277
31.616	13.44	18.35	-0.01	7.65	1.271	277
31.648	13.44	18.35	0.00	7.66	1.271	277
31.680	13.46	18.37	-0.00	7.66	1.271	277
31.712	13.46	18.37	-0.00	7.66	1.271	277
31.744	13.46	18.37	-0.01	7.65	1.271	277
31.776	13.45	18.37	-0.00	7.65	1.271	277
31.808	13.44	18.35	-0.00	7.66	1.271	277
31.840	13.42	18.33	0.00	7.66	1.271	277
31.872	13.41	18.33	-0.01	7.65	1.271	277
31.904	13.43	18.34	-0.00	7.65	1.271	277
31.936	13.43	18.34	-0.00	7.65	1.271	277
31.968	13.42	18.33	-0.00	7.66	1.271	277
32.000	13.42	18.33	-0.00	7.66	1.271	277
32.032	13.41	18.32	-0.00	7.65	1.271	277
32.064	13.40	18.31	-0.01	7.65	1.271	277
32.096	13.38	18.30	-0.00	7.65	1.271	277
32.128	13.38	18.29	-0.00	7.66	1.271	277
32.160	13.39	18.30	-0.00	7.66	1.271	277
32.192	13.40	18.31	-0.00	7.66	1.271	277
32.224	13.40	18.32	-0.00	7.65	1.271	277
32.256	13.41	18.32	-0.00	7.65	1.271	277
32.288	13.40	18.32	0.00	7.66	1.271	277
32.320	13.39	18.30	-0.00	7.65	1.271	277
32.352	13.39	18.31	0.00	7.66	1.271	277
32.384	13.40	18.31	-0.00	7.66	1.271	277
32.416	13.40	18.32	-0.01	7.65	1.271	277
32.448	13.40	18.32	-0.00	7.66	1.271	277
32.480	13.41	18.32	0.00	7.66	1.271	277
32.512	13.41	18.32	0.00	7.66	1.271	277
32.544	13.40	18.31	-0.00	7.65	1.271	277
32.576	13.39	18.30	-0.00	7.66	1.271	277
32.608	13.38	18.30	-0.00	7.65	1.266	276
32.640	13.39	18.30	0.00	7.66	1.266	276
32.672	13.41	18.32	-0.00	7.65	1.266	276
32.704	13.43	18.34	-0.00	7.66	1.266	276
32.736	13.44	18.36	-0.00	7.66	1.266	276
32.768	13.45	18.36	-0.00	7.65	1.266	276
32.800	13.45	18.37	-0.00	7.66	1.266	276
32.832	13.45	18.36	0.00	7.66	1.266	276
32.864	13.44	18.35	-0.00	7.65	1.266	276
32.896	13.44	18.35	-0.00	7.65	1.266	276
32.928	13.43	18.34	-0.00	7.65	1.266	276
32.960	13.43	18.34	-0.00	7.66	1.266	276
32.992	13.44	18.35	-0.00	7.66	1.266	276
33.024	13.44	18.35	-0.00	7.65	1.266	276
33.056	13.44	18.35	-0.00	7.66	1.271	277
33.088	13.43	18.34	-0.00	7.65	1.271	277
33.120	13.43	18.34	-0.00	7.66	1.271	277
33.152	13.44	18.35	-0.00	7.66	1.271	277
33.184	13.44	18.35	-0.00	7.65	1.271	277
33.216	13.43	18.34	0.00	7.66	1.271	277
33.248	13.42	18.34	-0.00	7.66	1.271	277
33.280	13.41	18.33	-0.00	7.65	1.271	277
33.312	13.40	18.31	-0.00	7.65	1.271	277
33.344	13.41	18.33	-0.01	7.65	1.271	277
33.376	13.42	18.33	-0.00	7.65	1.271	277
33.408	13.42	18.33	-0.01	7.65	1.271	277
33.440	13.42	18.34	-0.00	7.66	1.271	277
33.472	13.42	18.34	-0.00	7.66	1.271	277
33.504	13.42	18.34	0.00	7.66	1.271	277
33.536	13.41	18.33	-0.00	7.65	1.271	277
33.568	13.40	18.31	-0.00	7.65	1.271	277
33.600	13.40	18.31	-0.00	7.66	1.271	277
33.632	13.41	18.33	-0.01	7.65	1.271	277
33.664	13.42	18.33	-0.00	7.65	1.271	277
33.696	13.43	18.34	-0.01	7.65	1.271	277
33.728	13.42	18.33	-0.00	7.66	1.271	277
33.760	13.40	18.32	-0.00	7.66	1.271	277
33.792	13.40	18.31	-0.00	7.65	1.271	277
33.824	13.40	18.32	-0.01	7.65	1.271	277
33.856	13.41	18.33	-0.00	7.65	1.271	277
33.888	13.42	18.33	-0.00	7.65	1.271	277
33.920	13.42	18.33	-0.00	7.65	1.271	277
33.952	13.42	18.33	-0.00	7.65	1.271	277
33.984	13.42	18.34	-0.01	7.65	1.271	277
34.016	13.43	18.35	-0.00	7.65	1.266	276
34.048	13.44	18.35	-0.00	7.66	1.266	276
34.080	13.44	18.35	-0.00	7.66	1.266	276
34.112	13.44	18.35	0.00	7.66	1.266	276
34.144	13.44	18.35	-0.01	7.65	1.266	276
34.176	13.45	18.36	-0.01	7.65	1.266	276
34.208	13.45	18.36	-0.00	7.65	1.266	276
34.240	13.45	18.36	-0.00	7.65	1.266	276
34.272	13.44	18.35	-0.00	7.66	1.266	276
34.304	13.43	18.35	-0.00	7.65	1.266	276
34.336	13.44	18.35	-0.00	7.65	1.266	276
34.368	13.44	18.35	-0.00	7.66	1.266	276
34.400	13.43	18.34	-0.00	7.66	1.266	276
34.432	13.43	18.34	-0.00	7.65	1.266	276
34.464	13.44	18.35	-0.00	7.65	1.271	277
34.496	13.43	18.34	0.00	7.66	1.271	277
34.528	13.42	18.34	0.00	7.66	1.271	277
34.560	13.42	18.33	-0.00	7.66	1.271	277
34.592	13.41	18.32	0.00	7.66	1.271	277
34.624	13.41	18.32	-0.01	7.65	1.271	277
34.656	13.40	18.32	-0.00	7.65	1.271	277
34.688	13.41	18.32	-0.00	7.66	1.271	277
34.720	13.41	18.32	-0.00	7.65	1.271	277
34.752	13.40	18.31	-0.00	7.65	1.271	277
34.784	13.39	18.30	-0.01	7.65	1.271	277
34.816	13.39	18.30	-0.00	7.65	1.271	277
34.848	13.39	18.30	-0.00	7.66	1.271	277
34.880	13.38	18.30	-0.00	7.66	1.271	277
34.912	13.38	18.29	0.00	7.66	1.271	277
34.944	13.39	18.30	-0.00	7.66	1.266	276
34.976	13.41	18.32	-0.00	7.65	1.266	276
35.008	13.41	18.33	-0.00	7.65	1.266	276
35.040	13.41	18.33	-0.00	7.66	1.266	276
35.072	13.41	18.33	-0.00	7.66	1.266	276
35.104	13.41	18.33	-0.00	7.66	1.266	276
35.136	13.41	18.33	-0.00	7.65	1.266	276
35.168	13.42	18.33	-0.00	7.66	1.266	276
35.200	13.43	18.34	0.00	7.66	1.266	276
35.232	13.44	18.35	0.00	7.66	1.266	276
35.264	13.44	18.35	0.00	7.66	1.266	276
35.296	13.44	18.36	-0.00	7.65	1.266	276
35.328	13.44	18.35	-0.01	7.65	1.266	276
35.360	13.43	18.34	-0.00	7.65	1.266	276
35.392	13.42	18.33	-0.00	7.66	1.266	276
35.424	13.42	18.34	-0.01	7.65	1.271	277
35.456	13.41	18.33	-0.00	7.65	1.271	277
35.488	13.41	18.33	-0.00	7.65	1.271	277
35.520	13.41	18.32	-0.00	7.66	1.271	277
35.552	13.42	18.33	-0.00	7.66	1.271	277
35.584	13.43	18.34	-0.01	7.65	1.271	277
35.616	13.45	18.36	-0.00	7.66	1.271	277
35.648	13.45	18.37	-0.00	7.65	1.271	277
35.680	13.44	18.35	-0.00	7.66	1.271	277
35.712	13.43	18.34	-0.00	7.65	1.271	277
35.744	13.42	18.33	-0.01	7.65	1.271	277
35.776	13.42	18.33	-0.01	7.65	1.271	277
35.808	13.43	18.34	-0.00	7.65	1.271	277
35.840	13.44	18.36	-0.00	7.66	1.271	277
35.872	13.45	18.37	0.00	7.66	1.266	276
35.904	13.46	18.37	0.00	7.66	1.266	276
35.936	13.46	18.37	-0.00	7.66	1.266	276
35.968	13.46	18.38	-0.00	7.66	1.266	276
36.000	13.46	18.37	-0.00	7.66	1.266	276
36.032	13.46	18.37	-0.00	7.65	1.266	276
36.064	13.47	18.38	-0.00	7.65	1.266	276
36.096	13.47	18.38	-0.00	7.65	1.266	276
36.128	13.46	18.37	-0.01	7.65	1.266	276
36.160	13.45	18.36	-0.00	7.66	1.266	276
36.192	13.44	18.35	0.00	7.66	1.266	276
36.224	13.42	18.34	-0.00	7.66	1.266	276
36.256	13.42	18.34	-0.00	7.65	1.266	276
36.288	13.42	18.34	-0.00	7.65	1.266	276
36.320	13.43	18.34	-0.00	7.66	1.266	276
36.352	13.44	18.36	0.00	7.66	1.271	277
36.384	13.46	18.38	-0.01	7.65	1.271	277
36.416	13.48	18.39	-0.00	7.65	1.271	277
36.448	13.49	18.40	-0.00	7.65	1.271	277
36.480	13.48	18.40	0.00	7.66	1.271	277
36.512	13.48	18.39	-0.00	7.66	1.271	277
36.544	13.48	18.40	-0.01	7.65	1.271	277
36.576	13.49	18.41	-0.00	7.66	1.271	277
36.608	13.50	18.42	-0.01	7.65	1.271	277
36.640	13.50	18.41	-0.00	7.65	1.271	277
36.672	13.48	18.39	-0.00	7.66	1.271	277
36.704	13.46	18.37	-0.01	7.65	1.271	277
36.736	13.44	18.36	-0.00	7.65	1.271	277
36.768	13.44	18.35	-0.00	7.65	1.271	277
36.800	13.43	18.35	-0.00	7.65	1.271	277
36.832	13.44	18.35	-0.00	7.66	1.271	277
36.864	13.44	18.35	-0.01	7.65	1.271	277
36.896	13.45	18.36	-0.00	7.65	1.271	277
36.928	13.45	18.37	-0.00	7.66	1.271	277
36.960	13.45	18.37	-0.00	7.66	1.271	277
36.992	13.45	18.36	-0.00	7.65	1.271	277
37.024	13.45	18.37	-0.00	7.66	1.271	277
37.056	13.45	18.37	-0.00	7.65	1.271	277
37.088	13.45	18.37	-0.00	7.65	1.271	277
37.120	13.45	18.37	-0.00	7.66	1.271	277
37.152	13.45	18.36	0.00	7.66	1.271	277
37.184	13.44	18.35	-0.00	7.65	1.271	277
37.216	13.43	18.35	-0.01	7.65	1.271	277
37.248	13.44	18.35	-0.00	7.65	1.271	277
37.280	13.45	18.37	-0.00	7.66	1.271	277
37.312	13.47	18.38	-0.00	7.66	1.271	277
37.344	13.48	18.39	-0.00	7.65	1.271	277
37.376	13.49	18.41	-0.00	7.66	1.271	277
37.408	13.50	18.41	-0.00	7.65	1.271	277
37.440	13.49	18.40	-0.00	7.66	1.271	277
37.472	13.47	18.38	-0.00	7.66	1.271	277
37.504	13.46	18.38	-0.00	7.66	1.271	277
37.536	13.45	18.36	-0.00	7.65	1.271	277
37.568	13.44	18.36	-0.00	7.65	1.271	277
37.600	13.44	18.36	0.00	7.66	1.271	277
37.632	13.44	18.35	0.00	7.66	1.271	277
37.664	13.43	18.35	-0.01	7.65	1.271	277
37.696	13.42	18.33	-0.00	7.66	1.271	277
37.728	13.42	18.33	-0.00	7.66	1.271	277
37.760	13.40	18.32	-0.00	7.65	1.275	278
37.792	13.41	18.33	0.00	7.66	1.275	278
37.824	13.43	18.34	-0.01	7.65	1.275	278
37.856	13.44	18.36	-0.00	7.65	1.275	278
37.888	13.46	18.37	-0.01	7.65	1.275	278
37.920	13.46	18.37	-0.00	7.66	1.275	278
37.952	13.45	18.37	-0.00	7.66	1.275	278
37.984	13.45	18.36	-0.00	7.65	1.275	278
38.016	13.45	18.36	-0.00	7.65	1.275	278
38.048	13.46	18.37	-0.00	7.66	1.275	278
38.080	13.46	18.37	-0.00	7.65	1.275	278
38.112	13.46	18.37	-0.00	7.66	1.275	278
38.144	13.46	18.37	-0.00	7.66	1.275	278
38.176	13.44	18.35	0.00	7.66	1.275	278
38.208	13.44	18.35	-0.00	7.65	1.266	276
38.240	13.45	18.37	-0.01	7.65	1.266	276
38.272	13.45	18.37	0.00	7.66	1.266	276
38.304	13.46	18.37	-0.00	7.65	1.266	276
38.336	13.46	18.37	-0.00	7.66	1.266	276
38.368	13.45	18.37	-0.00	7.65	1.266	276
38.400	13.45	18.36	-0.00	7.65	1.266	276
38.432	13.43	18.34	-0.00	7.66	1.266	276
38.464	13.43	18.34	-0.00	7.65	1.266	276
38.496	13.42	18.34	-0.00	7.66	1.266	276
38.528	13.42	18.33	-0.01	7.65	1.266	276
38.560	13.42	18.33	-0.01	7.65	1.266	276
38.592	13.41	18.32	0.00	7.66	1.266	276
38.624	13.40	18.31	-0.00	7.66	1.266	276
38.656	13.39	18.30	-0.01	7.65	1.266	276
38.688	13.40	18.31	-0.00	7.65	1.271	277
38.720	13.40	18.31	-0.00	7.65	1.271	277
38.752	13.40	18.31	-0.00	7.66	1.271	277
38.784	13.41	18.32	-0.00	7.65	1.271	277
38.816	13.42	18.34	-0.00	7.66	1.271	277
38.848	13.44	18.35	-0.00	7.65	1.271	277
38.880	13.44	18.36	-0.00	7.66	1.271	277
38.912	13.44	18.35	-0.00	7.66	1.271	277
38.944	13.45	18.36	-0.00	7.65	1.271	277
38.976	13.45	18.37	-0.00	7.65	1.271	277
39.008	13.45	18.36	-0.00	7.65	1.271	277
39.040	13.45	18.36	-0.01	7.65	1.271	277
39.072	13.44	18.35	-0.01	7.65	1.271	277
39.104	13.43	18.35	-0.00	7.65	1.271	277
39.136	13.43	18.34	-0.00	7.66	1.271	277
39.168	13.43	18.34	-0.01	7.65	1.271	277
39.200	13.44	18.35	-0.00	7.65	1.271	277
39.232	13.45	18.36	0.00	7.66	1.271	277
39.264	13.46	18.37	-0.00	7.66	1.271	277
39.296	13.46	18.38	-0.01	7.65	1.271	277
39.328	13.47	18.38	-0.00	7.66	1.271	277
39.360	13.47	18.38	-0.00	7.66	1.271	277
39.392	13.46	18.37	-0.00	7.66	1.271	277
39.424	13.45	18.36	-0.00	7.65	1.271	277
39.456	13.45	18.36	-0.00	7.65	1.271	277
39.488	13.44	18.36	-0.01	7.65	1.271	277
39.520	13.44	18.35	-0.00	7.65	1.271	277
39.552	13.44	18.35	0.00	7.66	1.271	277
39.584	13.44	18.35	-0.01	7.65	1.271	277
39.616	13.43	18.35	-0.00	7.65	1.271	277
39.648	13.42	18.34	-0.01	7.65	1.271	277
39.680	13.43	18.34	-0.00	7.66	1.271	277
39.712	13.43	18.35	-0.00	7.66	1.271	277
39.744	13.44	18.35	-0.00	7.65	1.271	277
39.776	13.43	18.35	-0.01	7.65	1.271	277
39.808	13.44	18.35	-0.00	7.65	1.271	277
39.840	13.44	18.35	-0.00	7.65	1.271	277
39.872	13.43	18.34	-0.00	7.65	1.271	277
39.904	13.41	18.33	-0.00	7.65	1.271	277
39.936	13.41	18.32	-0.00	7.65	1.271	277
39.968	13.40	18.32	-0.00	7.66	1.271	277
40.000	13.39	18.30	-0.01	7.65	1.271	277
40.032	13.39	18.30	-0.00	7.66	1.271	277
40.064	13.38	18.29	-0.00	7.65	1.271	277
40.096	13.38	18.29	0.00	7.66	1.266	276
40.128	13.38	18.29	-0.00	7.65	1.266	276
40.160	13.39	18.31	-0.00	7.65	1.266	276
40.192	13.41	18.32	0.00	7.66	1.266	276
40.224	13.42	18.33	-0.00	7.65	1.266	276
40.256	13.43	18.35	-0.01	7.65	1.266	276
40.288	13.45	18.36	-0.00	7.65	1.266	276
40.320	13.45	18.36	-0.01	7.65	1.266	276
40.352	13.45	18.37	-0.00	7.66	1.266	276
40.384	13.45	18.37	-0.00	7.66	1.266	276
40.416	13.46	18.37	-0.01	7.65	1.266	276
40.448	13.46	18.37	-0.01	7.65	1.266	276
40.480	13.45	18.37	-0.01	7.65	1.266	276
40.512	13.44	18.35	-0.00	7.66	1.266	276
40.544	13.42	18.34	-0.00	7.65	1.271	277
40.576	13.42	18.33	-0.01	7.65	1.271	277
40.608	13.41	18.33	-0.00	7.65	1.271	277
40.640	13.42	18.33	-0.00	7.66	1.271	277
40.672	13.41	18.33	0.00	7.66	1.271	277
40.704	13.41	18.33	-0.01	7.65	1.271	277
40.736	13.41	18.32	-0.00	7.65	1.271	277
40.768	13.41	18.33	-0.01	7.65	1.271	277
40.800	13.42	18.34	-0.01	7.65	1.271	277
40.832	13.42	18.33	-0.00	7.65	1.271	277
40.864	13.43	18.34	-0.00	7.65	1.271	277
40.896	13.43	18.34	-0.01	7.65	1.271	277
40.928	13.44	18.35	-0.01	7.65	1.271	277
40.960	13.44	18.35	-0.01	7.65	1.271	277
40.992	13.44	18.36	-0.00	7.66	1.271	277
41.024	13.44	18.35	-0.01	7.65	1.266	276
41.056	13.44	18.35	-0.00	7.65	1.266	276
41.088	13.44	18.35	-0.01	7.65	1.266	276
41.120	13.45	18.37	-0.01	7.65	1.266	276
41.152	13.47	18.38	0.00	7.66	1.266	276
41.184	13.47	18.38	-0.01	7.65	1.266	276
41.216	13.46	18.38	-0.01	7.65	1.266	276
41.248	13.46	18.38	-0.01	7.65	1.266	276
41.280	13.45	18.37	-0.00	7.66	1.266	276
41.312	13.44	18.35	-0.00	7.65	1.266	276
41.344	13.42	18.33	-0.00	7.66	1.266	276
41.376	13.40	18.32	-0.00	7.66	1.266	276
41.408	13.40	18.31	-0.01	7.65	1.266	276
41.440	13.38	18.30	-0.01	7.65	1.266	276
41.472	13.38	18.29	-0.00	7.66	1.266	276
41.504	13.38	18.29	-0.00	7.66	1.271	277
41.536	13.39	18.30	-0.01	7.65	1.271	277
41.568	13.40	18.31	-0.01	7.65	1.271	277
41.600	13.40	18.31	-0.00	7.65	1.271	277
41.632	13.42	18.33	-0.01	7.65	1.271	277
41.664	13.44	18.35	-0.00	7.66	1.271	277
41.696	13.46	18.37	-0.01	7.65	1.271	277
41.728	13.47	18.39	-0.00	7.65	1.271	277
41.760	13.47	18.39	-0.00	7.66	1.271	277
41.792	13.48	18.39	-0.00	7.65	1.271	277
41.824	13.47	18.38	-0.01	7.65	1.271	277
41.856	13.47	18.38	-0.01	7.65	1.271	277
41.888	13.46	18.38	-0.01	7.65	1.271	277
41.920	13.46	18.38	-0.01	7.65	1.271	277
41.952	13.46	18.37	0.00	7.66	1.266	276
41.984	13.46	18.38	-0.01	7.65	1.266	276
42.016	13.46	18.38	-0.01	7.65	1.266	276
42.048	13.45	18.37	-0.00	7.65	1.266	276
42.080	13.44	18.35	-0.00	7.65	1.266	276
42.112	13.44	18.35	-0.00	7.66	1.266	276
42.144	13.45	18.37	-0.00	7.65	1.266	276
42.176	13.46	18.38	-0.01	7.65	1.266	276
42.208	13.47	18.38	-0.00	7.65	1.266	276
42.240	13.47	18.38	-0.00	7.66	1.266	276
42.272	13.47	18.38	-0.00	7.66	1.266	276
42.304	13.46	18.37	-0.00	7.65	1.266	276
42.336	13.45	18.37	-0.00	7.65	1.266	276
42.368	13.45	18.36	-0.01	7.65	1.266	276
42.400	13.45	18.36	-0.00	7.65	1.266	276
42.432	13.45	18.36	0.00	7.66	1.266	276
42.464	13.45	18.36	-0.01	7.65	1.266	276
42.496	13.45	18.36	-0.01	7.65	1.266	276
42.528	13.45	18.37	-0.01	7.65	1.266	276
42.560	13.45	18.36	-0.00	7.65	1.266	276
42.592	13.46	18.37	-0.00	7.65	1.266	276
42.624	13.48	18.39	-0.01	7.65	1.266	276
42.656	13.51	18.42	-0.00	7.65	1.266	276
42.688	13.54	18.45	-0.01	7.65	1.266	276
42.720	13.56	18.47	-0.00	7.66	1.266	276
42.752	13.58	18.49	0.00	7.66	1.266	276
42.784	13.59	18.50	-0.01	7.65	1.266	276
42.816	13.58	18.50	-0.00	7.65	1.266	276
42.848	13.58	18.49	-0.00	7.65	1.266	276
42.880	13.58	18.49	-0.00	7.65	1.266	276
42.912	13.57	18.49	-0.01	7.65	1.271	277
42.944	13.57	18.48	-0.00	7.65	1.271	277
42.976	13.55	18.46	-0.01	7.65	1.271	277
43.008	13.54	18.45	-0.00	7.65	1.271	277
43.040	13.52	18.43	-0.00	7.66	1.271	277
43.072	13.51	18.42	0.00	7.66	1.271	277
43.104	13.51	18.42	-0.00	7.65	1.271	277
43.136	13.51	18.42	-0.00	7.65	1.271	277
43.168	13.51	18.42	-0.01	7.65	1.271	277
43.200	13.52	18.43	0.00	7.66	1.271	277
43.232	13.53	18.44	-0.00	7.66	1.271	277
43.264	13.52	18.44	-0.00	7.66	1.271	277
43.296	13.52	18.43	-0.00	7.65	1.271	277
43.328	13.52	18.44	-0.00	7.65	1.271	277
43.360	13.53	18.44	-0.00	7.65	1.271	277
43.392	13.54	18.45	-0.01	7.65	1.271	277
43.424	13.54	18.45	-0.01	7.65	1.271	277
43.456	13.53	18.44	-0.01	7.65	1.271	277
43.488	13.52	18.44	-0.01	7.65	1.271	277
43.520	13.51	18.42	-0.00	7.65	1.271	277
43.552	13.50	18.42	-0.00	7.65	1.271	277
43.584	13.49	18.41	-0.01	7.65	1.271	277
43.616	13.49	18.40	-0.01	7.65	1.271	277
43.648	13.48	18.39	-0.00	7.65	1.271	277
43.680	13.48	18.39	0.00	7.66	1.271	277
43.712	13.47	18.38	-0.01	7.65	1.271	277
43.744	13.47	18.39	-0.00	7.65	1.271	277
43.776	13.47	18.39	-0.01	7.65	1.271	277
43.808	13.47	18.39	-0.00	7.66	1.271	277
43.840	13.47	18.38	-0.00	7.66	1.271	277
43.872	13.47	18.38	-0.00	7.66	1.271	277
43.904	13.47	18.38	-0.00	7.66	1.271	277
43.936	13.47	18.38	-0.00	7.65	1.271	277
43.968	13.47	18.38	-0.01	7.65	1.271	277
44.000	13.46	18.38	-0.00	7.66	1.271	277
44.032	13.45	18.36	-0.00	7.65	1.271	277
44.064	13.45	18.37	-0.00	7.65	1.271	277
44.096	13.46	18.38	-0.00	7.65	1.271	277
44.128	13.47	18.38	-0.01	7.65	1.271	277
44.160	13.46	18.38	-0.00	7.66	1.271	277
44.192	13.46	18.38	-0.00	7.66	1.271	277
44.224	13.46	18.37	-0.00	7.65	1.271	277
44.256	13.46	18.37	-0.00	7.65	1.271	277
44.288	13.46	18.37	-0.00	7.65	1.266	276
44.320	13.47	18.38	0.00	7.66	1.266	276
44.352	13.48	18.40	-0.00	7.65	1.266	276
44.384	13.49	18.40	-0.00	7.66	1.266	276
44.416	13.49	18.40	-0.00	7.65	1.266	276
44.448	13.50	18.41	-0.00	7.66	1.266	276
44.480	13.49	18.40	-0.00	7.66	1.266	276
44.512	13.49	18.40	-0.00	7.65	1.266	276
44.544	13.50	18.42	-0.01	7.65	1.266	276
44.576	13.51	18.42	-0.00	7.65	1.266	276
44.608	13.52	18.43	-0.01	7.65	1.266	276
44.640	13.52	18.43	0.00	7.66	1.266	276
44.672	13.52	18.43	-0.00	7.65	1.266	276
44.704	13.50	18.42	-0.00	7.65	1.266	276
44.736	13.50	18.41	-0.00	7.65	1.266	276
44.768	13.48	18.39	-0.01	7.65	1.271	277
44.800	13.48	18.39	-0.00	7.66	1.271	277
44.832	13.47	18.38	-0.01	7.65	1.271	277
44.864	13.46	18.37	-0.01	7.65	1.271	277
44.896	13.44	18.36	-0.00	7.65	1.271	277
44.928	13.44	18.35	-0.00	7.66	1.271	277
44.960	13.43	18.34	-0.00	7.66	1.271	277
44.992	13.43	18.34	-0.01	7.65	1.271	277
45.024	13.44	18.35	-0.01	7.65	1.271	277
45.056	13.45	18.37	-0.01	7.65	1.271	277
45.088	13.45	18.37	-0.01	7.65	1.271	277
45.120	13.45	18.36	0.00	7.66	1.271	277
45.152	13.45	18.36	-0.00	7.66	1.271	277
45.184	13.45	18.37	-0.01	7.65	1.271	277
45.216	13.46	18.37	-0.00	7.66	1.271	277
45.248	13.45	18.36	-0.00	7.66	1.266	276
45.280	13.44	18.36	-0.00	7.65	1.266	276
45.312	13.46	18.37	-0.01	7.65	1.266	276
45.344	13.45	18.37	-0.00	7.65	1.266	276
45.376	13.45	18.37	-0.01	7.65	1.266	276
45.408	13.46	18.37	-0.01	7.65	1.266	276
45.440	13.46	18.38	-0.00	7.66	1.266	276
45.472	13.48	18.39	-0.00	7.66	1.266	276
45.504	13.50	18.41	0.00	7.66	1.266	276
45.536	13.51	18.42	-0.01	7.65	1.266	276
45.568	13.51	18.42	0.00	7.66	1.266	276
45.600	13.51	18.42	0.00	7.66	1.266	276
45.632	13.51	18.43	-0.00	7.65	1.266	276
45.664	13.50	18.42	-0.00	7.66	1.266	276
45.696	13.49	18.40	-0.00	7.65	1.271	277
45.728	13.47	18.38	-0.00	7.66	1.271	277
45.760	13.45	18.36	-0.00	7.66	1.271	277
45.792	13.44	18.35	-0.00	7.66	1.271	277
45.824	13.42	18.34	-0.00	7.65	1.271	277
45.856	13.42	18.33	-0.00	7.65	1.271	277
45.888	13.42	18.33	-0.01	7.65	1.271	277
45.920	13.42	18.33	0.00	7.66	1.271	277
45.952	13.43	18.34	-0.01	7.65	1.271	277
45.984	13.43	18.34	-0.00	7.66	1.271	277
46.016	13.43	18.34	-0.00	7.65	1.271	277
46.048	13.43	18.34	-0.00	7.66	1.271	277
46.080	13.44	18.35	0.00	7.66	1.271	277
46.112	13.44	18.35	-0.01	7.65	1.271	277
46.144	13.45	18.36	-0.00	7.65	1.271	277
46.176	13.44	18.35	-0.01	7.65	1.271	277
46.208	13.43	18.34	-0.00	7.65	1.271	277
46.240	13.42	18.33	-0.00	7.66	1.271	277
46.272	13.41	18.32	-0.00	7.65	1.271	277
46.304	13.40	18.32	-0.01	7.65	1.271	277
46.336	13.39	18.30	-0.00	7.65	1.271	277
46.368	13.37	18.29	-0.00	7.65	1.271	277
46.400	13.36	18.27	-0.00	7.65	1.271	277
46.432	13.36	18.27	-0.01	7.65	1.271	277
46.464	13.35	18.27	-0.01	7.65	1.271	277
46.496	13.37	18.28	-0.00	7.65	1.271	277
46.528	13.38	18.29	-0.01	7.65	1.271	277
46.560	13.37	18.29	-0.00	7.66	1.271	277
46.592	13.37	18.28	-0.01	7.65	1.271	277
46.624	13.36	18.28	-0.01	7.65	1.271	277
46.656	13.36	18.27	-0.01	7.65	1.271	277
46.688	13.35	18.27	-0.00	7.65	1.271	277
46.720	13.34	18.25	-0.00	7.66	1.271	277
46.752	13.33	18.24	-0.00	7.65	1.271	277
46.784	13.33	18.24	-0.00	7.65	1.271	277
46.816	13.33	18.24	-0.01	7.65	1.271	277
46.848	13.33	18.24	-0.00	7.66	1.271	277
46.880	13.33	18.24	-0.00	7.65	1.271	277
46.912	13.34	18.25	-0.01	7.65	1.271	277
46.944	13.33	18.24	-0.00	7.66	1.271	277
46.976	13.33	18.24	-0.01	7.65	1.271	277
47.008	13.33	18.25	-0.00	7.66	1.271	277
47.040	13.32	18.24	-0.00	7.65	1.271	277
47.072	13.31	18.22	-0.00	7.65	1.271	277
47.104	13.29	18.21	-0.00	7.66	1.275	278
47.136	13.29	18.20	0.00	7.66	1.275	278
47.168	13.28	18.19	0.00	7.66	1.275	278
47.200	13.26	18.17	-0.00	7.66	1.275	278
47.232	13.25	18.17	-0.00	7.65	1.275	278
47.264	13.25	18.17	-0.01	7.65	1.275	278
47.296	13.24	18.15	-0.01	7.65	1.275	278
47.328	13.23	18.14	0.00	7.66	1.275	278
47.360	13.21	18.13	-0.01	7.65	1.275	278
47.392	13.20	18.11	-0.00	7.65	1.275	278
47.424	13.18	18.10	-0.00	7.65	1.275	278
47.456	13.20	18.11	-0.00	7.66	1.275	278
47.488	13.22	18.13	-0.00	7.66	1.275	278
47.520	13.24	18.15	-0.00	7.65	1.275	278
47.552	13.26	18.18	-0.01	7.65	1.275	278
47.584	13.29	18.20	-0.00	7.66	1.266	276
47.616	13.30	18.21	-0.01	7.65	1.266	276
47.648	13.30	18.21	-0.00	7.66	1.266	276
47.680	13.28	18.19	-0.01	7.65	1.266	276
47.712	13.27	18.18	-0.01	7.65	1.266	276
47.744	13.26	18.18	-0.00	7.65	1.266	276
47.776	13.25	18.17	-0.00	7.66	1.266	276
47.808	13.24	18.16	0.00	7.66	1.266	276
47.840	13.23	18.15	-0.00	7.65	1.266	276
47.872	13.22	18.14	-0.00	7.65	1.266	276
47.904	13.21	18.12	-0.01	7.65	1.266	276
47.936	13.20	18.11	-0.00	7.66	1.266	276
47.968	13.20	18.12	0.00	7.66	1.266	276
48.000	13.21	18.12	-0.00	7.65	1.266	276
48.032	13.22	18.14	-0.01	7.65	1.266	276
48.064	13.24	18.16	-0.00	7.65	1.271	277
48.096	13.26	18.18	-0.00	7.66	1.271	277
48.128	13.27	18.19	0.00	7.66	1.271	277
48.160	13.27	18.18	-0.01	7.65	1.271	277
48.192	13.26	18.17	-0.00	7.65	1.271	277
48.224	13.26	18.17	-0.01	7.65	1.271	277
48.256	13.26	18.18	-0.00	7.65	1.271	277
48.288	13.26	18.18	0.00	7.66	1.271	277
48.320	13.26	18.17	-0.01	7.65	1.271	277
48.352	13.26	18.17	-0.01	7.65	1.271	277
48.384	13.27	18.18	-0.00	7.65	1.271	277
48.416	13.27	18.19	-0.01	7.65	1.271	277
48.448	13.29	18.21	-0.00	7.66	1.271	277
48.480	13.31	18.23	-0.01	7.65	1.271	277
48.512	13.32	18.24	-0.01	7.65	1.271	277
48.544	13.33	18.24	-0.00	7.65	1.271	277
48.576	13.34	18.25	-0.01	7.65	1.271	277
48.608	13.32	18.24	-0.00	7.66	1.271	277
48.640	13.30	18.22	-0.00	7.66	1.271	277
48.672	13.29	18.20	-0.00	7.65	1.271	277
48.704	13.27	18.19	-0.00	7.65	1.271	277
48.736	13.26	18.18	-0.01	7.65	1.271	277
48.768	13.26	18.18	-0.00	7.65	1.271	277
48.800	13.27	18.18	-0.00	7.65	1.271	277
48.832	13.29	18.20	0.00	7.66	1.271	277
48.864	13.31	18.23	-0.00	7.65	1.271	277
48.896	13.35	18.26	-0.00	7.66	1.271	277
48.928	13.39	18.31	-0.00	7.65	1.271	277
48.960	13.42	18.34	-0.00	7.66	1.271	277
48.992	13.45	18.36	-0.00	7.66	1.275	278
49.024	13.46	18.38	-0.00	7.65	1.275	278
49.056	13.47	18.38	-0.01	7.65	1.275	278
49.088	13.46	18.38	0.00	7.66	1.275	278
49.120	13.45	18.36	-0.01	7.65	1.275	278
49.152	13.43	18.34	-0.00	7.65	1.275	278
49.184	13.42	18.33	-0.01	7.65	1.275	278
49.216	13.43	18.34	-0.00	7.65	1.275	278
49.248	13.43	18.35	-0.00	7.66	1.275	278
49.280	13.44	18.35	-0.00	7.66	1.275	278
49.312	13.44	18.35	-0.01	7.65	1.275	278
49.344	13.44	18.35	-0.01	7.65	1.275	278
49.376	13.42	18.34	-0.00	7.66	1.275	278
49.408	13.42	18.33	0.00	7.66	1.275	278
49.440	13.43	18.34	-0.00	7.65	1.275	278
49.472	13.43	18.34	-0.01	7.65	1.275	278
49.504	13.44	18.35	-0.00	7.65	1.275	278
49.536	13.43	18.35	-0.00	7.65	1.275	278
49.568	13.43	18.35	-0.00	7.66	1.275	278
49.600	13.43	18.35	-0.01	7.65	1.275	278
49.632	13.42	18.33	-0.00	7.65	1.275	278
49.664	13.42	18.33	-0.00	7.65	1.275	278
49.696	13.43	18.34	-0.00	7.65	1.275	278
49.728	13.44	18.36	-0.00	7.65	1.275	278
49.760	13.46	18.37	-0.00	7.65	1.275	278
49.792	13.46	18.38	-0.01	7.65	1.275	278
49.824	13.47	18.38	-0.00	7.66	1.275	278
49.856	13.44	18.36	-0.01	7.65	1.275	278
49.888	13.42	18.34	-0.00	7.66	1.275	278
49.920	13.41	18.32	-0.01	7.65	1.275	278
49.952	13.40	18.31	-0.00	7.65	1.275	278
49.984	13.38	18.29	-0.01	7.65	1.275	278
50.016	13.37	18.28	-0.00	7.65	1.275	278
50.048	13.36	18.27	-0.00	7.66	1.275	278
50.080	13.35	18.27	-0.00	7.66	1.275	278
50.112	13.34	18.25	-0.00	7.65	1.275	278
50.144	13.32	18.24	-0.00	7.65	1.275	278
50.176	13.32	18.24	-0.01	7.65	1.275	278
50.208	13.31	18.23	0.00	7.66	1.275	278
50.240	13.32	18.23	-0.00	7.66	1.275	278
50.272	13.30	18.22	-0.00	7.65	1.275	278
50.304	13.30	18.21	-0.00	7.65	1.275	278
50.336	13.28	18.19	-0.00	7.65	1.275	278
50.368	13.28	18.19	-0.01	7.65	1.275	278
50.400	13.29	18.20	-0.01	7.65	1.275	278
50.432	13.30	18.21	-0.00	7.65	1.275	278
50.464	13.31	18.23	-0.01	7.65	1.275	278
50.496	13.32	18.24	-0.01	7.65	1.275	278
50.528	13.33	18.25	-0.00	7.66	1.275	278
50.560	13.33	18.25	0.00	7.66	1.275	278
50.592	13.32	18.23	-0.01	7.65	1.275	278
50.624	13.31	18.22	-0.00	7.65	1.275	278
50.656	13.29	18.20	0.00	7.66	1.275	278
50.688	13.29	18.20	-0.00	7.65	1.275	278
50.720	13.30	18.21	-0.01	7.65	1.275	278
50.752	13.29	18.20	-0.00	7.66	1.275	278
50.784	13.29	18.20	-0.00	7.65	1.275	278
50.816	13.29	18.20	-0.00	7.65	1.275	278
50.848	13.30	18.21	-0.00	7.66	1.275	278
50.880	13.31	18.22	-0.00	7.65	1.275	278
50.912	13.32	18.23	-0.00	7.65	1.275	278
50.944	13.33	18.24	-0.00	7.65	1.275	278
50.976	13.33	18.24	-0.00	7.65	1.275	278
51.008	13.32	18.24	-0.00	7.65	1.275	278
51.040	13.31	18.22	-0.00	7.65	1.275	278
51.072	13.28	18.19	-0.00	7.65	1.275	278
51.104	13.26	18.18	-0.00	7.65	1.275	278
51.136	13.26	18.18	-0.00	7.65	1.275	278
51.168	13.27	18.18	-0.00	7.65	1.275	278
51.200	13.28	18.19	-0.00	7.65	1.275	278
51.232	13.28	18.19	-0.01	7.65	1.275	278
51.264	13.29	18.20	0.00	7.66	1.275	278
51.296	13.30	18.21	-0.00	7.66	1.275	278
51.328	13.30	18.21	-0.00	7.66	1.266	276
51.360	13.30	18.21	-0.01	7.65	1.266	276
51.392	13.30	18.22	-0.00	7.65	1.266	276
51.424	13.30	18.22	-0.01	7.65	1.266	276
51.456	13.31	18.22	-0.00	7.65	1.266	276
51.488	13.31	18.23	-0.00	7.65	1.266	276
51.520	13.31	18.22	-0.00	7.65	1.266	276
51.552	13.30	18.22	-0.00	7.66	1.266	276
51.584	13.29	18.20	-0.00	7.65	1.266	276
51.616	13.30	18.21	0.00	7.66	1.266	276
51.648	13.31	18.22	0.00	7.66	1.266	276
51.680	13.32	18.24	-0.01	7.65	1.266	276
51.712	13.34	18.25	-0.00	7.65	1.266	276
51.744	13.34	18.25	-0.00	7.65	1.266	276
51.776	13.35	18.26	-0.00	7.65	1.266	276
51.808	13.34	18.25	-0.00	7.66	1.275	278
51.840	13.36	18.27	-0.01	7.65	1.275	278
51.872	13.37	18.28	-0.00	7.66	1.275	278
51.904	13.38	18.29	-0.00	7.65	1.275	278
51.936	13.37	18.29	-0.00	7.66	1.275	278
51.968	13.37	18.29	-0.01	7.65	1.275	278
52.000	13.36	18.28	-0.00	7.65	1.275	278
52.032	13.36	18.27	-0.00	7.65	1.275	278
52.064	13.34	18.25	-0.01	7.65	1.275	278
52.096	13.34	18.25	0.00	7.66	1.275	278
52.128	13.34	18.25	-0.00	7.65	1.275	278
52.160	13.34	18.25	-0.00	7.65	1.275	278
52.192	13.34	18.25	-0.01	7.65	1.275	278
52.224	13.34	18.25	-0.00	7.66	1.275	278
52.256	13.34	18.26	-0.00	7.66	1.275	278
52.288	13.34	18.25	-0.00	7.65	1.275	278
52.320	13.34	18.26	-0.01	7.65	1.275	278
52.352	13.36	18.27	-0.00	7.65	1.275	278
52.384	13.36	18.27	-0.00	7.65	1.275	278
52.416	13.36	18.28	0.00	7.66	1.275	278
52.448	13.37	18.28	-0.01	7.65	1.275	278
52.480	13.38	18.29	0.00	7.66	1.275	278
52.512	13.38	18.29	-0.01	7.65	1.275	278
52.544	13.36	18.28	-0.01	7.65	1.275	278
52.576	13.35	18.27	-0.00	7.65	1.275	278
52.608	13.35	18.26	-0.01	7.65	1.275	278
52.640	13.34	18.25	-0.00	7.66	1.275	278
52.672	13.32	18.23	-0.00	7.66	1.275	278
52.704	13.31	18.23	-0.01	7.65	1.275	278
52.736	13.31	18.22	0.00	7.66	1.271	277
52.768	13.30	18.21	-0.00	7.65	1.271	277
52.800	13.31	18.22	-0.01	7.65	1.271	277
52.832	13.32	18.23	-0.00	7.65	1.271	277
52.864	13.34	18.25	-0.01	7.65	1.271	277
52.896	13.36	18.27	-0.00	7.65	1.271	277
52.928	13.37	18.29	-0.01	7.65	1.271	277
52.960	13.37	18.29	-0.01	7.65	1.271	277
52.992	13.38	18.29	-0.01	7.65	1.271	277
53.024	13.37	18.28	-0.00	7.65	1.271	277
53.056	13.36	18.28	0.00	7.66	1.271	277
53.088	13.37	18.28	-0.01	7.65	1.271	277
53.120	13.36	18.28	-0.01	7.65	1.271	277
53.152	13.35	18.26	-0.01	7.65	1.271	277
53.184	13.34	18.25	-0.00	7.66	1.275	278
53.216	13.32	18.23	-0.00	7.66	1.275	278
53.248	13.31	18.23	-0.00	7.65	1.275	278
53.280	13.31	18.22	-0.00	7.66	1.275	278
53.312	13.31	18.22	-0.00	7.66	1.275	278
53.344	13.31	18.23	-0.00	7.65	1.275	278
53.376	13.32	18.23	-0.00	7.66	1.275	278
53.408	13.34	18.25	-0.00	7.65	1.275	278
53.440	13.34	18.25	-0.01	7.65	1.275	278
53.472	13.33	18.24	-0.00	7.65	1.275	278
53.504	13.32	18.23	-0.01	7.65	1.275	278
53.536	13.29	18.21	-0.00	7.66	1.275	278
53.568	13.28	18.19	-0.00	7.66	1.275	278
53.600	13.28	18.19	-0.00	7.65	1.275	278
53.632	13.27	18.18	-0.01	7.65	1.275	278
53.664	13.27	18.18	-0.00	7.65	1.271	277
53.696	13.26	18.18	-0.00	7.66	1.271	277
53.728	13.26	18.17	-0.01	7.65	1.271	277
53.760	13.25	18.17	-0.00	7.66	1.271	277
53.792	13.26	18.18	-0.00	7.66	1.271	277
53.824	13.28	18.19	0.00	7.66	1.271	277
53.856	13.29	18.20	0.00	7.66	1.271	277
53.888	13.30	18.21	-0.01	7.65	1.271	277
53.920	13.30	18.22	-0.01	7.65	1.271	277
53.952	13.31	18.23	-0.01	7.65	1.271	277
53.984	13.31	18.23	-0.00	7.65	1.271	277
54.016	13.31	18.22	-0.00	7.66	1.271	277
54.048	13.30	18.22	-0.00	7.66	1.271	277
54.080	13.29	18.21	-0.01	7.65	1.271	277
54.112	13.29	18.20	-0.01	7.65	1.271	277
54.144	13.29	18.20	-0.00	7.65	1.271	277
54.176	13.28	18.20	-0.00	7.66	1.271	277
54.208	13.28	18.19	-0.01	7.65	1.271	277
54.240	13.26	18.17	-0.01	7.65	1.271	277
54.272	13.25	18.17	-0.01	7.65	1.271	277
54.304	13.26	18.17	-0.01	7.65	1.271	277
54.336	13.26	18.17	-0.00	7.65	1.271	277
54.368	13.26	18.17	-0.00	7.65	1.271	277
54.400	13.26	18.17	-0.00	7.66	1.271	277
54.432	13.26	18.18	-0.00	7.65	1.271	277
54.464	13.26	18.18	-0.01	7.65	1.271	277
54.496	13.25	18.16	0.00	7.66	1.271	277
54.528	13.24	18.16	-0.01	7.65	1.271	277
54.560	13.24	18.16	-0.01	7.65	1.271	277
54.592	13.25	18.16	-0.01	7.65	1.271	277
54.624	13.25	18.16	-0.00	7.65	1.271	277
54.656	13.25	18.17	-0.01	7.65	1.271	277
54.688	13.26	18.18	-0.00	7.65	1.271	277
54.720	13.27	18.18	-0.00	7.65	1.271	277
54.752	13.27	18.18	-0.01	7.65	1.271	277
54.784	13.28	18.19	-0.00	7.66	1.271	277
54.816	13.28	18.20	-0.00	7.65	1.271	277
54.848	13.29	18.20	-0.01	7.65	1.271	277
54.880	13.29	18.20	-0.01	7.65	1.271	277
54.912	13.29	18.21	-0.00	7.66	1.271	277
54.944	13.30	18.21	-0.00	7.65	1.271	277
54.976	13.29	18.20	-0.00	7.66	1.271	277
55.008	13.29	18.20	-0.00	7.65	1.271	277
55.040	13.30	18.21	-0.00	7.65	1.271	277
55.072	13.31	18.22	-0.00	7.66	1.275	278
55.104	13.32	18.23	-0.00	7.65	1.275	278
55.136	13.32	18.23	-0.01	7.65	1.275	278
55.168	13.32	18.24	-0.01	7.65	1.275	278
55.200	13.33	18.24	-0.00	7.65	1.275	278
55.232	13.34	18.25	-0.01	7.65	1.275	278
55.264	13.34	18.25	-0.00	7.66	1.275	278
55.296	13.34	18.26	-0.00	7.65	1.275	278
55.328	13.34	18.25	-0.01	7.65	1.275	278
55.360	13.33	18.24	-0.00	7.65	1.275	278
55.392	13.31	18.23	-0.00	7.65	1.275	278
55.424	13.30	18.21	-0.00	7.66	1.275	278
55.456	13.27	18.18	-0.01	7.65	1.275	278
55.488	13.25	18.16	-0.00	7.65	1.275	278
55.520	13.24	18.15	-0.01	7.65	1.275	278
55.552	13.23	18.15	-0.00	7.65	1.271	277
55.584	13.22	18.14	-0.01	7.65	1.271	277
55.616	13.23	18.14	-0.00	7.66	1.271	277
55.648	13.23	18.14	-0.01	7.65	1.271	277
55.680	13.24	18.16	-0.00	7.65	1.271	277
55.712	13.25	18.17	-0.01	7.65	1.271	277
55.744	13.27	18.18	-0.00	7.66	1.271	277
55.776	13.28	18.19	-0.01	7.65	1.271	277
55.808	13.29	18.20	-0.01	7.65	1.271	277
55.840	13.28	18.19	-0.01	7.65	1.271	277
55.872	13.28	18.20	-0.00	7.66	1.271	277
55.904	13.28	18.19	0.00	7.66	1.271	277
55.936	13.26	18.17	-0.01	7.65	1.271	277
55.968	13.24	18.15	-0.01	7.65	1.271	277
56.000	13.23	18.14	-0.01	7.65	1.271	277
56.032	13.22	18.14	-0.00	7.66	1.271	277
56.064	13.22	18.13	-0.00	7.65	1.271	277
56.096	13.21	18.12	-0.00	7.66	1.271	277
56.128	13.21	18.12	-0.00	7.66	1.271	277
56.160	13.20	18.12	-0.01	7.65	1.271	277
56.192	13.20	18.12	-0.00	7.65	1.271	277
56.224	13.22	18.13	-0.00	7.65	1.271	277
56.256	13.24	18.15	-0.01	7.65	1.271	277
56.288	13.25	18.16	-0.01	7.65	1.271	277
56.320	13.26	18.18	-0.00	7.65	1.271	277
56.352	13.27	18.19	-0.00	7.65	1.271	277
56.384	13.28	18.19	-0.00	7.65	1.271	277
56.416	13.28	18.20	-0.01	7.65	1.271	277
56.448	13.27	18.19	-0.00	7.65	1.271	277
56.480	13.27	18.18	-0.00	7.65	1.271	277
56.512	13.26	18.18	-0.01	7.65	1.271	277
56.544	13.26	18.17	-0.00	7.65	1.271	277
56.576	13.26	18.18	-0.01	7.65	1.271	277
56.608	13.27	18.19	-0.00	7.65	1.271	277
56.640	13.28	18.19	-0.00	7.65	1.271	277
56.672	13.29	18.20	-0.00	7.65	1.271	277
56.704	13.31	18.22	0.00	7.66	1.271	277
56.736	13.33	18.24	-0.01	7.65	1.271	277
56.768	13.35	18.26	-0.01	7.65	1.271	277
56.800	13.35	18.26	-0.01	7.65	1.271	277
56.832	13.36	18.27	-0.00	7.66	1.271	277
56.864	13.36	18.27	-0.00	7.66	1.271	277
56.896	13.36	18.27	-0.00	7.65	1.271	277
56.928	13.33	18.24	-0.01	7.65	1.271	277
56.960	13.31	18.22	-0.00	7.65	1.271	277
56.992	13.30	18.21	-0.01	7.65	1.271	277
57.024	13.28	18.20	-0.00	7.66	1.271	277
57.056	13.28	18.19	-0.01	7.65	1.271	277
57.088	13.27	18.19	-0.00	7.65	1.271	277
57.120	13.28	18.19	-0.01	7.65	1.271	277
57.152	13.28	18.19	-0.00	7.65	1.271	277
57.184	13.29	18.20	-0.01	7.65	1.271	277
57.216	13.31	18.22	-0.01	7.65	1.271	277
57.248	13.32	18.23	-0.01	7.65	1.271	277
57.280	13.33	18.24	-0.01	7.65	1.271	277
57.312	13.33	18.25	-0.01	7.65	1.271	277
57.344	13.33	18.25	-0.01	7.65	1.271	277
57.376	13.33	18.24	-0.01	7.65	1.271	277
57.408	13.32	18.23	-0.01	7.65	1.275	278
57.440	13.32	18.24	-0.00	7.65	1.275	278
57.472	13.33	18.24	-0.00	7.65	1.275	278
57.504	13.32	18.24	-0.00	7.66	1.275	278
57.536	13.31	18.23	-0.01	7.65	1.275	278
57.568	13.30	18.22	-0.00	7.65	1.275	278
57.600	13.29	18.21	-0.00	7.65	1.275	278
57.632	13.28	18.19	-0.01	7.65	1.275	278
57.664	13.27	18.18	-0.01	7.65	1.275	278
57.696	13.27	18.19	-0.01	7.65	1.275	278
57.728	13.29	18.20	-0.01	7.65	1.275	278
57.760	13.30	18.21	-0.01	7.65	1.275	278
57.792	13.32	18.23	-0.00	7.65	1.275	278
57.824	13.34	18.25	-0.00	7.65	1.275	278
57.856	13.35	18.26	-0.01	7.65	1.275	278
57.888	13.35	18.26	-0.01	7.65	1.275	278
57.920	13.35	18.26	-0.01	7.65	1.275	278
57.952	13.35	18.26	-0.00	7.65	1.275	278
57.984	13.35	18.26	-0.00	7.65	1.275	278
58.016	13.35	18.26	-0.00	7.66	1.275	278
58.048	13.35	18.27	-0.01	7.65	1.275	278
58.080	13.35	18.27	-0.01	7.65	1.275	278
58.112	13.35	18.27	-0.00	7.65	1.275	278
58.144	13.35	18.26	-0.00	7.65	1.275	278
58.176	13.35	18.26	-0.01	7.65	1.275	278
58.208	13.35	18.26	-0.01	7.65	1.275	278
58.240	13.34	18.26	-0.00	7.65	1.275	278
58.272	13.35	18.26	-0.00	7.66	1.275	278
58.304	13.34	18.26	-0.01	7.65	1.275	278
58.336	13.34	18.25	-0.00	7.65	1.275	278
58.368	13.32	18.23	-0.01	7.65	1.275	278
58.400	13.31	18.22	-0.00	7.65	1.275	278
58.432	13.30	18.22	-0.00	7.66	1.275	278
58.464	13.30	18.21	-0.01	7.65	1.275	278
58.496	13.29	18.20	-0.01	7.65	1.275	278
58.528	13.27	18.19	-0.00	7.66	1.275	278
58.560	13.26	18.17	-0.00	7.65	1.275	278
58.592	13.26	18.18	-0.00	7.66	1.275	278
58.624	13.27	18.18	-0.00	7.66	1.275	278
58.656	13.28	18.19	-0.01	7.65	1.275	278
58.688	13.29	18.20	-0.01	7.65	1.275	278
58.720	13.30	18.21	-0.01	7.65	1.275	278
58.752	13.30	18.22	-0.00	7.66	1.275	278
58.784	13.30	18.21	-0.00	7.65	1.275	278
58.816	13.30	18.21	-0.01	7.65	1.271	277
58.848	13.29	18.20	-0.00	7.65	1.271	277
58.880	13.29	18.20	-0.01	7.65	1.271	277
58.912	13.30	18.22	-0.00	7.66	1.271	277
58.944	13.31	18.22	-0.01	7.65	1.271	277
58.976	13.31	18.22	-0.01	7.65	1.271	277
59.008	13.31	18.23	-0.00	7.65	1.271	277
59.040	13.32	18.23	-0.01	7.65	1.271	277
59.072	13.31	18.23	-0.00	7.65	1.271	277
59.104	13.31	18.22	-0.01	7.65	1.271	277
59.136	13.31	18.23	-0.00	7.66	1.271	277
59.168	13.31	18.22	-0.01	7.65	1.271	277
59.200	13.31	18.22	-0.01	7.65	1.271	277
59.232	13.31	18.22	-0.00	7.65	1.271	277
59.264	13.31	18.22	-0.01	7.65	1.271	277
59.296	13.31	18.22	-0.00	7.65	1.271	277
59.328	13.30	18.22	-0.01	7.65	1.271	277
59.360	13.29	18.20	-0.01	7.65	1.271	277
59.392	13.27	18.19	-0.00	7.66	1.271	277
59.424	13.26	18.18	-0.01	7.65	1.271	277
59.456	13.25	18.17	-0.01	7.65	1.271	277
59.488	13.25	18.17	-0.01	7.65	1.271	277
59.520	13.25	18.16	-0.00	7.65	1.271	277
59.552	13.25	18.16	0.00	7.66	1.271	277
59.584	13.26	18.17	-0.01	7.65	1.271	277
59.616	13.27	18.18	-0.00	7.66	1.271	277
59.648	13.28	18.20	-0.00	7.65	1.271	277
59.680	13.29	18.20	-0.01	7.65	1.271	277
59.712	13.30	18.22	-0.00	7.65	1.271	277
59.744	13.31	18.22	-0.00	7.66	1.275	278
59.776	13.31	18.22	-0.01	7.65	1.275	278
59.808	13.30	18.22	-0.01	7.65	1.275	278
59.840	13.29	18.20	-0.01	7.65	1.275	278
59.872	13.27	18.19	-0.01	7.65	1.275	278
59.904	13.27	18.18	-0.01	7.65	1.275	278
59.936	13.27	18.18	-0.01	7.65	1.275	278
59.968	13.26	18.18	-0.01	7.65	1.275	278
60.000	13.26	18.17	-0.01	7.65	1.275	278
60.032	13.25	18.17	-0.00	7.66	1.275	278
60.064	13.25	18.16	-0.00	7.65	1.275	278
60.096	13.26	18.18	-0.01	7.65	1.275	278
60.128	13.28	18.19	-0.01	7.65	1.275	278
60.160	13.30	18.21	-0.00	7.65	1.275	278
60.192	13.31	18.23	-0.00	7.66	1.275	278
60.224	13.34	18.25	-0.00	7.65	1.271	277
60.256	13.33	18.24	-0.01	7.65	1.271	277
60.288	13.32	18.23	-0.00	7.65	1.271	277
60.320	13.30	18.22	-0.01	7.65	1.271	277
60.352	13.30	18.21	-0.00	7.65	1.271	277
60.384	13.29	18.20	-0.00	7.66	1.271	277
60.416	13.29	18.20	-0.00	7.65	1.271	277
60.448	13.27	18.19	-0.01	7.65	1.271	277
60.480	13.26	18.18	-0.01	7.65	1.271	277
60.512	13.26	18.17	-0.00	7.66	1.271	277
60.544	13.26	18.17	-0.01	7.65	1.271	277
60.576	13.27	18.19	-0.00	7.65	1.271	277
60.608	13.28	18.19	-0.00	7.66	1.271	277
60.640	13.29	18.21	-0.01	7.65	1.271	277
60.672	13.30	18.22	-0.01	7.65	1.271	277
60.704	13.32	18.24	-0.00	7.66	1.271	277
60.736	13.34	18.25	0.00	7.66	1.271	277
60.768	13.35	18.26	-0.00	7.65	1.271	277
60.800	13.35	18.26	-0.01	7.65	1.271	277
60.832	13.34	18.25	-0.00	7.66	1.271	277
60.864	13.34	18.25	-0.00	7.65	1.271	277
60.896	13.34	18.25	-0.01	7.65	1.271	277
60.928	13.33	18.24	-0.01	7.65	1.271	277
60.960	13.33	18.24	-0.01	7.65	1.271	277
60.992	13.32	18.23	-0.00	7.66	1.271	277
61.024	13.31	18.22	-0.01	7.65	1.271	277
61.056	13.31	18.22	-0.01	7.65	1.271	277
61.088	13.31	18.22	-0.01	7.65	1.271	277
61.120	13.31	18.22	-0.01	7.65	1.271	277
61.152	13.30	18.21	-0.00	7.65	1.275	278
61.184	13.29	18.21	-0.00	7.65	1.275	278
61.216	13.28	18.20	-0.01	7.65	1.275	278
61.248	13.27	18.18	-0.01	7.65	1.275	278
61.280	13.25	18.16	-0.01	7.65	1.275	278
61.312	13.24	18.15	-0.00	7.65	1.275	278
61.344	13.24	18.15	-0.00	7.66	1.275	278
61.376	13.24	18.15	-0.01	7.65	1.275	278
61.408	13.24	18.15	-0.01	7.65	1.275	278
61.440	13.26	18.17	-0.00	7.65	1.275	278
61.472	13.27	18.19	-0.00	7.65	1.275	278
61.504	13.29	18.20	-0.00	7.65	1.275	278
61.536	13.30	18.21	-0.00	7.65	1.275	278
61.568	13.32	18.23	-0.00	7.65	1.275	278
61.600	13.35	18.26	-0.01	7.65	1.275	278
61.632	13.36	18.27	0.00	7.66	1.275	278
61.664	13.36	18.27	-0.00	7.65	1.275	278
61.696	13.37	18.28	-0.01	7.65	1.275	278
61.728	13.37	18.29	-0.01	7.65	1.275	278
61.760	13.37	18.28	-0.01	7.65	1.275	278
61.792	13.34	18.26	0.00	7.66	1.275	278
61.824	13.33	18.24	-0.00	7.66	1.275	278
61.856	13.32	18.23	-0.00	7.65	1.275	278
61.888	13.31	18.22	-0.01	7.65	1.275	278
61.920	13.29	18.20	-0.01	7.65	1.275	278
61.952	13.27	18.19	-0.00	7.66	1.275	278
61.984	13.26	18.18	-0.01	7.65	1.275	278
62.016	13.26	18.17	-0.01	7.65	1.275	278
62.048	13.28	18.19	-0.01	7.65	1.275	278
62.080	13.29	18.20	-0.01	7.65	1.271	277
62.112	13.30	18.21	-0.00	7.65	1.271	277
62.144	13.30	18.22	-0.00	7.65	1.271	277
62.176	13.31	18.23	-0.01	7.65	1.271	277
62.208	13.32	18.24	-0.01	7.65	1.271	277
62.240	13.34	18.25	-0.00	7.65	1.271	277
62.272	13.34	18.25	-0.00	7.65	1.271	277
62.304	13.35	18.27	-0.01	7.65	1.271	277
62.336	13.37	18.28	-0.01	7.65	1.271	277
62.368	13.37	18.28	-0.01	7.65	1.271	277
62.400	13.38	18.29	-0.00	7.65	1.271	277
62.432	13.37	18.29	-0.00	7.66	1.271	277
62.464	13.37	18.29	-0.01	7.65	1.271	277
62.496	13.36	18.27	-0.01	7.65	1.271	277
62.528	13.35	18.27	-0.00	7.65	1.271	277
62.560	13.35	18.26	-0.01	7.65	1.275	278
62.592	13.35	18.26	-0.00	7.66	1.275	278
62.624	13.35	18.26	-0.00	7.65	1.275	278
62.656	13.35	18.27	-0.01	7.65	1.275	278
62.688	13.36	18.27	-0.01	7.65	1.275	278
62.720	13.37	18.28	-0.01	7.65	1.275	278
62.752	13.36	18.28	-0.00	7.65	1.275	278
62.784	13.37	18.28	-0.01	7.65	1.275	278
62.816	13.36	18.27	-0.01	7.65	1.275	278
62.848	13.34	18.25	-0.00	7.66	1.275	278
62.880	13.33	18.24	-0.00	7.65	1.275	278
62.912	13.32	18.23	-0.00	7.66	1.275	278
62.944	13.31	18.23	-0.00	7.65	1.275	278
62.976	13.31	18.22	-0.01	7.65	1.275	278
63.008	13.31	18.22	-0.01	7.65	1.275	278
63.040	13.32	18.23	-0.00	7.65	1.275	278
63.072	13.32	18.23	-0.00	7.65	1.275	278
63.104	13.32	18.23	-0.00	7.66	1.275	278
63.136	13.33	18.24	-0.01	7.65	1.275	278
63.168	13.34	18.25	-0.01	7.65	1.275	278
63.200	13.34	18.26	-0.01	7.65	1.275	278
63.232	13.35	18.26	-0.00	7.66	1.275	278
63.264	13.34	18.26	-0.00	7.65	1.275	278
63.296	13.34	18.25	-0.00	7.65	1.275	278
63.328	13.34	18.25	-0.01	7.65	1.275	278
63.360	13.32	18.24	-0.01	7.65	1.275	278
63.392	13.32	18.23	-0.00	7.65	1.275	278
63.424	13.31	18.23	-0.00	7.65	1.275	278
63.456	13.30	18.22	-0.01	7.65	1.275	278
63.488	13.29	18.21	-0.00	7.65	1.271	277
63.520	13.30	18.22	-0.00	7.65	1.271	277
63.552	13.31	18.22	-0.00	7.65	1.271	277
63.584	13.31	18.22	-0.01	7.65	1.271	277
63.616	13.31	18.22	-0.01	7.65	1.271	277
63.648	13.31	18.22	-0.01	7.65	1.271	277
63.680	13.31	18.22	-0.00	7.65	1.271	277
63.712	13.29	18.20	-0.00	7.66	1.271	277
63.744	13.28	18.19	-0.01	7.65	1.271	277
63.776	13.28	18.19	-0.00	7.65	1.271	277
63.808	13.28	18.19	-0.01	7.65	1.271	277
63.840	13.29	18.20	-0.01	7.65	1.271	277
63.872	13.30	18.21	0.00	7.66	1.271	277
63.904	13.30	18.22	-0.01	7.65	1.271	277
63.936	13.31	18.22	-0.01	7.65	1.271	277
63.968	13.31	18.22	-0.01	7.65	1.275	278
64.000	13.31	18.22	-0.01	7.65	1.275	278
64.032	13.32	18.24	0.00	7.66	1.275	278
64.064	13.33	18.24	-0.01	7.65	1.275	278
64.096	13.34	18.25	-0.01	7.65	1.275	278
64.128	13.34	18.25	-0.01	7.65	1.275	278
64.160	13.32	18.24	-0.01	7.65	1.275	278
64.192	13.32	18.23	0.00	7.66	1.275	278
64.224	13.30	18.21	-0.01	7.65	1.275	278
64.256	12.90	17.81	-0.01	7.65	1.275	278
64.288	11.05	15.96	-0.00	7.65	1.275	278
64.320	8.62	13.54	-0.00	7.65	1.275	278
64.352	6.23	11.14	-0.01	7.65	1.275	278
64.384	4.39	9.30	-0.00	7.65	1.275	278
64.416	2.88	7.79	-0.01	7.65	1.275	278
64.448	1.79	6.70	-0.00	7.65	0.890	194
64.480	1.05	5.96	-0.01	7.65	0.890	194
64.512	0.58	5.49	0.00	7.66	0.890	194
64.544	0.35	5.26	-0.01	7.65	0.890	194
64.576	0.25	5.16	-0.01	7.65	0.890	194
64.608	0.23	5.14	-0.00	7.65	0.890	194
64.640	0.16	5.07	0.00	7.66	0.890	194
64.672	0.07	4.98	-0.00	7.66	0.890	194
64.704	-0.04	4.88	-0.01	7.65	0.890	194
64.736	-0.14	4.77	-0.00	7.65	0.890	194
64.768	-0.25	4.66	-0.00	7.65	0.890	194
64.800	-0.35	4.56	-0.01	7.65	0.890	194
64.832	-0.44	4.47	-0.00	7.66	0.890	194
64.864	-0.53	4.39	-0.00	7.66	0.890	194
64.896	-0.60	4.31	-0.01	7.65	0.009	2
64.928	-0.67	4.24	-0.00	7.65	0.009	2
64.960	-0.74	4.17	-0.01	7.65	0.009	2
64.992	-0.80	4.11	-0.00	7.65	0.009	2
65.024	-0.86	4.05	-0.00	7.65	0.009	2
65.056	-0.91	4.00	-0.01	7.65	0.009	2
65.088	-0.96	3.95	-0.01	7.65	0.009	2
65.120	-1.01	3.90	-0.01	7.65	0.009	2
65.152	-1.07	3.84	-0.00	7.66	0.009	2
65.184	-1.12	3.79	-0.01	7.65	0.009	2
65.216	-1.17	3.74	-0.00	7.65	0.009	2
65.248	-1.22	3.69	-0.00	7.66	0.009	2
65.280	-1.28	3.64	0.00	7.66	0.009	2
65.312	-1.33	3.59	-0.00	7.66	0.009	2
65.344	-1.38	3.53	-0.01	7.65	0.009	2
65.376	-1.43	3.49	-0.00	7.65	0.000	0
65.408	-1.48	3.43	-0.01	7.65	0.000	0
65.440	-1.52	3.39	-0.00	7.65	0.000	0
65.472	-1.56	3.35	-0.00	7.65	0.000	0
65.504	-1.60	3.31	-0.01	7.65	0.000	0
65.536	-1.64	3.27	-0.01	7.65	0.000	0
65.568	-1.68	3.23	-0.00	7.65	0.000	0
65.600	-1.71	3.20	-0.01	7.65	0.000	0
65.632	-1.75	3.17	-0.00	7.65	0.000	0
65.664	-1.78	3.13	-0.00	7.65	0.000	0
65.696	-1.81	3.10	-0.01	7.65	0.000	0
65.728	-1.85	3.06	-0.00	7.66	0.000	0
65.760	-1.89	3.03	-0.01	7.65	0.000	0
65.792	-1.92	2.99	-0.00	7.66	0.000	0
65.824	-1.95	2.96	-0.01	7.65	0.000	0
65.856	-1.98	2.94	-0.01	7.65	0.000	0
65.888	-2.00	2.91	-0.01	7.65	0.000	0
65.920	-2.03	2.88	-0.01	7.65	0.000	0
65.952	-2.05	2.86	-0.01	7.65	0.000	0
65.984	-2.08	2.83	-0.01	7.65	0.000	0
66.016	-2.10	2.81	-0.00	7.65	0.000	0
66.048	-2.13	2.79	-0.00	7.65	0.000	0
66.080	-2.15	2.76	-0.01	7.65	0.000	0
66.112	-2.18	2.74	-0.01	7.65	0.000	0
66.144	-2.20	2.71	-0.01	7.65	0.000	0
66.176	-2.22	2.69	-0.01	7.65	0.000	0
66.208	-2.25	2.67	-0.01	7.65	0.000	0
66.240	-2.28	2.63	-0.01	7.65	0.000	0
66.272	-2.31	2.60	-0.00	7.66	0.000	0
66.304	-2.35	2.57	-0.01	7.65	0.000	0
66.336	-2.38	2.53	-0.00	7.65	0.000	0
66.368	-2.41	2.50	-0.01	7.65	0.000	0
66.400	-2.44	2.48	-0.00	7.66	0.000	0
66.432	-2.46	2.45	-0.01	7.65	0.000	0
66.464	-2.49	2.43	-0.00	7.65	0.000	0
66.496	-2.51	2.40	-0.01	7.65	0.000	0
66.528	-2.53	2.39	-0.01	7.65	0.000	0
66.560	-2.55	2.37	-0.00	7.66	0.000	0
66.592	-2.56	2.35	-0.00	7.66	0.000	0
66.624	-2.58	2.33	-0.01	7.65	0.000	0
