Contador    P0    P1
0	-2.22	-2.22
1	-2.22	-2.22
2	9.64	-2.22
3	9.64	2.83
4	9.64	2.83
5	9.64	2.83
6	9.64	2.66
7	9.64	2.66
8	10.32	2.66
9	10.32	3.39
10	10.32	3.39
11	10.16	3.39
12	10.16	3.52
13	10.16	3.52
14	10.15	3.52
15	10.15	3.08
16	10.15	3.08
17	9.73	3.08
18	9.73	3.05
19	9.73	3.05
20	9.61	3.05
21	0.00	-0.26
22	0.00	-0.26
23	0.01	-0.26
24	0.01	-0.28
25	0.01	-0.28
26	0.01	-0.28
27	0.01	-0.22
28	0.01	-0.22
29	0.02	-0.22
30	0.02	-0.22
31	0.02	-0.22
32	0.07	-0.22
33	0.07	-0.21
34	0.07	-0.21
35	0.18	-0.21
36	0.18	-0.06
37	0.18	-0.06
38	-0.09	-0.06
39	-0.09	-0.42
40	-0.09	-0.42
41	-0.19	-0.42
42	-0.19	-0.48
43	-0.19	-0.48
44	-0.17	-0.48
45	-0.17	-0.44
46	-0.17	-0.44
47	-0.16	-0.44
48	-0.16	-0.44
49	-0.16	-0.44
50	-0.15	-0.44
51	-0.15	-0.40
52	-0.15	-0.40
53	-0.08	-0.40
54	-0.08	-0.36
55	-0.08	-0.36
56	-0.15	-0.36
57	-0.15	-0.46
58	-0.15	-0.46
59	-0.17	-0.46
60	-0.17	-0.42
61	-0.17	-0.42
62	-0.08	-0.42
63	-0.08	-0.33
64	-0.08	-0.33
65	-0.04	-0.33
66	-0.04	-0.32
67	-0.04	-0.32
68	-0.05	-0.32
69	-0.05	-0.31
70	-0.05	-0.31
71	-0.08	-0.31
72	-0.08	-0.37
73	-0.08	-0.37
74	-0.12	-0.37
75	-0.12	-0.42
76	-0.12	-0.42
77	-0.17	-0.42
78	-0.17	-0.45
79	-0.17	-0.45
80	-0.16	-0.45
81	-0.16	-0.44
82	-0.16	-0.44
83	-0.17	-0.44
84	-0.17	-0.45
85	-0.17	-0.45
86	-0.15	-0.45
87	-0.15	-0.41
88	-0.15	-0.41
89	-0.11	-0.41
90	-0.11	-0.38
91	-0.11	-0.38
92	-0.10	-0.38
93	-0.10	-0.38
94	-0.10	-0.38
95	-0.12	-0.38
96	-0.12	-0.42
97	-0.12	-0.42
98	-0.17	-0.42
99	-0.17	-0.46
100	-0.17	-0.46
101	-0.18	-0.46
102	-0.18	-0.45
103	-0.18	-0.45
104	-0.18	-0.45
105	-0.18	-0.48
106	-0.18	-0.48
107	-0.22	-0.48
108	-0.22	-0.53
109	-0.22	-0.53
110	-0.27	-0.53
111	-0.27	-0.57
112	-0.27	-0.57
113	-0.29	-0.57
114	-0.29	-0.58
115	-0.29	-0.58
116	-0.30	-0.58
117	-0.30	-0.60
118	-0.30	-0.60
119	-0.31	-0.60
120	-0.31	-0.62
121	-0.31	-0.62
122	-0.34	-0.62
123	-0.34	-0.64
124	-0.34	-0.64
125	-0.35	-0.64
126	-0.35	-0.65
127	-0.35	-0.65
128	-0.36	-0.65
129	-0.36	-0.65
130	-0.36	-0.65
131	-0.36	-0.65
132	-0.36	-0.66
133	-0.36	-0.66
134	10.14	-0.66
135	10.14	-0.68
136	10.14	-0.68
137	28.23	-0.68
138	28.23	-0.68
139	28.23	-0.68
140	34.14	-0.68
141	34.14	-0.68
142	34.14	-0.68
143	35.69	-0.68
144	35.69	-0.67
145	35.69	-0.67
146	35.47	-0.67
147	35.47	-0.66
148	35.47	-0.66
149	35.77	-0.66
150	35.77	-0.65
151	35.77	-0.65
152	35.77	-0.65
153	35.77	-0.64
154	35.77	-0.64
155	35.37	-0.64
156	35.37	-0.64
157	35.37	-0.64
158	36.15	-0.64
159	36.15	-0.63
160	36.15	-0.63
161	36.36	-0.63
162	36.36	-0.62
163	36.36	-0.62
164	36.48	-0.62
165	36.48	-0.61
166	36.48	-0.61
167	36.53	-0.61
168	36.53	-0.60
169	36.53	-0.60
170	36.60	-0.60
171	36.60	-0.60
172	36.60	-0.60
173	36.55	-0.60
174	36.55	-0.59
175	36.55	-0.59
176	36.34	-0.59
177	36.34	-0.59
178	36.34	-0.59
179	36.42	-0.59
180	36.42	-0.58
181	36.42	-0.58
182	36.08	-0.58
183	36.08	-0.58
184	36.08	-0.58
185	36.17	-0.58
186	36.17	-0.56
187	36.17	-0.56
188	36.40	-0.56
189	36.40	-0.55
190	36.40	-0.55
191	36.61	-0.55
192	36.61	-0.54
193	36.61	-0.54
194	36.81	-0.54
195	36.81	-0.53
196	36.81	-0.53
197	36.72	-0.53
198	36.72	-0.51
199	36.72	-0.51
200	36.69	-0.51
201	36.69	-0.50
202	36.69	-0.50
203	36.92	-0.50
204	36.92	-0.49
205	36.92	-0.49
206	36.94	-0.49
207	36.94	-0.49
208	36.94	-0.49
209	36.70	-0.49
210	36.70	-0.49
211	36.70	-0.49
212	36.53	-0.49
213	36.53	-0.48
214	36.53	-0.48
215	36.48	-0.48
216	36.48	-0.47
217	36.48	-0.47
218	36.71	-0.47
219	36.71	-0.47
220	36.71	-0.47
221	36.60	-0.47
222	36.60	-0.47
223	36.60	-0.47
224	36.71	-0.47
225	36.71	-0.47
226	36.71	-0.47
227	36.89	-0.47
228	36.89	-0.47
229	36.89	-0.47
230	37.05	-0.47
231	37.05	-0.46
232	37.05	-0.46
233	36.91	-0.46
234	36.91	-0.47
235	36.91	-0.47
236	36.96	-0.47
237	36.96	-0.47
238	36.96	-0.47
239	37.07	-0.47
240	37.07	-0.48
241	37.07	-0.48
242	37.07	-0.48
243	37.07	-0.49
244	37.07	-0.49
245	36.79	-0.49
246	36.79	-0.49
247	36.79	-0.49
248	36.66	-0.49
249	36.66	-0.49
250	36.66	-0.49
251	36.94	-0.49
252	36.94	-0.49
253	36.94	-0.49
254	37.06	-0.49
255	37.06	-0.48
256	37.06	-0.48
257	36.78	-0.48
258	36.78	-0.48
259	36.78	-0.48
260	36.76	-0.48
261	36.76	-0.48
262	36.76	-0.48
263	36.76	-0.48
264	36.76	-0.48
265	36.76	-0.48
266	36.75	-0.48
267	36.75	-0.47
268	36.75	-0.47
269	36.29	-0.47
270	36.29	-0.46
271	36.29	-0.46
272	36.30	-0.46
273	36.30	-0.46
274	36.30	-0.46
275	36.69	-0.46
276	36.69	-0.46
277	36.69	-0.46
278	36.67	-0.46
279	36.67	-0.45
280	36.67	-0.45
281	36.73	-0.45
282	36.73	-0.45
283	36.73	-0.45
284	36.75	-0.45
285	36.75	-0.45
286	36.75	-0.45
287	36.81	-0.45
288	36.81	-0.44
289	36.81	-0.44
290	36.80	-0.44
291	36.80	-0.43
292	36.80	-0.43
293	36.54	-0.43
294	36.54	-0.43
295	36.54	-0.43
296	36.76	-0.43
297	36.76	-0.42
298	36.76	-0.42
299	37.11	-0.42
300	37.11	-0.41
301	37.11	-0.41
302	37.21	-0.41
303	37.21	-0.41
304	37.21	-0.41
305	37.03	-0.41
306	37.03	-0.41
307	37.03	-0.41
308	37.04	-0.41
309	37.04	-0.41
310	37.04	-0.41
311	37.14	-0.41
312	37.14	-0.41
313	37.14	-0.41
314	37.21	-0.41
315	37.21	-0.41
316	37.21	-0.41
317	36.82	-0.41
318	36.82	-0.41
319	36.82	-0.41
320	36.73	-0.41
321	36.73	-0.41
322	36.73	-0.41
323	37.10	-0.41
324	37.10	-0.41
325	37.10	-0.41
326	36.98	-0.41
327	36.98	-0.41
328	36.98	-0.41
329	36.61	-0.41
330	36.61	-0.41
331	36.61	-0.41
332	36.59	-0.41
333	36.59	-0.41
334	36.59	-0.41
335	36.60	-0.41
336	36.60	-0.42
337	36.60	-0.42
338	36.53	-0.42
339	36.53	-0.42
340	36.53	-0.42
341	36.30	-0.42
342	36.30	-0.42
343	36.30	-0.42
344	36.29	-0.42
345	36.29	-0.43
346	36.29	-0.43
347	36.59	-0.43
348	36.59	-0.43
349	36.59	-0.43
350	36.57	-0.43
351	36.57	-0.43
352	36.57	-0.43
353	36.56	-0.43
354	36.56	-0.43
355	36.56	-0.43
356	36.71	-0.43
357	36.71	-0.44
358	36.71	-0.44
359	36.83	-0.44
360	36.83	-0.44
361	36.83	-0.44
362	36.81	-0.44
363	36.81	-0.44
364	36.81	-0.44
365	36.73	-0.44
366	36.73	-0.45
367	36.73	-0.45
368	36.56	-0.45
369	36.56	-0.45
370	36.56	-0.45
371	36.94	-0.45
372	36.94	-0.45
373	36.94	-0.45
374	36.93	-0.45
375	36.93	-0.46
376	36.93	-0.46
377	36.76	-0.46
378	36.76	-0.46
379	36.76	-0.46
380	36.79	-0.46
381	36.79	-0.46
382	36.79	-0.46
383	36.91	-0.46
384	36.91	-0.46
385	36.91	-0.46
386	36.96	-0.46
387	36.96	-0.46
388	36.96	-0.46
389	36.72	-0.46
390	36.72	-0.47
391	36.72	-0.47
392	36.61	-0.47
393	36.61	-0.47
394	36.61	-0.47
395	36.94	-0.47
396	36.94	-0.47
397	36.94	-0.47
398	37.01	-0.47
399	37.01	-0.47
400	37.01	-0.47
401	36.98	-0.47
402	36.98	-0.48
403	36.98	-0.48
404	36.95	-0.48
405	36.95	-0.48
406	36.95	-0.48
407	36.87	-0.48
408	36.87	-0.48
409	36.87	-0.48
410	36.77	-0.48
411	36.77	-0.48
412	36.77	-0.48
413	36.53	-0.48
414	36.53	-0.48
415	36.53	-0.48
416	36.70	-0.48
417	36.70	-0.48
418	36.70	-0.48
419	36.84	-0.48
420	36.84	-0.49
421	36.84	-0.49
422	36.71	-0.49
423	36.71	-0.49
424	36.71	-0.49
425	36.66	-0.49
426	36.66	-0.49
427	36.66	-0.49
428	36.76	-0.49
429	36.76	-0.49
430	36.76	-0.49
431	36.64	-0.49
432	36.64	-0.49
433	36.64	-0.49
434	36.64	-0.49
435	36.64	-0.49
436	36.64	-0.49
437	36.56	-0.49
438	36.56	-0.49
439	36.56	-0.49
440	36.60	-0.49
441	36.60	-0.50
442	36.60	-0.50
443	36.87	-0.50
444	36.87	-0.50
445	36.87	-0.50
446	36.84	-0.50
447	36.84	-0.50
448	36.84	-0.50
449	36.75	-0.50
450	36.75	-0.51
451	36.75	-0.51
452	36.83	-0.51
453	36.83	-0.51
454	36.83	-0.51
455	36.94	-0.51
456	36.94	-0.51
457	36.94	-0.51
458	36.75	-0.51
459	36.75	-0.51
460	36.75	-0.51
461	36.59	-0.51
462	36.59	-0.51
463	36.59	-0.51
464	36.69	-0.51
465	36.69	-0.51
466	36.69	-0.51
467	36.92	-0.51
468	36.92	-0.51
469	36.92	-0.51
470	36.91	-0.51
471	36.91	-0.51
472	36.91	-0.51
473	37.00	-0.51
474	37.00	-0.51
475	37.00	-0.51
476	37.03	-0.51
477	37.03	-0.52
478	37.03	-0.52
479	36.96	-0.52
480	36.96	-0.52
481	36.96	-0.52
482	36.80	-0.52
483	36.80	-0.52
484	36.80	-0.52
485	36.71	-0.52
486	36.71	-0.52
487	36.71	-0.52
488	36.75	-0.52
489	36.75	-0.52
490	36.75	-0.52
491	37.06	-0.52
492	37.06	-0.53
493	37.06	-0.53
494	37.24	-0.53
495	37.24	-0.53
496	37.24	-0.53
497	37.08	-0.53
498	37.08	-0.53
499	37.08	-0.53
500	36.88	-0.53
501	36.88	-0.53
502	36.88	-0.53
503	36.90	-0.53
504	36.90	-0.53
505	36.90	-0.53
506	37.11	-0.53
507	37.11	-0.53
508	37.11	-0.53
509	36.90	-0.53
510	36.90	-0.53
511	36.90	-0.53
512	36.77	-0.53
513	36.77	-0.53
514	36.77	-0.53
515	37.08	-0.53
516	37.08	-0.53
517	37.08	-0.53
518	36.98	-0.53
519	36.98	-0.54
520	36.98	-0.54
521	36.96	-0.54
522	36.96	-0.54
523	36.96	-0.54
524	37.05	-0.54
525	37.05	-0.54
526	37.05	-0.54
527	37.13	-0.54
528	37.13	-0.54
529	37.13	-0.54
530	36.96	-0.54
531	36.96	-0.54
532	36.96	-0.54
533	36.64	-0.54
534	36.64	-0.54
535	36.64	-0.54
536	36.68	-0.54
537	36.68	-0.54
538	36.68	-0.54
539	36.99	-0.54
540	36.99	-0.54
541	36.99	-0.54
542	37.03	-0.54
543	37.03	-0.54
544	37.03	-0.54
545	36.97	-0.54
546	36.97	-0.55
547	36.97	-0.55
548	37.06	-0.55
549	37.06	-0.55
550	37.06	-0.55
551	37.25	-0.55
552	37.25	-0.55
553	37.25	-0.55
554	37.12	-0.55
555	37.12	-0.55
556	37.12	-0.55
557	36.86	-0.55
558	36.86	-0.55
559	36.86	-0.55
560	36.81	-0.55
561	36.81	-0.55
562	36.81	-0.55
563	36.95	-0.55
564	36.95	-0.55
565	36.95	-0.55
566	37.13	-0.55
567	37.13	-0.55
568	37.13	-0.55
569	37.13	-0.55
570	37.13	-0.55
571	37.13	-0.55
572	37.14	-0.55
573	37.14	-0.55
574	37.14	-0.55
575	37.08	-0.55
576	37.08	-0.55
577	37.08	-0.55
578	36.97	-0.55
579	36.97	-0.56
580	36.97	-0.56
581	36.82	-0.56
582	36.82	-0.56
583	36.82	-0.56
584	36.79	-0.56
585	36.79	-0.56
586	36.79	-0.56
587	37.09	-0.56
588	37.09	-0.56
589	37.09	-0.56
590	37.25	-0.56
591	37.25	-0.56
592	37.25	-0.56
593	37.24	-0.56
594	37.24	-0.56
595	37.24	-0.56
596	37.08	-0.56
597	37.08	-0.56
598	37.08	-0.56
599	37.10	-0.56
600	37.10	-0.56
601	37.10	-0.56
602	36.94	-0.56
603	36.94	-0.56
604	36.94	-0.56
605	36.69	-0.56
606	36.69	-0.56
607	36.69	-0.56
608	36.71	-0.56
609	36.71	-0.57
610	36.71	-0.57
611	37.00	-0.57
612	37.00	-0.57
613	37.00	-0.57
614	36.89	-0.57
615	36.89	-0.57
616	36.89	-0.57
617	37.01	-0.57
618	37.01	-0.57
619	37.01	-0.57
620	37.06	-0.57
621	37.06	-0.57
622	37.06	-0.57
623	37.11	-0.57
624	37.11	-0.57
625	37.11	-0.57
626	37.13	-0.57
627	37.13	-0.57
628	37.13	-0.57
629	36.83	-0.57
630	36.83	-0.57
631	36.83	-0.57
632	36.86	-0.57
633	36.86	-0.57
634	36.86	-0.57
635	37.15	-0.57
636	37.15	-0.57
637	37.15	-0.57
638	37.26	-0.57
639	37.26	-0.58
640	37.26	-0.58
641	37.18	-0.58
642	37.18	-0.57
643	37.18	-0.57
644	37.06	-0.57
645	37.06	-0.58
646	37.06	-0.58
647	37.15	-0.58
648	37.15	-0.58
649	37.15	-0.58
650	37.12	-0.58
651	37.12	-0.58
652	37.12	-0.58
653	36.89	-0.58
654	36.89	-0.58
655	36.89	-0.58
656	36.95	-0.58
657	36.95	-0.58
658	36.95	-0.58
659	37.18	-0.58
660	37.18	-0.58
661	37.18	-0.58
662	37.08	-0.58
663	37.08	-0.58
664	37.08	-0.58
665	37.04	-0.58
666	37.04	-0.58
667	37.04	-0.58
668	37.02	-0.58
669	37.02	-0.58
670	37.02	-0.58
671	37.07	-0.58
672	37.07	-0.58
673	37.07	-0.58
674	36.95	-0.58
675	36.95	-0.58
676	36.95	-0.58
677	36.87	-0.58
678	36.87	-0.58
679	36.87	-0.58
680	36.98	-0.58
681	36.98	-0.58
682	36.98	-0.58
683	37.14	-0.58
684	37.14	-0.58
685	37.14	-0.58
686	37.15	-0.58
687	37.15	-0.59
688	37.15	-0.59
689	37.05	-0.59
690	37.05	-0.59
691	37.05	-0.59
692	37.15	-0.59
693	37.15	-0.58
694	37.15	-0.58
695	37.24	-0.58
696	37.24	-0.59
697	37.24	-0.59
698	36.99	-0.59
699	36.99	-0.58
700	36.99	-0.58
701	36.99	-0.58
702	36.99	-0.59
703	36.99	-0.59
704	37.20	-0.59
705	37.20	-0.59
706	37.20	-0.59
707	37.46	-0.59
708	37.46	-0.59
709	37.46	-0.59
710	37.34	-0.59
711	37.34	-0.59
712	37.34	-0.59
713	37.21	-0.59
714	37.21	-0.59
715	37.21	-0.59
716	37.08	-0.59
717	37.08	-0.58
718	37.08	-0.58
719	37.11	-0.58
720	37.11	-0.59
721	37.11	-0.59
722	37.02	-0.59
723	37.02	-0.59
724	37.02	-0.59
725	36.93	-0.59
726	36.93	-0.59
727	36.93	-0.59
728	36.97	-0.59
729	36.97	-0.59
730	36.97	-0.59
731	37.23	-0.59
732	37.23	-0.59
733	37.23	-0.59
734	37.11	-0.59
735	37.11	-0.59
736	37.11	-0.59
737	37.10	-0.59
738	37.10	-0.59
739	37.10	-0.59
740	37.08	-0.59
741	37.08	-0.59
742	37.08	-0.59
743	37.22	-0.59
744	37.22	-0.59
745	37.22	-0.59
746	37.00	-0.59
747	37.00	-0.59
748	37.00	-0.59
749	36.87	-0.59
750	36.87	-0.59
751	36.87	-0.59
752	36.98	-0.59
753	36.98	-0.59
754	36.98	-0.59
755	37.31	-0.59
756	37.31	-0.59
757	37.31	-0.59
758	37.32	-0.59
759	37.32	-0.59
760	37.32	-0.59
761	37.27	-0.59
762	37.27	-0.59
763	37.27	-0.59
764	37.18	-0.59
765	37.18	-0.59
766	37.18	-0.59
767	37.21	-0.59
768	37.21	-0.59
769	37.21	-0.59
770	36.99	-0.59
771	36.99	-0.59
772	36.99	-0.59
773	36.87	-0.59
774	36.87	-0.59
775	36.87	-0.59
776	36.83	-0.59
777	36.83	-0.59
778	36.83	-0.59
779	36.77	-0.59
780	36.77	-0.59
781	36.77	-0.59
782	36.68	-0.59
783	36.68	-0.60
784	36.68	-0.60
785	36.81	-0.60
786	36.81	-0.59
787	36.81	-0.59
788	36.86	-0.59
789	36.86	-0.59
790	36.86	-0.59
791	36.94	-0.59
792	36.94	-0.59
793	36.94	-0.59
794	36.90	-0.59
795	36.90	-0.60
796	36.90	-0.60
797	36.89	-0.60
798	36.89	-0.60
799	36.89	-0.60
800	37.07	-0.60
801	37.07	-0.60
802	37.07	-0.60
803	37.09	-0.60
804	37.09	-0.60
805	37.09	-0.60
806	37.18	-0.60
807	37.18	-0.60
808	37.18	-0.60
809	37.19	-0.60
810	37.19	-0.60
811	37.19	-0.60
812	37.17	-0.60
813	37.17	-0.60
814	37.17	-0.60
815	37.15	-0.60
816	37.15	-0.60
817	37.15	-0.60
818	36.93	-0.60
819	36.93	-0.60
820	36.93	-0.60
821	36.81	-0.60
822	36.81	-0.60
823	36.81	-0.60
824	37.13	-0.60
825	37.13	-0.60
826	37.13	-0.60
827	37.17	-0.60
828	37.17	-0.60
829	37.17	-0.60
830	37.17	-0.60
831	37.17	-0.60
832	37.17	-0.60
833	37.22	-0.60
834	37.22	-0.60
835	37.22	-0.60
836	37.34	-0.60
837	37.34	-0.60
838	37.34	-0.60
839	37.20	-0.60
840	37.20	-0.60
841	37.20	-0.60
842	37.04	-0.60
843	37.04	-0.60
844	37.04	-0.60
845	36.91	-0.60
846	36.91	-0.60
847	36.91	-0.60
848	37.21	-0.60
849	37.21	-0.60
850	37.21	-0.60
851	37.24	-0.60
852	37.24	-0.60
853	37.24	-0.60
854	37.11	-0.60
855	37.11	-0.60
856	37.11	-0.60
857	37.19	-0.60
858	37.19	-0.60
859	37.19	-0.60
860	37.17	-0.60
861	37.17	-0.60
862	37.17	-0.60
863	37.15	-0.60
864	37.15	-0.60
865	37.15	-0.60
866	37.02	-0.60
867	37.02	-0.60
868	37.02	-0.60
869	37.11	-0.60
870	37.11	-0.60
871	37.11	-0.60
872	37.26	-0.60
873	37.26	-0.60
874	37.26	-0.60
875	37.08	-0.60
876	37.08	-0.60
877	37.08	-0.60
878	37.13	-0.60
879	37.13	-0.60
880	37.13	-0.60
881	36.99	-0.60
882	36.99	-0.60
883	36.99	-0.60
884	37.14	-0.60
885	37.14	-0.60
886	37.14	-0.60
887	36.90	-0.60
888	36.90	-0.61
889	36.90	-0.61
890	36.86	-0.61
891	36.86	-0.60
892	36.86	-0.60
893	37.02	-0.60
894	37.02	-0.60
895	37.02	-0.60
896	37.26	-0.60
897	37.26	-0.61
898	37.26	-0.61
899	37.17	-0.61
900	37.17	-0.61
901	37.17	-0.61
902	37.13	-0.61
903	37.13	-0.61
904	37.13	-0.61
905	37.02	-0.61
906	37.02	-0.61
907	37.02	-0.61
908	37.01	-0.61
909	37.01	-0.61
910	37.01	-0.61
911	36.81	-0.61
912	36.81	-0.61
913	36.81	-0.61
914	36.91	-0.61
915	36.91	-0.61
916	36.91	-0.61
917	37.13	-0.61
918	37.13	-0.61
919	37.13	-0.61
920	37.38	-0.61
921	37.38	-0.61
922	37.38	-0.61
923	37.20	-0.61
924	37.20	-0.61
925	37.20	-0.61
926	37.14	-0.61
927	37.14	-0.61
928	37.14	-0.61
929	37.08	-0.61
930	37.08	-0.61
931	37.08	-0.61
932	37.07	-0.61
933	37.07	-0.61
934	37.07	-0.61
935	36.89	-0.61
936	36.89	-0.61
937	36.89	-0.61
938	36.88	-0.61
939	36.88	-0.61
940	36.88	-0.61
941	37.27	-0.61
942	37.27	-0.61
943	37.27	-0.61
944	37.26	-0.61
945	37.26	-0.61
946	37.26	-0.61
947	37.18	-0.61
948	37.18	-0.61
949	37.18	-0.61
950	37.14	-0.61
951	37.14	-0.61
952	37.14	-0.61
953	37.15	-0.61
954	37.15	-0.61
955	37.15	-0.61
956	37.09	-0.61
957	37.09	-0.61
958	37.09	-0.61
959	37.01	-0.61
960	37.01	-0.61
961	37.01	-0.61
962	36.95	-0.61
963	36.95	-0.61
964	36.95	-0.61
965	37.26	-0.61
966	37.26	-0.61
967	37.26	-0.61
968	37.18	-0.61
969	37.18	-0.61
970	37.18	-0.61
971	37.07	-0.61
972	37.07	-0.61
973	37.07	-0.61
974	37.21	-0.61
975	37.21	-0.61
976	37.21	-0.61
977	37.43	-0.61
978	37.43	-0.61
979	37.43	-0.61
980	37.33	-0.61
981	37.33	-0.61
982	37.33	-0.61
983	37.17	-0.61
984	37.17	-0.61
985	37.17	-0.61
986	37.09	-0.61
987	37.09	-0.61
988	37.09	-0.61
989	37.38	-0.61
990	37.38	-0.61
991	37.38	-0.61
992	37.43	-0.61
993	37.43	-0.61
994	37.43	-0.61
995	37.25	-0.61
996	37.25	-0.61
997	37.25	-0.61
998	37.11	-0.61
999	37.11	-0.61
1000	37.11	-0.61
1001	37.24	-0.61
1002	37.24	-0.61
1003	37.24	-0.61
1004	37.10	-0.61
1005	37.10	-0.61
1006	37.10	-0.61
1007	36.94	-0.61
1008	36.94	-0.61
1009	36.94	-0.61
1010	37.04	-0.61
1011	37.04	-0.61
1012	37.04	-0.61
1013	37.30	-0.61
1014	37.30	-0.61
1015	37.30	-0.61
1016	37.23	-0.61
1017	37.23	-0.61
1018	37.23	-0.61
1019	37.26	-0.61
1020	37.26	-0.61
1021	37.26	-0.61
1022	37.13	-0.61
1023	37.13	-0.61
1024	37.13	-0.61
1025	37.21	-0.61
1026	37.21	-0.62
1027	37.21	-0.62
1028	37.08	-0.62
1029	37.08	-0.62
1030	37.08	-0.62
1031	37.07	-0.62
1032	37.07	-0.61
1033	37.07	-0.61
1034	37.13	-0.61
1035	37.13	-0.62
1036	37.13	-0.62
1037	37.28	-0.62
1038	37.28	-0.62
1039	37.28	-0.62
1040	37.14	-0.62
1041	37.14	-0.61
1042	37.14	-0.61
1043	37.05	-0.61
1044	37.05	-0.62
1045	37.05	-0.62
1046	37.13	-0.62
1047	37.13	-0.62
1048	37.13	-0.62
1049	37.14	-0.62
1050	37.14	-0.62
1051	37.14	-0.62
1052	37.08	-0.62
1053	37.08	-0.62
1054	37.08	-0.62
1055	37.15	-0.62
1056	37.15	-0.62
1057	37.15	-0.62
1058	37.28	-0.62
1059	37.28	-0.62
1060	37.28	-0.62
1061	37.28	-0.62
1062	37.28	-0.62
1063	37.28	-0.62
1064	37.13	-0.62
1065	37.13	-0.62
1066	37.13	-0.62
1067	37.15	-0.62
1068	37.15	-0.62
1069	37.15	-0.62
1070	37.22	-0.62
1071	37.22	-0.62
1072	37.22	-0.62
1073	37.33	-0.62
1074	37.33	-0.62
1075	37.33	-0.62
1076	37.15	-0.62
1077	37.15	-0.62
1078	37.15	-0.62
1079	37.12	-0.62
1080	37.12	-0.62
1081	37.12	-0.62
1082	37.18	-0.62
1083	37.18	-0.62
1084	37.18	-0.62
1085	37.19	-0.62
1086	37.19	-0.62
1087	37.19	-0.62
1088	37.02	-0.62
1089	37.02	-0.62
1090	37.02	-0.62
1091	37.14	-0.62
1092	37.14	-0.62
1093	37.14	-0.62
1094	37.03	-0.62
1095	37.03	-0.62
1096	37.03	-0.62
1097	37.13	-0.62
1098	37.13	-0.62
1099	37.13	-0.62
1100	36.98	-0.62
1101	36.98	-0.62
1102	36.98	-0.62
1103	36.93	-0.62
1104	36.93	-0.62
1105	36.93	-0.62
1106	37.11	-0.62
1107	37.11	-0.62
1108	37.11	-0.62
1109	37.20	-0.62
1110	37.20	-0.62
1111	37.20	-0.62
1112	37.14	-0.62
1113	37.14	-0.62
1114	37.14	-0.62
1115	37.29	-0.62
1116	37.29	-0.62
1117	37.29	-0.62
1118	37.17	-0.62
1119	37.17	-0.62
1120	37.17	-0.62
1121	37.16	-0.62
1122	37.16	-0.62
1123	37.16	-0.62
1124	37.07	-0.62
1125	37.07	-0.62
1126	37.07	-0.62
1127	36.99	-0.62
1128	36.99	-0.62
1129	36.99	-0.62
1130	37.13	-0.62
1131	37.13	-0.62
1132	37.13	-0.62
1133	37.29	-0.62
1134	37.29	-0.62
1135	37.29	-0.62
1136	37.17	-0.62
1137	37.17	-0.62
1138	37.17	-0.62
1139	37.32	-0.62
1140	37.32	-0.62
1141	37.32	-0.62
1142	37.34	-0.62
1143	37.34	-0.63
1144	37.34	-0.63
1145	37.23	-0.63
1146	37.23	-0.62
1147	37.23	-0.62
1148	37.05	-0.62
1149	37.05	-0.63
1150	37.05	-0.63
1151	37.06	-0.63
1152	37.06	-0.63
1153	37.06	-0.63
1154	37.25	-0.63
1155	37.25	-0.62
1156	37.25	-0.62
1157	37.32	-0.62
1158	37.32	-0.62
1159	37.32	-0.62
1160	37.14	-0.62
1161	37.14	-0.63
1162	37.14	-0.63
1163	37.28	-0.63
1164	37.28	-0.62
1165	37.28	-0.62
1166	37.19	-0.62
1167	37.19	-0.63
1168	37.19	-0.63
1169	37.09	-0.63
1170	37.09	-0.62
1171	37.09	-0.62
1172	36.93	-0.62
1173	36.93	-0.62
1174	36.93	-0.62
1175	36.87	-0.62
1176	36.87	-0.63
1177	36.87	-0.63
1178	37.14	-0.63
1179	37.14	-0.62
1180	37.14	-0.62
1181	37.19	-0.62
1182	37.19	-0.63
1183	37.19	-0.63
1184	37.11	-0.63
1185	37.11	-0.63
1186	37.11	-0.63
1187	37.15	-0.63
1188	37.15	-0.63
1189	37.15	-0.63
1190	37.20	-0.63
1191	37.20	-0.63
1192	37.20	-0.63
1193	37.12	-0.63
1194	37.12	-0.63
1195	37.12	-0.63
1196	36.96	-0.63
1197	36.96	-0.63
1198	36.96	-0.63
1199	36.97	-0.63
1200	36.97	-0.63
1201	36.97	-0.63
1202	37.22	-0.63
1203	37.22	-0.63
1204	37.22	-0.63
1205	37.24	-0.63
1206	37.24	-0.63
1207	37.24	-0.63
1208	37.17	-0.63
1209	37.17	-0.63
1210	37.17	-0.63
1211	37.17	-0.63
1212	37.17	-0.63
1213	37.17	-0.63
1214	37.23	-0.63
1215	37.23	-0.63
1216	37.23	-0.63
1217	37.11	-0.63
1218	37.11	-0.63
1219	37.11	-0.63
1220	36.97	-0.63
1221	36.97	-0.63
1222	36.97	-0.63
1223	36.86	-0.63
1224	36.86	-0.63
1225	36.86	-0.63
1226	37.12	-0.63
1227	37.12	-0.63
1228	37.12	-0.63
1229	37.07	-0.63
1230	37.07	-0.63
1231	37.07	-0.63
1232	37.02	-0.63
1233	37.02	-0.63
1234	37.02	-0.63
1235	37.00	-0.63
1236	37.00	-0.63
1237	37.00	-0.63
1238	37.10	-0.63
1239	37.10	-0.63
1240	37.10	-0.63
1241	36.95	-0.63
1242	36.95	-0.63
1243	36.95	-0.63
1244	36.85	-0.63
1245	36.85	-0.63
1246	36.85	-0.63
1247	37.00	-0.63
1248	37.00	-0.63
1249	37.00	-0.63
1250	37.19	-0.63
1251	37.19	-0.63
1252	37.19	-0.63
1253	37.23	-0.63
1254	37.23	-0.63
1255	37.23	-0.63
1256	37.16	-0.63
1257	37.16	-0.63
1258	37.16	-0.63
1259	37.04	-0.63
1260	37.04	-0.63
1261	37.04	-0.63
1262	37.17	-0.63
1263	37.17	-0.63
1264	37.17	-0.63
1265	37.03	-0.63
1266	37.03	-0.63
1267	37.03	-0.63
1268	36.95	-0.63
1269	36.95	-0.63
1270	36.95	-0.63
1271	36.95	-0.63
1272	36.95	-0.63
1273	36.95	-0.63
1274	37.16	-0.63
1275	37.16	-0.63
1276	37.16	-0.63
1277	37.25	-0.63
1278	37.25	-0.63
1279	37.25	-0.63
1280	37.19	-0.63
1281	37.19	-0.63
1282	37.19	-0.63
1283	37.01	-0.63
1284	37.01	-0.63
1285	37.01	-0.63
1286	37.17	-0.63
1287	37.17	-0.63
1288	37.17	-0.63
1289	36.96	-0.63
1290	36.96	-0.63
1291	36.96	-0.63
1292	36.84	-0.63
1293	36.84	-0.63
1294	36.84	-0.63
1295	36.88	-0.63
1296	36.88	-0.63
1297	36.88	-0.63
1298	37.00	-0.63
1299	37.00	-0.63
1300	37.00	-0.63
1301	37.10	-0.63
1302	37.10	-0.63
1303	37.10	-0.63
1304	37.24	-0.63
1305	37.24	-0.63
1306	37.24	-0.63
1307	37.07	-0.63
1308	37.07	-0.63
1309	37.07	-0.63
1310	37.18	-0.63
1311	37.18	-0.63
1312	37.18	-0.63
1313	37.09	-0.63
1314	37.09	-0.63
1315	37.09	-0.63
1316	36.93	-0.63
1317	36.93	-0.63
1318	36.93	-0.63
1319	37.04	-0.63
1320	37.04	-0.63
1321	37.04	-0.63
1322	37.21	-0.63
1323	37.21	-0.63
1324	37.21	-0.63
1325	37.24	-0.63
1326	37.24	-0.63
1327	37.24	-0.63
1328	37.25	-0.63
1329	37.25	-0.63
1330	37.25	-0.63
1331	37.25	-0.63
1332	37.25	-0.63
1333	37.25	-0.63
1334	37.36	-0.63
1335	37.36	-0.63
1336	37.36	-0.63
1337	37.21	-0.63
1338	37.21	-0.63
1339	37.21	-0.63
1340	36.91	-0.63
1341	36.91	-0.63
1342	36.91	-0.63
1343	37.00	-0.63
1344	37.00	-0.63
1345	37.00	-0.63
1346	37.22	-0.63
1347	37.22	-0.63
1348	37.22	-0.63
1349	37.17	-0.63
1350	37.17	-0.63
1351	37.17	-0.63
1352	37.12	-0.63
1353	37.12	-0.63
1354	37.12	-0.63
1355	37.06	-0.63
1356	37.06	-0.63
1357	37.06	-0.63
1358	37.21	-0.63
1359	37.21	-0.63
1360	37.21	-0.63
1361	37.09	-0.63
1362	37.09	-0.63
1363	37.09	-0.63
1364	36.83	-0.63
1365	36.83	-0.63
1366	36.83	-0.63
1367	36.88	-0.63
1368	36.88	-0.63
1369	36.88	-0.63
1370	37.16	-0.63
1371	37.16	-0.63
1372	37.16	-0.63
1373	37.28	-0.63
1374	37.28	-0.63
1375	37.28	-0.63
1376	37.26	-0.63
1377	37.26	-0.63
1378	37.26	-0.63
1379	37.23	-0.63
1380	37.23	-0.63
1381	37.23	-0.63
1382	37.22	-0.63
1383	37.22	-0.63
1384	37.22	-0.63
1385	37.13	-0.63
1386	37.13	-0.63
1387	37.13	-0.63
1388	36.95	-0.63
1389	36.95	-0.63
1390	36.95	-0.63
1391	37.16	-0.63
1392	37.16	-0.63
1393	37.16	-0.63
1394	37.33	-0.63
1395	37.33	-0.63
1396	37.33	-0.63
1397	37.21	-0.63
1398	37.21	-0.63
1399	37.21	-0.63
1400	37.13	-0.63
1401	37.13	-0.63
1402	37.13	-0.63
1403	37.15	-0.63
1404	37.15	-0.63
1405	37.15	-0.63
1406	37.34	-0.63
1407	37.34	-0.63
1408	37.34	-0.63
1409	37.15	-0.63
1410	37.15	-0.63
1411	37.15	-0.63
1412	36.95	-0.63
1413	36.95	-0.63
1414	36.95	-0.63
1415	37.08	-0.63
1416	37.08	-0.63
1417	37.08	-0.63
1418	37.33	-0.63
1419	37.33	-0.63
1420	37.33	-0.63
1421	37.26	-0.63
1422	37.26	-0.63
1423	37.26	-0.63
1424	37.15	-0.63
1425	37.15	-0.63
1426	37.15	-0.63
1427	37.15	-0.63
1428	37.15	-0.63
1429	37.15	-0.63
1430	37.30	-0.63
1431	37.30	-0.63
1432	37.30	-0.63
1433	37.17	-0.63
1434	37.17	-0.63
1435	37.17	-0.63
1436	36.96	-0.63
1437	36.96	-0.63
1438	36.96	-0.63
1439	37.01	-0.63
1440	37.01	-0.63
1441	37.01	-0.63
1442	37.35	-0.63
1443	37.35	-0.63
1444	37.35	-0.63
1445	37.31	-0.63
1446	37.31	-0.63
1447	37.31	-0.63
1448	37.27	-0.63
1449	37.27	-0.63
1450	37.27	-0.63
1451	37.19	-0.63
1452	37.19	-0.63
1453	37.19	-0.63
1454	37.15	-0.63
1455	37.15	-0.63
1456	37.15	-0.63
1457	37.04	-0.63
1458	37.04	-0.63
1459	37.04	-0.63
1460	36.80	-0.63
1461	36.80	-0.63
1462	36.80	-0.63
1463	36.89	-0.63
1464	36.89	-0.63
1465	36.89	-0.63
1466	37.47	-0.63
1467	37.47	-0.63
1468	37.47	-0.63
1469	37.35	-0.63
1470	37.35	-0.63
1471	37.35	-0.63
1472	37.29	-0.63
1473	37.29	-0.63
1474	37.29	-0.63
1475	37.22	-0.63
1476	37.22	-0.63
1477	37.22	-0.63
1478	37.30	-0.63
1479	37.30	-0.63
1480	37.30	-0.63
1481	37.07	-0.63
1482	37.07	-0.64
1483	37.07	-0.64
1484	36.90	-0.64
1485	36.90	-0.63
1486	36.90	-0.63
1487	36.93	-0.63
1488	36.93	-0.63
1489	36.93	-0.63
1490	37.19	-0.63
1491	37.19	-0.63
1492	37.19	-0.63
1493	37.34	-0.63
1494	37.34	-0.64
1495	37.34	-0.64
1496	37.37	-0.64
1497	37.37	-0.64
1498	37.37	-0.64
1499	37.26	-0.64
1500	37.26	-0.64
1501	37.26	-0.64
1502	37.22	-0.64
1503	37.22	-0.64
1504	37.22	-0.64
1505	37.07	-0.64
1506	37.07	-0.64
1507	37.07	-0.64
1508	36.96	-0.64
1509	36.96	-0.64
1510	36.96	-0.64
1511	37.06	-0.64
1512	37.06	-0.64
1513	37.06	-0.64
1514	37.34	-0.64
1515	37.34	-0.64
1516	37.34	-0.64
1517	37.22	-0.64
1518	37.22	-0.64
1519	37.22	-0.64
1520	37.16	-0.64
1521	37.16	-0.64
1522	37.16	-0.64
1523	37.08	-0.64
1524	37.08	-0.64
1525	37.08	-0.64
1526	37.15	-0.64
1527	37.15	-0.64
1528	37.15	-0.64
1529	37.05	-0.64
1530	37.05	-0.64
1531	37.05	-0.64
1532	36.97	-0.64
1533	36.97	-0.64
1534	36.97	-0.64
1535	37.05	-0.64
1536	37.05	-0.64
1537	37.05	-0.64
1538	37.30	-0.64
1539	37.30	-0.64
1540	37.30	-0.64
1541	37.16	-0.64
1542	37.16	-0.64
1543	37.16	-0.64
1544	37.23	-0.64
1545	37.23	-0.64
1546	37.23	-0.64
1547	37.22	-0.64
1548	37.22	-0.64
1549	37.22	-0.64
1550	37.32	-0.64
1551	37.32	-0.64
1552	37.32	-0.64
1553	37.14	-0.64
1554	37.14	-0.64
1555	37.14	-0.64
1556	36.92	-0.64
1557	36.92	-0.64
1558	36.92	-0.64
1559	36.92	-0.64
1560	36.92	-0.64
1561	36.92	-0.64
1562	37.24	-0.64
1563	37.24	-0.64
1564	37.24	-0.64
1565	37.19	-0.64
1566	37.19	-0.64
1567	37.19	-0.64
1568	37.17	-0.64
1569	37.17	-0.64
1570	37.17	-0.64
1571	37.12	-0.64
1572	37.12	-0.64
1573	37.12	-0.64
1574	37.18	-0.64
1575	37.18	-0.64
1576	37.18	-0.64
1577	37.13	-0.64
1578	37.13	-0.64
1579	37.13	-0.64
1580	36.94	-0.64
1581	36.94	-0.64
1582	36.94	-0.64
1583	37.03	-0.64
1584	37.03	-0.64
1585	37.03	-0.64
1586	37.35	-0.64
1587	37.35	-0.64
1588	37.35	-0.64
1589	37.29	-0.64
1590	37.29	-0.64
1591	37.29	-0.64
1592	37.21	-0.64
1593	37.21	-0.64
1594	37.21	-0.64
1595	37.16	-0.64
1596	37.16	-0.64
1597	37.16	-0.64
1598	37.21	-0.64
1599	37.21	-0.64
1600	37.21	-0.64
1601	37.10	-0.64
1602	37.10	-0.64
1603	37.10	-0.64
1604	37.07	-0.64
1605	37.07	-0.64
1606	37.07	-0.64
1607	37.30	-0.64
1608	37.30	-0.64
1609	37.30	-0.64
1610	37.54	-0.64
1611	37.54	-0.64
1612	37.54	-0.64
1613	37.39	-0.64
1614	37.39	-0.64
1615	37.39	-0.64
1616	37.29	-0.64
1617	37.29	-0.64
1618	37.29	-0.64
1619	37.38	-0.64
1620	37.38	-0.64
1621	37.38	-0.64
1622	37.34	-0.64
1623	37.34	-0.64
1624	37.34	-0.64
1625	37.17	-0.64
1626	37.17	-0.64
1627	37.17	-0.64
1628	37.00	-0.64
1629	37.00	-0.64
1630	37.00	-0.64
1631	37.27	-0.64
1632	37.27	-0.64
1633	37.27	-0.64
1634	37.28	-0.64
1635	37.28	-0.64
1636	37.28	-0.64
1637	37.22	-0.64
1638	37.22	-0.64
1639	37.22	-0.64
1640	37.32	-0.64
1641	37.32	-0.64
1642	37.32	-0.64
1643	37.28	-0.64
1644	37.28	-0.64
1645	37.28	-0.64
1646	37.14	-0.64
1647	37.14	-0.64
1648	37.14	-0.64
1649	37.05	-0.64
1650	37.05	-0.64
1651	37.05	-0.64
1652	36.98	-0.64
1653	36.98	-0.65
1654	36.98	-0.65
1655	37.35	-0.65
1656	37.35	-0.64
1657	37.35	-0.64
1658	37.31	-0.64
1659	37.31	-0.64
1660	37.31	-0.64
1661	37.25	-0.64
1662	37.25	-0.64
1663	37.25	-0.64
1664	37.04	-0.64
1665	37.04	-0.64
1666	37.04	-0.64
1667	37.24	-0.64
1668	37.24	-0.64
1669	37.24	-0.64
1670	37.22	-0.64
1671	37.22	-0.64
1672	37.22	-0.64
1673	37.06	-0.64
1674	37.06	-0.64
1675	37.06	-0.64
1676	37.07	-0.64
1677	37.07	-0.64
1678	37.07	-0.64
1679	37.49	-0.64
1680	37.49	-0.65
1681	37.49	-0.65
1682	37.47	-0.65
1683	37.47	-0.65
1684	37.47	-0.65
1685	37.31	-0.65
1686	37.31	-0.65
1687	37.31	-0.65
1688	37.16	-0.65
1689	37.16	-0.64
1690	37.16	-0.64
1691	37.13	-0.64
1692	37.13	-0.65
1693	37.13	-0.65
1694	37.21	-0.65
1695	37.21	-0.64
1696	37.21	-0.64
1697	37.15	-0.64
1698	37.15	-0.65
1699	37.15	-0.65
1700	37.19	-0.65
1701	37.19	-0.65
1702	37.19	-0.65
1703	37.22	-0.65
1704	37.22	-0.65
1705	37.22	-0.65
1706	37.13	-0.65
1707	37.13	-0.64
1708	37.13	-0.64
1709	37.30	-0.64
1710	37.30	-0.65
1711	37.30	-0.65
1712	37.50	-0.65
1713	37.50	-0.65
1714	37.50	-0.65
1715	37.45	-0.65
1716	37.45	-0.65
1717	37.45	-0.65
1718	37.15	-0.65
1719	37.15	-0.65
1720	37.15	-0.65
1721	37.17	-0.65
1722	37.17	-0.64
1723	37.17	-0.64
1724	37.41	-0.64
1725	37.41	-0.65
1726	37.41	-0.65
1727	37.62	-0.65
1728	37.62	-0.65
1729	37.62	-0.65
1730	37.43	-0.65
1731	37.43	-0.65
1732	37.43	-0.65
1733	37.37	-0.65
1734	37.37	-0.65
1735	37.37	-0.65
1736	37.35	-0.65
1737	37.35	-0.65
1738	37.35	-0.65
1739	37.24	-0.65
1740	37.24	-0.65
1741	37.24	-0.65
1742	37.09	-0.65
1743	37.09	-0.65
1744	37.09	-0.65
1745	37.13	-0.65
1746	37.13	-0.65
1747	37.13	-0.65
1748	37.27	-0.65
1749	37.27	-0.65
1750	37.27	-0.65
1751	37.36	-0.65
1752	37.36	-0.65
1753	37.36	-0.65
1754	37.24	-0.65
1755	37.24	-0.65
1756	37.24	-0.65
1757	37.28	-0.65
1758	37.28	-0.65
1759	37.28	-0.65
1760	37.18	-0.65
1761	37.18	-0.65
1762	37.18	-0.65
1763	37.05	-0.65
1764	37.05	-0.65
1765	37.05	-0.65
1766	37.00	-0.65
1767	37.00	-0.65
1768	37.00	-0.65
1769	36.92	-0.65
1770	36.92	-0.65
1771	36.92	-0.65
1772	37.31	-0.65
1773	37.31	-0.65
1774	37.31	-0.65
1775	37.37	-0.65
1776	37.37	-0.65
1777	37.37	-0.65
1778	37.18	-0.65
1779	37.18	-0.65
1780	37.18	-0.65
1781	37.25	-0.65
1782	37.25	-0.65
1783	37.25	-0.65
1784	37.30	-0.65
1785	37.30	-0.65
1786	37.30	-0.65
1787	37.09	-0.65
1788	37.09	-0.65
1789	37.09	-0.65
1790	36.94	-0.65
1791	36.94	-0.65
1792	36.94	-0.65
1793	36.94	-0.65
1794	36.94	-0.65
1795	36.94	-0.65
1796	37.19	-0.65
1797	37.19	-0.65
1798	37.19	-0.65
1799	37.20	-0.65
1800	37.20	-0.65
1801	37.20	-0.65
1802	37.18	-0.65
1803	37.18	-0.65
1804	37.18	-0.65
1805	37.18	-0.65
1806	37.18	-0.65
1807	37.18	-0.65
1808	37.16	-0.65
1809	37.16	-0.65
1810	37.16	-0.65
1811	37.10	-0.65
1812	37.10	-0.65
1813	37.10	-0.65
1814	36.95	-0.65
1815	36.95	-0.65
1816	36.95	-0.65
1817	37.05	-0.65
1818	37.05	-0.65
1819	37.05	-0.65
1820	37.34	-0.65
1821	37.34	-0.65
1822	37.34	-0.65
1823	37.17	-0.65
1824	37.17	-0.65
1825	37.17	-0.65
1826	37.06	-0.65
1827	37.06	-0.65
1828	37.06	-0.65
1829	37.13	-0.65
1830	37.13	-0.65
1831	37.13	-0.65
1832	37.20	-0.65
1833	37.20	-0.65
1834	37.20	-0.65
1835	37.13	-0.65
1836	37.13	-0.65
1837	37.13	-0.65
1838	37.02	-0.65
1839	37.02	-0.65
1840	37.02	-0.65
1841	37.11	-0.65
1842	37.11	-0.65
1843	37.11	-0.65
1844	37.25	-0.65
1845	37.25	-0.65
1846	37.25	-0.65
1847	37.20	-0.65
1848	37.20	-0.65
1849	37.20	-0.65
1850	37.20	-0.65
1851	37.20	-0.65
1852	37.20	-0.65
1853	37.13	-0.65
1854	37.13	-0.65
1855	37.13	-0.65
1856	37.29	-0.65
1857	37.29	-0.65
1858	37.29	-0.65
1859	37.14	-0.65
1860	37.14	-0.65
1861	37.14	-0.65
1862	36.94	-0.65
1863	36.94	-0.65
1864	36.94	-0.65
1865	37.07	-0.65
1866	37.07	-0.65
1867	37.07	-0.65
1868	37.25	-0.65
1869	37.25	-0.65
1870	37.25	-0.65
1871	37.19	-0.65
1872	37.19	-0.65
1873	37.19	-0.65
1874	37.21	-0.65
1875	37.21	-0.65
1876	37.21	-0.65
1877	37.29	-0.65
1878	37.29	-0.65
1879	37.29	-0.65
1880	37.35	-0.65
1881	37.35	-0.65
1882	37.35	-0.65
1883	37.06	-0.65
1884	37.06	-0.65
1885	37.06	-0.65
1886	36.94	-0.65
1887	36.94	-0.65
1888	36.94	-0.65
1889	37.15	-0.65
1890	37.15	-0.65
1891	37.15	-0.65
1892	37.29	-0.65
1893	37.29	-0.65
1894	37.29	-0.65
1895	37.23	-0.65
1896	37.23	-0.65
1897	37.23	-0.65
1898	37.20	-0.65
1899	37.20	-0.65
1900	37.20	-0.65
1901	37.10	-0.65
1902	37.10	-0.65
1903	37.10	-0.65
1904	37.19	-0.65
1905	37.19	-0.65
1906	37.19	-0.65
1907	37.01	-0.65
1908	37.01	-0.65
1909	37.01	-0.65
1910	37.06	-0.65
1911	37.06	-0.65
1912	37.06	-0.65
1913	37.24	-0.65
1914	37.24	-0.65
1915	37.24	-0.65
1916	37.34	-0.65
1917	37.34	-0.65
1918	37.34	-0.65
1919	37.24	-0.65
1920	37.24	-0.65
1921	37.24	-0.65
1922	37.11	-0.65
1923	37.11	-0.65
1924	37.11	-0.65
1925	37.12	-0.65
1926	37.12	-0.65
1927	37.12	-0.65
1928	37.18	-0.65
1929	37.18	-0.65
1930	37.18	-0.65
1931	37.05	-0.65
1932	37.05	-0.65
1933	37.05	-0.65
1934	37.01	-0.65
1935	37.01	-0.65
1936	37.01	-0.65
1937	37.17	-0.65
1938	37.17	-0.65
1939	37.17	-0.65
1940	37.18	-0.65
1941	37.18	-0.65
1942	37.18	-0.65
1943	37.13	-0.65
1944	37.13	-0.65
1945	37.13	-0.65
1946	37.06	-0.65
1947	37.06	-0.65
1948	37.06	-0.65
1949	37.08	-0.65
1950	37.08	-0.65
1951	37.08	-0.65
1952	37.13	-0.65
1953	37.13	-0.65
1954	37.13	-0.65
1955	36.94	-0.65
1956	36.94	-0.65
1957	36.94	-0.65
1958	36.95	-0.65
1959	36.95	-0.65
1960	36.95	-0.65
1961	37.27	-0.65
1962	37.27	-0.65
1963	37.27	-0.65
1964	37.26	-0.65
1965	37.26	-0.65
1966	37.26	-0.65
1967	37.19	-0.65
1968	37.19	-0.65
1969	37.19	-0.65
1970	37.17	-0.65
1971	37.17	-0.65
1972	37.17	-0.65
1973	37.19	-0.65
1974	37.19	-0.65
1975	37.19	-0.65
1976	37.13	-0.65
1977	37.13	-0.65
1978	37.13	-0.65
1979	37.09	-0.65
1980	37.09	-0.65
1981	37.09	-0.65
1982	36.98	-0.65
1983	36.98	-0.65
1984	36.98	-0.65
1985	37.29	-0.65
1986	37.29	-0.65
1987	37.29	-0.65
1988	37.28	-0.65
1989	37.28	-0.65
1990	37.28	-0.65
1991	37.09	-0.65
1992	37.09	-0.65
1993	37.09	-0.65
1994	37.12	-0.65
1995	37.12	-0.65
1996	37.12	-0.65
1997	37.10	-0.65
1998	37.10	-0.65
1999	37.10	-0.65
2000	37.09	-0.65
2001	37.09	-0.65
2002	37.09	-0.65
2003	36.95	-0.65
2004	36.95	-0.65
2005	36.95	-0.65
2006	36.93	-0.65
2007	36.93	-0.65
2008	36.93	-0.65
2009	37.26	-0.65
2010	37.26	-0.65
2011	37.26	-0.65
2012	37.36	-0.65
2013	37.36	-0.65
2014	37.36	-0.65
2015	37.25	-0.65
2016	37.25	-0.65
2017	37.25	-0.65
2018	37.13	-0.65
2019	37.13	-0.65
2020	37.13	-0.65
2021	37.19	-0.65
2022	37.19	-0.65
2023	37.19	-0.65
2024	37.01	-0.65
2025	37.01	-0.65
2026	37.01	-0.65
2027	36.96	-0.65
2028	36.96	-0.65
2029	36.96	-0.65
2030	37.07	-0.65
2031	37.07	-0.65
2032	37.07	-0.65
2033	37.25	-0.65
2034	37.25	-0.65
2035	37.25	-0.65
2036	37.09	-0.65
2037	37.09	-0.65
2038	37.09	-0.65
2039	37.16	-0.65
2040	37.16	-0.65
2041	37.16	-0.65
2042	37.10	-0.65
2043	37.10	-0.65
2044	37.10	-0.65
2045	37.27	-0.65
2046	37.27	-0.65
2047	37.27	-0.65
2048	37.07	-0.65
2049	37.07	-0.65
2050	37.07	-0.65
2051	36.96	-0.65
2052	36.96	-0.65
2053	36.96	-0.65
2054	37.00	-0.65
2055	37.00	-0.65
2056	37.00	-0.65
2057	37.14	-0.65
2058	37.14	-0.65
2059	37.14	-0.65
2060	37.12	-0.65
2061	37.12	-0.65
2062	37.12	-0.65
2063	37.11	-0.65
2064	37.11	-0.65
2065	37.11	-0.65
2066	37.11	-0.65
2067	37.11	-0.65
2068	37.11	-0.65
2069	37.12	-0.65
2070	37.12	-0.65
2071	37.12	-0.65
2072	36.85	-0.65
2073	36.85	-0.65
2074	36.85	-0.65
2075	36.86	-0.65
2076	36.86	-0.65
2077	36.86	-0.65
2078	37.01	-0.65
2079	37.01	-0.65
2080	37.01	-0.65
2081	37.17	-0.65
2082	37.17	-0.65
2083	37.17	-0.65
2084	37.01	-0.65
2085	37.01	-0.65
2086	37.01	-0.65
2087	37.15	-0.65
2088	37.15	-0.65
2089	37.15	-0.65
2090	37.13	-0.65
2091	37.13	-0.65
2092	37.13	-0.65
2093	37.13	-0.65
2094	37.13	-0.65
2095	37.13	-0.65
2096	37.06	-0.65
2097	37.06	-0.65
2098	37.06	-0.65
2099	37.01	-0.65
2100	37.01	-0.65
2101	37.01	-0.65
2102	37.12	-0.65
2103	37.12	-0.65
2104	37.12	-0.65
2105	37.22	-0.65
2106	37.22	-0.65
2107	37.22	-0.65
2108	37.17	-0.65
2109	37.17	-0.65
2110	37.17	-0.65
2111	37.34	-0.65
2112	37.34	-0.65
2113	37.34	-0.65
2114	37.26	-0.65
2115	37.26	-0.65
2116	37.26	-0.65
2117	37.16	-0.65
2118	37.16	-0.65
2119	37.16	-0.65
2120	36.85	-0.65
2121	36.85	-0.65
2122	36.85	-0.65
2123	36.79	-0.65
2124	36.79	-0.65
2125	36.79	-0.65
2126	36.96	-0.65
2127	36.96	-0.65
2128	36.96	-0.65
2129	37.06	-0.65
2130	37.06	-0.65
2131	37.06	-0.65
2132	36.91	-0.65
2133	36.91	-0.65
2134	36.91	-0.65
2135	37.01	-0.65
2136	37.01	-0.65
2137	37.01	-0.65
2138	36.96	-0.65
2139	36.96	-0.65
2140	36.96	-0.65
2141	37.03	-0.65
2142	37.03	-0.65
2143	37.03	-0.65
2144	36.95	-0.65
2145	36.95	-0.65
2146	36.95	-0.65
2147	36.99	-0.65
2148	36.99	-0.65
2149	36.99	-0.65
2150	37.21	-0.65
2151	37.21	-0.65
2152	37.21	-0.65
2153	37.34	-0.65
2154	37.34	-0.65
2155	37.34	-0.65
2156	37.25	-0.65
2157	37.25	-0.65
2158	37.25	-0.65
2159	37.19	-0.65
2160	37.19	-0.65
2161	37.19	-0.65
2162	37.17	-0.65
2163	37.17	-0.65
2164	37.17	-0.65
2165	37.17	-0.65
2166	37.17	-0.65
2167	37.17	-0.65
2168	36.91	-0.65
2169	36.91	-0.65
2170	36.91	-0.65
2171	36.90	-0.65
2172	36.90	-0.65
2173	36.90	-0.65
2174	37.12	-0.65
2175	37.12	-0.65
2176	37.12	-0.65
2177	37.23	-0.65
2178	37.23	-0.65
2179	37.23	-0.65
2180	37.17	-0.65
2181	37.17	-0.65
2182	37.17	-0.65
2183	37.06	-0.65
2184	37.06	-0.65
2185	37.06	-0.65
2186	37.10	-0.65
2187	37.10	-0.65
2188	37.10	-0.65
2189	36.95	-0.65
2190	36.95	-0.65
2191	36.95	-0.65
2192	36.78	-0.65
2193	36.78	-0.66
2194	36.78	-0.66
2195	36.79	-0.66
2196	36.79	-0.65
2197	36.79	-0.65
2198	37.03	-0.65
2199	37.03	-0.65
2200	37.03	-0.65
2201	37.07	-0.65
2202	37.07	-0.65
2203	37.07	-0.65
2204	37.02	-0.65
2205	37.02	-0.66
2206	37.02	-0.66
2207	37.09	-0.66
2208	37.09	-0.65
2209	37.09	-0.65
2210	37.34	-0.65
2211	37.34	-0.65
2212	37.34	-0.65
2213	37.17	-0.65
2214	37.17	-0.65
2215	37.17	-0.65
2216	36.92	-0.65
2217	36.92	-0.65
2218	36.92	-0.65
2219	36.92	-0.65
2220	36.92	-0.65
2221	36.92	-0.65
2222	37.22	-0.65
2223	37.22	-0.65
2224	37.22	-0.65
2225	37.13	-0.65
2226	37.13	-0.65
2227	37.13	-0.65
2228	37.29	-0.65
2229	37.29	-0.65
2230	37.29	-0.65
2231	37.29	-0.65
2232	37.29	-0.65
2233	37.29	-0.65
2234	37.17	-0.65
2235	37.17	-0.65
2236	37.17	-0.65
2237	37.01	-0.65
2238	37.01	-0.66
2239	37.01	-0.66
2240	36.97	-0.66
2241	36.97	-0.65
2242	36.97	-0.65
2243	37.01	-0.65
2244	37.01	-0.66
2245	37.01	-0.66
2246	37.23	-0.66
2247	37.23	-0.66
2248	37.23	-0.66
2249	37.26	-0.66
2250	37.26	-0.65
2251	37.26	-0.65
2252	37.27	-0.65
2253	37.27	-0.66
2254	37.27	-0.66
2255	37.22	-0.66
2256	37.22	-0.65
2257	37.22	-0.65
2258	37.21	-0.65
2259	37.21	-0.65
2260	37.21	-0.65
2261	37.01	-0.65
2262	37.01	-0.66
2263	37.01	-0.66
2264	36.91	-0.66
2265	36.91	-0.65
2266	36.91	-0.65
2267	37.00	-0.65
2268	37.00	-0.65
2269	37.00	-0.65
2270	37.26	-0.65
2271	37.26	-0.65
2272	37.26	-0.65
2273	37.10	-0.65
2274	37.10	-0.65
2275	37.10	-0.65
2276	37.12	-0.65
2277	37.12	-0.66
2278	37.12	-0.66
2279	36.96	-0.66
2280	36.96	-0.65
2281	36.96	-0.65
2282	37.09	-0.65
2283	37.09	-0.66
2284	37.09	-0.66
2285	36.98	-0.66
2286	36.98	-0.66
2287	36.98	-0.66
2288	36.84	-0.66
2289	36.84	-0.66
2290	36.84	-0.66
2291	36.89	-0.66
2292	36.89	-0.66
2293	36.89	-0.66
2294	37.20	-0.66
2295	37.20	-0.66
2296	37.20	-0.66
2297	37.15	-0.66
2298	37.15	-0.66
2299	37.15	-0.66
2300	37.19	-0.66
2301	37.19	-0.66
2302	37.19	-0.66
2303	33.35	-0.66
2304	33.35	-0.66
2305	33.35	-0.66
2306	10.44	-0.66
2307	10.44	-0.65
2308	10.44	-0.65
2309	-2.43	-0.65
2310	-2.43	-0.66
2311	-2.43	-0.66
2312	-4.37	-0.66
2313	-4.37	-0.65
2314	-4.37	-0.65
2315	-0.41	-0.65
2316	-0.41	-0.65
2317	-0.41	-0.65
2318	2.03	-0.65
2319	2.03	-0.65
2320	2.03	-0.65
2321	0.88	-0.65
2322	0.88	-0.65
2323	0.88	-0.65
2324	-1.05	-0.65
2325	-1.05	-0.65
2326	-1.05	-0.65
2327	-1.21	-0.65
2328	-1.21	-0.65
2329	-1.21	-0.65
2330	-0.08	-0.65
2331	-0.08	-0.65
2332	-0.08	-0.65
2333	0.53	-0.65
2334	0.53	-0.65
2335	0.53	-0.65
2336	0.04	-0.65
2337	0.04	-0.65
2338	0.04	-0.65
2339	-0.61	-0.65
2340	-0.61	-0.65
2341	-0.61	-0.65
2342	-0.59	-0.65
2343	-0.59	-0.65
2344	-0.59	-0.65
2345	-0.15	-0.65
2346	-0.15	-0.66
2347	-0.15	-0.66
2348	0.04	-0.66
2349	0.04	-0.65
2350	0.04	-0.65
2351	-0.18	-0.65
2352	-0.18	-0.66
2353	-0.18	-0.66
2354	-0.42	-0.66
2355	-0.42	-0.66
2356	-0.42	-0.66
2357	-0.39	-0.66
2358	-0.39	-0.65
2359	-0.39	-0.65
2360	-0.21	-0.65
2361	-0.21	-0.65
2362	-0.21	-0.65
2363	-0.16	-0.65
2364	-0.16	-0.65
2365	-0.16	-0.65
2366	-0.25	-0.65
2367	-0.25	-0.66
2368	-0.25	-0.66
2369	-0.34	-0.66
2370	-0.34	-0.65
2371	-0.34	-0.65
2372	-0.32	-0.65
2373	-0.32	-0.66
2374	-0.32	-0.66
2375	-0.25	-0.66
2376	-0.25	-0.65
2377	-0.25	-0.65
2378	-0.24	-0.65
2379	-0.24	-0.66
2380	-0.24	-0.66
2381	-0.28	-0.66
2382	-0.28	-0.65
2383	-0.28	-0.65
2384	-0.31	-0.65
2385	-0.31	-0.66
2386	-0.31	-0.66
2387	-0.30	-0.66
2388	-0.30	-0.65
2389	-0.30	-0.65
