Tempo(s)    P0(KPa) P0+Coluna(KPa)  P1(KPa) P1+Coluna(KPa)  Vazao(L/min)    Pulsos
0.000	0.00	2.34	-0.00	7.65	0.000	0
0.032	0.00	2.34	-0.00	7.65	0.000	0
0.064	0.00	2.34	-0.00	7.65	0.000	0
0.096	0.00	2.34	-0.00	7.65	0.000	0
0.128	-0.00	2.34	-0.00	7.65	0.000	0
0.160	0.00	2.35	-0.01	7.65	0.000	0
0.192	0.00	2.35	-0.00	7.65	0.000	0
0.224	0.00	2.34	-0.00	7.65	0.000	0
0.256	0.00	2.35	-0.01	7.64	0.000	0
0.288	0.00	2.34	-0.00	7.65	0.000	0
0.320	0.00	2.34	-0.01	7.65	0.000	0
0.352	-0.00	2.34	-0.01	7.65	0.000	0
0.384	-0.00	2.34	-0.00	7.65	0.000	0
0.416	0.00	2.34	-0.00	7.65	0.000	0
0.448	0.00	2.34	-0.00	7.65	0.000	0
0.480	0.00	2.34	-0.01	7.65	0.000	0
0.512	0.00	2.34	-0.00	7.65	0.000	0
0.544	-0.00	2.34	-0.00	7.65	0.000	0
0.576	-0.00	2.34	-0.00	7.65	0.000	0
0.608	0.00	2.34	-0.01	7.65	0.000	0
0.640	0.00	2.34	-0.01	7.65	0.000	0
0.672	0.00	2.35	-0.00	7.65	0.000	0
0.704	-0.00	2.34	-0.00	7.65	0.000	0
0.736	0.00	2.34	-0.00	7.65	0.000	0
0.768	0.00	2.34	-0.00	7.65	0.000	0
0.800	0.00	2.34	-0.01	7.65	0.000	0
0.832	0.00	2.34	0.00	7.65	0.000	0
0.864	0.00	2.34	-0.00	7.65	0.000	0
0.896	0.00	2.34	-0.00	7.65	0.000	0
0.928	0.00	2.34	-0.00	7.65	0.000	0
0.960	-0.00	2.34	-0.00	7.65	0.000	0
0.992	0.00	2.34	0.00	7.65	0.000	0
1.024	0.00	2.35	-0.01	7.64	0.000	0
1.056	0.00	2.35	-0.00	7.65	0.000	0
1.088	0.00	2.35	-0.00	7.65	0.000	0
1.120	0.00	2.34	-0.00	7.65	0.000	0
1.152	-0.00	2.34	-0.00	7.65	0.000	0
1.184	0.00	2.34	-0.01	7.65	0.000	0
1.216	-0.00	2.34	-0.01	7.65	0.000	0
1.248	0.00	2.34	-0.00	7.65	0.000	0
1.280	0.00	2.34	-0.00	7.65	0.000	0
1.312	0.00	2.34	-0.00	7.65	0.000	0
1.344	0.00	2.34	-0.00	7.65	0.000	0
1.376	0.06	2.41	-0.01	7.65	0.000	0
1.408	1.18	3.53	0.00	7.65	0.000	0
1.440	3.28	5.63	0.01	7.66	0.000	0
1.472	5.44	7.78	0.01	7.66	0.000	0
1.504	7.56	9.90	0.00	7.65	0.000	0
1.536	9.51	11.85	0.00	7.65	0.000	0
1.568	11.28	13.63	-0.00	7.65	0.000	0
1.600	12.86	15.21	0.01	7.66	0.000	0
1.632	14.25	16.59	0.01	7.66	0.000	0
1.664	15.46	17.81	0.01	7.66	0.000	0
1.696	16.50	18.85	0.01	7.66	0.706	154
1.728	17.39	19.73	0.00	7.65	0.706	154
1.760	18.13	20.47	0.00	7.65	0.706	154
1.792	18.74	21.08	0.01	7.66	0.706	154
1.824	19.24	21.58	0.00	7.65	0.706	154
1.856	19.65	21.99	0.00	7.65	0.706	154
1.888	19.95	22.30	0.00	7.65	0.706	154
1.920	20.20	22.55	0.01	7.66	0.706	154
1.952	20.42	22.76	0.01	7.66	0.706	154
1.984	20.59	22.93	0.01	7.66	0.706	154
2.016	20.75	23.09	0.00	7.65	0.706	154
2.048	20.89	23.23	0.01	7.66	0.706	154
2.080	20.99	23.34	0.01	7.66	0.706	154
2.112	21.07	23.41	0.01	7.66	0.706	154
2.144	21.12	23.47	0.01	7.66	0.706	154
2.176	21.16	23.51	0.00	7.65	1.206	263
2.208	21.19	23.53	0.00	7.65	1.206	263
2.240	21.22	23.57	0.01	7.66	1.206	263
2.272	21.25	23.59	0.01	7.66	1.206	263
2.304	21.26	23.60	0.00	7.65	1.206	263
2.336	21.26	23.61	0.01	7.66	1.206	263
2.368	21.26	23.61	0.00	7.65	1.206	263
2.400	21.25	23.60	0.01	7.66	1.206	263
2.432	21.27	23.61	0.00	7.65	1.206	263
2.464	21.27	23.61	0.01	7.66	1.206	263
2.496	21.30	23.64	-0.00	7.65	1.206	263
2.528	21.33	23.67	0.00	7.65	1.206	263
2.560	21.35	23.70	0.01	7.66	1.206	263
2.592	21.37	23.71	-0.00	7.65	1.206	263
2.624	21.36	23.70	0.00	7.65	1.206	263
2.656	21.36	23.70	0.00	7.65	1.229	268
2.688	21.35	23.69	0.00	7.65	1.229	268
2.720	21.35	23.69	0.01	7.66	1.229	268
2.752	21.37	23.71	0.00	7.65	1.229	268
2.784	21.36	23.70	0.00	7.65	1.229	268
2.816	21.34	23.69	-0.00	7.65	1.229	268
2.848	21.33	23.67	0.01	7.66	1.229	268
2.880	21.31	23.65	0.01	7.66	1.229	268
2.912	21.29	23.64	0.00	7.65	1.229	268
2.944	21.28	23.62	0.01	7.66	1.229	268
2.976	21.25	23.60	0.00	7.65	1.229	268
3.008	21.26	23.60	0.01	7.66	1.229	268
3.040	21.26	23.60	0.01	7.66	1.229	268
3.072	21.26	23.61	0.01	7.66	1.229	268
3.104	21.26	23.61	0.01	7.66	1.243	271
3.136	21.27	23.61	0.01	7.66	1.243	271
3.168	21.28	23.62	0.01	7.66	1.243	271
3.200	21.28	23.62	0.01	7.66	1.243	271
3.232	21.30	23.64	0.00	7.65	1.243	271
3.264	21.30	23.65	0.00	7.65	1.243	271
3.296	21.29	23.63	0.00	7.65	1.243	271
3.328	21.27	23.61	0.00	7.65	1.243	271
3.360	21.24	23.59	0.01	7.66	1.243	271
3.392	21.23	23.58	0.00	7.65	1.243	271
3.424	21.21	23.55	0.01	7.66	1.243	271
3.456	21.19	23.53	0.00	7.65	1.243	271
3.488	21.20	23.54	0.01	7.66	1.243	271
3.520	21.21	23.55	0.01	7.66	1.243	271
3.552	21.20	23.54	0.01	7.66	1.243	271
3.584	21.20	23.55	0.00	7.65	1.243	271
3.616	21.19	23.54	0.00	7.65	1.243	271
3.648	21.20	23.54	0.00	7.65	1.243	271
3.680	21.20	23.55	0.01	7.66	1.243	271
3.712	21.21	23.55	0.00	7.65	1.243	271
3.744	21.21	23.56	0.00	7.65	1.243	271
3.776	21.21	23.56	0.01	7.66	1.243	271
3.808	21.20	23.55	0.00	7.65	1.243	271
3.840	21.21	23.55	0.01	7.66	1.243	271
3.872	21.20	23.54	0.00	7.65	1.243	271
3.904	21.20	23.54	0.00	7.65	1.243	271
3.936	21.18	23.52	0.00	7.65	1.243	271
3.968	21.17	23.52	0.00	7.65	1.243	271
4.000	21.18	23.53	0.01	7.66	1.243	271
4.032	21.20	23.54	0.00	7.65	1.248	272
4.064	21.22	23.56	0.01	7.66	1.248	272
4.096	21.24	23.58	0.00	7.65	1.248	272
4.128	21.24	23.58	0.01	7.66	1.248	272
4.160	21.24	23.59	0.01	7.66	1.248	272
4.192	21.23	23.57	0.01	7.66	1.248	272
4.224	21.23	23.57	0.00	7.65	1.248	272
4.256	21.21	23.55	0.00	7.65	1.248	272
4.288	21.20	23.55	0.00	7.65	1.248	272
4.320	21.20	23.54	0.01	7.66	1.248	272
4.352	21.20	23.54	0.00	7.65	1.248	272
4.384	21.20	23.54	0.00	7.65	1.248	272
4.416	21.19	23.54	0.01	7.66	1.248	272
4.448	21.18	23.53	0.01	7.66	1.248	272
4.480	21.18	23.53	0.00	7.65	1.248	272
4.512	21.19	23.53	0.00	7.65	1.248	272
4.544	21.19	23.53	0.00	7.65	1.248	272
4.576	21.17	23.51	0.00	7.65	1.248	272
4.608	21.15	23.50	0.01	7.66	1.248	272
4.640	21.15	23.49	0.01	7.66	1.248	272
4.672	21.14	23.48	0.00	7.65	1.248	272
4.704	21.15	23.49	0.01	7.66	1.248	272
4.736	21.16	23.50	0.00	7.65	1.248	272
4.768	21.15	23.49	0.01	7.66	1.248	272
4.800	21.14	23.48	0.01	7.66	1.248	272
4.832	21.13	23.47	-0.00	7.65	1.248	272
4.864	21.11	23.45	0.00	7.65	1.248	272
4.896	21.10	23.44	0.01	7.66	1.248	272
4.928	21.09	23.43	0.01	7.66	1.248	272
4.960	21.09	23.43	0.01	7.66	1.248	272
4.992	21.10	23.45	0.00	7.65	1.252	273
5.024	21.11	23.45	0.01	7.66	1.252	273
5.056	21.12	23.46	0.00	7.65	1.252	273
5.088	21.13	23.47	0.01	7.66	1.252	273
5.120	21.14	23.48	0.00	7.65	1.252	273
5.152	21.13	23.48	0.01	7.66	1.252	273
5.184	21.14	23.48	0.00	7.65	1.252	273
5.216	21.13	23.48	0.01	7.66	1.252	273
5.248	21.11	23.46	0.01	7.66	1.252	273
5.280	21.10	23.44	0.00	7.65	1.252	273
5.312	21.09	23.43	-0.00	7.65	1.252	273
5.344	21.09	23.43	0.00	7.65	1.252	273
5.376	21.09	23.43	0.01	7.66	1.252	273
5.408	21.08	23.42	0.01	7.66	1.252	273
5.440	21.08	23.42	0.00	7.65	1.248	272
5.472	21.08	23.43	0.00	7.65	1.248	272
5.504	21.09	23.43	0.00	7.65	1.248	272
5.536	21.09	23.44	0.00	7.65	1.248	272
5.568	21.09	23.43	0.01	7.66	1.248	272
5.600	21.08	23.42	0.01	7.66	1.248	272
5.632	21.07	23.42	0.01	7.66	1.248	272
5.664	21.07	23.41	0.01	7.66	1.248	272
5.696	21.08	23.42	0.01	7.66	1.248	272
5.728	21.10	23.44	0.01	7.66	1.248	272
5.760	21.10	23.44	0.00	7.65	1.248	272
5.792	21.10	23.45	0.00	7.65	1.248	272
5.824	21.11	23.46	0.01	7.66	1.248	272
5.856	21.11	23.46	0.01	7.66	1.248	272
5.888	21.12	23.46	0.01	7.66	1.248	272
5.920	21.09	23.44	0.00	7.65	1.252	273
5.952	21.08	23.43	0.01	7.66	1.252	273
5.984	21.09	23.44	0.01	7.66	1.252	273
6.016	21.10	23.44	0.01	7.66	1.252	273
6.048	21.09	23.44	0.01	7.66	1.252	273
6.080	21.09	23.43	0.00	7.65	1.252	273
6.112	21.09	23.43	0.01	7.66	1.252	273
6.144	21.08	23.42	0.00	7.65	1.252	273
6.176	21.08	23.42	0.01	7.66	1.252	273
6.208	21.08	23.43	0.01	7.66	1.252	273
6.240	21.08	23.43	0.01	7.66	1.252	273
6.272	21.07	23.42	0.00	7.65	1.252	273
6.304	21.07	23.42	0.00	7.65	1.252	273
6.336	21.06	23.41	0.01	7.66	1.252	273
6.368	21.05	23.40	0.01	7.66	1.252	273
6.400	21.06	23.40	0.01	7.66	1.252	273
6.432	21.05	23.40	0.00	7.65	1.252	273
6.464	21.05	23.40	0.00	7.65	1.252	273
6.496	21.05	23.40	0.00	7.65	1.252	273
6.528	21.06	23.41	0.01	7.66	1.252	273
6.560	21.07	23.42	0.01	7.66	1.252	273
6.592	21.08	23.43	0.00	7.65	1.252	273
6.624	21.09	23.44	0.00	7.65	1.252	273
6.656	21.10	23.45	0.01	7.66	1.252	273
6.688	21.11	23.45	0.01	7.66	1.252	273
6.720	21.12	23.46	0.00	7.65	1.252	273
6.752	21.12	23.46	0.00	7.65	1.252	273
6.784	21.11	23.46	0.01	7.66	1.252	273
6.816	21.11	23.45	0.01	7.66	1.252	273
6.848	21.10	23.45	0.00	7.65	1.248	272
6.880	21.10	23.44	-0.00	7.65	1.248	272
6.912	21.08	23.42	0.00	7.65	1.248	272
6.944	21.09	23.44	0.01	7.66	1.248	272
6.976	21.10	23.44	0.00	7.65	1.248	272
7.008	21.10	23.44	0.00	7.65	1.248	272
7.040	21.10	23.45	0.01	7.66	1.248	272
7.072	21.11	23.46	0.01	7.66	1.248	272
7.104	21.13	23.48	0.01	7.66	1.248	272
7.136	21.14	23.48	0.01	7.66	1.248	272
7.168	21.13	23.47	0.01	7.66	1.248	272
7.200	21.13	23.48	0.01	7.66	1.248	272
7.232	21.11	23.46	0.01	7.66	1.248	272
7.264	21.10	23.44	0.00	7.65	1.248	272
7.296	21.08	23.43	0.01	7.66	1.248	272
7.328	21.06	23.40	0.01	7.66	1.252	273
7.360	21.05	23.40	0.00	7.65	1.252	273
7.392	21.04	23.39	0.00	7.65	1.252	273
7.424	21.03	23.37	0.00	7.65	1.252	273
7.456	21.03	23.38	0.01	7.66	1.252	273
7.488	21.04	23.38	0.01	7.66	1.252	273
7.520	21.05	23.39	0.00	7.65	1.252	273
7.552	21.05	23.39	0.00	7.65	1.252	273
7.584	21.05	23.39	0.01	7.66	1.252	273
7.616	21.06	23.40	0.01	7.66	1.252	273
7.648	21.05	23.39	0.01	7.66	1.252	273
7.680	21.05	23.39	0.00	7.65	1.252	273
7.712	21.05	23.39	0.01	7.66	1.252	273
7.744	21.05	23.39	0.00	7.65	1.252	273
7.776	21.04	23.39	0.01	7.66	1.252	273
7.808	21.04	23.39	0.01	7.66	1.252	273
7.840	21.04	23.38	0.01	7.66	1.252	273
7.872	21.04	23.39	0.00	7.65	1.252	273
7.904	21.03	23.37	0.00	7.65	1.252	273
7.936	21.02	23.36	0.01	7.66	1.252	273
7.968	21.01	23.35	0.01	7.66	1.252	273
8.000	21.01	23.35	0.01	7.66	1.252	273
8.032	21.01	23.36	0.00	7.65	1.252	273
8.064	21.02	23.36	0.01	7.66	1.252	273
8.096	21.00	23.35	0.00	7.65	1.252	273
8.128	21.00	23.34	0.00	7.65	1.252	273
8.160	20.99	23.33	0.01	7.66	1.252	273
8.192	20.99	23.33	0.01	7.66	1.252	273
8.224	20.98	23.33	0.00	7.65	1.252	273
8.256	20.98	23.32	0.00	7.65	1.252	273
8.288	20.98	23.33	0.01	7.66	1.252	273
8.320	20.99	23.33	0.00	7.65	1.252	273
8.352	21.00	23.34	0.01	7.66	1.252	273
8.384	21.00	23.35	-0.00	7.65	1.252	273
8.416	20.99	23.33	0.00	7.65	1.252	273
8.448	20.99	23.34	0.00	7.65	1.252	273
8.480	21.00	23.34	0.01	7.66	1.252	273
8.512	21.00	23.34	0.00	7.65	1.252	273
8.544	21.00	23.34	0.01	7.66	1.252	273
8.576	21.00	23.34	0.00	7.65	1.252	273
8.608	21.00	23.34	-0.00	7.65	1.252	273
8.640	21.00	23.35	0.00	7.65	1.252	273
8.672	21.01	23.35	0.00	7.65	1.252	273
8.704	21.01	23.36	0.01	7.66	1.252	273
8.736	21.01	23.36	0.00	7.65	1.248	272
8.768	21.00	23.35	0.00	7.65	1.248	272
8.800	20.99	23.34	0.00	7.65	1.248	272
8.832	20.99	23.33	0.00	7.65	1.248	272
8.864	20.99	23.33	0.00	7.65	1.248	272
8.896	20.99	23.33	0.01	7.66	1.248	272
8.928	20.98	23.33	0.00	7.65	1.248	272
8.960	21.00	23.35	0.00	7.65	1.248	272
8.992	21.00	23.34	0.00	7.65	1.248	272
9.024	21.00	23.34	0.01	7.66	1.248	272
9.056	21.00	23.34	0.01	7.66	1.248	272
9.088	20.99	23.33	0.00	7.65	1.248	272
9.120	20.97	23.32	0.00	7.65	1.248	272
9.152	20.96	23.31	0.00	7.65	1.248	272
9.184	20.97	23.32	0.00	7.65	1.252	273
9.216	20.97	23.32	0.01	7.66	1.252	273
9.248	20.98	23.32	0.00	7.65	1.252	273
9.280	20.98	23.33	0.00	7.65	1.252	273
9.312	20.98	23.32	-0.00	7.65	1.252	273
9.344	20.98	23.32	0.00	7.65	1.252	273
9.376	20.96	23.30	0.01	7.66	1.252	273
9.408	20.94	23.29	0.00	7.65	1.252	273
9.440	20.94	23.28	0.01	7.66	1.252	273
9.472	20.92	23.27	0.00	7.65	1.252	273
9.504	20.91	23.25	0.00	7.65	1.252	273
9.536	20.90	23.25	0.01	7.66	1.252	273
9.568	20.91	23.26	0.01	7.66	1.252	273
9.600	20.94	23.28	0.00	7.65	1.252	273
9.632	20.96	23.30	-0.00	7.65	1.252	273
9.664	20.99	23.34	0.01	7.66	1.248	272
9.696	21.01	23.36	0.01	7.66	1.248	272
9.728	21.02	23.37	0.00	7.65	1.248	272
9.760	21.03	23.37	0.00	7.65	1.248	272
9.792	21.03	23.37	0.01	7.66	1.248	272
9.824	21.02	23.37	0.01	7.66	1.248	272
9.856	21.02	23.36	0.01	7.66	1.248	272
9.888	21.01	23.35	0.00	7.65	1.248	272
9.920	21.00	23.35	0.00	7.65	1.248	272
9.952	21.01	23.36	0.00	7.65	1.248	272
9.984	21.00	23.34	0.01	7.66	1.248	272
10.016	21.00	23.34	0.01	7.66	1.248	272
10.048	21.00	23.34	0.00	7.65	1.248	272
10.080	21.00	23.34	0.00	7.65	1.248	272
10.112	21.00	23.34	0.01	7.66	1.248	272
10.144	21.00	23.34	0.01	7.66	1.252	273
10.176	21.01	23.35	0.00	7.65	1.252	273
10.208	21.01	23.35	0.00	7.65	1.252	273
10.240	20.99	23.34	0.01	7.66	1.252	273
10.272	20.98	23.32	0.01	7.66	1.252	273
10.304	20.97	23.31	0.01	7.66	1.252	273
10.336	20.96	23.31	0.01	7.66	1.252	273
10.368	20.95	23.29	0.01	7.66	1.252	273
10.400	20.93	23.27	0.00	7.65	1.252	273
10.432	20.91	23.26	0.00	7.65	1.252	273
10.464	20.90	23.25	0.01	7.66	1.252	273
10.496	20.90	23.25	0.01	7.66	1.252	273
10.528	20.91	23.25	0.00	7.65	1.252	273
10.560	20.91	23.25	-0.00	7.65	1.252	273
10.592	20.91	23.25	0.00	7.65	1.252	273
10.624	20.90	23.25	0.01	7.66	1.252	273
10.656	20.91	23.26	0.01	7.66	1.252	273
10.688	20.91	23.26	0.01	7.66	1.252	273
10.720	20.90	23.24	0.01	7.66	1.252	273
10.752	20.90	23.24	0.00	7.65	1.252	273
10.784	20.90	23.24	0.01	7.66	1.252	273
10.816	20.90	23.25	0.00	7.65	1.252	273
10.848	20.92	23.26	0.01	7.66	1.252	273
10.880	20.91	23.26	0.00	7.65	1.252	273
10.912	20.91	23.26	0.00	7.65	1.252	273
10.944	20.91	23.26	0.01	7.66	1.252	273
10.976	20.91	23.25	0.00	7.65	1.252	273
11.008	20.90	23.25	0.01	7.66	1.252	273
11.040	20.90	23.24	0.00	7.65	1.252	273
11.072	20.90	23.24	0.01	7.66	1.252	273
11.104	20.90	23.25	0.01	7.66	1.252	273
11.136	20.91	23.26	0.01	7.66	1.252	273
11.168	20.94	23.28	0.00	7.65	1.252	273
11.200	20.96	23.30	0.00	7.65	1.252	273
11.232	20.97	23.31	0.00	7.65	1.252	273
11.264	20.96	23.31	0.01	7.66	1.252	273
11.296	20.97	23.31	0.01	7.66	1.252	273
11.328	20.97	23.31	0.00	7.65	1.252	273
11.360	20.96	23.30	0.01	7.66	1.252	273
11.392	20.94	23.29	0.01	7.66	1.252	273
11.424	20.94	23.29	0.01	7.66	1.252	273
11.456	20.95	23.29	0.01	7.66	1.252	273
11.488	20.94	23.28	0.01	7.66	1.252	273
11.520	20.94	23.28	0.00	7.65	1.257	274
11.552	20.94	23.28	0.00	7.65	1.257	274
11.584	20.94	23.28	0.01	7.66	1.257	274
11.616	20.95	23.29	0.00	7.65	1.257	274
11.648	20.98	23.33	0.00	7.65	1.257	274
11.680	21.00	23.35	0.01	7.66	1.257	274
11.712	21.02	23.36	0.00	7.65	1.257	274
11.744	21.02	23.37	0.01	7.66	1.257	274
11.776	21.02	23.36	0.00	7.65	1.257	274
11.808	21.02	23.36	0.00	7.65	1.257	274
11.840	21.03	23.38	0.01	7.66	1.257	274
11.872	21.04	23.38	0.00	7.65	1.257	274
11.904	21.02	23.36	0.01	7.66	1.257	274
11.936	21.02	23.37	0.01	7.66	1.257	274
11.968	21.03	23.38	0.01	7.66	1.257	274
12.000	21.02	23.37	0.00	7.65	1.252	273
12.032	21.01	23.36	-0.00	7.65	1.252	273
12.064	21.00	23.35	0.01	7.66	1.252	273
12.096	20.99	23.34	0.01	7.66	1.252	273
12.128	20.99	23.33	0.01	7.66	1.252	273
12.160	21.01	23.35	0.00	7.65	1.252	273
12.192	21.01	23.35	0.00	7.65	1.252	273
12.224	21.00	23.35	0.01	7.66	1.252	273
12.256	20.99	23.33	0.00	7.65	1.252	273
12.288	20.96	23.31	0.00	7.65	1.252	273
12.320	20.96	23.30	0.00	7.65	1.252	273
12.352	20.97	23.32	0.00	7.65	1.252	273
12.384	20.96	23.31	0.01	7.66	1.252	273
12.416	20.96	23.31	0.00	7.65	1.252	273
12.448	20.97	23.32	0.00	7.65	1.252	273
12.480	20.99	23.34	0.00	7.65	1.252	273
12.512	20.99	23.34	0.00	7.65	1.252	273
12.544	20.98	23.32	0.01	7.66	1.252	273
12.576	20.97	23.31	0.00	7.65	1.252	273
12.608	20.96	23.31	0.01	7.66	1.252	273
12.640	20.97	23.32	0.00	7.65	1.252	273
12.672	20.98	23.33	0.01	7.66	1.252	273
12.704	20.99	23.33	0.01	7.66	1.252	273
12.736	20.99	23.34	0.01	7.66	1.252	273
12.768	20.99	23.34	0.00	7.65	1.252	273
12.800	21.00	23.34	0.00	7.65	1.252	273
12.832	21.01	23.36	0.00	7.65	1.252	273
12.864	21.01	23.35	0.00	7.65	1.252	273
12.896	21.00	23.35	0.01	7.66	1.252	273
12.928	21.00	23.35	0.00	7.65	1.257	274
12.960	21.02	23.36	0.00	7.65	1.257	274
12.992	21.02	23.37	0.00	7.65	1.257	274
13.024	21.04	23.38	0.00	7.65	1.257	274
13.056	21.06	23.40	0.01	7.66	1.257	274
13.088	21.08	23.42	0.00	7.65	1.257	274
13.120	21.09	23.44	0.00	7.65	1.257	274
13.152	21.12	23.47	0.00	7.65	1.257	274
13.184	21.14	23.49	0.01	7.66	1.257	274
13.216	21.14	23.49	0.01	7.66	1.257	274
13.248	21.14	23.48	0.01	7.66	1.257	274
13.280	21.13	23.47	0.00	7.65	1.257	274
13.312	21.12	23.46	0.00	7.65	1.257	274
13.344	21.10	23.45	0.01	7.66	1.257	274
13.376	21.10	23.44	0.01	7.66	1.257	274
13.408	21.08	23.43	0.01	7.66	1.257	274
13.440	21.07	23.42	0.00	7.65	1.257	274
13.472	21.06	23.41	0.01	7.66	1.257	274
13.504	21.05	23.40	0.01	7.66	1.257	274
13.536	21.05	23.39	0.01	7.66	1.257	274
13.568	21.03	23.38	0.00	7.65	1.257	274
13.600	21.02	23.36	0.00	7.65	1.257	274
13.632	21.03	23.37	0.01	7.66	1.257	274
13.664	21.04	23.39	0.01	7.66	1.257	274
13.696	21.05	23.40	0.00	7.65	1.257	274
13.728	21.05	23.39	0.01	7.66	1.257	274
13.760	21.05	23.40	0.00	7.65	1.257	274
13.792	21.05	23.39	0.00	7.65	1.257	274
13.824	21.04	23.38	0.01	7.66	1.257	274
13.856	21.01	23.35	0.01	7.66	1.257	274
13.888	21.00	23.34	0.01	7.66	1.252	273
13.920	21.02	23.37	0.01	7.66	1.252	273
13.952	21.04	23.38	0.01	7.66	1.252	273
13.984	21.05	23.39	0.01	7.66	1.252	273
14.016	21.07	23.41	0.00	7.65	1.252	273
14.048	21.07	23.42	0.00	7.65	1.252	273
14.080	21.08	23.42	0.01	7.66	1.252	273
14.112	21.08	23.43	0.00	7.65	1.252	273
14.144	21.10	23.44	0.01	7.66	1.252	273
14.176	21.12	23.46	0.00	7.65	1.252	273
14.208	21.12	23.46	0.00	7.65	1.252	273
14.240	21.11	23.46	0.01	7.66	1.252	273
14.272	21.10	23.45	0.00	7.65	1.252	273
14.304	21.10	23.44	0.01	7.66	1.252	273
14.336	21.09	23.43	0.00	7.65	1.257	274
14.368	21.06	23.41	0.01	7.66	1.257	274
14.400	21.05	23.40	0.01	7.66	1.257	274
14.432	21.05	23.39	0.01	7.66	1.257	274
14.464	21.04	23.39	0.00	7.65	1.257	274
14.496	21.05	23.39	0.01	7.66	1.257	274
14.528	21.04	23.39	0.00	7.65	1.257	274
14.560	21.04	23.38	0.00	7.65	1.257	274
14.592	21.03	23.37	0.01	7.66	1.257	274
14.624	21.03	23.38	0.01	7.66	1.257	274
14.656	21.04	23.38	0.01	7.66	1.257	274
14.688	21.04	23.38	0.00	7.65	1.257	274
14.720	21.04	23.39	0.01	7.66	1.257	274
14.752	21.06	23.40	0.00	7.65	1.257	274
14.784	21.08	23.43	0.01	7.66	1.257	274
14.816	21.10	23.45	0.01	7.66	1.257	274
14.848	21.10	23.44	0.00	7.65	1.257	274
14.880	21.10	23.45	0.00	7.65	1.257	274
14.912	21.12	23.46	0.00	7.65	1.257	274
14.944	21.11	23.46	0.01	7.66	1.257	274
14.976	21.12	23.46	0.00	7.65	1.257	274
15.008	21.12	23.46	0.01	7.66	1.257	274
15.040	21.11	23.45	0.00	7.65	1.257	274
15.072	21.10	23.45	0.01	7.66	1.257	274
15.104	21.11	23.45	0.00	7.65	1.257	274
15.136	21.11	23.45	0.01	7.66	1.257	274
15.168	21.11	23.46	0.01	7.66	1.257	274
15.200	21.11	23.45	0.01	7.66	1.257	274
15.232	21.10	23.44	0.01	7.66	1.257	274
15.264	21.09	23.44	0.01	7.66	1.257	274
15.296	21.09	23.43	-0.00	7.65	1.257	274
15.328	21.06	23.41	0.00	7.65	1.257	274
15.360	21.04	23.38	0.01	7.66	1.257	274
15.392	21.03	23.38	0.01	7.66	1.257	274
15.424	21.04	23.38	0.01	7.66	1.257	274
15.456	21.04	23.38	0.01	7.66	1.257	274
15.488	21.05	23.39	0.00	7.65	1.257	274
15.520	21.06	23.40	0.01	7.66	1.257	274
15.552	21.06	23.40	0.01	7.66	1.257	274
15.584	21.06	23.40	0.01	7.66	1.257	274
15.616	21.06	23.40	0.00	7.65	1.257	274
15.648	21.06	23.40	0.00	7.65	1.257	274
15.680	21.05	23.40	0.00	7.65	1.257	274
15.712	21.05	23.39	0.00	7.65	1.257	274
15.744	21.04	23.39	0.00	7.65	1.252	273
15.776	21.03	23.38	0.01	7.66	1.252	273
15.808	21.03	23.37	0.00	7.65	1.252	273
15.840	21.02	23.37	0.01	7.66	1.252	273
15.872	21.04	23.38	0.01	7.66	1.252	273
15.904	21.06	23.40	0.01	7.66	1.252	273
15.936	21.08	23.42	0.00	7.65	1.252	273
15.968	21.09	23.43	0.01	7.66	1.252	273
16.000	21.10	23.44	0.00	7.65	1.252	273
16.032	21.10	23.44	0.01	7.66	1.252	273
16.064	21.09	23.43	0.01	7.66	1.252	273
16.096	21.08	23.42	0.01	7.66	1.252	273
16.128	21.08	23.42	0.00	7.65	1.252	273
16.160	21.07	23.42	0.01	7.66	1.252	273
16.192	21.07	23.42	0.01	7.66	1.252	273
16.224	21.08	23.43	0.00	7.65	1.252	273
16.256	21.09	23.43	0.00	7.65	1.252	273
16.288	21.08	23.43	0.01	7.66	1.252	273
16.320	21.07	23.42	0.00	7.65	1.252	273
16.352	21.06	23.41	0.01	7.66	1.252	273
16.384	21.07	23.42	0.01	7.66	1.252	273
16.416	21.07	23.41	0.00	7.65	1.252	273
16.448	21.06	23.41	0.00	7.65	1.252	273
16.480	21.08	23.42	0.01	7.66	1.252	273
16.512	21.08	23.42	0.01	7.66	1.252	273
16.544	21.08	23.43	0.01	7.66	1.252	273
16.576	21.08	23.42	0.00	7.65	1.252	273
16.608	21.08	23.42	0.01	7.66	1.252	273
16.640	21.10	23.45	0.01	7.66	1.252	273
16.672	21.12	23.46	0.01	7.66	1.248	272
16.704	21.15	23.49	0.01	7.66	1.248	272
16.736	21.17	23.51	0.00	7.65	1.248	272
16.768	21.19	23.54	0.00	7.65	1.248	272
16.800	21.20	23.54	0.00	7.65	1.248	272
16.832	21.18	23.53	0.01	7.66	1.248	272
16.864	21.17	23.51	0.01	7.66	1.248	272
16.896	21.16	23.51	0.00	7.65	1.248	272
16.928	21.17	23.51	0.00	7.65	1.248	272
16.960	21.16	23.50	0.00	7.65	1.248	272
16.992	21.15	23.50	0.01	7.66	1.248	272
17.024	21.15	23.50	0.00	7.65	1.248	272
17.056	21.15	23.49	0.00	7.65	1.248	272
17.088	21.14	23.48	0.00	7.65	1.248	272
17.120	21.13	23.47	0.01	7.66	1.248	272
17.152	21.12	23.47	0.01	7.66	1.243	271
17.184	21.11	23.46	0.00	7.65	1.243	271
17.216	21.11	23.45	0.00	7.65	1.243	271
17.248	21.10	23.45	0.00	7.65	1.243	271
17.280	21.10	23.44	0.00	7.65	1.243	271
17.312	21.09	23.44	0.01	7.66	1.243	271
17.344	21.09	23.43	0.00	7.65	1.243	271
17.376	21.09	23.44	0.01	7.66	1.243	271
17.408	21.10	23.44	0.01	7.66	1.243	271
17.440	21.09	23.43	0.01	7.66	1.243	271
17.472	21.10	23.44	0.01	7.66	1.243	271
17.504	21.11	23.45	0.01	7.66	1.243	271
17.536	21.10	23.45	0.00	7.65	1.243	271
17.568	21.10	23.44	0.00	7.65	1.243	271
17.600	21.11	23.46	0.00	7.65	1.243	271
17.632	21.14	23.48	0.01	7.66	1.248	272
17.664	21.15	23.50	0.01	7.66	1.248	272
17.696	21.17	23.52	0.00	7.65	1.248	272
17.728	21.20	23.54	0.01	7.66	1.248	272
17.760	21.23	23.57	0.00	7.65	1.248	272
17.792	21.25	23.59	0.01	7.66	1.248	272
17.824	21.25	23.59	-0.00	7.65	1.248	272
17.856	21.26	23.60	0.00	7.65	1.248	272
17.888	21.27	23.61	0.00	7.65	1.248	272
17.920	21.27	23.62	0.00	7.65	1.248	272
17.952	21.27	23.61	0.00	7.65	1.248	272
17.984	21.27	23.62	0.00	7.65	1.248	272
18.016	21.27	23.61	0.00	7.65	1.248	272
18.048	21.27	23.62	0.00	7.65	1.248	272
18.080	21.27	23.61	0.00	7.65	1.243	271
18.112	21.27	23.62	0.01	7.66	1.243	271
18.144	21.26	23.60	0.01	7.66	1.243	271
18.176	21.24	23.59	0.01	7.66	1.243	271
18.208	21.22	23.57	0.01	7.66	1.243	271
18.240	21.21	23.56	0.00	7.65	1.243	271
18.272	21.21	23.56	0.01	7.66	1.243	271
18.304	21.20	23.55	0.00	7.65	1.243	271
18.336	21.19	23.53	0.00	7.65	1.243	271
18.368	21.19	23.53	0.00	7.65	1.243	271
18.400	21.18	23.53	0.00	7.65	1.243	271
18.432	21.18	23.53	0.01	7.66	1.243	271
18.464	21.17	23.52	0.01	7.66	1.243	271
18.496	21.17	23.52	0.00	7.65	1.243	271
18.528	21.16	23.50	0.00	7.65	1.243	271
18.560	21.14	23.48	0.01	7.66	1.239	270
18.592	21.14	23.49	0.01	7.66	1.239	270
18.624	21.15	23.50	0.01	7.66	1.239	270
18.656	21.15	23.49	0.00	7.65	1.239	270
18.688	21.15	23.49	0.00	7.65	1.239	270
18.720	21.16	23.50	0.00	7.65	1.239	270
18.752	21.17	23.52	0.01	7.66	1.239	270
18.784	21.18	23.52	0.00	7.65	1.239	270
18.816	21.17	23.52	0.00	7.65	1.239	270
18.848	21.17	23.52	0.01	7.66	1.239	270
18.880	21.18	23.52	0.01	7.66	1.239	270
18.912	21.17	23.51	0.00	7.65	1.239	270
18.944	21.17	23.51	0.01	7.66	1.239	270
18.976	21.17	23.52	0.01	7.66	1.239	270
19.008	21.18	23.52	0.00	7.65	1.239	270
19.040	21.18	23.52	0.01	7.66	1.239	270
19.072	21.18	23.52	0.01	7.66	1.239	270
19.104	21.18	23.52	0.01	7.66	1.239	270
19.136	21.18	23.52	0.00	7.65	1.239	270
19.168	21.17	23.51	0.00	7.65	1.239	270
19.200	21.16	23.50	0.00	7.65	1.239	270
19.232	21.16	23.50	0.01	7.66	1.239	270
19.264	21.14	23.48	0.01	7.66	1.239	270
19.296	21.13	23.48	0.00	7.65	1.239	270
19.328	21.13	23.47	-0.00	7.65	1.239	270
19.360	21.13	23.47	0.00	7.65	1.239	270
19.392	21.13	23.48	0.01	7.66	1.239	270
19.424	21.13	23.48	0.00	7.65	1.239	270
19.456	21.13	23.47	0.00	7.65	1.239	270
19.488	21.13	23.47	0.00	7.65	1.239	270
19.520	21.14	23.49	0.00	7.65	1.239	270
19.552	21.14	23.48	0.01	7.66	1.239	270
19.584	21.15	23.50	0.01	7.66	1.239	270
19.616	21.16	23.50	0.00	7.65	1.239	270
19.648	21.15	23.49	0.01	7.66	1.239	270
19.680	21.14	23.48	0.00	7.65	1.239	270
19.712	21.13	23.48	0.00	7.65	1.239	270
19.744	21.12	23.46	0.01	7.66	1.239	270
19.776	21.11	23.46	0.00	7.65	1.239	270
19.808	21.10	23.44	0.00	7.65	1.239	270
19.840	21.09	23.43	0.00	7.65	1.239	270
19.872	21.09	23.43	0.00	7.65	1.239	270
19.904	21.09	23.44	0.00	7.65	1.239	270
19.936	21.09	23.44	0.00	7.65	1.239	270
19.968	21.10	23.45	0.00	7.65	1.234	269
20.000	21.10	23.45	0.00	7.65	1.234	269
20.032	21.11	23.46	0.00	7.65	1.234	269
20.064	21.13	23.48	0.00	7.65	1.234	269
20.096	21.16	23.51	0.01	7.66	1.234	269
20.128	21.18	23.52	0.01	7.66	1.234	269
20.160	21.18	23.53	0.00	7.65	1.234	269
20.192	21.19	23.54	0.01	7.66	1.234	269
20.224	21.20	23.54	0.00	7.65	1.234	269
20.256	21.20	23.54	0.00	7.65	1.234	269
20.288	21.19	23.53	0.00	7.65	1.234	269
20.320	21.18	23.52	0.00	7.65	1.234	269
20.352	21.18	23.53	0.01	7.66	1.234	269
20.384	21.19	23.53	0.00	7.65	1.234	269
20.416	21.19	23.53	0.00	7.65	1.239	270
20.448	21.19	23.53	0.01	7.66	1.239	270
20.480	21.19	23.53	0.00	7.65	1.239	270
20.512	21.18	23.53	0.01	7.66	1.239	270
20.544	21.16	23.51	0.00	7.65	1.239	270
20.576	21.16	23.50	0.01	7.66	1.239	270
20.608	21.17	23.51	0.00	7.65	1.239	270
20.640	21.15	23.50	0.00	7.65	1.239	270
20.672	21.15	23.49	0.01	7.66	1.239	270
20.704	21.12	23.47	0.00	7.65	1.239	270
20.736	21.10	23.45	-0.00	7.65	1.239	270
20.768	21.10	23.44	0.00	7.65	1.239	270
20.800	21.09	23.43	0.01	7.66	1.239	270
20.832	21.08	23.43	0.00	7.65	1.239	270
20.864	21.08	23.42	0.01	7.66	1.239	270
20.896	21.09	23.43	0.00	7.65	1.234	269
20.928	21.09	23.43	0.00	7.65	1.234	269
20.960	21.09	23.43	0.01	7.66	1.234	269
20.992	21.10	23.44	0.00	7.65	1.234	269
21.024	21.11	23.45	0.01	7.66	1.234	269
21.056	21.11	23.45	0.00	7.65	1.234	269
21.088	21.12	23.46	0.00	7.65	1.234	269
21.120	21.13	23.47	0.00	7.65	1.234	269
21.152	21.13	23.48	0.01	7.66	1.234	269
21.184	21.14	23.48	0.00	7.65	1.234	269
21.216	21.14	23.49	0.01	7.66	1.234	269
21.248	21.15	23.50	0.00	7.65	1.234	269
21.280	21.15	23.50	0.00	7.65	1.234	269
21.312	21.15	23.50	0.01	7.66	1.234	269
21.344	21.17	23.51	0.01	7.66	1.234	269
21.376	21.18	23.53	0.00	7.65	1.239	270
21.408	21.19	23.53	0.00	7.65	1.239	270
21.440	21.19	23.53	0.01	7.66	1.239	270
21.472	21.20	23.54	0.01	7.66	1.239	270
21.504	21.22	23.56	0.00	7.65	1.239	270
21.536	21.21	23.55	0.00	7.65	1.239	270
21.568	21.22	23.56	-0.00	7.65	1.239	270
21.600	21.22	23.57	0.01	7.66	1.239	270
21.632	21.22	23.56	0.01	7.66	1.239	270
21.664	21.21	23.56	0.00	7.65	1.239	270
21.696	21.21	23.55	0.00	7.65	1.239	270
21.728	21.20	23.55	0.00	7.65	1.239	270
21.760	21.19	23.53	0.01	7.66	1.239	270
21.792	21.16	23.50	0.00	7.65	1.239	270
21.824	21.16	23.50	0.00	7.65	1.239	270
21.856	21.16	23.50	0.01	7.66	1.239	270
21.888	21.15	23.49	0.00	7.65	1.239	270
21.920	21.16	23.50	0.01	7.66	1.239	270
21.952	21.16	23.50	0.01	7.66	1.239	270
21.984	21.15	23.50	0.01	7.66	1.239	270
22.016	21.15	23.50	-0.00	7.65	1.239	270
22.048	21.16	23.50	0.00	7.65	1.239	270
22.080	21.18	23.53	0.01	7.66	1.239	270
22.112	21.19	23.53	0.01	7.66	1.239	270
22.144	21.18	23.52	0.00	7.65	1.239	270
22.176	21.18	23.53	0.00	7.65	1.239	270
22.208	21.19	23.53	0.01	7.66	1.239	270
22.240	21.19	23.53	0.00	7.65	1.239	270
22.272	21.18	23.52	0.01	7.66	1.239	270
22.304	21.16	23.51	0.00	7.65	1.239	270
22.336	21.16	23.50	0.00	7.65	1.239	270
22.368	21.15	23.50	0.00	7.65	1.239	270
22.400	21.16	23.50	0.00	7.65	1.239	270
22.432	21.16	23.51	0.00	7.65	1.239	270
22.464	21.18	23.53	0.00	7.65	1.239	270
22.496	21.20	23.54	0.00	7.65	1.239	270
22.528	21.20	23.54	0.00	7.65	1.239	270
22.560	21.23	23.57	0.01	7.66	1.239	270
22.592	21.24	23.58	0.01	7.66	1.239	270
22.624	21.24	23.58	0.00	7.65	1.239	270
22.656	21.25	23.59	0.01	7.66	1.239	270
22.688	21.25	23.59	0.00	7.65	1.239	270
22.720	21.26	23.60	0.01	7.66	1.239	270
22.752	21.26	23.60	0.01	7.66	1.239	270
22.784	21.24	23.59	0.00	7.65	1.234	269
22.816	21.25	23.59	0.01	7.66	1.234	269
22.848	21.26	23.60	0.00	7.65	1.234	269
22.880	21.27	23.61	0.00	7.65	1.234	269
22.912	21.28	23.63	0.01	7.66	1.234	269
22.944	21.30	23.65	0.00	7.65	1.234	269
22.976	21.31	23.65	0.00	7.65	1.234	269
23.008	21.33	23.68	0.01	7.66	1.234	269
23.040	21.35	23.69	0.01	7.66	1.234	269
23.072	21.38	23.72	0.01	7.66	1.234	269
23.104	21.40	23.75	0.01	7.66	1.234	269
23.136	21.40	23.75	0.00	7.65	1.234	269
23.168	21.40	23.74	0.00	7.65	1.234	269
23.200	21.39	23.73	0.00	7.65	1.234	269
23.232	21.38	23.73	0.00	7.65	1.239	270
23.264	21.37	23.72	0.00	7.65	1.239	270
23.296	21.37	23.72	0.00	7.65	1.239	270
23.328	21.37	23.72	0.00	7.65	1.239	270
23.360	21.37	23.72	0.00	7.65	1.239	270
23.392	21.37	23.72	0.01	7.66	1.239	270
23.424	21.37	23.71	0.00	7.65	1.239	270
23.456	21.36	23.70	0.01	7.66	1.239	270
23.488	21.35	23.70	0.00	7.65	1.239	270
23.520	21.34	23.68	0.00	7.65	1.239	270
23.552	21.34	23.68	0.00	7.65	1.239	270
23.584	21.32	23.67	0.00	7.65	1.239	270
23.616	21.31	23.65	0.00	7.65	1.239	270
23.648	21.30	23.64	0.00	7.65	1.239	270
23.680	21.28	23.63	0.01	7.66	1.239	270
23.712	21.27	23.61	0.01	7.66	1.239	270
23.744	21.25	23.59	-0.00	7.65	1.239	270
23.776	21.22	23.56	0.00	7.65	1.239	270
23.808	21.21	23.56	0.01	7.66	1.239	270
23.840	21.23	23.58	0.01	7.66	1.239	270
23.872	21.24	23.58	0.00	7.65	1.239	270
23.904	21.23	23.57	0.00	7.65	1.239	270
23.936	21.22	23.57	-0.00	7.65	1.239	270
23.968	21.22	23.57	0.01	7.66	1.239	270
24.000	21.23	23.57	0.01	7.66	1.239	270
24.032	21.23	23.57	0.01	7.66	1.239	270
24.064	21.23	23.57	0.01	7.66	1.239	270
24.096	21.23	23.57	0.00	7.65	1.239	270
24.128	21.22	23.57	0.00	7.65	1.239	270
24.160	21.21	23.56	0.00	7.65	1.239	270
24.192	21.20	23.55	0.00	7.65	1.239	270
24.224	21.20	23.54	0.00	7.65	1.239	270
24.256	21.18	23.53	0.00	7.65	1.239	270
24.288	21.17	23.51	0.00	7.65	1.239	270
24.320	21.18	23.53	0.01	7.66	1.239	270
24.352	21.19	23.53	0.00	7.65	1.239	270
24.384	21.19	23.54	0.00	7.65	1.239	270
24.416	21.22	23.57	0.00	7.65	1.239	270
24.448	21.25	23.59	0.01	7.66	1.239	270
24.480	21.27	23.62	0.00	7.65	1.239	270
24.512	21.29	23.63	0.00	7.65	1.239	270
24.544	21.31	23.65	0.00	7.65	1.239	270
24.576	21.32	23.67	0.00	7.65	1.239	270
24.608	21.33	23.68	0.00	7.65	1.239	270
24.640	21.33	23.68	0.01	7.66	1.243	271
24.672	21.34	23.68	0.00	7.65	1.243	271
24.704	21.33	23.68	0.00	7.65	1.243	271
24.736	21.33	23.67	0.00	7.65	1.243	271
24.768	21.31	23.65	0.01	7.66	1.243	271
24.800	21.30	23.65	0.00	7.65	1.243	271
24.832	21.33	23.67	0.00	7.65	1.243	271
24.864	21.35	23.70	0.01	7.66	1.243	271
24.896	21.37	23.71	0.00	7.65	1.243	271
24.928	21.38	23.73	0.00	7.65	1.243	271
24.960	21.42	23.76	0.00	7.65	1.243	271
24.992	21.45	23.79	0.01	7.66	1.243	271
25.024	21.49	23.84	0.00	7.65	1.243	271
25.056	21.53	23.88	-0.00	7.65	1.243	271
25.088	21.55	23.89	0.00	7.65	1.243	271
25.120	21.54	23.89	0.01	7.66	1.239	270
25.152	21.54	23.88	0.00	7.65	1.239	270
25.184	21.53	23.87	0.01	7.66	1.239	270
25.216	21.53	23.87	0.01	7.66	1.239	270
25.248	21.51	23.86	0.00	7.65	1.239	270
25.280	21.51	23.85	0.01	7.66	1.239	270
25.312	21.51	23.86	0.00	7.65	1.239	270
25.344	21.54	23.88	0.00	7.65	1.239	270
25.376	21.54	23.89	0.00	7.65	1.239	270
25.408	21.54	23.88	0.00	7.65	1.239	270
25.440	21.54	23.88	0.01	7.66	1.239	270
25.472	21.55	23.89	0.01	7.66	1.239	270
25.504	21.56	23.90	0.00	7.65	1.239	270
25.536	21.57	23.91	0.00	7.65	1.239	270
25.568	21.56	23.91	0.00	7.65	1.243	271
25.600	21.56	23.91	0.01	7.66	1.243	271
25.632	21.55	23.90	0.00	7.65	1.243	271
25.664	21.54	23.89	0.00	7.65	1.243	271
25.696	21.53	23.87	0.00	7.65	1.243	271
25.728	21.50	23.84	0.00	7.65	1.243	271
25.760	21.47	23.82	0.01	7.66	1.243	271
25.792	21.47	23.82	0.00	7.65	1.243	271
25.824	21.48	23.82	0.00	7.65	1.243	271
25.856	21.46	23.81	0.00	7.65	1.243	271
25.888	21.46	23.80	0.01	7.66	1.243	271
25.920	21.47	23.81	0.01	7.66	1.243	271
25.952	21.46	23.80	0.00	7.65	1.243	271
25.984	21.46	23.80	0.00	7.65	1.243	271
26.016	21.47	23.81	0.00	7.65	1.243	271
26.048	21.48	23.82	0.00	7.65	1.239	270
26.080	21.47	23.82	0.00	7.65	1.239	270
26.112	21.47	23.81	0.01	7.66	1.239	270
26.144	21.47	23.81	0.00	7.65	1.239	270
26.176	21.46	23.81	0.00	7.65	1.239	270
26.208	21.44	23.78	0.01	7.66	1.239	270
26.240	21.41	23.75	0.01	7.66	1.239	270
26.272	21.39	23.73	0.00	7.65	1.239	270
26.304	21.39	23.74	-0.00	7.65	1.239	270
26.336	21.39	23.74	0.00	7.65	1.239	270
26.368	21.38	23.72	0.00	7.65	1.239	270
26.400	21.38	23.72	0.01	7.66	1.239	270
26.432	21.37	23.72	0.01	7.66	1.239	270
26.464	21.37	23.72	0.00	7.65	1.239	270
26.496	21.36	23.71	0.00	7.65	1.239	270
26.528	21.36	23.71	0.00	7.65	1.239	270
26.560	21.35	23.70	0.01	7.66	1.239	270
26.592	21.33	23.67	0.01	7.66	1.239	270
26.624	21.30	23.64	0.00	7.65	1.239	270
26.656	21.29	23.63	0.01	7.66	1.239	270
26.688	21.28	23.63	0.01	7.66	1.239	270
26.720	21.27	23.61	0.01	7.66	1.239	270
26.752	21.25	23.59	0.00	7.65	1.239	270
26.784	21.25	23.59	-0.00	7.65	1.239	270
26.816	21.25	23.60	0.01	7.66	1.239	270
26.848	21.26	23.60	0.00	7.65	1.239	270
26.880	21.25	23.60	0.01	7.66	1.239	270
26.912	21.25	23.60	0.01	7.66	1.239	270
26.944	21.24	23.59	0.00	7.65	1.239	270
26.976	21.23	23.58	0.00	7.65	1.239	270
27.008	21.22	23.57	0.00	7.65	1.239	270
27.040	21.22	23.57	0.01	7.66	1.239	270
27.072	21.21	23.56	0.00	7.65	1.239	270
27.104	21.20	23.54	0.00	7.65	1.239	270
27.136	21.19	23.53	-0.00	7.65	1.239	270
27.168	21.17	23.52	0.00	7.65	1.239	270
27.200	21.17	23.52	0.01	7.66	1.239	270
27.232	21.18	23.52	0.01	7.66	1.239	270
27.264	21.20	23.54	0.00	7.65	1.239	270
27.296	21.23	23.57	0.00	7.65	1.239	270
27.328	21.25	23.59	0.01	7.66	1.239	270
27.360	21.28	23.62	0.01	7.66	1.239	270
27.392	21.30	23.65	0.00	7.65	1.239	270
27.424	21.32	23.67	-0.00	7.65	1.239	270
27.456	21.36	23.71	0.00	7.65	1.239	270
27.488	21.39	23.74	0.00	7.65	1.239	270
27.520	21.41	23.76	0.01	7.66	1.239	270
27.552	21.43	23.77	0.00	7.65	1.239	270
27.584	21.43	23.78	0.00	7.65	1.239	270
27.616	21.43	23.77	-0.00	7.65	1.239	270
27.648	21.42	23.76	0.00	7.65	1.239	270
27.680	21.41	23.75	0.01	7.66	1.239	270
27.712	21.39	23.73	0.00	7.65	1.239	270
27.744	21.36	23.71	0.01	7.66	1.239	270
27.776	21.35	23.70	0.00	7.65	1.239	270
27.808	21.36	23.70	0.00	7.65	1.239	270
27.840	21.38	23.72	0.01	7.66	1.239	270
27.872	21.38	23.72	0.00	7.65	1.239	270
27.904	21.38	23.73	0.00	7.65	1.239	270
27.936	21.38	23.73	0.00	7.65	1.239	270
27.968	21.38	23.72	0.00	7.65	1.239	270
28.000	21.38	23.72	0.01	7.66	1.239	270
28.032	21.37	23.72	0.00	7.65	1.239	270
28.064	21.37	23.71	0.00	7.65	1.239	270
28.096	21.36	23.70	0.00	7.65	1.239	270
28.128	21.35	23.69	0.00	7.65	1.239	270
28.160	21.35	23.69	0.00	7.65	1.239	270
28.192	21.33	23.68	0.00	7.65	1.239	270
28.224	21.31	23.66	-0.00	7.65	1.239	270
28.256	21.30	23.64	0.00	7.65	1.239	270
28.288	21.30	23.65	0.00	7.65	1.239	270
28.320	21.31	23.66	0.00	7.65	1.239	270
28.352	21.31	23.65	0.01	7.66	1.239	270
28.384	21.31	23.65	0.00	7.65	1.239	270
28.416	21.33	23.67	0.00	7.65	1.239	270
28.448	21.34	23.68	0.00	7.65	1.239	270
28.480	21.33	23.67	0.01	7.66	1.239	270
28.512	21.31	23.66	0.01	7.66	1.239	270
28.544	21.32	23.66	0.00	7.65	1.239	270
28.576	21.31	23.65	0.01	7.66	1.239	270
28.608	21.32	23.66	0.01	7.66	1.239	270
28.640	21.30	23.64	0.01	7.66	1.239	270
28.672	21.29	23.63	0.00	7.65	1.239	270
28.704	21.28	23.62	0.00	7.65	1.239	270
28.736	21.27	23.61	0.00	7.65	1.239	270
28.768	21.26	23.61	0.00	7.65	1.239	270
28.800	21.27	23.62	0.01	7.66	1.239	270
28.832	21.27	23.61	0.00	7.65	1.239	270
28.864	21.27	23.61	0.00	7.65	1.243	271
28.896	21.26	23.60	0.00	7.65	1.243	271
28.928	21.26	23.61	0.00	7.65	1.243	271
28.960	21.27	23.61	0.01	7.66	1.243	271
28.992	21.28	23.62	0.00	7.65	1.243	271
29.024	21.29	23.63	-0.00	7.65	1.243	271
29.056	21.30	23.64	0.00	7.65	1.243	271
29.088	21.31	23.66	0.00	7.65	1.243	271
29.120	21.33	23.67	0.01	7.66	1.243	271
29.152	21.34	23.69	0.00	7.65	1.243	271
29.184	21.35	23.70	0.00	7.65	1.243	271
29.216	21.35	23.69	0.01	7.66	1.243	271
29.248	21.36	23.70	0.00	7.65	1.243	271
29.280	21.37	23.72	0.01	7.66	1.243	271
29.312	21.39	23.73	0.00	7.65	1.239	270
29.344	21.39	23.74	-0.00	7.65	1.239	270
29.376	21.39	23.74	0.00	7.65	1.239	270
29.408	21.39	23.73	0.00	7.65	1.239	270
29.440	21.38	23.73	0.01	7.66	1.239	270
29.472	21.37	23.71	0.00	7.65	1.239	270
29.504	21.36	23.71	-0.00	7.65	1.239	270
29.536	21.34	23.68	0.00	7.65	1.239	270
29.568	21.33	23.67	0.00	7.65	1.239	270
29.600	21.32	23.67	0.01	7.66	1.239	270
29.632	21.31	23.66	0.01	7.66	1.239	270
29.664	21.32	23.66	0.00	7.65	1.239	270
29.696	21.31	23.65	0.00	7.65	1.239	270
29.728	21.30	23.64	0.00	7.65	1.239	270
29.760	21.31	23.65	0.01	7.66	1.239	270
29.792	21.32	23.66	0.01	7.66	1.239	270
29.824	21.32	23.67	0.00	7.65	1.239	270
29.856	21.33	23.67	0.00	7.65	1.239	270
29.888	21.33	23.68	0.00	7.65	1.239	270
29.920	21.32	23.66	0.01	7.66	1.239	270
29.952	21.31	23.65	0.01	7.66	1.239	270
29.984	21.30	23.65	0.01	7.66	1.239	270
30.016	21.30	23.64	0.00	7.65	1.239	270
30.048	21.28	23.63	0.00	7.65	1.239	270
30.080	21.28	23.63	0.01	7.66	1.239	270
30.112	21.30	23.64	0.00	7.65	1.239	270
30.144	21.32	23.66	0.00	7.65	1.239	270
30.176	21.34	23.68	0.00	7.65	1.239	270
30.208	21.35	23.69	0.00	7.65	1.239	270
30.240	21.38	23.73	0.01	7.66	1.239	270
30.272	21.41	23.76	0.00	7.65	1.239	270
30.304	21.42	23.77	0.01	7.66	1.239	270
30.336	21.44	23.78	-0.00	7.65	1.239	270
30.368	21.45	23.79	0.01	7.66	1.239	270
30.400	21.46	23.81	0.01	7.66	1.239	270
30.432	21.47	23.81	0.00	7.65	1.239	270
30.464	21.49	23.84	-0.00	7.65	1.239	270
30.496	21.52	23.87	0.00	7.65	1.239	270
30.528	21.54	23.88	0.00	7.65	1.239	270
30.560	21.56	23.90	0.01	7.66	1.239	270
30.592	21.57	23.92	0.00	7.65	1.239	270
30.624	21.60	23.94	0.00	7.65	1.239	270
30.656	21.62	23.97	0.00	7.65	1.239	270
30.688	21.63	23.97	0.00	7.65	1.239	270
30.720	21.63	23.98	0.01	7.66	1.243	271
30.752	21.64	23.99	0.01	7.66	1.243	271
30.784	21.66	24.00	0.00	7.65	1.243	271
30.816	21.66	24.01	0.00	7.65	1.243	271
30.848	21.67	24.02	0.01	7.66	1.243	271
30.880	21.67	24.01	0.01	7.66	1.243	271
30.912	21.67	24.02	0.01	7.66	1.243	271
30.944	21.65	23.99	0.01	7.66	1.243	271
30.976	21.64	23.98	0.00	7.65	1.243	271
31.008	21.61	23.96	0.01	7.66	1.243	271
31.040	21.60	23.94	0.01	7.66	1.243	271
31.072	21.59	23.93	0.01	7.66	1.243	271
31.104	21.58	23.92	0.00	7.65	1.243	271
31.136	21.57	23.92	0.01	7.66	1.243	271
31.168	21.56	23.90	0.00	7.65	1.243	271
31.200	21.54	23.88	0.00	7.65	1.239	270
31.232	21.54	23.88	0.00	7.65	1.239	270
31.264	21.55	23.89	0.00	7.65	1.239	270
31.296	21.56	23.90	0.00	7.65	1.239	270
31.328	21.55	23.90	0.00	7.65	1.239	270
31.360	21.55	23.90	0.01	7.66	1.239	270
31.392	21.56	23.90	0.01	7.66	1.239	270
31.424	21.56	23.91	0.00	7.65	1.239	270
31.456	21.58	23.93	0.00	7.65	1.239	270
31.488	21.60	23.94	0.01	7.66	1.239	270
31.520	21.60	23.94	0.01	7.66	1.239	270
31.552	21.59	23.93	0.00	7.65	1.239	270
31.584	21.58	23.93	0.00	7.65	1.239	270
31.616	21.59	23.93	0.00	7.65	1.239	270
31.648	21.59	23.93	0.01	7.66	1.239	270
31.680	21.58	23.92	0.00	7.65	1.239	270
31.712	21.57	23.92	0.00	7.65	1.239	270
31.744	21.58	23.92	0.01	7.66	1.239	270
31.776	21.58	23.92	0.00	7.65	1.239	270
31.808	21.56	23.90	0.00	7.65	1.239	270
31.840	21.53	23.87	0.00	7.65	1.239	270
31.872	21.51	23.85	0.01	7.66	1.239	270
31.904	21.51	23.85	0.00	7.65	1.239	270
31.936	21.51	23.85	0.00	7.65	1.239	270
31.968	21.53	23.87	0.01	7.66	1.239	270
32.000	21.55	23.89	0.01	7.66	1.239	270
32.032	21.58	23.93	0.00	7.65	1.239	270
32.064	21.62	23.96	0.00	7.65	1.239	270
32.096	21.64	23.99	0.00	7.65	1.239	270
32.128	21.68	24.02	0.01	7.66	1.239	270
32.160	21.68	24.02	0.00	7.65	1.239	270
32.192	21.64	23.99	0.01	7.66	1.239	270
32.224	21.63	23.97	0.01	7.66	1.239	270
32.256	21.63	23.97	-0.00	7.65	1.239	270
32.288	21.62	23.96	0.00	7.65	1.239	270
32.320	21.60	23.95	0.01	7.66	1.239	270
32.352	21.59	23.93	0.00	7.65	1.239	270
32.384	21.58	23.93	0.01	7.66	1.239	270
32.416	21.58	23.92	0.00	7.65	1.239	270
32.448	21.59	23.93	0.01	7.66	1.239	270
32.480	21.60	23.95	0.01	7.66	1.239	270
32.512	21.61	23.95	0.01	7.66	1.239	270
32.544	21.61	23.95	0.01	7.66	1.239	270
32.576	21.60	23.95	0.00	7.65	1.239	270
32.608	21.59	23.94	0.00	7.65	1.239	270
32.640	21.59	23.93	0.01	7.66	1.239	270
32.672	21.57	23.92	0.00	7.65	1.239	270
32.704	21.58	23.93	0.00	7.65	1.239	270
32.736	21.59	23.94	0.00	7.65	1.239	270
32.768	21.61	23.95	0.00	7.65	1.239	270
32.800	21.63	23.97	0.01	7.66	1.239	270
32.832	21.65	24.00	0.01	7.66	1.239	270
32.864	21.68	24.03	0.01	7.66	1.239	270
32.896	21.70	24.05	0.01	7.66	1.239	270
32.928	21.73	24.08	0.00	7.65	1.239	270
32.960	21.75	24.10	0.01	7.66	1.239	270
32.992	21.75	24.10	0.00	7.65	1.239	270
33.024	21.74	24.09	0.00	7.65	1.239	270
33.056	21.74	24.09	0.01	7.66	1.239	270
33.088	21.74	24.08	0.00	7.65	1.239	270
33.120	21.73	24.08	0.00	7.65	1.239	270
33.152	21.74	24.08	0.01	7.66	1.239	270
33.184	21.73	24.07	0.00	7.65	1.239	270
33.216	21.74	24.08	0.00	7.65	1.239	270
33.248	21.74	24.08	0.00	7.65	1.239	270
33.280	21.75	24.09	0.01	7.66	1.239	270
33.312	21.76	24.10	0.01	7.66	1.239	270
33.344	21.77	24.11	0.00	7.65	1.239	270
33.376	21.77	24.12	0.00	7.65	1.239	270
33.408	21.76	24.10	0.00	7.65	1.239	270
33.440	21.75	24.09	0.00	7.65	1.239	270
33.472	21.75	24.09	0.01	7.66	1.239	270
33.504	21.74	24.08	0.00	7.65	1.239	270
33.536	21.73	24.07	0.00	7.65	1.239	270
33.568	21.71	24.06	0.00	7.65	1.239	270
33.600	21.72	24.06	0.00	7.65	1.239	270
33.632	21.72	24.07	0.01	7.67	1.239	270
33.664	21.72	24.07	0.00	7.65	1.239	270
33.696	21.71	24.05	0.00	7.65	1.239	270
33.728	21.71	24.05	0.00	7.65	1.239	270
33.760	21.70	24.04	0.01	7.66	1.239	270
33.792	21.69	24.04	0.01	7.66	1.239	270
33.824	21.70	24.05	0.00	7.65	1.239	270
33.856	21.71	24.06	0.00	7.65	1.239	270
33.888	21.73	24.07	0.00	7.65	1.239	270
33.920	21.74	24.09	0.01	7.66	1.239	270
33.952	21.77	24.12	0.01	7.66	1.239	270
33.984	21.78	24.12	0.00	7.65	1.239	270
34.016	21.77	24.12	0.00	7.65	1.239	270
34.048	21.76	24.10	0.00	7.65	1.239	270
34.080	21.75	24.09	0.00	7.65	1.239	270
34.112	21.75	24.09	0.01	7.66	1.239	270
34.144	21.74	24.08	0.00	7.65	1.239	270
34.176	21.73	24.08	0.01	7.66	1.239	270
34.208	21.74	24.08	0.01	7.66	1.239	270
34.240	21.76	24.10	0.01	7.66	1.239	270
34.272	21.75	24.10	0.01	7.66	1.239	270
34.304	21.74	24.09	0.01	7.66	1.239	270
34.336	21.74	24.08	0.00	7.65	1.239	270
34.368	21.73	24.08	0.00	7.65	1.239	270
34.400	21.72	24.07	0.00	7.65	1.239	270
34.432	21.73	24.08	0.01	7.66	1.239	270
34.464	21.74	24.08	0.00	7.65	1.239	270
34.496	21.74	24.08	0.00	7.65	1.239	270
34.528	21.74	24.08	0.00	7.65	1.239	270
34.560	21.75	24.10	0.01	7.66	1.239	270
34.592	21.76	24.11	0.00	7.65	1.239	270
34.624	21.78	24.12	0.01	7.66	1.239	270
34.656	21.78	24.12	0.00	7.65	1.239	270
34.688	21.77	24.11	-0.00	7.65	1.239	270
34.720	21.78	24.12	0.01	7.66	1.239	270
34.752	21.78	24.12	0.01	7.66	1.239	270
34.784	21.77	24.12	0.00	7.65	1.239	270
34.816	21.78	24.13	0.00	7.65	1.239	270
34.848	21.77	24.12	0.00	7.65	1.239	270
34.880	21.75	24.10	0.00	7.65	1.239	270
34.912	21.74	24.09	0.01	7.66	1.239	270
34.944	21.75	24.09	0.00	7.65	1.243	271
34.976	21.74	24.08	0.00	7.65	1.243	271
35.008	21.72	24.07	0.00	7.65	1.243	271
35.040	21.71	24.05	0.00	7.65	1.243	271
35.072	21.70	24.05	0.01	7.66	1.243	271
35.104	21.70	24.05	0.01	7.66	1.243	271
35.136	21.70	24.04	0.01	7.66	1.243	271
35.168	21.68	24.03	0.00	7.65	1.243	271
35.200	21.68	24.02	0.01	7.66	1.243	271
35.232	21.68	24.02	0.01	7.66	1.243	271
35.264	21.69	24.03	0.01	7.66	1.243	271
35.296	21.68	24.02	0.00	7.65	1.243	271
35.328	21.68	24.02	0.00	7.65	1.243	271
35.360	21.69	24.03	-0.00	7.65	1.243	271
35.392	21.69	24.03	0.01	7.66	1.243	271
35.424	21.70	24.04	0.01	7.66	1.239	270
35.456	21.70	24.05	0.01	7.66	1.239	270
35.488	21.71	24.05	-0.00	7.65	1.239	270
35.520	21.72	24.06	0.00	7.65	1.239	270
35.552	21.72	24.07	0.00	7.65	1.239	270
35.584	21.73	24.07	0.01	7.66	1.239	270
35.616	21.73	24.07	0.00	7.65	1.239	270
35.648	21.72	24.06	-0.00	7.65	1.239	270
35.680	21.70	24.04	0.00	7.65	1.239	270
35.712	21.71	24.05	0.01	7.66	1.239	270
35.744	21.71	24.06	0.01	7.66	1.239	270
35.776	21.73	24.07	0.01	7.66	1.239	270
35.808	21.74	24.08	0.00	7.65	1.239	270
35.840	21.73	24.08	0.00	7.65	1.239	270
35.872	21.73	24.07	0.01	7.66	1.239	270
35.904	21.74	24.09	0.01	7.66	1.239	270
35.936	21.75	24.09	0.00	7.65	1.239	270
35.968	21.75	24.10	-0.00	7.65	1.239	270
36.000	21.74	24.09	0.01	7.66	1.239	270
36.032	21.75	24.09	0.00	7.65	1.239	270
36.064	21.74	24.09	0.01	7.66	1.239	270
36.096	21.76	24.10	0.00	7.65	1.239	270
36.128	21.76	24.10	0.00	7.65	1.239	270
36.160	21.75	24.09	0.00	7.65	1.239	270
36.192	21.73	24.08	0.00	7.65	1.239	270
36.224	21.73	24.08	0.01	7.66	1.239	270
36.256	21.73	24.08	0.00	7.65	1.239	270
36.288	21.74	24.08	-0.00	7.65	1.239	270
36.320	21.74	24.09	-0.00	7.65	1.239	270
36.352	21.74	24.09	0.00	7.65	1.239	270
36.384	21.74	24.09	0.01	7.66	1.239	270
36.416	21.75	24.09	0.01	7.66	1.239	270
36.448	21.74	24.09	0.01	7.66	1.239	270
36.480	21.74	24.08	0.00	7.65	1.239	270
36.512	21.73	24.07	0.00	7.65	1.239	270
36.544	21.72	24.06	0.01	7.66	1.239	270
36.576	21.71	24.05	0.00	7.65	1.239	270
36.608	21.70	24.05	0.00	7.65	1.239	270
36.640	21.70	24.04	0.00	7.65	1.239	270
36.672	21.70	24.05	0.00	7.65	1.239	270
36.704	21.70	24.05	0.01	7.66	1.239	270
36.736	21.70	24.05	0.00	7.65	1.239	270
36.768	21.70	24.05	0.00	7.65	1.239	270
36.800	21.71	24.06	0.00	7.65	1.239	270
36.832	21.73	24.07	0.00	7.65	1.239	270
36.864	21.73	24.08	0.01	7.66	1.239	270
36.896	21.75	24.10	0.00	7.65	1.239	270
36.928	21.77	24.11	-0.00	7.65	1.239	270
36.960	21.75	24.09	0.01	7.66	1.239	270
36.992	21.72	24.07	0.00	7.65	1.239	270
37.024	21.71	24.05	0.00	7.65	1.239	270
37.056	21.69	24.04	0.00	7.65	1.239	270
37.088	21.68	24.03	0.00	7.65	1.239	270
37.120	21.67	24.01	0.01	7.66	1.239	270
37.152	21.66	24.00	0.00	7.65	1.239	270
37.184	21.68	24.02	0.01	7.66	1.239	270
37.216	21.69	24.03	0.00	7.65	1.239	270
37.248	21.69	24.03	0.00	7.65	1.239	270
37.280	21.70	24.04	0.00	7.65	1.239	270
37.312	21.70	24.05	0.01	7.66	1.239	270
37.344	21.73	24.08	0.01	7.66	1.239	270
37.376	21.74	24.08	0.01	7.66	1.239	270
37.408	21.76	24.10	0.00	7.65	1.239	270
37.440	21.78	24.12	0.00	7.65	1.239	270
37.472	21.79	24.13	0.00	7.65	1.239	270
37.504	21.79	24.14	0.01	7.66	1.239	270
37.536	21.79	24.14	0.00	7.65	1.239	270
37.568	21.78	24.12	-0.00	7.65	1.239	270
37.600	21.77	24.12	0.01	7.66	1.239	270
37.632	21.75	24.10	0.00	7.65	1.239	270
37.664	21.76	24.10	0.01	7.66	1.239	270
37.696	21.78	24.12	0.01	7.66	1.239	270
37.728	21.79	24.13	0.00	7.65	1.239	270
37.760	21.78	24.13	0.01	7.66	1.239	270
37.792	21.79	24.13	0.00	7.65	1.239	270
37.824	21.78	24.12	0.01	7.66	1.239	270
37.856	21.75	24.10	0.01	7.66	1.239	270
37.888	21.74	24.09	0.01	7.66	1.239	270
37.920	21.74	24.09	0.01	7.66	1.239	270
37.952	21.73	24.08	0.00	7.65	1.239	270
37.984	21.71	24.05	0.00	7.65	1.239	270
38.016	21.70	24.04	0.01	7.66	1.239	270
38.048	21.69	24.04	0.00	7.65	1.239	270
38.080	21.70	24.04	0.00	7.65	1.239	270
38.112	21.68	24.03	-0.00	7.65	1.239	270
38.144	21.67	24.02	0.01	7.66	1.239	270
38.176	21.68	24.03	0.00	7.65	1.239	270
38.208	21.70	24.05	-0.00	7.65	1.239	270
38.240	21.71	24.06	0.01	7.66	1.239	270
38.272	21.73	24.07	-0.00	7.65	1.239	270
38.304	21.73	24.07	0.01	7.66	1.239	270
38.336	21.73	24.08	0.00	7.65	1.239	270
38.368	21.75	24.09	0.00	7.65	1.239	270
38.400	21.78	24.12	0.00	7.65	1.239	270
38.432	21.77	24.11	-0.00	7.65	1.239	270
38.464	21.75	24.09	0.01	7.66	1.239	270
38.496	21.74	24.08	0.01	7.66	1.239	270
38.528	21.73	24.07	0.00	7.65	1.239	270
38.560	21.72	24.07	0.00	7.65	1.239	270
38.592	21.72	24.07	0.00	7.65	1.239	270
38.624	21.70	24.04	0.01	7.66	1.239	270
38.656	21.69	24.03	0.00	7.65	1.239	270
38.688	21.69	24.03	0.00	7.65	1.234	269
38.720	21.69	24.04	0.00	7.65	1.234	269
38.752	21.71	24.05	0.00	7.65	1.234	269
38.784	21.72	24.07	-0.00	7.65	1.234	269
38.816	21.74	24.08	0.01	7.66	1.234	269
38.848	21.75	24.09	0.00	7.65	1.234	269
38.880	21.77	24.11	0.00	7.65	1.234	269
38.912	21.79	24.13	0.00	7.65	1.234	269
38.944	21.79	24.13	0.01	7.66	1.234	269
38.976	21.79	24.13	0.00	7.65	1.234	269
39.008	21.78	24.12	0.00	7.65	1.234	269
39.040	21.77	24.11	0.00	7.65	1.234	269
39.072	21.76	24.11	0.00	7.65	1.234	269
39.104	21.76	24.10	0.00	7.65	1.234	269
39.136	21.74	24.09	0.01	7.66	1.234	269
39.168	21.74	24.08	0.00	7.65	1.239	270
39.200	21.71	24.06	0.00	7.65	1.239	270
39.232	21.68	24.03	0.00	7.65	1.239	270
39.264	21.65	24.00	0.01	7.66	1.239	270
39.296	21.64	23.98	0.00	7.65	1.239	270
39.328	21.65	23.99	-0.00	7.65	1.239	270
39.360	21.66	24.01	0.00	7.65	1.239	270
39.392	21.68	24.03	0.00	7.65	1.239	270
39.424	21.70	24.05	0.00	7.65	1.239	270
39.456	21.71	24.06	0.01	7.66	1.239	270
39.488	21.73	24.07	-0.00	7.65	1.239	270
39.520	21.74	24.08	0.00	7.65	1.239	270
39.552	21.74	24.09	0.00	7.65	1.239	270
39.584	21.74	24.08	0.00	7.65	1.239	270
39.616	21.72	24.07	0.01	7.66	1.239	270
39.648	21.71	24.06	0.00	7.65	1.239	270
39.680	21.71	24.05	0.01	7.66	1.239	270
39.712	21.70	24.04	0.00	7.65	1.239	270
39.744	21.70	24.04	0.01	7.66	1.239	270
39.776	21.69	24.03	0.01	7.66	1.239	270
39.808	21.68	24.02	0.01	7.66	1.239	270
39.840	21.66	24.00	0.00	7.65	1.239	270
39.872	21.66	24.01	0.00	7.65	1.239	270
39.904	21.66	24.00	0.01	7.66	1.239	270
39.936	21.64	23.99	0.00	7.65	1.239	270
39.968	21.62	23.97	0.01	7.66	1.239	270
40.000	21.62	23.96	0.00	7.65	1.239	270
40.032	21.62	23.97	0.01	7.66	1.239	270
40.064	21.65	23.99	0.00	7.65	1.239	270
40.096	21.65	24.00	-0.00	7.65	1.234	269
40.128	21.68	24.02	0.00	7.65	1.234	269
40.160	21.70	24.05	-0.00	7.65	1.234	269
40.192	21.74	24.08	0.01	7.66	1.234	269
40.224	21.76	24.10	0.00	7.65	1.234	269
40.256	21.77	24.12	0.00	7.65	1.234	269
40.288	21.78	24.13	0.00	7.65	1.234	269
40.320	21.80	24.14	0.00	7.65	1.234	269
40.352	21.80	24.15	0.00	7.65	1.234	269
40.384	21.80	24.15	0.01	7.66	1.234	269
40.416	21.79	24.14	0.00	7.65	1.234	269
40.448	21.78	24.13	0.00	7.65	1.234	269
40.480	21.76	24.11	0.00	7.65	1.234	269
40.512	21.75	24.09	0.01	7.66	1.234	269
40.544	21.74	24.08	0.00	7.65	1.243	271
40.576	21.74	24.08	0.00	7.65	1.243	271
40.608	21.72	24.06	0.01	7.66	1.243	271
40.640	21.71	24.05	0.00	7.65	1.243	271
40.672	21.70	24.04	0.00	7.65	1.243	271
40.704	21.69	24.04	0.00	7.65	1.243	271
40.736	21.70	24.04	0.01	7.66	1.243	271
40.768	21.72	24.07	0.00	7.65	1.243	271
40.800	21.74	24.08	0.01	7.66	1.243	271
40.832	21.76	24.10	0.00	7.65	1.243	271
40.864	21.78	24.12	-0.00	7.65	1.243	271
40.896	21.81	24.15	0.01	7.66	1.243	271
40.928	21.81	24.16	0.00	7.65	1.243	271
40.960	21.81	24.15	0.01	7.66	1.243	271
40.992	21.80	24.14	-0.00	7.65	1.243	271
41.024	21.78	24.13	0.00	7.65	1.239	270
41.056	21.76	24.11	0.01	7.66	1.239	270
41.088	21.72	24.07	0.00	7.65	1.239	270
41.120	21.70	24.05	0.00	7.65	1.239	270
41.152	21.70	24.04	0.00	7.65	1.239	270
41.184	21.69	24.03	0.00	7.65	1.239	270
41.216	21.70	24.05	0.00	7.65	1.239	270
41.248	21.71	24.05	0.01	7.66	1.239	270
41.280	21.70	24.04	0.00	7.65	1.239	270
41.312	21.71	24.06	0.01	7.66	1.239	270
41.344	21.73	24.07	0.00	7.65	1.239	270
41.376	21.74	24.09	0.01	7.66	1.239	270
41.408	21.75	24.09	0.00	7.65	1.239	270
41.440	21.76	24.10	0.01	7.66	1.239	270
41.472	21.77	24.11	0.01	7.66	1.239	270
41.504	21.76	24.11	-0.00	7.65	1.239	270
41.536	21.76	24.10	0.00	7.65	1.239	270
41.568	21.75	24.09	0.00	7.65	1.239	270
41.600	21.74	24.08	0.01	7.66	1.239	270
41.632	21.75	24.09	0.00	7.65	1.239	270
41.664	21.75	24.09	0.01	7.66	1.239	270
41.696	21.73	24.08	0.00	7.65	1.239	270
41.728	21.72	24.06	0.00	7.65	1.239	270
41.760	21.72	24.06	0.00	7.65	1.239	270
41.792	21.71	24.05	-0.00	7.65	1.239	270
41.824	21.70	24.05	0.00	7.65	1.239	270
41.856	21.70	24.05	0.00	7.65	1.239	270
41.888	21.71	24.06	0.01	7.66	1.239	270
41.920	21.71	24.05	0.00	7.65	1.239	270
41.952	21.71	24.05	0.00	7.65	1.239	270
41.984	21.70	24.05	0.00	7.65	1.239	270
42.016	21.70	24.04	0.00	7.65	1.239	270
42.048	21.69	24.04	0.01	7.66	1.239	270
42.080	21.66	24.01	0.00	7.65	1.239	270
42.112	21.65	23.99	0.00	7.65	1.239	270
42.144	21.65	23.99	0.00	7.65	1.239	270
42.176	21.65	24.00	0.01	7.66	1.239	270
42.208	21.65	23.99	0.00	7.65	1.239	270
42.240	21.66	24.01	0.00	7.65	1.239	270
42.272	21.68	24.02	0.00	7.65	1.239	270
42.304	21.69	24.04	0.00	7.65	1.239	270
42.336	21.68	24.02	0.01	7.66	1.239	270
42.368	21.68	24.03	0.01	7.66	1.239	270
42.400	21.69	24.03	0.00	7.65	1.239	270
42.432	21.67	24.02	-0.00	7.65	1.239	270
42.464	21.65	23.99	0.00	7.65	1.239	270
42.496	21.64	23.98	0.00	7.65	1.239	270
42.528	21.64	23.99	0.01	7.66	1.239	270
42.560	21.64	23.99	0.00	7.65	1.239	270
42.592	21.65	23.99	0.00	7.65	1.239	270
42.624	21.67	24.01	-0.00	7.65	1.239	270
42.656	21.69	24.04	0.00	7.65	1.239	270
42.688	21.71	24.05	0.00	7.65	1.239	270
42.720	21.71	24.05	0.00	7.65	1.239	270
42.752	21.71	24.06	0.00	7.65	1.239	270
42.784	21.73	24.07	-0.00	7.65	1.239	270
42.816	21.73	24.07	0.00	7.65	1.239	270
42.848	21.74	24.08	0.01	7.66	1.239	270
42.880	21.74	24.08	0.00	7.65	1.239	270
42.912	21.73	24.07	0.01	7.66	1.239	270
42.944	21.72	24.07	0.00	7.65	1.239	270
42.976	21.71	24.06	0.01	7.66	1.239	270
43.008	21.69	24.04	0.00	7.65	1.239	270
43.040	21.68	24.03	0.00	7.65	1.239	270
43.072	21.65	24.00	0.00	7.65	1.239	270
43.104	21.64	23.98	0.00	7.65	1.239	270
43.136	21.64	23.98	0.00	7.65	1.239	270
43.168	21.64	23.99	0.00	7.65	1.239	270
43.200	21.65	23.99	-0.00	7.65	1.239	270
43.232	21.66	24.00	0.00	7.65	1.239	270
43.264	21.69	24.03	0.00	7.65	1.239	270
43.296	21.70	24.05	0.01	7.66	1.239	270
43.328	21.71	24.05	0.00	7.65	1.239	270
43.360	21.72	24.06	0.00	7.65	1.234	269
43.392	21.72	24.06	0.00	7.65	1.234	269
43.424	21.71	24.06	0.00	7.65	1.234	269
43.456	21.72	24.06	0.00	7.65	1.234	269
43.488	21.72	24.06	0.00	7.65	1.234	269
43.520	21.73	24.07	0.00	7.65	1.234	269
43.552	21.73	24.08	0.00	7.65	1.234	269
43.584	21.74	24.08	0.00	7.65	1.234	269
43.616	21.73	24.07	0.00	7.65	1.234	269
43.648	21.73	24.07	0.01	7.66	1.234	269
43.680	21.73	24.07	0.00	7.65	1.234	269
43.712	21.72	24.07	0.00	7.65	1.234	269
43.744	21.71	24.05	0.00	7.65	1.234	269
43.776	21.71	24.06	0.01	7.66	1.234	269
43.808	21.70	24.04	0.00	7.65	1.234	269
43.840	21.69	24.04	0.01	7.66	1.239	270
43.872	21.68	24.03	0.01	7.66	1.239	270
43.904	21.68	24.02	0.01	7.66	1.239	270
43.936	21.67	24.02	0.01	7.66	1.239	270
43.968	21.67	24.02	0.00	7.65	1.239	270
44.000	21.69	24.03	0.00	7.65	1.239	270
44.032	21.70	24.04	0.00	7.65	1.239	270
44.064	21.71	24.06	0.00	7.65	1.239	270
44.096	21.73	24.07	0.00	7.65	1.239	270
44.128	21.73	24.07	0.01	7.66	1.239	270
44.160	21.72	24.07	0.00	7.65	1.239	270
44.192	21.71	24.05	0.00	7.65	1.239	270
44.224	21.72	24.06	0.01	7.66	1.239	270
44.256	21.72	24.07	0.00	7.65	1.239	270
44.288	21.72	24.07	0.00	7.65	1.239	270
44.320	21.73	24.08	0.00	7.65	1.239	270
44.352	21.75	24.09	0.00	7.65	1.239	270
44.384	21.74	24.09	0.00	7.65	1.239	270
44.416	21.74	24.09	-0.00	7.65	1.239	270
44.448	21.73	24.07	0.01	7.66	1.239	270
44.480	21.72	24.06	0.01	7.66	1.239	270
44.512	21.70	24.05	0.00	7.65	1.239	270
44.544	21.69	24.03	-0.00	7.65	1.239	270
44.576	21.68	24.03	0.00	7.65	1.239	270
44.608	21.68	24.02	0.01	7.66	1.239	270
44.640	21.68	24.02	0.00	7.65	1.239	270
44.672	21.68	24.02	0.01	7.66	1.239	270
44.704	21.68	24.03	0.00	7.65	1.239	270
44.736	21.69	24.04	0.00	7.65	1.239	270
44.768	21.69	24.03	0.01	7.66	1.239	270
44.800	21.69	24.03	0.00	7.65	1.239	270
44.832	21.70	24.04	0.00	7.65	1.239	270
44.864	21.71	24.06	0.00	7.65	1.239	270
44.896	21.72	24.07	0.00	7.65	1.239	270
44.928	21.74	24.09	0.01	7.66	1.239	270
44.960	21.75	24.09	0.00	7.65	1.239	270
44.992	21.76	24.10	0.00	7.65	1.239	270
45.024	21.76	24.11	0.00	7.65	1.239	270
45.056	21.75	24.09	0.00	7.65	1.239	270
45.088	21.73	24.08	0.01	7.66	1.239	270
45.120	21.72	24.06	0.00	7.65	1.239	270
45.152	21.71	24.06	-0.00	7.65	1.239	270
45.184	21.70	24.05	0.00	7.65	1.239	270
45.216	21.70	24.04	0.00	7.65	1.239	270
45.248	21.71	24.05	0.01	7.66	1.234	269
45.280	21.69	24.04	0.00	7.65	1.234	269
45.312	21.68	24.02	0.01	7.66	1.234	269
45.344	21.67	24.02	0.00	7.65	1.234	269
45.376	21.69	24.03	0.00	7.65	1.234	269
45.408	21.71	24.05	0.00	7.65	1.234	269
45.440	21.71	24.06	-0.00	7.65	1.234	269
45.472	21.72	24.06	0.00	7.65	1.234	269
45.504	21.73	24.07	0.01	7.66	1.234	269
45.536	21.72	24.06	0.00	7.65	1.234	269
45.568	21.71	24.06	0.01	7.66	1.234	269
45.600	21.71	24.06	0.00	7.65	1.234	269
45.632	21.72	24.07	0.00	7.65	1.234	269
45.664	21.72	24.07	0.00	7.65	1.234	269
45.696	21.72	24.06	0.00	7.65	1.239	270
45.728	21.71	24.05	0.00	7.65	1.239	270
45.760	21.72	24.06	0.01	7.66	1.239	270
45.792	21.71	24.06	0.00	7.65	1.239	270
45.824	21.74	24.08	0.00	7.65	1.239	270
45.856	21.74	24.08	0.01	7.66	1.239	270
45.888	21.73	24.07	0.00	7.65	1.239	270
45.920	21.71	24.05	0.00	7.65	1.239	270
45.952	21.68	24.03	0.00	7.65	1.239	270
45.984	21.67	24.01	0.00	7.65	1.239	270
46.016	21.67	24.02	0.00	7.65	1.239	270
46.048	21.66	24.00	0.00	7.65	1.239	270
46.080	21.66	24.00	0.01	7.66	1.239	270
46.112	21.65	24.00	0.00	7.65	1.239	270
46.144	21.65	24.00	0.00	7.65	1.239	270
46.176	21.65	23.99	0.01	7.66	1.239	270
46.208	21.65	24.00	0.01	7.66	1.239	270
46.240	21.65	23.99	0.00	7.65	1.239	270
46.272	21.63	23.97	0.00	7.65	1.239	270
46.304	21.63	23.97	0.00	7.65	1.239	270
46.336	21.63	23.98	0.01	7.66	1.239	270
46.368	21.63	23.97	0.00	7.65	1.239	270
46.400	21.64	23.98	0.01	7.66	1.239	270
46.432	21.66	24.00	0.00	7.65	1.239	270
46.464	21.67	24.02	0.00	7.65	1.239	270
46.496	21.68	24.03	0.00	7.65	1.239	270
46.528	21.70	24.04	0.00	7.65	1.239	270
46.560	21.72	24.06	0.01	7.66	1.239	270
46.592	21.75	24.09	0.00	7.65	1.239	270
46.624	21.76	24.10	0.00	7.65	1.239	270
46.656	21.78	24.12	0.00	7.65	1.239	270
46.688	21.78	24.13	0.00	7.65	1.239	270
46.720	21.78	24.13	0.01	7.66	1.239	270
46.752	21.78	24.13	0.00	7.65	1.239	270
46.784	21.78	24.12	0.00	7.65	1.239	270
46.816	21.77	24.11	0.01	7.66	1.239	270
46.848	21.76	24.10	0.01	7.66	1.239	270
46.880	21.75	24.09	0.01	7.66	1.239	270
46.912	21.74	24.09	0.00	7.65	1.239	270
46.944	21.73	24.08	0.00	7.65	1.239	270
46.976	21.73	24.07	0.00	7.65	1.239	270
47.008	21.73	24.08	0.01	7.66	1.239	270
47.040	21.72	24.06	0.01	7.66	1.239	270
47.072	21.72	24.07	0.00	7.65	1.239	270
47.104	21.73	24.07	0.00	7.65	1.239	270
47.136	21.75	24.09	0.00	7.65	1.239	270
47.168	21.77	24.11	0.00	7.65	1.239	270
47.200	21.78	24.13	0.01	7.66	1.239	270
47.232	21.80	24.14	0.00	7.65	1.239	270
47.264	21.79	24.14	0.00	7.65	1.239	270
47.296	21.79	24.13	0.00	7.65	1.239	270
47.328	21.79	24.13	0.00	7.65	1.239	270
47.360	21.78	24.13	0.01	7.66	1.239	270
47.392	21.78	24.13	0.00	7.65	1.239	270
47.424	21.78	24.13	0.00	7.65	1.239	270
47.456	21.77	24.12	0.00	7.65	1.239	270
47.488	21.77	24.11	0.01	7.66	1.239	270
47.520	21.73	24.08	0.01	7.66	1.239	270
47.552	21.71	24.06	0.01	7.66	1.239	270
47.584	21.72	24.06	0.00	7.65	1.239	270
47.616	21.72	24.07	0.01	7.66	1.239	270
47.648	21.73	24.07	0.00	7.65	1.239	270
47.680	21.74	24.09	0.01	7.66	1.239	270
47.712	21.75	24.09	0.00	7.65	1.239	270
47.744	21.75	24.09	0.01	7.66	1.239	270
47.776	21.76	24.10	0.00	7.65	1.239	270
47.808	21.78	24.13	0.00	7.65	1.239	270
47.840	21.79	24.14	0.00	7.65	1.239	270
47.872	21.79	24.13	-0.00	7.65	1.239	270
47.904	21.77	24.11	0.00	7.65	1.239	270
47.936	21.74	24.09	0.00	7.65	1.239	270
47.968	21.71	24.05	0.01	7.66	1.239	270
48.000	21.69	24.03	0.00	7.65	1.239	270
48.032	21.66	24.00	0.00	7.65	1.239	270
48.064	21.65	24.00	-0.00	7.65	1.239	270
48.096	21.66	24.00	-0.00	7.65	1.239	270
48.128	21.66	24.01	0.01	7.66	1.239	270
48.160	21.67	24.02	0.01	7.66	1.239	270
48.192	21.67	24.02	0.00	7.65	1.239	270
48.224	21.68	24.02	0.00	7.65	1.239	270
48.256	21.67	24.01	0.00	7.65	1.239	270
48.288	21.69	24.03	0.00	7.65	1.239	270
48.320	21.71	24.05	0.01	7.66	1.239	270
48.352	21.72	24.06	0.00	7.65	1.239	270
48.384	21.73	24.07	0.00	7.65	1.239	270
48.416	21.73	24.08	0.00	7.65	1.239	270
48.448	21.73	24.07	0.01	7.66	1.239	270
48.480	21.72	24.07	0.01	7.66	1.239	270
48.512	21.71	24.05	0.01	7.66	1.239	270
48.544	21.69	24.03	0.00	7.65	1.239	270
48.576	21.69	24.04	0.00	7.65	1.239	270
48.608	21.69	24.03	0.00	7.65	1.239	270
48.640	21.68	24.03	0.01	7.66	1.239	270
48.672	21.67	24.01	0.00	7.65	1.239	270
48.704	21.66	24.01	0.00	7.65	1.239	270
48.736	21.67	24.01	0.00	7.65	1.239	270
48.768	21.67	24.01	0.00	7.65	1.239	270
48.800	21.69	24.03	0.01	7.66	1.239	270
48.832	21.71	24.05	0.00	7.65	1.239	270
48.864	21.72	24.06	0.00	7.65	1.239	270
48.896	21.71	24.05	0.00	7.65	1.239	270
48.928	21.70	24.04	0.00	7.65	1.239	270
48.960	21.71	24.05	0.01	7.66	1.239	270
48.992	21.70	24.04	0.00	7.65	1.243	271
49.024	21.68	24.02	0.00	7.65	1.243	271
49.056	21.67	24.02	0.00	7.65	1.243	271
49.088	21.67	24.02	0.01	7.66	1.243	271
49.120	21.66	24.01	0.01	7.66	1.243	271
49.152	21.66	24.00	0.00	7.65	1.243	271
49.184	21.67	24.01	0.01	7.66	1.243	271
49.216	21.67	24.02	0.00	7.65	1.243	271
49.248	21.68	24.03	0.00	7.65	1.243	271
49.280	21.70	24.04	0.01	7.66	1.243	271
49.312	21.70	24.05	0.00	7.65	1.243	271
49.344	21.72	24.06	0.00	7.65	1.243	271
49.376	21.73	24.07	-0.00	7.65	1.243	271
49.408	21.74	24.08	0.00	7.65	1.243	271
49.440	21.74	24.09	0.00	7.65	1.239	270
49.472	21.75	24.09	0.01	7.66	1.239	270
49.504	21.74	24.08	0.00	7.65	1.239	270
49.536	21.73	24.07	-0.00	7.65	1.239	270
49.568	21.73	24.07	0.00	7.65	1.239	270
49.600	21.74	24.09	0.01	7.66	1.239	270
49.632	21.75	24.09	0.00	7.65	1.239	270
49.664	21.75	24.09	-0.00	7.65	1.239	270
49.696	21.74	24.09	0.01	7.66	1.239	270
49.728	21.74	24.09	0.00	7.65	1.239	270
49.760	21.73	24.07	0.01	7.66	1.239	270
49.792	21.71	24.05	0.00	7.65	1.239	270
49.824	21.69	24.03	0.00	7.65	1.239	270
49.856	21.66	24.01	0.00	7.65	1.239	270
49.888	21.65	23.99	0.00	7.65	1.239	270
49.920	21.65	23.99	0.01	7.66	1.239	270
49.952	21.66	24.00	0.01	7.66	1.239	270
49.984	21.66	24.00	0.01	7.66	1.239	270
50.016	21.65	23.99	0.00	7.65	1.239	270
50.048	21.65	24.00	0.00	7.65	1.239	270
50.080	21.65	24.00	0.01	7.66	1.239	270
50.112	21.64	23.98	0.00	7.65	1.239	270
50.144	21.62	23.96	0.00	7.65	1.239	270
50.176	21.61	23.96	0.01	7.66	1.239	270
50.208	21.62	23.97	0.00	7.65	1.239	270
50.240	21.62	23.97	0.00	7.65	1.239	270
50.272	21.63	23.97	0.01	7.66	1.239	270
50.304	21.64	23.98	0.00	7.65	1.239	270
50.336	21.64	23.99	0.00	7.65	1.239	270
50.368	21.65	23.99	0.00	7.65	1.239	270
50.400	21.65	24.00	0.01	7.66	1.239	270
50.432	21.65	24.00	0.01	7.66	1.239	270
50.464	21.65	24.00	0.00	7.65	1.239	270
50.496	21.64	23.99	0.00	7.65	1.239	270
50.528	21.66	24.00	-0.00	7.65	1.239	270
50.560	21.66	24.00	0.01	7.66	1.239	270
50.592	21.66	24.00	0.00	7.65	1.239	270
50.624	21.65	23.99	0.00	7.65	1.239	270
50.656	21.64	23.98	0.00	7.65	1.239	270
50.688	21.63	23.97	0.00	7.65	1.239	270
50.720	21.62	23.96	0.01	7.66	1.239	270
50.752	21.63	23.97	0.00	7.65	1.239	270
50.784	21.63	23.98	0.00	7.65	1.239	270
50.816	21.63	23.98	-0.00	7.65	1.239	270
50.848	21.62	23.96	0.00	7.65	1.243	271
50.880	21.63	23.98	0.01	7.66	1.243	271
50.912	21.63	23.97	0.01	7.66	1.243	271
50.944	21.64	23.98	0.00	7.65	1.243	271
50.976	21.64	23.98	0.00	7.65	1.243	271
51.008	21.63	23.97	0.01	7.66	1.243	271
51.040	21.62	23.97	0.00	7.65	1.243	271
51.072	21.62	23.97	0.01	7.66	1.243	271
51.104	21.63	23.97	0.00	7.65	1.243	271
51.136	21.64	23.98	0.00	7.65	1.243	271
51.168	21.63	23.97	0.01	7.66	1.243	271
51.200	21.64	23.98	0.01	7.66	1.243	271
51.232	21.63	23.97	0.01	7.66	1.243	271
51.264	21.63	23.97	0.01	7.66	1.243	271
51.296	21.61	23.96	0.00	7.65	1.243	271
51.328	21.60	23.94	0.00	7.65	1.239	270
51.360	21.57	23.92	0.00	7.65	1.239	270
51.392	21.56	23.90	0.01	7.66	1.239	270
51.424	21.54	23.89	0.00	7.65	1.239	270
51.456	21.52	23.87	0.00	7.65	1.239	270
51.488	21.50	23.85	0.00	7.65	1.239	270
51.520	21.51	23.85	0.00	7.65	1.239	270
51.552	21.53	23.88	0.01	7.66	1.239	270
51.584	21.55	23.90	0.00	7.65	1.239	270
51.616	21.56	23.91	0.00	7.65	1.239	270
51.648	21.58	23.93	0.00	7.65	1.239	270
51.680	21.60	23.94	0.01	7.66	1.239	270
51.712	21.61	23.96	0.01	7.66	1.239	270
51.744	21.62	23.96	0.00	7.65	1.239	270
51.776	21.63	23.98	0.00	7.65	1.239	270
51.808	21.63	23.98	0.00	7.65	1.243	271
51.840	21.63	23.98	0.01	7.66	1.243	271
51.872	21.62	23.97	0.01	7.66	1.243	271
51.904	21.61	23.96	0.00	7.65	1.243	271
51.936	21.60	23.94	0.00	7.65	1.243	271
51.968	21.57	23.92	0.00	7.65	1.243	271
52.000	21.55	23.89	0.00	7.65	1.243	271
52.032	21.56	23.90	0.00	7.65	1.243	271
52.064	21.55	23.89	-0.00	7.65	1.243	271
52.096	21.54	23.89	0.00	7.65	1.243	271
52.128	21.54	23.88	0.00	7.65	1.243	271
52.160	21.54	23.88	0.01	7.66	1.243	271
52.192	21.55	23.89	0.00	7.65	1.243	271
52.224	21.55	23.89	0.00	7.65	1.243	271
52.256	21.55	23.90	0.00	7.65	1.239	270
52.288	21.56	23.90	0.01	7.66	1.239	270
52.320	21.56	23.90	0.01	7.66	1.239	270
52.352	21.56	23.91	0.01	7.66	1.239	270
52.384	21.57	23.91	0.00	7.65	1.239	270
52.416	21.57	23.92	0.00	7.65	1.239	270
52.448	21.56	23.91	0.00	7.65	1.239	270
52.480	21.55	23.89	0.01	7.66	1.239	270
52.512	21.55	23.90	0.01	7.66	1.239	270
52.544	21.55	23.90	0.01	7.66	1.239	270
52.576	21.55	23.90	0.00	7.65	1.239	270
52.608	21.55	23.89	0.00	7.65	1.239	270
52.640	21.55	23.90	0.00	7.65	1.239	270
52.672	21.55	23.89	0.00	7.65	1.239	270
52.704	21.55	23.89	0.00	7.65	1.239	270
52.736	21.55	23.90	0.00	7.65	1.243	271
52.768	21.56	23.91	0.01	7.66	1.243	271
52.800	21.56	23.91	0.01	7.66	1.243	271
52.832	21.55	23.90	0.00	7.65	1.243	271
52.864	21.54	23.89	0.00	7.65	1.243	271
52.896	21.53	23.87	-0.00	7.65	1.243	271
52.928	21.51	23.86	0.01	7.66	1.243	271
52.960	21.51	23.85	0.00	7.65	1.243	271
52.992	21.50	23.85	0.00	7.65	1.243	271
53.024	21.50	23.84	0.00	7.65	1.243	271
53.056	21.50	23.84	0.01	7.66	1.243	271
53.088	21.50	23.84	0.00	7.65	1.243	271
53.120	21.49	23.83	0.01	7.66	1.243	271
53.152	21.48	23.83	0.01	7.66	1.243	271
53.184	21.50	23.85	0.00	7.65	1.239	270
53.216	21.51	23.86	0.00	7.65	1.239	270
53.248	21.54	23.89	0.00	7.65	1.239	270
53.280	21.56	23.90	0.01	7.66	1.239	270
53.312	21.57	23.91	0.00	7.65	1.239	270
53.344	21.57	23.92	0.01	7.66	1.239	270
53.376	21.57	23.92	0.00	7.65	1.239	270
53.408	21.57	23.92	0.00	7.65	1.239	270
53.440	21.56	23.91	0.00	7.65	1.239	270
53.472	21.55	23.89	0.01	7.66	1.239	270
53.504	21.55	23.90	0.01	7.66	1.239	270
53.536	21.57	23.92	0.00	7.65	1.239	270
53.568	21.57	23.92	0.01	7.66	1.239	270
53.600	21.57	23.92	0.00	7.65	1.239	270
53.632	21.56	23.90	0.00	7.65	1.239	270
53.664	21.54	23.89	0.00	7.65	1.239	270
53.696	21.53	23.87	0.00	7.65	1.239	270
53.728	21.51	23.86	0.00	7.65	1.239	270
53.760	21.49	23.84	0.00	7.65	1.239	270
53.792	21.47	23.81	0.00	7.65	1.239	270
53.824	21.45	23.80	0.01	7.66	1.239	270
53.856	21.44	23.78	0.00	7.65	1.239	270
53.888	21.43	23.78	0.00	7.65	1.239	270
53.920	21.42	23.77	0.00	7.65	1.239	270
53.952	21.39	23.74	0.00	7.65	1.239	270
53.984	21.39	23.74	0.00	7.65	1.239	270
54.016	21.41	23.75	0.00	7.65	1.239	270
54.048	21.41	23.75	0.00	7.65	1.239	270
54.080	21.40	23.74	0.00	7.65	1.239	270
54.112	21.39	23.74	0.00	7.65	1.239	270
54.144	21.41	23.75	-0.00	7.65	1.239	270
54.176	21.41	23.76	0.00	7.65	1.239	270
54.208	21.42	23.77	0.01	7.66	1.239	270
54.240	21.43	23.78	0.01	7.66	1.239	270
54.272	21.44	23.78	0.00	7.65	1.239	270
54.304	21.44	23.78	0.00	7.65	1.239	270
54.336	21.45	23.79	0.00	7.65	1.239	270
54.368	21.46	23.80	0.00	7.65	1.239	270
54.400	21.46	23.81	0.01	7.66	1.239	270
54.432	21.45	23.79	0.00	7.65	1.239	270
54.464	21.44	23.78	0.00	7.65	1.239	270
54.496	21.45	23.80	-0.00	7.65	1.239	270
54.528	21.45	23.80	0.01	7.66	1.239	270
54.560	21.46	23.80	0.00	7.65	1.239	270
54.592	21.47	23.82	0.01	7.66	1.239	270
54.624	21.48	23.82	0.00	7.65	1.239	270
54.656	21.48	23.82	0.00	7.65	1.239	270
54.688	21.45	23.80	0.01	7.66	1.239	270
54.720	21.45	23.79	0.01	7.66	1.239	270
54.752	21.45	23.79	0.01	7.66	1.239	270
54.784	21.45	23.80	0.00	7.65	1.239	270
54.816	21.45	23.79	0.00	7.65	1.239	270
54.848	21.45	23.80	-0.00	7.65	1.239	270
54.880	21.45	23.79	0.00	7.65	1.239	270
54.912	21.43	23.77	0.01	7.66	1.239	270
54.944	21.39	23.73	0.00	7.65	1.239	270
54.976	21.36	23.70	-0.00	7.65	1.239	270
55.008	21.35	23.69	0.01	7.66	1.239	270
55.040	21.36	23.70	0.00	7.65	1.239	270
55.072	21.36	23.70	0.01	7.66	1.234	269
55.104	21.36	23.71	0.00	7.65	1.234	269
55.136	21.38	23.72	0.01	7.66	1.234	269
55.168	21.40	23.74	0.01	7.66	1.234	269
55.200	21.43	23.78	0.00	7.65	1.234	269
55.232	21.46	23.80	0.01	7.66	1.234	269
55.264	21.48	23.82	0.00	7.65	1.234	269
55.296	21.49	23.84	0.00	7.65	1.234	269
55.328	21.50	23.84	0.01	7.66	1.234	269
55.360	21.49	23.84	0.00	7.65	1.234	269
55.392	21.47	23.81	0.00	7.65	1.234	269
55.424	21.43	23.77	0.00	7.65	1.234	269
55.456	21.38	23.73	0.00	7.65	1.234	269
55.488	21.37	23.71	0.00	7.65	1.234	269
55.520	21.35	23.69	0.00	7.65	1.234	269
55.552	21.34	23.68	0.00	7.65	1.239	270
55.584	21.33	23.67	0.00	7.65	1.239	270
55.616	21.31	23.66	0.00	7.65	1.239	270
55.648	21.33	23.67	0.00	7.65	1.239	270
55.680	21.31	23.66	0.01	7.66	1.239	270
55.712	21.33	23.68	0.00	7.65	1.239	270
55.744	21.33	23.68	0.00	7.65	1.239	270
55.776	21.34	23.68	0.01	7.66	1.239	270
55.808	21.33	23.67	0.01	7.66	1.239	270
55.840	21.31	23.66	-0.00	7.65	1.239	270
55.872	21.32	23.67	0.01	7.66	1.239	270
55.904	21.33	23.67	0.01	7.66	1.239	270
55.936	21.31	23.65	0.00	7.65	1.239	270
55.968	21.30	23.65	0.00	7.65	1.239	270
56.000	21.31	23.65	0.00	7.65	1.248	272
56.032	21.34	23.68	0.01	7.66	1.248	272
56.064	21.37	23.72	0.00	7.65	1.248	272
56.096	21.40	23.74	0.00	7.65	1.248	272
56.128	21.42	23.76	0.00	7.65	1.248	272
56.160	21.41	23.76	0.00	7.65	1.248	272
56.192	21.43	23.77	0.01	7.66	1.248	272
56.224	21.45	23.79	0.01	7.66	1.248	272
56.256	21.45	23.80	0.00	7.65	1.248	272
56.288	21.44	23.79	0.01	7.66	1.248	272
56.320	21.45	23.79	0.00	7.65	1.248	272
56.352	21.45	23.79	0.00	7.65	1.248	272
56.384	21.44	23.79	0.00	7.65	1.248	272
56.416	21.41	23.76	0.01	7.66	1.248	272
56.448	21.40	23.75	0.00	7.65	1.248	272
56.480	21.40	23.74	0.00	7.65	1.252	273
56.512	21.39	23.73	0.00	7.65	1.252	273
56.544	21.39	23.74	-0.00	7.65	1.252	273
56.576	21.40	23.74	0.00	7.65	1.252	273
56.608	21.40	23.75	0.00	7.65	1.252	273
56.640	21.41	23.76	0.00	7.65	1.252	273
56.672	21.40	23.74	0.01	7.66	1.252	273
56.704	21.40	23.74	0.00	7.65	1.252	273
56.736	21.41	23.75	0.00	7.65	1.252	273
56.768	21.40	23.74	0.00	7.65	1.252	273
56.800	21.39	23.73	0.00	7.65	1.252	273
56.832	21.38	23.73	0.00	7.65	1.252	273
56.864	21.36	23.70	0.00	7.65	1.252	273
56.896	21.34	23.69	0.00	7.65	1.252	273
56.928	21.33	23.68	0.00	7.65	1.248	272
56.960	21.34	23.68	0.01	7.66	1.248	272
56.992	21.36	23.70	0.01	7.66	1.248	272
57.024	21.37	23.72	0.00	7.65	1.248	272
57.056	21.38	23.72	0.00	7.65	1.248	272
57.088	21.39	23.73	0.00	7.65	1.248	272
57.120	21.42	23.76	0.00	7.65	1.248	272
57.152	21.42	23.77	0.01	7.66	1.248	272
57.184	21.44	23.78	0.01	7.66	1.248	272
57.216	21.44	23.78	0.00	7.65	1.248	272
57.248	21.45	23.79	0.00	7.65	1.248	272
57.280	21.44	23.79	0.00	7.65	1.248	272
57.312	21.44	23.79	0.00	7.65	1.248	272
57.344	21.43	23.77	0.00	7.65	1.248	272
57.376	21.43	23.77	0.00	7.65	1.248	272
57.408	21.41	23.76	0.00	7.65	1.248	272
57.440	21.40	23.74	0.00	7.65	1.248	272
57.472	21.40	23.75	0.01	7.66	1.248	272
57.504	21.40	23.74	0.01	7.66	1.248	272
57.536	21.39	23.73	-0.00	7.65	1.248	272
57.568	21.38	23.72	0.01	7.66	1.248	272
57.600	21.37	23.72	0.00	7.65	1.248	272
57.632	21.38	23.73	0.00	7.65	1.248	272
57.664	21.39	23.73	0.00	7.65	1.248	272
57.696	21.39	23.74	-0.00	7.65	1.248	272
57.728	21.39	23.73	0.00	7.65	1.248	272
57.760	21.38	23.73	-0.00	7.65	1.248	272
57.792	21.38	23.72	0.01	7.66	1.248	272
57.824	21.38	23.73	0.01	7.66	1.248	272
57.856	21.39	23.73	-0.00	7.65	1.248	272
57.888	21.40	23.74	0.01	7.66	1.252	273
57.920	21.39	23.73	0.00	7.65	1.252	273
57.952	21.38	23.72	0.00	7.65	1.252	273
57.984	21.37	23.71	-0.00	7.65	1.252	273
58.016	21.37	23.71	0.00	7.65	1.252	273
58.048	21.37	23.71	0.00	7.65	1.252	273
58.080	21.37	23.71	0.00	7.65	1.252	273
58.112	21.38	23.73	0.01	7.66	1.252	273
58.144	21.39	23.74	0.00	7.65	1.252	273
58.176	21.41	23.75	0.00	7.65	1.252	273
58.208	21.43	23.77	0.00	7.65	1.252	273
58.240	21.43	23.78	0.01	7.66	1.252	273
58.272	21.43	23.77	0.00	7.65	1.252	273
58.304	21.42	23.77	0.00	7.65	1.252	273
58.336	21.40	23.75	0.00	7.65	1.252	273
58.368	21.39	23.73	0.00	7.65	1.252	273
58.400	21.36	23.70	0.00	7.65	1.252	273
58.432	21.35	23.69	0.01	7.66	1.252	273
58.464	21.36	23.70	0.00	7.65	1.252	273
58.496	21.38	23.72	-0.00	7.65	1.252	273
58.528	21.38	23.72	0.00	7.65	1.252	273
58.560	21.37	23.71	0.00	7.65	1.252	273
58.592	21.36	23.71	0.01	7.66	1.252	273
58.624	21.37	23.71	0.00	7.65	1.252	273
58.656	21.38	23.72	0.00	7.65	1.252	273
58.688	21.39	23.73	0.00	7.65	1.252	273
58.720	21.39	23.73	0.00	7.65	1.252	273
58.752	21.39	23.73	0.01	7.66	1.252	273
58.784	21.38	23.72	-0.00	7.65	1.252	273
58.816	21.36	23.71	0.00	7.65	1.252	273
58.848	21.37	23.71	0.00	7.65	1.252	273
58.880	21.35	23.69	0.00	7.65	1.252	273
58.912	21.32	23.67	0.00	7.65	1.252	273
58.944	21.30	23.65	0.00	7.65	1.252	273
58.976	21.30	23.65	0.00	7.65	1.252	273
59.008	21.30	23.64	0.00	7.65	1.252	273
59.040	21.30	23.64	0.00	7.65	1.252	273
59.072	21.31	23.65	0.00	7.65	1.252	273
59.104	21.32	23.66	0.00	7.65	1.252	273
59.136	21.33	23.68	0.00	7.65	1.252	273
59.168	21.34	23.69	0.00	7.65	1.252	273
59.200	21.35	23.70	0.01	7.66	1.252	273
59.232	21.36	23.70	0.01	7.66	1.252	273
59.264	21.36	23.70	0.00	7.65	1.252	273
59.296	21.35	23.69	0.00	7.65	1.252	273
59.328	21.34	23.68	0.00	7.65	1.252	273
59.360	21.34	23.68	0.00	7.65	1.252	273
59.392	21.34	23.68	0.00	7.65	1.252	273
59.424	21.35	23.69	0.00	7.65	1.252	273
59.456	21.36	23.70	0.00	7.65	1.252	273
59.488	21.38	23.72	0.00	7.65	1.252	273
59.520	21.39	23.74	0.00	7.65	1.252	273
59.552	21.39	23.74	0.01	7.66	1.252	273
59.584	21.40	23.75	0.00	7.65	1.252	273
59.616	21.40	23.75	0.01	7.66	1.252	273
59.648	21.40	23.75	0.00	7.65	1.252	273
59.680	21.42	23.77	0.01	7.66	1.252	273
59.712	21.43	23.77	0.01	7.66	1.252	273
59.744	21.41	23.75	0.01	7.66	1.248	272
59.776	21.40	23.74	0.00	7.65	1.248	272
59.808	21.39	23.73	0.01	7.66	1.248	272
59.840	21.38	23.72	0.01	7.66	1.248	272
59.872	21.36	23.71	0.00	7.65	1.248	272
59.904	21.35	23.69	-0.00	7.65	1.248	272
59.936	21.35	23.69	0.00	7.65	1.248	272
59.968	21.37	23.71	0.00	7.65	1.248	272
60.000	21.38	23.72	0.01	7.66	1.248	272
60.032	21.39	23.74	0.01	7.66	1.248	272
60.064	21.40	23.75	0.00	7.65	1.248	272
60.096	21.41	23.76	-0.00	7.65	1.248	272
60.128	21.41	23.75	0.00	7.65	1.248	272
60.160	21.40	23.74	0.00	7.65	1.248	272
60.192	21.40	23.74	0.00	7.65	1.248	272
60.224	21.39	23.74	0.00	7.65	1.257	274
60.256	21.37	23.72	-0.00	7.65	1.257	274
60.288	21.36	23.71	0.00	7.65	1.257	274
60.320	21.36	23.70	0.01	7.66	1.257	274
60.352	21.35	23.70	0.01	7.66	1.257	274
60.384	21.33	23.67	0.00	7.65	1.257	274
60.416	21.31	23.66	0.00	7.65	1.257	274
60.448	21.32	23.67	0.00	7.65	1.257	274
60.480	21.32	23.67	0.00	7.65	1.257	274
60.512	21.31	23.66	0.00	7.65	1.257	274
60.544	21.31	23.65	0.01	7.66	1.257	274
60.576	21.32	23.66	0.01	7.66	1.257	274
60.608	21.33	23.67	0.00	7.65	1.257	274
60.640	21.35	23.69	0.01	7.66	1.257	274
60.672	21.38	23.72	0.01	7.66	1.252	273
60.704	21.39	23.74	0.00	7.65	1.252	273
60.736	21.40	23.74	0.01	7.66	1.252	273
60.768	21.40	23.75	0.01	7.66	1.252	273
60.800	21.40	23.74	0.01	7.66	1.252	273
60.832	21.41	23.75	0.00	7.65	1.252	273
60.864	21.40	23.75	0.00	7.65	1.252	273
60.896	20.80	23.14	0.00	7.65	1.252	273
60.928	17.87	20.21	-0.00	7.65	1.252	273
60.960	14.63	16.97	0.00	7.65	1.252	273
60.992	12.15	14.49	0.00	7.65	1.252	273
61.024	9.41	11.75	0.00	7.65	1.252	273
61.056	7.41	9.75	0.00	7.65	1.252	273
61.088	5.72	8.07	0.00	7.65	1.252	273
61.120	4.23	6.57	-0.00	7.65	1.252	273
61.152	3.11	5.45	0.00	7.65	0.697	152
61.184	2.18	4.52	0.00	7.65	0.697	152
61.216	1.43	3.77	0.00	7.65	0.697	152
61.248	0.87	3.22	0.00	7.65	0.697	152
61.280	0.43	2.78	0.00	7.65	0.697	152
61.312	0.11	2.46	0.01	7.66	0.697	152
61.344	-0.10	2.24	0.01	7.66	0.697	152
61.376	-0.25	2.10	0.00	7.65	0.697	152
61.408	-0.33	2.02	0.00	7.65	0.697	152
61.440	-0.36	1.98	0.01	7.66	0.697	152
61.472	-0.36	1.99	0.01	7.66	0.697	152
61.504	-0.33	2.02	0.00	7.65	0.697	152
61.536	-0.28	2.06	0.00	7.65	0.697	152
61.568	-0.24	2.11	0.00	7.65	0.697	152
61.600	-0.18	2.16	0.01	7.66	0.697	152
61.632	-0.13	2.22	0.00	7.65	0.005	1
61.664	-0.09	2.26	0.00	7.65	0.005	1
61.696	-0.05	2.30	0.00	7.65	0.005	1
61.728	-0.02	2.32	0.01	7.66	0.005	1
61.760	0.00	2.34	0.00	7.65	0.005	1
61.792	0.01	2.35	0.01	7.66	0.005	1
61.824	0.01	2.35	0.01	7.66	0.005	1
61.856	0.01	2.35	0.00	7.65	0.005	1
61.888	-0.00	2.34	0.00	7.65	0.005	1
61.920	-0.01	2.33	0.01	7.66	0.005	1
61.952	-0.03	2.31	0.01	7.66	0.005	1
61.984	-0.05	2.30	0.00	7.65	0.005	1
62.016	-0.06	2.28	0.00	7.65	0.005	1
62.048	-0.08	2.27	-0.00	7.65	0.005	1
62.080	-0.09	2.25	0.01	7.66	0.000	0
62.112	-0.10	2.24	0.01	7.66	0.000	0
62.144	-0.11	2.23	0.00	7.65	0.000	0
62.176	-0.12	2.23	0.00	7.65	0.000	0
62.208	-0.12	2.22	0.00	7.65	0.000	0
62.240	-0.12	2.22	0.00	7.65	0.000	0
62.272	-0.12	2.22	0.00	7.65	0.000	0
62.304	-0.12	2.22	0.00	7.65	0.000	0
62.336	-0.12	2.23	0.00	7.65	0.000	0
62.368	-0.11	2.23	0.00	7.65	0.000	0
62.400	-0.11	2.23	0.00	7.65	0.000	0
62.432	-0.11	2.24	0.01	7.66	0.000	0
62.464	-0.11	2.24	0.00	7.65	0.000	0
62.496	-0.10	2.24	0.00	7.65	0.000	0
62.528	-0.10	2.24	0.00	7.65	0.000	0
62.560	-0.10	2.25	0.00	7.65	0.000	0
62.592	-0.10	2.25	0.01	7.66	0.000	0
62.624	-0.10	2.24	0.00	7.65	0.000	0
62.656	-0.10	2.24	0.01	7.66	0.000	0
62.688	-0.10	2.24	0.00	7.65	0.000	0
62.720	-0.10	2.25	0.00	7.65	0.000	0
62.752	-0.10	2.24	0.01	7.66	0.000	0
62.784	-0.11	2.24	0.00	7.65	0.000	0
62.816	-0.10	2.24	0.00	7.65	0.000	0
62.848	-0.10	2.24	0.00	7.65	0.000	0
62.880	-0.11	2.24	0.00	7.65	0.000	0
62.912	-0.11	2.24	0.00	7.65	0.000	0
62.944	-0.11	2.23	0.00	7.65	0.000	0
62.976	-0.12	2.22	0.00	7.65	0.000	0
63.008	-0.13	2.21	0.00	7.65	0.000	0
63.040	-0.15	2.19	0.00	7.65	0.000	0
63.072	-0.17	2.17	0.00	7.65	0.000	0
63.104	-0.16	2.19	0.00	7.65	0.000	0
63.136	-0.14	2.20	0.00	7.65	0.000	0
63.168	-0.11	2.24	0.00	7.65	0.000	0
63.200	-0.07	2.28	0.00	7.65	0.000	0
63.232	-0.05	2.30	0.00	7.65	0.000	0
63.264	-0.07	2.28	0.00	7.65	0.000	0
63.296	-0.09	2.25	0.01	7.66	0.000	0
63.328	-0.10	2.24	0.00	7.65	0.000	0
63.360	-0.11	2.23	0.01	7.66	0.000	0
63.392	-0.12	2.22	0.01	7.66	0.000	0
63.424	-0.12	2.22	0.00	7.65	0.000	0
63.456	-0.12	2.23	0.00	7.65	0.000	0
63.488	-0.10	2.24	0.00	7.65	0.000	0
63.520	-0.10	2.25	0.00	7.65	0.000	0
63.552	-0.10	2.24	0.01	7.66	0.000	0
63.584	-0.07	2.27	-0.00	7.65	0.000	0
63.616	-0.05	2.30	0.01	7.66	0.000	0
63.648	-0.09	2.25	0.00	7.65	0.000	0
63.680	-0.09	2.25	0.01	7.66	0.000	0
63.712	-0.09	2.26	0.01	7.66	0.000	0
63.744	-0.10	2.24	0.01	7.66	0.000	0
63.776	-0.09	2.25	0.00	7.65	0.000	0
63.808	-0.06	2.28	0.00	7.65	0.000	0
63.840	-0.04	2.30	0.01	7.66	0.000	0
63.872	-0.02	2.33	0.01	7.66	0.000	0
63.904	0.04	2.38	0.00	7.65	0.000	0
63.936	0.07	2.41	0.00	7.65	0.000	0
