tempo(s)    p0  p0Total p1  p1Total
0.000	0.00	6.70	0.01	7.90
0.032	0.02	6.71	0.00	7.89
0.064	0.03	6.72	-0.02	7.86
0.096	0.00	6.70	-0.02	7.86
0.128	0.01	6.70	0.00	7.89
0.160	0.01	6.70	0.03	7.92
0.192	0.00	6.69	0.01	7.90
0.224	0.02	6.71	-0.02	7.87
0.256	0.01	6.71	-0.02	7.86
0.288	0.02	6.71	0.00	7.89
0.320	0.01	6.70	0.03	7.91
0.352	0.02	6.71	0.01	7.90
0.384	0.00	6.70	-0.02	7.87
0.416	0.02	6.71	-0.03	7.86
0.448	0.02	6.72	-0.00	7.89
0.480	0.03	6.72	0.03	7.91
0.512	0.02	6.71	0.01	7.90
0.544	0.00	6.70	-0.02	7.87
0.576	0.02	6.71	-0.03	7.86
0.608	0.02	6.71	-0.00	7.88
0.640	0.02	6.71	0.03	7.92
0.672	0.02	6.71	0.01	7.90
0.704	0.03	6.73	-0.02	7.87
0.736	0.02	6.72	-0.03	7.86
0.768	0.02	6.71	-0.00	7.88
0.800	0.03	6.72	0.03	7.91
0.832	0.01	6.70	0.01	7.90
0.864	0.02	6.72	-0.02	7.87
0.896	0.02	6.72	-0.03	7.86
0.928	0.02	6.71	-0.00	7.88
0.960	0.02	6.71	0.03	7.91
0.992	0.03	6.72	0.01	7.90
1.024	0.02	6.71	-0.01	7.88
1.056	0.03	6.73	-0.03	7.86
1.088	0.03	6.72	-0.01	7.88
1.120	0.03	6.72	0.03	7.91
1.152	0.02	6.71	0.02	7.90
1.184	0.02	6.71	-0.01	7.87
1.216	0.03	6.72	-0.03	7.86
1.248	0.03	6.73	-0.01	7.88
1.280	0.03	6.72	0.03	7.91
1.312	0.03	6.72	0.01	7.90
1.344	0.04	6.73	-0.01	7.87
1.376	0.02	6.72	-0.03	7.85
1.408	0.03	6.73	-0.01	7.87
1.440	0.03	6.72	0.03	7.91
1.472	0.04	6.73	0.02	7.90
1.504	0.03	6.72	-0.01	7.88
1.536	0.03	6.72	-0.03	7.86
1.568	0.03	6.73	-0.01	7.88
1.600	0.03	6.72	0.02	7.91
1.632	0.03	6.72	0.02	7.91
1.664	0.03	6.72	-0.01	7.88
1.696	0.03	6.73	-0.03	7.86
1.728	0.04	6.73	-0.02	7.87
1.760	0.04	6.73	0.02	7.91
1.792	0.03	6.73	0.02	7.91
1.824	2.47	9.16	-0.00	7.88
1.856	8.89	15.58	-0.03	7.86
1.888	12.46	19.16	-0.02	7.87
1.920	14.28	20.97	0.02	7.91
1.952	19.61	26.30	0.03	7.91
1.984	24.86	31.55	0.02	7.91
2.016	28.85	35.54	0.36	8.24
2.048	30.67	37.36	0.42	8.30
2.080	28.33	35.03	0.02	7.91
2.112	23.34	30.03	0.03	7.91
2.144	19.67	26.36	0.00	7.89
2.176	20.49	27.19	-0.03	7.86
2.208	22.40	29.09	-0.01	7.87
2.240	22.95	29.65	0.01	7.90
2.272	22.25	28.95	0.03	7.91
2.304	21.52	28.21	0.00	7.89
2.336	20.77	27.46	-0.03	7.86
2.368	18.94	25.63	-0.02	7.87
2.400	16.94	23.63	0.01	7.90
2.432	14.96	21.65	0.03	7.92
2.464	13.38	20.07	0.00	7.89
2.496	14.97	21.66	-0.03	7.86
2.528	20.69	27.39	-0.02	7.87
2.560	26.21	32.90	0.11	8.00
2.592	29.87	36.56	0.62	8.50
2.624	30.85	37.55	0.34	8.22
2.656	27.43	34.13	-0.03	7.86
2.688	22.31	29.00	-0.02	7.87
2.720	19.42	26.11	0.01	7.89
2.752	21.34	28.03	0.03	7.92
2.784	23.04	29.73	0.01	7.90
2.816	23.28	29.98	-0.02	7.87
2.848	22.34	29.03	-0.03	7.86
2.880	21.50	28.19	0.00	7.89
2.912	20.32	27.02	0.03	7.92
2.944	18.38	25.08	0.01	7.90
2.976	16.42	23.11	-0.02	7.87
3.008	14.59	21.28	-0.02	7.86
3.040	13.15	19.84	0.00	7.89
3.072	16.22	22.92	0.03	7.92
3.104	21.98	28.67	0.02	7.90
3.136	27.19	33.88	0.16	8.05
3.168	30.26	36.96	0.64	8.52
3.200	30.54	37.23	0.18	8.07
3.232	26.27	32.97	0.03	7.92
3.264	21.39	28.08	0.02	7.90
3.296	19.50	26.19	-0.01	7.87
3.328	21.84	28.54	-0.03	7.86
3.360	23.14	29.83	-0.00	7.88
3.392	22.98	29.67	0.03	7.92
3.424	22.12	28.81	0.02	7.90
3.456	21.50	28.19	-0.01	7.87
3.488	19.99	26.68	-0.03	7.86
3.520	18.17	24.86	-0.00	7.88
3.552	16.11	22.81	0.03	7.92
3.584	14.20	20.89	0.02	7.90
3.616	13.20	19.89	-0.01	7.88
3.648	17.55	24.25	-0.03	7.86
3.680	23.38	30.07	-0.00	7.89
3.712	28.19	34.88	0.33	8.22
3.744	30.71	37.40	0.65	8.53
3.776	29.78	36.47	0.05	7.94
3.808	24.91	31.60	-0.03	7.86
3.840	20.44	27.14	-0.01	7.88
3.872	19.90	26.60	0.03	7.91
3.904	22.26	28.95	0.02	7.91
3.936	23.22	29.91	-0.01	7.88
3.968	22.86	29.55	-0.03	7.86
4.000	21.72	28.41	-0.01	7.87
4.032	21.05	27.75	0.02	7.91
4.064	19.52	26.21	0.02	7.91
4.096	17.67	24.36	-0.00	7.88
4.128	15.59	22.28	-0.03	7.86
4.160	13.71	20.40	-0.01	7.88
4.192	13.80	20.49	0.02	7.91
4.224	18.97	25.66	0.02	7.91
4.256	24.65	31.35	0.02	7.91
4.288	28.99	35.68	0.44	8.32
4.320	31.10	37.79	0.58	8.47
4.352	28.93	35.63	0.03	7.92
4.384	23.79	30.48	0.02	7.91
4.416	19.88	26.57	0.00	7.89
4.448	20.49	27.19	-0.03	7.86
4.480	22.64	29.33	-0.02	7.87
4.512	23.34	30.04	0.02	7.90
4.544	22.67	29.37	0.02	7.91
4.576	21.74	28.43	0.00	7.89
4.608	20.82	27.52	-0.03	7.86
4.640	18.98	25.68	-0.02	7.87
4.672	17.10	23.79	0.01	7.90
4.704	15.12	21.82	0.03	7.92
4.736	13.29	19.98	0.00	7.89
4.768	14.69	21.38	-0.02	7.87
4.800	20.43	27.12	-0.02	7.87
4.832	25.98	32.68	0.09	7.98
4.864	29.78	36.47	0.61	8.50
4.896	30.94	37.64	0.40	8.28
4.928	27.84	34.53	-0.02	7.86
4.960	22.72	29.41	-0.02	7.86
4.992	19.60	26.29	0.01	7.89
5.024	21.22	27.92	0.03	7.92
5.056	22.89	29.59	0.01	7.90
5.088	23.16	29.86	-0.02	7.87
5.120	22.43	29.13	-0.02	7.86
5.152	21.64	28.34	0.00	7.89
5.184	20.47	27.16	0.03	7.92
5.216	18.63	25.33	0.01	7.90
5.248	16.59	23.29	-0.02	7.87
5.280	14.69	21.38	-0.03	7.86
5.312	13.07	19.76	0.00	7.89
5.344	15.92	22.62	0.03	7.92
5.376	21.79	28.48	0.02	7.90
5.408	27.20	33.89	0.19	8.07
5.440	30.46	37.15	0.69	8.58
5.472	30.62	37.31	0.21	8.10
5.504	26.42	33.12	0.03	7.92
5.536	21.48	28.18	0.01	7.90
5.568	19.46	26.15	-0.02	7.87
5.600	21.71	28.40	-0.03	7.86
5.632	23.15	29.84	-0.00	7.88
5.664	23.14	29.83	0.03	7.91
5.696	22.14	28.83	0.02	7.90
5.728	21.38	28.07	-0.02	7.87
5.760	20.08	26.78	-0.03	7.86
5.792	18.28	24.97	-0.01	7.88
5.824	16.22	22.91	0.02	7.91
5.856	14.38	21.07	0.02	7.90
5.888	13.31	20.00	-0.01	7.88
5.920	17.42	24.11	-0.03	7.86
5.952	23.21	29.90	-0.00	7.89
5.984	28.13	34.83	0.35	8.23
6.016	30.80	37.50	0.68	8.57
6.048	29.94	36.64	0.07	7.96
6.080	25.27	31.96	-0.03	7.85
6.112	20.72	27.42	-0.01	7.88
6.144	19.86	26.55	0.03	7.91
6.176	22.23	28.92	0.02	7.90
6.208	23.11	29.80	-0.01	7.88
6.240	22.83	29.52	-0.03	7.86
6.272	22.02	28.71	-0.01	7.88
6.304	21.36	28.06	0.02	7.91
6.336	19.61	26.30	0.02	7.91
6.368	17.81	24.50	-0.01	7.88
6.400	15.70	22.39	-0.03	7.86
6.432	13.87	20.57	-0.01	7.88
6.464	13.58	20.28	0.02	7.91
6.496	18.65	25.34	0.02	7.91
6.528	24.42	31.11	0.02	7.90
6.560	28.93	35.63	0.42	8.30
6.592	30.98	37.68	0.56	8.44
6.624	28.90	35.60	0.03	7.92
6.656	23.94	30.64	0.02	7.91
6.688	20.06	26.76	-0.00	7.89
6.720	20.57	27.27	-0.03	7.86
6.752	22.69	29.38	-0.01	7.88
6.784	23.38	30.08	0.02	7.90
6.816	22.77	29.47	0.03	7.92
6.848	21.87	28.57	0.00	7.89
6.880	20.98	27.68	-0.03	7.86
6.912	18.94	25.64	-0.02	7.87
6.944	17.17	23.87	0.02	7.90
6.976	15.22	21.91	0.02	7.91
7.008	13.55	20.24	-0.00	7.89
7.040	14.58	21.28	-0.03	7.86
7.072	20.20	26.89	-0.01	7.87
7.104	25.70	32.39	0.08	7.97
7.136	29.64	36.34	0.61	8.50
7.168	31.13	37.83	0.47	8.35
7.200	28.09	34.78	-0.02	7.87
7.232	22.80	29.49	-0.02	7.87
7.264	19.47	26.17	0.01	7.90
7.296	21.02	27.72	0.03	7.92
7.328	22.83	29.52	0.00	7.89
7.360	23.21	29.90	-0.02	7.87
7.392	22.52	29.21	-0.02	7.87
7.424	21.70	28.39	0.01	7.89
7.456	20.61	27.31	0.03	7.92
7.488	18.72	25.41	0.01	7.89
7.520	16.67	23.37	-0.02	7.87
7.552	14.68	21.37	-0.02	7.87
7.584	13.13	19.83	0.01	7.90
7.616	15.71	22.41	0.03	7.92
7.648	21.62	28.32	0.01	7.90
7.680	27.08	33.77	0.16	8.05
7.712	30.34	37.03	0.67	8.56
7.744	30.72	37.41	0.25	8.14
7.776	26.78	33.47	0.03	7.92
7.808	21.71	28.40	0.01	7.90
7.840	19.44	26.13	-0.02	7.87
7.872	21.59	28.29	-0.02	7.87
7.904	23.03	29.72	0.00	7.89
7.936	23.10	29.79	0.03	7.92
7.968	22.22	28.92	0.01	7.90
8.000	21.51	28.21	-0.02	7.87
8.032	20.27	26.97	-0.02	7.87
8.064	18.44	25.14	0.01	7.89
8.096	16.36	23.05	0.03	7.92
8.128	14.37	21.07	0.01	7.90
8.160	13.20	19.90	-0.02	7.87
8.192	17.15	23.84	-0.02	7.86
8.224	22.95	29.64	0.01	7.89
8.256	27.95	34.64	0.31	8.20
8.288	30.77	37.46	0.72	8.61
8.320	30.15	36.85	0.08	7.97
8.352	25.42	32.11	-0.02	7.86
8.384	20.88	27.58	-0.00	7.88
8.416	19.76	26.45	0.03	7.92
8.448	22.11	28.80	0.02	7.90
8.480	23.20	29.89	-0.02	7.87
8.512	23.03	29.72	-0.02	7.86
8.544	22.24	28.93	-0.00	7.88
8.576	21.50	28.19	0.03	7.91
8.608	19.74	26.43	0.02	7.90
8.640	17.82	24.52	-0.02	7.87
8.672	15.73	22.43	-0.03	7.86
8.704	13.93	20.62	-0.00	7.88
8.736	13.49	20.18	0.03	7.92
8.768	18.48	25.17	0.02	7.90
8.800	24.29	30.99	0.00	7.89
8.832	28.69	35.39	0.35	8.24
8.864	30.86	37.55	0.59	8.47
8.896	29.19	35.88	0.06	7.94
8.928	24.18	30.88	0.01	7.90
8.960	20.17	26.87	-0.01	7.88
8.992	20.39	27.08	-0.03	7.86
9.024	22.58	29.27	-0.01	7.88
9.056	23.32	30.01	0.03	7.91
9.088	22.83	29.52	0.02	7.90
9.120	21.93	28.63	-0.01	7.88
9.152	21.05	27.75	-0.03	7.86
9.184	19.28	25.97	-0.01	7.88
9.216	17.31	24.00	0.02	7.91
9.248	15.33	22.03	0.02	7.90
9.280	13.63	20.32	-0.01	7.88
9.312	14.40	21.10	-0.03	7.86
9.344	19.91	26.60	-0.00	7.88
9.376	25.47	32.16	0.08	7.97
9.408	29.53	36.22	0.58	8.47
9.440	31.08	37.78	0.45	8.33
9.472	28.13	34.82	-0.03	7.86
9.504	22.98	29.67	-0.01	7.88
9.536	19.59	26.28	0.03	7.91
9.568	20.90	27.60	0.02	7.91
9.600	22.80	29.49	-0.01	7.88
9.632	23.32	30.02	-0.03	7.86
9.664	22.54	29.24	-0.02	7.87
9.696	21.65	28.35	0.02	7.91
9.728	20.65	27.35	0.02	7.91
9.760	18.85	25.54	-0.00	7.88
9.792	16.92	23.61	-0.03	7.86
9.824	14.93	21.62	-0.02	7.87
9.856	13.28	19.97	0.02	7.90
9.888	15.58	22.27	0.02	7.91
9.920	21.34	28.03	-0.00	7.89
9.952	26.68	33.37	0.12	8.00
9.984	30.19	36.89	0.67	8.55
10.016	30.78	37.47	0.29	8.18
10.048	27.08	33.77	0.02	7.91
10.080	22.05	28.74	-0.00	7.88
10.112	19.58	26.28	-0.03	7.86
10.144	21.60	28.30	-0.01	7.87
10.176	22.95	29.64	0.02	7.90
10.208	23.13	29.82	0.03	7.92
10.240	22.30	29.00	0.00	7.89
10.272	21.66	28.36	-0.02	7.86
10.304	20.42	27.12	-0.02	7.87
10.336	18.47	25.16	0.01	7.90
10.368	16.43	23.12	0.02	7.91
10.400	14.47	21.16	0.01	7.89
10.432	13.23	19.92	-0.03	7.86
10.464	16.85	23.55	-0.01	7.87
10.496	22.36	29.06	0.01	7.90
10.528	25.25	31.94	0.03	7.92
10.560	27.03	33.73	0.06	7.94
10.592	27.68	34.37	-0.01	7.88
10.624	24.72	31.41	-0.02	7.87
10.656	20.81	27.51	0.01	7.89
10.688	19.59	26.28	0.03	7.92
10.720	21.83	28.52	0.01	7.89
10.752	23.14	29.83	-0.02	7.87
10.784	23.02	29.71	-0.02	7.87
10.816	21.97	28.67	0.01	7.89
10.848	21.26	27.95	0.03	7.92
10.880	19.70	26.40	0.01	7.90
10.912	17.86	24.55	-0.02	7.86
10.944	15.83	22.52	-0.02	7.87
10.976	14.04	20.74	0.01	7.90
11.008	13.45	20.14	0.03	7.92
11.040	18.23	24.92	0.01	7.90
11.072	23.92	30.62	-0.01	7.88
11.104	28.60	35.30	0.36	8.25
11.136	30.94	37.64	0.67	8.56
11.168	29.61	36.30	0.07	7.96
11.200	24.51	31.20	0.01	7.90
11.232	20.22	26.91	-0.02	7.87
11.264	20.26	26.95	-0.02	7.86
11.296	22.43	29.13	0.00	7.89
11.328	23.24	29.94	0.02	7.91
11.360	22.67	29.36	0.01	7.90
11.392	21.93	28.62	-0.02	7.87
11.424	21.12	27.82	-0.03	7.86
11.456	19.33	26.03	-0.00	7.88
11.488	17.43	24.12	0.03	7.92
11.520	15.37	22.06	0.01	7.90
11.552	13.51	20.20	-0.02	7.87
11.584	14.12	20.81	-0.03	7.86
11.616	19.60	26.29	0.00	7.89
11.648	25.41	32.10	0.08	7.97
11.680	29.53	36.22	0.57	8.45
11.712	31.14	37.83	0.51	8.39
11.744	28.48	35.18	-0.02	7.87
11.776	23.22	29.91	-0.00	7.88
11.808	19.62	26.31	0.03	7.91
11.840	20.91	27.60	0.02	7.90
11.872	22.92	29.62	-0.01	7.87
11.904	23.35	30.05	-0.03	7.86
11.936	22.60	29.30	-0.00	7.88
11.968	21.69	28.39	0.03	7.91
12.000	20.79	27.49	0.01	7.90
12.032	18.90	25.59	-0.01	7.88
12.064	17.04	23.73	-0.03	7.86
12.096	15.04	21.73	-0.01	7.88
12.128	13.29	19.99	0.03	7.91
12.160	15.27	21.96	0.02	7.91
12.192	20.97	27.66	-0.01	7.88
12.224	26.55	33.24	0.10	7.98
12.256	30.02	36.71	0.64	8.52
12.288	30.91	37.60	0.33	8.22
12.320	27.21	33.90	0.02	7.91
12.352	22.13	28.82	-0.01	7.88
12.384	19.40	26.10	-0.03	7.86
12.416	21.42	28.11	-0.01	7.88
12.448	23.04	29.74	0.02	7.91
12.480	23.20	29.89	0.02	7.91
12.512	22.45	29.14	-0.01	7.88
12.544	21.69	28.38	-0.03	7.86
12.576	20.39	27.09	-0.01	7.88
12.608	18.48	25.17	0.02	7.91
12.640	16.38	23.08	0.02	7.91
12.672	14.55	21.24	-0.00	7.88
12.704	13.24	19.93	-0.03	7.86
12.736	16.58	23.27	-0.01	7.87
12.768	22.45	29.14	0.02	7.90
12.800	27.54	34.23	0.26	8.14
12.832	30.49	37.19	0.67	8.55
12.864	30.34	37.04	0.13	8.01
12.896	26.07	32.76	-0.01	7.87
12.928	21.27	27.96	0.02	7.90
12.960	19.75	26.44	0.03	7.92
12.992	22.09	28.78	0.00	7.89
13.024	23.19	29.88	-0.02	7.86
13.056	22.98	29.67	-0.02	7.87
13.088	22.09	28.78	0.01	7.90
13.120	21.43	28.13	0.03	7.92
13.152	19.75	26.45	0.01	7.89
13.184	17.95	24.65	-0.02	7.87
13.216	15.92	22.61	-0.02	7.87
13.248	14.19	20.89	0.01	7.89
13.280	13.37	20.06	0.03	7.92
13.312	17.92	24.61	0.01	7.90
13.344	23.63	30.33	-0.01	7.87
13.376	28.42	35.11	0.35	8.23
13.408	31.00	37.69	0.68	8.57
13.440	29.63	36.33	0.08	7.96
13.472	24.64	31.34	0.01	7.90
13.504	20.36	27.05	-0.02	7.87
13.536	20.12	26.81	-0.02	7.86
13.568	22.46	29.16	0.01	7.89
13.600	23.32	30.01	0.03	7.92
13.632	23.01	29.70	0.01	7.90
13.664	22.00	28.70	-0.02	7.87
13.696	21.24	27.94	-0.02	7.86
13.728	19.32	26.02	-0.00	7.89
13.760	17.49	24.18	0.03	7.91
13.792	15.46	22.15	0.01	7.90
13.824	13.65	20.34	-0.02	7.87
13.856	14.07	20.76	-0.02	7.87
13.888	19.51	26.20	-0.00	7.89
13.920	25.15	31.84	0.07	7.96
13.952	29.25	35.94	0.50	8.39
13.984	31.04	37.73	0.55	8.43
14.016	28.71	35.41	-0.02	7.87
14.048	23.39	30.08	-0.01	7.88
14.080	19.63	26.32	0.03	7.92
14.112	20.52	27.22	0.02	7.90
14.144	22.50	29.20	-0.01	7.88
14.176	23.18	29.87	-0.03	7.86
14.208	22.61	29.31	-0.01	7.88
14.240	21.77	28.47	0.03	7.91
14.272	20.83	27.52	0.02	7.90
14.304	19.01	25.70	-0.01	7.88
14.336	17.06	23.75	-0.03	7.86
14.368	15.03	21.72	-0.01	7.88
14.400	13.31	20.00	0.03	7.91
14.432	14.95	21.65	0.02	7.91
14.464	20.75	27.44	-0.00	7.88
14.496	26.29	32.99	0.08	7.97
14.528	29.92	36.62	0.61	8.50
14.560	30.88	37.58	0.35	8.24
14.592	27.40	34.10	0.02	7.91
14.624	22.24	28.93	-0.00	7.88
14.656	19.40	26.10	-0.03	7.86
14.688	21.27	27.96	-0.01	7.87
14.720	22.96	29.65	0.02	7.91
14.752	23.26	29.96	0.02	7.91
14.784	22.45	29.15	-0.00	7.89
14.816	21.63	28.32	-0.03	7.86
14.848	20.34	27.03	-0.01	7.87
14.880	18.53	25.22	0.02	7.91
14.912	16.56	23.25	0.02	7.91
14.944	14.55	21.25	0.00	7.89
14.976	13.13	19.82	-0.02	7.86
15.008	16.36	23.05	-0.01	7.87
15.040	22.20	28.90	0.02	7.91
15.072	27.25	33.94	0.21	8.10
15.104	30.34	37.04	0.67	8.55
15.136	30.38	37.07	0.14	8.02
15.168	26.23	32.93	-0.02	7.87
15.200	21.35	28.05	0.01	7.90
15.232	19.62	26.31	0.03	7.92
15.264	21.93	28.63	0.01	7.89
15.296	23.21	29.90	-0.02	7.87
15.328	23.14	29.83	-0.02	7.87
15.360	22.15	28.84	0.01	7.89
15.392	21.48	28.17	0.03	7.92
15.424	19.98	26.67	0.01	7.89
15.456	18.10	24.80	-0.02	7.87
15.488	15.92	22.61	-0.02	7.87
15.520	14.14	20.83	0.00	7.89
15.552	13.28	19.97	0.03	7.92
15.584	17.73	24.42	0.01	7.90
15.616	23.54	30.23	-0.02	7.87
15.648	28.49	35.18	0.35	8.24
15.680	30.97	37.67	0.69	8.58
15.712	29.82	36.51	0.09	7.98
15.744	24.84	31.53	0.01	7.90
15.776	20.45	27.14	-0.02	7.87
15.808	19.91	26.61	-0.02	7.86
15.840	22.35	29.04	-0.00	7.88
15.872	23.34	30.04	0.03	7.92
15.904	23.04	29.74	0.02	7.90
15.936	22.01	28.71	-0.02	7.87
15.968	21.25	27.95	-0.03	7.86
16.000	19.52	26.21	-0.00	7.88
16.032	17.56	24.26	0.03	7.92
16.064	15.53	22.23	0.01	7.90
16.096	13.73	20.42	-0.01	7.87
16.128	13.80	20.49	-0.03	7.86
16.160	19.06	25.76	-0.01	7.88
16.192	24.73	31.42	0.06	7.94
16.224	29.10	35.79	0.50	8.38
16.256	31.02	37.72	0.52	8.41
16.288	28.77	35.46	-0.02	7.87
16.320	23.60	30.30	-0.01	7.88
16.352	19.80	26.50	0.02	7.91
16.384	20.57	27.27	0.02	7.91
16.416	22.70	29.39	-0.01	7.88
16.448	23.25	29.95	-0.03	7.86
16.480	22.69	29.38	-0.01	7.88
16.512	21.82	28.51	0.03	7.91
16.544	20.95	27.64	0.02	7.91
16.576	19.01	25.70	-0.01	7.88
16.608	17.15	23.84	-0.03	7.86
16.640	15.16	21.86	-0.01	7.87
16.672	13.54	20.23	0.02	7.91
16.704	14.94	21.63	0.02	7.91
16.736	20.61	27.30	-0.01	7.88
16.768	26.10	32.79	0.07	7.95
16.800	29.84	36.53	0.58	8.47
16.832	30.92	37.61	0.38	8.26
16.864	27.66	34.35	0.02	7.91
16.896	22.52	29.21	-0.00	7.88
16.928	19.56	26.25	-0.03	7.86
16.960	21.38	28.07	-0.01	7.88
16.992	23.10	29.80	0.02	7.91
17.024	23.33	30.02	0.03	7.91
17.056	22.46	29.15	-0.00	7.88
17.088	21.57	28.26	-0.03	7.86
17.120	20.53	27.22	-0.02	7.87
17.152	18.59	25.28	0.02	7.91
17.184	16.53	23.23	0.02	7.91
17.216	14.63	21.33	0.00	7.89
17.248	13.23	19.92	-0.03	7.86
17.280	16.11	22.80	-0.01	7.87
17.312	21.84	28.53	0.02	7.90
17.344	27.02	33.71	0.20	8.09
17.376	30.34	37.03	0.69	8.57
17.408	30.68	37.37	0.19	8.08
17.440	26.51	33.20	-0.02	7.87
17.472	21.54	28.23	0.01	7.90
17.504	19.50	26.20	0.03	7.92
17.536	21.77	28.46	0.01	7.89
17.568	23.13	29.83	-0.02	7.87
17.600	23.00	29.70	-0.02	7.87
17.632	22.26	28.95	0.01	7.89
17.664	21.56	28.25	0.03	7.92
17.696	19.99	26.68	0.01	7.90
17.728	18.05	24.74	-0.03	7.86
17.760	16.01	22.70	-0.02	7.87
17.792	14.21	20.90	0.01	7.89
17.824	13.28	19.97	0.03	7.92
17.856	17.35	24.04	0.01	7.90
17.888	23.24	29.93	-0.02	7.87
17.920	28.11	34.80	0.27	8.16
17.952	30.72	37.42	0.63	8.52
17.984	29.80	36.50	0.10	7.99
18.016	25.08	31.77	0.01	7.89
18.048	20.43	27.12	-0.02	7.86
18.080	19.80	26.50	-0.02	7.87
18.112	22.33	29.03	0.00	7.89
18.144	23.32	30.02	0.03	7.92
18.176	22.94	29.64	0.01	7.90
18.208	21.95	28.65	-0.02	7.87
18.240	21.26	27.96	-0.02	7.86
18.272	19.39	26.08	0.00	7.89
18.304	17.70	24.40	0.03	7.92
18.336	15.65	22.34	0.01	7.90
18.368	13.81	20.50	-0.02	7.87
18.400	13.80	20.49	-0.02	7.86
18.432	18.94	25.63	0.00	7.89
18.464	24.65	31.34	0.06	7.94
18.496	29.07	35.76	0.47	8.35
18.528	31.04	37.74	0.57	8.45
18.560	29.09	35.78	-0.00	7.88
18.592	24.04	30.73	-0.00	7.89
18.624	20.06	26.76	0.03	7.92
18.656	20.59	27.29	0.02	7.90
18.688	22.71	29.41	-0.02	7.87
18.720	23.34	30.03	-0.03	7.86
18.752	22.92	29.61	-0.00	7.89
18.784	22.12	28.81	0.03	7.92
18.816	21.22	27.92	0.02	7.90
18.848	19.21	25.90	-0.02	7.87
18.880	17.32	24.01	-0.03	7.86
18.912	15.35	22.04	-0.01	7.88
18.944	13.61	20.30	0.03	7.92
18.976	14.64	21.34	0.02	7.90
19.008	20.29	26.99	-0.01	7.87
19.040	25.95	32.64	0.05	7.94
19.072	28.72	35.42	0.13	8.01
19.104	29.06	35.75	0.20	8.09
19.136	27.28	33.97	0.02	7.90
19.168	22.53	29.23	-0.01	7.87
19.200	19.79	26.49	-0.03	7.86
19.232	21.38	28.08	-0.00	7.88
19.264	23.09	29.78	0.03	7.91
19.296	23.37	30.07	0.02	7.90
19.328	22.64	29.33	-0.01	7.88
19.360	21.75	28.44	-0.03	7.86
19.392	20.58	27.27	-0.00	7.88
19.424	18.63	25.33	0.03	7.92
19.456	16.60	23.29	0.02	7.90
19.488	14.70	21.40	-0.01	7.87
19.520	13.13	19.82	-0.03	7.86
19.552	15.87	22.57	-0.00	7.88
19.584	21.69	28.39	0.03	7.92
19.616	26.99	33.69	0.18	8.07
19.648	30.38	37.08	0.75	8.64
19.680	31.00	37.70	0.26	8.15
19.712	26.98	33.67	-0.01	7.88
19.744	21.94	28.63	0.03	7.91
19.776	19.65	26.35	0.02	7.90
19.808	21.89	28.58	-0.01	7.88
19.840	23.20	29.89	-0.03	7.86
19.872	23.25	29.94	-0.01	7.88
19.904	22.45	29.15	0.03	7.91
19.936	21.70	28.40	0.02	7.91
19.968	20.27	26.97	-0.01	7.88
20.000	18.35	25.05	-0.03	7.86
20.032	16.23	22.93	-0.01	7.88
20.064	14.36	21.05	0.02	7.91
20.096	13.16	19.85	0.02	7.91
20.128	17.27	23.97	-0.00	7.88
20.160	23.14	29.83	-0.02	7.87
20.192	28.04	34.74	0.28	8.17
20.224	30.72	37.42	0.68	8.57
20.256	30.05	36.75	0.12	8.01
20.288	25.47	32.16	-0.00	7.88
20.320	20.77	27.46	-0.03	7.86
20.352	19.87	26.56	-0.01	7.88
20.384	22.37	29.06	0.03	7.91
20.416	23.36	30.06	0.02	7.91
20.448	23.08	29.77	-0.01	7.88
20.480	22.06	28.75	-0.03	7.86
20.512	21.44	28.14	-0.01	7.88
20.544	19.78	26.47	0.02	7.91
20.576	18.03	24.72	0.02	7.91
20.608	15.90	22.59	-0.00	7.88
20.640	14.09	20.79	-0.03	7.86
20.672	13.70	20.39	-0.01	7.88
20.704	18.68	25.37	0.02	7.91
20.736	24.43	31.13	0.04	7.93
20.768	28.92	35.62	0.44	8.32
20.800	31.10	37.79	0.62	8.50
20.832	29.30	36.00	0.02	7.90
20.864	24.21	30.90	0.02	7.91
20.896	20.13	26.82	0.03	7.91
20.928	20.38	27.07	0.00	7.89
20.960	22.65	29.35	-0.03	7.86
20.992	23.40	30.09	-0.02	7.87
21.024	23.05	29.74	0.02	7.91
21.056	22.08	28.78	0.02	7.91
21.088	21.21	27.90	-0.00	7.89
21.120	19.33	26.03	-0.03	7.86
21.152	17.36	24.05	-0.02	7.87
21.184	15.38	22.07	0.02	7.90
21.216	13.71	20.40	0.02	7.91
21.248	14.53	21.22	0.00	7.89
21.280	20.19	26.88	-0.03	7.86
21.312	25.74	32.44	0.05	7.94
21.344	29.63	36.33	0.56	8.45
21.376	31.05	37.74	0.49	8.38
21.408	28.33	35.02	0.00	7.89
21.440	23.14	29.83	-0.02	7.86
21.472	19.88	26.58	-0.01	7.87
21.504	21.30	27.99	0.02	7.90
21.536	23.12	29.81	0.03	7.91
21.568	23.48	30.18	0.00	7.89
21.600	22.69	29.39	-0.03	7.86
21.632	21.89	28.59	-0.02	7.87
21.664	20.86	27.56	0.02	7.90
21.696	18.99	25.68	0.03	7.92
21.728	16.97	23.66	-0.00	7.89
21.760	14.91	21.61	-0.03	7.86
21.792	13.35	20.05	-0.01	7.88
21.824	15.57	22.26	0.02	7.90
21.856	21.45	28.14	0.03	7.92
21.888	26.83	33.53	0.17	8.05
21.920	30.39	37.08	0.71	8.60
21.952	30.92	37.62	0.29	8.17
21.984	27.09	33.78	0.02	7.90
22.016	22.03	28.72	0.03	7.92
22.048	19.71	26.40	0.01	7.89
22.080	21.88	28.58	-0.02	7.86
22.112	23.32	30.01	-0.01	7.87
22.144	23.44	30.14	0.01	7.90
22.176	22.50	29.19	0.03	7.92
22.208	21.79	28.48	0.01	7.89
22.240	20.45	27.14	-0.03	7.86
22.272	18.54	25.23	-0.02	7.87
22.304	16.46	23.15	0.01	7.90
22.336	14.47	21.16	0.03	7.92
22.368	13.28	19.97	0.01	7.89
22.400	17.11	23.80	-0.02	7.86
22.432	22.83	29.52	-0.01	7.88
22.464	27.81	34.50	0.28	8.16
22.496	30.73	37.42	0.73	8.62
22.528	30.19	36.89	0.12	8.00
22.560	25.68	32.38	-0.02	7.86
22.592	21.07	27.76	-0.02	7.87
22.624	19.83	26.53	0.01	7.90
22.656	22.24	28.94	0.03	7.92
22.688	23.32	30.01	0.01	7.89
22.720	23.20	29.89	-0.02	7.87
22.752	22.18	28.88	-0.02	7.87
22.784	21.60	28.30	0.01	7.89
22.816	20.00	26.69	0.03	7.91
22.848	18.06	24.76	0.01	7.89
22.880	15.95	22.65	-0.02	7.86
22.912	14.19	20.89	-0.02	7.87
22.944	13.70	20.40	0.01	7.90
22.976	18.59	25.29	0.03	7.92
23.008	24.22	30.91	0.02	7.91
23.040	28.75	35.44	0.38	8.27
23.072	30.98	37.67	0.63	8.51
23.104	29.43	36.12	0.05	7.93
23.136	24.47	31.16	0.03	7.92
23.168	20.40	27.10	0.01	7.89
23.200	20.39	27.09	-0.03	7.86
23.232	22.74	29.44	-0.02	7.87
23.264	23.56	30.26	0.01	7.90
23.296	23.11	29.81	0.03	7.92
23.328	22.13	28.83	0.01	7.89
23.360	21.31	28.01	-0.02	7.86
23.392	19.41	26.10	-0.02	7.87
23.424	17.50	24.20	0.01	7.89
23.456	15.49	22.18	0.03	7.92
23.488	13.75	20.45	0.01	7.89
23.520	14.42	21.12	-0.02	7.86
23.552	19.92	26.61	-0.02	7.87
23.584	25.43	32.13	0.05	7.94
23.616	29.40	36.10	0.55	8.44
23.648	31.03	37.72	0.48	8.37
23.680	28.48	35.17	-0.02	7.87
23.712	23.35	30.05	-0.02	7.87
23.744	19.78	26.48	0.01	7.89
23.776	21.14	27.83	0.03	7.92
23.808	23.06	29.76	0.01	7.90
23.840	23.52	30.22	-0.02	7.87
23.872	22.81	29.51	-0.02	7.87
23.904	22.08	28.77	0.01	7.89
23.936	20.97	27.66	0.03	7.92
23.968	19.00	25.69	0.01	7.90
24.000	16.95	23.65	-0.02	7.86
24.032	14.95	21.65	-0.02	7.87
24.064	13.36	20.06	0.01	7.89
24.096	15.47	22.17	0.03	7.92
24.128	21.22	27.91	0.01	7.90
24.160	26.73	33.42	0.12	8.00
24.192	30.13	36.83	0.63	8.52
24.224	30.86	37.55	0.31	8.20
24.256	27.22	33.91	0.03	7.92
24.288	22.10	28.79	0.01	7.90
24.320	19.34	26.04	-0.02	7.87
24.352	21.51	28.21	-0.02	7.87
24.384	23.10	29.79	0.01	7.90
24.416	23.32	30.01	0.03	7.92
24.448	22.40	29.10	0.01	7.90
24.480	21.69	28.39	-0.02	7.86
24.512	20.45	27.14	-0.02	7.87
24.544	18.57	25.26	0.00	7.89
24.576	16.58	23.27	0.03	7.92
24.608	14.68	21.37	0.01	7.90
24.640	13.30	19.99	-0.02	7.87
24.672	16.77	23.46	-0.02	7.87
24.704	22.58	29.27	0.01	7.90
24.736	27.69	34.39	0.27	8.16
24.768	30.52	37.22	0.66	8.55
24.800	30.33	37.03	0.12	8.01
24.832	25.91	32.60	-0.02	7.87
24.864	21.17	27.86	0.00	7.89
24.896	19.76	26.45	0.03	7.92
24.928	22.12	28.81	0.01	7.90
24.960	23.35	30.05	-0.02	7.87
24.992	23.27	29.96	-0.02	7.87
25.024	22.46	29.16	0.00	7.89
25.056	21.76	28.45	0.03	7.92
25.088	20.00	26.69	0.01	7.90
25.120	18.10	24.80	-0.02	7.86
25.152	15.99	22.68	-0.02	7.87
25.184	14.20	20.90	0.00	7.89
25.216	13.61	20.31	0.03	7.92
25.248	18.21	24.90	0.01	7.90
25.280	23.92	30.61	-0.02	7.87
25.312	28.14	34.83	0.27	8.16
25.344	30.65	37.34	0.55	8.44
25.376	29.30	36.00	0.07	7.95
25.408	24.54	31.23	0.01	7.90
25.440	20.23	26.92	-0.02	7.87
25.472	20.19	26.88	-0.02	7.87
25.504	22.52	29.22	0.00	7.89
25.536	23.29	29.99	0.03	7.92
25.568	22.86	29.55	0.01	7.90
25.600	21.95	28.65	-0.02	7.87
25.632	21.14	27.83	-0.03	7.86
25.664	19.16	25.85	-0.00	7.89
25.696	17.29	23.98	0.03	7.92
25.728	15.34	22.03	0.01	7.90
25.760	13.72	20.41	-0.02	7.87
25.792	14.15	20.85	-0.02	7.87
25.824	19.51	26.20	0.01	7.89
25.856	25.12	31.82	0.07	7.95
25.888	29.15	35.84	0.48	8.37
25.920	31.01	37.70	0.48	8.36
25.952	28.57	35.26	-0.02	7.87
25.984	23.34	30.04	0.00	7.89
26.016	19.76	26.45	0.03	7.91
26.048	20.81	27.50	0.02	7.90
26.080	22.87	29.57	-0.02	7.87
26.112	23.28	29.97	-0.03	7.86
26.144	22.70	29.39	0.00	7.89
26.176	21.92	28.62	0.03	7.92
26.208	20.88	27.57	0.02	7.90
26.240	18.94	25.64	-0.02	7.87
26.272	16.90	23.59	-0.03	7.86
26.304	14.93	21.62	0.00	7.89
26.336	13.29	19.98	0.03	7.91
26.368	15.01	21.70	0.01	7.90
26.400	20.92	27.62	-0.02	7.87
26.432	26.46	33.15	0.08	7.97
26.464	29.85	36.55	0.57	8.46
26.496	30.77	37.46	0.33	8.22
26.528	27.36	34.05	0.02	7.90
26.560	22.13	28.82	-0.02	7.87
26.592	19.34	26.03	-0.02	7.86
26.624	21.40	28.10	0.00	7.89
26.656	22.97	29.67	0.03	7.91
26.688	23.21	29.90	0.01	7.90
26.720	22.31	29.01	-0.02	7.87
26.752	21.56	28.25	-0.02	7.86
26.784	20.34	27.04	0.00	7.89
26.816	18.47	25.17	0.03	7.92
26.848	16.43	23.13	0.01	7.90
26.880	14.58	21.27	-0.02	7.87
26.912	13.22	19.92	-0.02	7.86
26.944	16.44	23.13	0.00	7.89
26.976	22.30	28.99	0.03	7.92
27.008	27.38	34.07	0.20	8.09
27.040	30.29	36.98	0.61	8.49
27.072	30.40	37.10	0.15	8.03
27.104	26.19	32.88	-0.00	7.89
27.136	21.34	28.03	0.03	7.92
27.168	19.58	26.27	0.02	7.90
27.200	21.86	28.55	-0.02	7.87
27.232	23.08	29.77	-0.02	7.86
27.264	23.12	29.82	-0.00	7.89
27.296	22.30	28.99	0.03	7.91
27.328	21.54	28.23	0.01	7.90
27.360	19.74	26.44	-0.02	7.87
27.392	17.90	24.60	-0.02	7.86
27.424	15.89	22.58	-0.00	7.89
27.456	14.14	20.83	0.03	7.92
27.488	13.39	20.08	0.02	7.90
27.520	17.77	24.47	-0.02	7.87
27.552	23.58	30.27	-0.02	7.87
27.584	28.33	35.02	0.32	8.21
27.616	30.73	37.42	0.61	8.50
27.648	29.58	36.27	0.07	7.95
27.680	24.82	31.51	-0.02	7.87
27.712	20.47	27.16	-0.03	7.86
27.744	20.15	26.85	-0.00	7.88
27.776	22.54	29.23	0.03	7.92
27.808	23.33	30.02	0.01	7.90
27.840	22.89	29.59	-0.02	7.87
27.872	21.96	28.65	-0.02	7.86
27.904	21.15	27.85	-0.00	7.88
27.936	19.18	25.88	0.03	7.92
27.968	17.34	24.03	0.01	7.90
28.000	15.42	22.11	-0.02	7.87
28.032	13.73	20.42	-0.03	7.86
28.064	13.89	20.58	-0.00	7.89
28.096	19.11	25.81	0.03	7.92
28.128	24.82	31.52	0.04	7.93
28.160	29.05	35.74	0.43	8.32
28.192	31.03	37.73	0.55	8.44
28.224	28.89	35.58	0.01	7.90
28.256	23.60	30.30	0.03	7.92
28.288	19.74	26.43	0.02	7.90
28.320	20.58	27.27	-0.01	7.87
28.352	22.68	29.38	-0.03	7.86
28.384	23.19	29.89	-0.00	7.88
28.416	22.70	29.39	0.03	7.92
28.448	21.90	28.59	0.02	7.90
28.480	20.83	27.52	-0.02	7.87
28.512	18.89	25.58	-0.03	7.86
28.544	16.93	23.62	-0.00	7.88
28.576	15.00	21.70	0.03	7.92
28.608	13.27	19.97	0.01	7.90
28.640	14.89	21.59	-0.01	7.88
28.672	20.73	27.43	-0.03	7.86
28.704	26.27	32.96	0.08	7.97
28.736	29.80	36.50	0.61	8.49
28.768	30.95	37.64	0.39	8.27
28.800	27.71	34.40	-0.01	7.87
28.832	22.39	29.08	-0.03	7.86
28.864	19.42	26.11	-0.01	7.88
28.896	21.32	28.01	0.03	7.91
28.928	22.99	29.68	0.02	7.90
28.960	23.23	29.92	-0.01	7.88
28.992	22.35	29.04	-0.03	7.86
29.024	21.67	28.36	-0.00	7.88
29.056	20.38	27.07	0.03	7.91
29.088	18.59	25.28	0.01	7.90
29.120	16.59	23.28	-0.01	7.88
29.152	14.70	21.39	-0.03	7.86
29.184	13.21	19.90	-0.01	7.88
29.216	16.16	22.85	0.03	7.92
29.248	22.05	28.74	0.02	7.91
29.280	27.33	34.02	0.18	8.06
29.312	30.41	37.10	0.68	8.56
29.344	30.64	37.34	0.20	8.09
29.376	26.38	33.07	0.03	7.92
29.408	21.42	28.11	0.02	7.90
29.440	19.44	26.14	-0.01	7.88
29.472	21.76	28.45	-0.02	7.87
29.504	22.97	29.67	-0.01	7.88
29.536	23.16	29.85	0.03	7.92
29.568	22.29	28.99	0.02	7.90
29.600	21.56	28.25	-0.01	7.88
29.632	19.88	26.58	-0.03	7.86
29.664	18.02	24.71	-0.01	7.88
29.696	16.06	22.75	0.03	7.92
29.728	14.27	20.97	0.02	7.90
29.760	13.26	19.95	-0.01	7.88
29.792	17.56	24.25	-0.03	7.86
29.824	23.41	30.10	0.00	7.89
29.856	28.18	34.88	0.33	8.22
29.888	30.65	37.34	0.61	8.49
29.920	29.72	36.42	0.05	7.94
29.952	24.94	31.63	-0.03	7.86
29.984	20.59	27.29	-0.01	7.88
30.016	19.93	26.63	0.03	7.92
30.048	22.40	29.09	0.02	7.91
30.080	23.22	29.91	-0.01	7.88
30.112	22.91	29.60	-0.03	7.86
30.144	22.14	28.84	-0.01	7.88
30.176	21.25	27.94	0.03	7.92
30.208	19.35	26.05	0.02	7.90
30.240	17.59	24.28	-0.01	7.88
30.272	15.58	22.28	-0.03	7.86
30.304	13.78	20.47	-0.01	7.88
30.336	13.69	20.39	0.03	7.92
30.368	18.94	25.64	0.02	7.91
30.400	24.65	31.34	0.02	7.90
30.432	28.99	35.69	0.43	8.32
30.464	31.13	37.82	0.58	8.47
30.496	29.00	35.69	0.04	7.93
30.528	23.82	30.52	0.02	7.91
30.560	19.80	26.49	-0.01	7.88
30.592	20.55	27.24	-0.03	7.86
30.624	22.74	29.43	-0.01	7.88
30.656	23.34	30.03	0.02	7.91
30.688	22.80	29.49	0.02	7.91
30.720	21.93	28.63	-0.01	7.88
30.752	20.92	27.62	-0.03	7.86
30.784	19.01	25.70	-0.01	7.88
30.816	17.11	23.80	0.02	7.91
30.848	15.09	21.79	0.02	7.91
30.880	13.39	20.09	-0.01	7.88
30.912	14.68	21.37	-0.03	7.86
30.944	20.47	27.16	-0.01	7.87
30.976	25.88	32.57	0.07	7.96
31.008	29.07	35.76	0.39	8.28
31.040	30.66	37.35	0.67	8.56
31.072	31.30	37.99	0.79	8.68
31.104	31.48	38.17	0.87	8.76
31.136	31.60	38.29	0.93	8.82
31.168	31.68	38.38	0.92	8.81
31.200	31.58	38.27	0.90	8.79
31.232	31.63	38.32	0.88	8.77
31.264	31.57	38.27	0.92	8.80
31.296	31.73	38.43	0.97	8.85
31.328	31.72	38.42	0.99	8.88
31.360	31.80	38.50	0.98	8.87
31.392	31.78	38.47	1.00	8.89
31.424	31.80	38.49	0.97	8.86
31.456	31.82	38.52	1.00	8.89
31.488	31.75	38.44	0.99	8.87
31.520	31.73	38.42	0.93	8.82
31.552	31.69	38.38	0.95	8.83
31.584	31.76	38.45	0.96	8.85
31.616	31.74	38.44	1.00	8.89
31.648	30.13	36.82	0.03	7.92
31.680	16.36	23.06	-0.00	7.88
31.712	4.96	11.65	-0.03	7.86
31.744	-1.27	5.43	-0.02	7.87
31.776	-3.28	3.42	0.02	7.90
31.808	-2.28	4.42	0.03	7.91
31.840	0.04	6.73	-0.00	7.89
31.872	1.71	8.40	-0.03	7.86
31.904	1.98	8.68	-0.02	7.87
31.936	1.08	7.77	0.01	7.90
31.968	-0.04	6.65	0.02	7.91
32.000	-0.69	6.00	0.00	7.89
32.032	-0.60	6.09	-0.03	7.86
32.064	-0.01	6.68	-0.02	7.87
32.096	0.57	7.27	0.01	7.90
32.128	0.82	7.51	0.03	7.92
32.160	0.60	7.29	0.00	7.89
32.192	0.20	6.89	-0.03	7.86
32.224	-0.12	6.57	-0.02	7.87
32.256	-0.17	6.53	0.01	7.90
32.288	0.01	6.70	0.02	7.91
32.320	0.28	6.97	0.00	7.89
32.352	0.40	7.10	-0.03	7.86
32.384	0.37	7.06	-0.02	7.87
32.416	0.20	6.90	0.01	7.90
32.448	0.04	6.73	0.03	7.92
32.480	0.00	6.70	0.00	7.89
32.512	0.04	6.74	-0.03	7.86
32.544	0.17	6.86	-0.02	7.87
32.576	0.25	6.94	0.01	7.89
32.608	0.26	6.95	0.03	7.92
32.640	0.20	6.89	0.01	7.89
32.672	0.12	6.82	-0.02	7.86
32.704	0.08	6.78	-0.02	7.87
32.736	0.08	6.78	0.01	7.90
32.768	0.13	6.82	0.03	7.92
32.800	0.17	6.86	0.01	7.89
32.832	0.18	6.87	-0.03	7.86
32.864	0.17	6.86	-0.02	7.87
32.896	0.15	6.84	0.01	7.89
32.928	0.12	6.81	0.03	7.91
32.960	0.09	6.78	0.00	7.89
32.992	0.12	6.81	-0.03	7.86
33.024	0.15	6.84	-0.03	7.86
33.056	0.15	6.85	0.01	7.89
33.088	0.16	6.85	0.03	7.91
33.120	0.13	6.82	0.01	7.89
33.152	0.13	6.82	-0.02	7.86
33.184	0.11	6.81	-0.03	7.86
33.216	0.12	6.81	0.00	7.89
33.248	0.13	6.82	0.03	7.91
33.280	0.13	6.82	0.01	7.90
33.312	0.14	6.84	-0.03	7.86
33.344	0.12	6.82	-0.03	7.86
33.376	0.13	6.82	-0.00	7.89
33.408	0.11	6.81	0.03	7.92
33.440	0.11	6.80	0.01	7.90
33.472	0.13	6.82	-0.02	7.87
33.504	0.12	6.81	-0.03	7.86
