tempo(s)    p0  p0Total p1  p1Total
0.000	-0.03	7.75	0.02	7.94
0.032	-0.02	7.75	0.02	7.95
0.064	-0.02	7.76	0.04	7.97
0.096	-0.02	7.76	0.01	7.94
0.128	-0.02	7.76	-0.01	7.91
0.160	-0.01	7.77	-0.01	7.92
0.192	-0.01	7.77	0.02	7.94
0.224	-0.01	7.77	0.04	7.96
0.256	-0.02	7.76	0.02	7.95
0.288	-0.02	7.76	-0.01	7.92
0.320	-0.02	7.76	-0.01	7.92
0.352	-0.02	7.76	0.01	7.94
0.384	-0.01	7.76	0.04	7.97
0.416	-0.02	7.76	0.02	7.95
0.448	-0.01	7.77	-0.01	7.92
0.480	-0.02	7.76	-0.01	7.91
0.512	-0.01	7.77	0.01	7.94
0.544	-0.02	7.76	0.04	7.97
0.576	-0.01	7.76	0.02	7.95
0.608	-0.01	7.77	-0.01	7.91
0.640	-0.02	7.76	-0.01	7.92
0.672	-0.01	7.77	0.01	7.94
0.704	-0.00	7.78	0.04	7.97
0.736	-0.01	7.77	0.02	7.95
0.768	-0.01	7.77	-0.01	7.92
0.800	-0.01	7.76	-0.01	7.91
0.832	-0.02	7.76	0.01	7.94
0.864	-0.01	7.77	0.04	7.96
0.896	-0.02	7.76	0.02	7.95
0.928	-0.01	7.77	-0.01	7.92
0.960	-0.01	7.77	-0.02	7.91
0.992	-0.01	7.77	0.01	7.94
1.024	-0.01	7.76	0.03	7.96
1.056	-0.02	7.76	0.02	7.95
1.088	0.00	7.78	-0.00	7.92
1.120	-0.01	7.77	-0.01	7.91
1.152	-0.01	7.77	0.01	7.94
1.184	-0.02	7.76	0.04	7.96
1.216	-0.00	7.78	0.02	7.95
1.248	-0.02	7.76	-0.01	7.92
1.280	-0.00	7.77	-0.01	7.91
1.312	-0.01	7.77	0.01	7.94
1.344	-0.01	7.76	0.04	7.97
1.376	-0.01	7.77	0.02	7.95
1.408	-0.01	7.77	-0.01	7.92
1.440	-0.01	7.77	-0.01	7.91
1.472	-0.01	7.77	0.01	7.94
1.504	-0.01	7.77	0.04	7.97
1.536	-0.01	7.76	0.02	7.95
1.568	-0.01	7.77	-0.01	7.92
1.600	-0.00	7.78	-0.01	7.91
1.632	-0.01	7.77	0.01	7.94
1.664	-0.01	7.77	0.04	7.97
1.696	-0.01	7.77	0.02	7.95
1.728	0.00	7.78	-0.00	7.92
1.760	-0.00	7.77	-0.01	7.91
1.792	-0.01	7.77	0.01	7.94
1.824	-0.00	7.77	0.04	7.97
1.856	-0.01	7.76	0.02	7.95
1.888	-0.01	7.77	-0.01	7.92
1.920	-0.01	7.77	-0.01	7.91
1.952	-0.01	7.77	0.01	7.94
1.984	-0.01	7.77	0.03	7.96
2.016	-0.01	7.77	0.02	7.95
2.048	-0.01	7.77	-0.01	7.92
2.080	-0.01	7.77	-0.02	7.91
2.112	0.00	7.78	0.01	7.94
2.144	-0.00	7.78	0.04	7.97
2.176	-0.01	7.77	0.02	7.95
2.208	0.00	7.78	-0.00	7.92
2.240	0.00	7.78	-0.01	7.91
2.272	-0.01	7.77	0.02	7.94
2.304	0.01	7.79	0.04	7.97
2.336	-0.00	7.78	0.02	7.95
2.368	-0.00	7.78	-0.01	7.92
2.400	-0.01	7.77	-0.02	7.91
2.432	0.01	7.78	0.02	7.94
2.464	0.01	7.78	0.04	7.97
2.496	0.00	7.78	0.02	7.95
2.528	0.00	7.78	-0.01	7.92
2.560	0.00	7.78	-0.01	7.91
2.592	0.01	7.78	0.01	7.94
2.624	-0.00	7.77	0.04	7.97
2.656	0.48	8.26	0.02	7.95
2.688	6.46	14.24	-0.00	7.93
2.720	14.89	22.66	-0.01	7.92
2.752	17.49	25.27	0.01	7.94
2.784	17.72	25.50	0.04	7.97
2.816	17.68	25.46	0.02	7.95
2.848	14.84	22.62	-0.00	7.92
2.880	11.74	19.51	-0.01	7.92
2.912	10.99	18.77	0.02	7.94
2.944	12.55	20.33	0.04	7.97
2.976	13.45	21.23	0.02	7.95
3.008	13.52	21.30	-0.01	7.92
3.040	13.09	20.87	-0.01	7.92
3.072	12.55	20.33	0.01	7.94
3.104	12.51	20.29	0.04	7.97
3.136	12.33	20.10	0.03	7.95
3.168	11.53	19.31	-0.00	7.92
3.200	10.27	18.05	-0.01	7.92
3.232	9.21	16.99	0.01	7.94
3.264	11.68	19.46	0.04	7.97
3.296	15.58	23.36	0.03	7.95
3.328	18.78	26.56	-0.00	7.93
3.360	20.55	28.33	-0.01	7.91
3.392	20.34	28.12	0.02	7.94
3.424	17.26	25.04	0.04	7.97
3.456	14.24	22.01	0.02	7.95
3.488	13.46	21.23	-0.00	7.92
3.520	15.17	22.95	-0.01	7.92
3.552	15.65	23.43	0.02	7.94
3.584	14.77	22.54	0.04	7.97
3.616	14.14	21.92	0.02	7.95
3.648	13.58	21.35	-0.00	7.93
3.680	13.05	20.83	-0.01	7.92
3.712	11.98	19.76	0.01	7.94
3.744	10.83	18.61	0.04	7.97
3.776	9.56	17.34	0.02	7.95
3.808	9.07	16.85	0.00	7.93
3.840	12.46	20.24	-0.01	7.92
3.872	16.23	24.00	0.01	7.94
3.904	19.00	26.78	0.04	7.97
3.936	20.29	28.07	0.03	7.95
3.968	19.16	26.94	-0.00	7.92
4.000	15.81	23.59	-0.01	7.92
4.032	13.37	21.15	0.02	7.95
4.064	13.46	21.23	0.04	7.97
4.096	15.01	22.79	0.02	7.95
4.128	15.29	23.07	-0.00	7.92
4.160	14.72	22.50	-0.01	7.92
4.192	13.79	21.57	0.02	7.95
4.224	13.63	21.41	0.04	7.97
4.256	12.69	20.47	0.02	7.95
4.288	11.73	19.50	-0.00	7.92
4.320	10.48	18.26	-0.01	7.92
4.352	9.27	17.05	0.02	7.94
4.384	9.52	17.29	0.04	7.97
4.416	13.38	21.15	0.02	7.95
4.448	17.04	24.82	-0.00	7.92
4.480	19.43	27.21	-0.01	7.92
4.512	20.35	28.12	0.02	7.95
4.544	18.53	26.30	0.04	7.97
4.576	15.05	22.83	0.02	7.95
4.608	13.11	20.89	-0.01	7.92
4.640	14.05	21.83	-0.00	7.92
4.672	15.48	23.26	0.02	7.95
4.704	15.67	23.44	0.04	7.97
4.736	15.12	22.90	0.02	7.95
4.768	14.33	22.11	-0.00	7.92
4.800	13.99	21.76	-0.00	7.93
4.832	12.95	20.73	0.02	7.95
4.864	11.81	19.59	0.04	7.97
4.896	10.56	18.34	0.02	7.94
4.928	9.34	17.12	-0.01	7.92
4.960	10.67	18.45	-0.01	7.92
4.992	14.63	22.41	0.02	7.95
5.024	18.13	25.91	0.05	7.97
5.056	20.38	28.16	0.02	7.95
5.088	20.80	28.57	-0.01	7.92
5.120	18.20	25.98	-0.00	7.92
5.152	14.76	22.54	0.03	7.95
5.184	13.24	21.01	0.05	7.97
5.216	14.66	22.43	0.02	7.95
5.248	15.64	23.42	-0.01	7.92
5.280	15.67	23.44	-0.00	7.93
5.312	15.04	22.82	0.02	7.95
5.344	14.39	22.17	0.04	7.97
5.376	13.85	21.63	0.02	7.94
5.408	12.59	20.37	-0.01	7.92
5.440	11.42	19.20	-0.00	7.93
5.472	10.14	17.92	0.03	7.95
5.504	9.08	16.85	0.04	7.97
5.536	11.50	19.28	0.02	7.95
5.568	15.48	23.26	-0.01	7.92
5.600	18.80	26.57	0.00	7.93
5.632	20.55	28.33	0.03	7.96
5.664	20.37	28.14	0.04	7.97
5.696	17.32	25.09	0.01	7.94
5.728	14.27	22.04	-0.01	7.92
5.760	13.43	21.21	0.00	7.93
5.792	15.18	22.95	0.03	7.96
5.824	15.77	23.55	0.04	7.97
5.856	15.49	23.27	0.01	7.94
5.888	14.65	22.43	-0.01	7.92
5.920	14.20	21.98	0.00	7.93
5.952	13.43	21.20	0.03	7.96
5.984	12.34	20.12	0.04	7.97
6.016	11.12	18.90	0.01	7.94
6.048	9.85	17.62	-0.01	7.92
6.080	9.13	16.90	0.00	7.93
6.112	12.48	20.26	0.03	7.96
6.144	16.24	24.02	0.04	7.97
6.176	19.26	27.04	0.01	7.94
6.208	20.82	28.60	-0.01	7.92
6.240	19.92	27.69	0.00	7.93
6.272	16.44	24.22	0.04	7.96
6.304	13.76	21.54	0.04	7.96
6.336	13.60	21.38	0.01	7.94
6.368	15.30	23.07	-0.01	7.92
6.400	15.72	23.50	0.01	7.93
6.432	15.35	23.12	0.03	7.96
6.464	14.61	22.39	0.04	7.96
6.496	14.16	21.93	0.01	7.94
6.528	13.27	21.04	-0.01	7.92
6.560	12.17	19.95	0.01	7.94
6.592	10.93	18.70	0.04	7.96
6.624	9.63	17.41	0.04	7.96
6.656	9.66	17.44	0.01	7.94
6.688	13.53	21.31	-0.01	7.92
6.720	17.16	24.94	0.01	7.94
6.752	19.77	27.55	0.04	7.97
6.784	20.85	28.63	0.04	7.97
6.816	19.10	26.87	0.01	7.94
6.848	15.60	23.38	-0.01	7.91
6.880	13.43	21.20	0.01	7.94
6.912	14.15	21.93	0.04	7.97
6.944	15.52	23.29	0.03	7.96
6.976	15.70	23.47	0.00	7.93
7.008	15.21	22.98	-0.01	7.92
7.040	14.39	22.17	0.01	7.94
7.072	14.09	21.87	0.04	7.97
7.104	12.95	20.73	0.03	7.96
7.136	11.85	19.63	0.01	7.94
7.168	10.54	18.32	-0.01	7.92
7.200	9.22	17.00	0.01	7.94
7.232	10.26	18.04	0.05	7.97
7.264	14.31	22.09	0.03	7.96
7.296	17.84	25.62	0.01	7.94
7.328	20.09	27.86	-0.00	7.92
7.360	20.61	28.38	0.02	7.95
7.392	18.23	26.01	0.05	7.98
7.424	14.85	22.63	0.03	7.96
7.456	13.26	21.03	0.01	7.94
7.488	14.49	22.27	0.00	7.93
7.520	15.64	23.42	0.03	7.95
7.552	15.59	23.36	0.05	7.98
7.584	14.86	22.63	0.04	7.96
7.616	14.25	22.03	0.01	7.94
7.648	13.79	21.57	0.00	7.93
7.680	12.58	20.36	0.03	7.95
7.712	11.40	19.17	0.06	7.98
7.744	10.29	18.07	0.04	7.97
7.776	9.12	16.90	0.01	7.94
7.808	11.26	19.04	0.00	7.93
7.840	15.14	22.91	0.03	7.95
7.872	18.38	26.15	0.06	7.98
7.904	20.23	28.00	0.04	7.97
7.936	20.25	28.03	0.01	7.94
7.968	17.43	25.21	0.01	7.94
8.000	14.28	22.06	0.03	7.96
8.032	13.22	20.99	0.05	7.98
8.064	14.94	22.72	0.04	7.97
8.096	15.64	23.42	0.01	7.94
8.128	15.40	23.18	0.00	7.93
8.160	14.68	22.45	0.03	7.96
8.192	14.20	21.98	0.05	7.98
8.224	13.47	21.24	0.04	7.96
8.256	12.32	20.10	0.01	7.94
8.288	11.07	18.85	0.00	7.93
8.320	9.80	17.58	0.04	7.96
8.352	9.00	16.78	0.05	7.98
8.384	12.21	19.99	0.04	7.96
8.416	16.08	23.85	0.01	7.94
8.448	19.08	26.85	0.01	7.94
8.480	20.48	28.26	0.04	7.96
8.512	19.73	27.51	0.05	7.98
8.544	16.37	24.15	0.03	7.96
8.576	13.62	21.40	0.00	7.93
8.608	13.39	21.17	0.01	7.94
8.640	15.18	22.95	0.04	7.97
8.672	15.53	23.30	0.06	7.98
8.704	15.20	22.98	0.03	7.96
8.736	14.48	22.26	0.01	7.93
8.768	14.06	21.84	0.01	7.94
8.800	13.20	20.98	0.04	7.97
8.832	12.07	19.85	0.05	7.98
8.864	10.76	18.54	0.03	7.96
8.896	9.53	17.30	0.01	7.94
8.928	9.42	17.20	0.01	7.94
8.960	13.17	20.94	0.04	7.97
8.992	16.83	24.60	0.06	7.99
9.024	19.38	27.16	0.03	7.96
9.056	20.64	28.42	0.01	7.94
9.088	19.05	26.83	0.02	7.94
9.120	15.62	23.39	0.05	7.97
9.152	13.36	21.13	0.06	7.98
9.184	13.81	21.59	0.03	7.96
9.216	15.43	23.21	0.00	7.93
9.248	15.70	23.47	0.01	7.94
9.280	15.21	22.99	0.04	7.97
9.312	14.43	22.21	0.05	7.98
9.344	13.99	21.77	0.03	7.96
9.376	12.89	20.66	-0.00	7.93
9.408	11.74	19.51	0.01	7.94
9.440	10.51	18.28	0.04	7.97
9.472	9.21	16.98	0.05	7.98
9.504	10.15	17.93	0.02	7.95
9.536	14.14	21.92	0.00	7.93
9.568	17.59	25.36	0.02	7.94
9.600	19.82	27.60	0.04	7.97
9.632	20.58	28.36	0.05	7.98
9.664	18.34	26.11	0.02	7.95
9.696	14.94	22.72	0.00	7.93
9.728	13.18	20.95	0.01	7.94
9.760	14.44	22.22	0.04	7.97
9.792	15.51	23.29	0.05	7.98
9.824	15.46	23.23	0.02	7.95
9.856	14.79	22.57	0.00	7.93
9.888	14.19	21.97	0.02	7.95
9.920	13.78	21.55	0.05	7.97
9.952	12.61	20.39	0.05	7.98
9.984	11.46	19.24	0.02	7.95
10.016	10.31	18.08	0.00	7.93
10.048	9.10	16.88	0.02	7.94
10.080	11.09	18.87	0.05	7.97
10.112	14.99	22.77	0.05	7.98
10.144	18.29	26.07	0.02	7.95
10.176	20.20	27.98	0.01	7.93
10.208	20.34	28.12	0.02	7.95
10.240	17.45	25.23	0.05	7.98
10.272	14.24	22.02	0.05	7.98
10.304	13.11	20.89	0.02	7.95
10.336	14.71	22.49	0.00	7.93
10.368	15.60	23.38	0.02	7.95
10.400	15.47	23.24	0.05	7.98
10.432	14.64	22.42	0.05	7.98
10.464	14.07	21.85	0.02	7.95
10.496	13.50	21.28	0.01	7.93
10.528	12.36	20.14	0.02	7.95
10.560	11.19	18.97	0.05	7.98
10.592	9.92	17.69	0.05	7.98
10.624	9.04	16.82	0.02	7.94
10.656	12.13	19.90	-0.01	7.91
10.688	15.97	23.75	0.00	7.93
10.720	19.06	26.84	0.04	7.97
10.752	20.76	28.54	0.04	7.96
10.784	20.09	27.87	0.00	7.93
10.816	16.75	24.53	-0.02	7.91
10.848	13.95	21.73	0.00	7.93
10.880	13.50	21.28	0.03	7.96
10.912	15.25	23.02	0.03	7.96
10.944	15.76	23.53	-0.00	7.93
10.976	15.43	23.21	-0.01	7.91
11.008	14.68	22.45	0.00	7.93
11.040	14.27	22.05	0.04	7.96
11.072	13.35	21.13	0.03	7.96
11.104	12.24	20.02	-0.00	7.93
11.136	10.93	18.70	-0.01	7.91
11.168	9.72	17.50	0.00	7.93
11.200	9.44	17.22	0.04	7.97
11.232	13.08	20.86	0.03	7.95
11.264	16.84	24.62	0.00	7.93
11.296	19.64	27.42	-0.01	7.91
11.328	20.90	28.68	0.00	7.93
11.360	19.42	27.20	0.04	7.97
11.392	15.91	23.69	0.03	7.95
11.424	13.55	21.33	-0.00	7.93
11.456	14.01	21.79	-0.01	7.91
11.488	15.61	23.39	0.00	7.93
11.520	15.76	23.54	0.04	7.97
11.552	15.19	22.97	0.03	7.95
11.584	14.46	22.24	-0.00	7.93
11.616	14.08	21.86	-0.02	7.91
11.648	12.97	20.75	0.01	7.94
11.680	11.91	19.69	0.04	7.96
11.712	10.65	18.43	0.02	7.95
11.744	9.44	17.22	-0.00	7.93
11.776	10.07	17.84	-0.01	7.91
11.808	13.99	21.77	0.01	7.93
11.840	17.67	25.45	0.04	7.97
11.872	19.97	27.75	0.03	7.95
11.904	20.96	28.74	-0.00	7.93
11.936	18.74	26.52	-0.01	7.91
11.968	15.19	22.97	0.01	7.94
12.000	13.31	21.09	0.04	7.97
12.032	14.42	22.20	0.03	7.95
12.064	15.65	23.43	-0.00	7.93
12.096	15.68	23.45	-0.01	7.91
12.128	15.05	22.82	0.01	7.94
12.160	14.43	22.21	0.04	7.97
12.192	14.01	21.79	0.02	7.95
12.224	12.81	20.59	-0.00	7.93
12.256	11.65	19.43	-0.01	7.91
12.288	10.41	18.19	0.01	7.94
12.320	9.18	16.95	0.04	7.97
12.352	11.06	18.84	0.03	7.95
12.384	15.06	22.84	-0.00	7.93
12.416	18.55	26.33	-0.01	7.92
12.448	20.51	28.29	0.01	7.94
12.480	20.71	28.48	0.04	7.97
12.512	17.84	25.62	0.03	7.95
12.544	14.64	22.42	-0.00	7.93
12.576	13.34	21.11	-0.01	7.92
12.608	14.94	22.71	0.01	7.94
12.640	15.68	23.46	0.04	7.97
12.672	15.49	23.27	0.03	7.95
12.704	14.82	22.60	-0.00	7.93
12.736	14.27	22.05	-0.01	7.92
12.768	13.76	21.54	0.01	7.94
12.800	12.57	20.35	0.04	7.97
12.832	11.37	19.15	0.03	7.95
12.864	10.14	17.92	-0.00	7.93
12.896	9.07	16.85	-0.01	7.92
12.928	11.95	19.73	0.02	7.95
12.960	15.88	23.66	0.04	7.97
12.992	18.90	26.68	0.03	7.96
13.024	20.69	28.47	0.00	7.93
13.056	20.09	27.87	-0.01	7.92
13.088	16.82	24.60	0.02	7.95
13.120	13.88	21.65	0.06	7.99
13.152	13.26	21.04	0.04	7.97
13.184	15.06	22.83	0.01	7.94
13.216	15.80	23.58	-0.00	7.93
13.248	15.43	23.20	0.03	7.96
13.280	14.52	22.30	0.06	7.99
13.312	14.00	21.78	0.05	7.98
13.344	13.24	21.01	0.02	7.95
13.376	12.04	19.81	0.02	7.94
13.408	10.78	18.56	0.04	7.97
13.440	9.60	17.38	0.06	7.98
13.472	9.11	16.89	0.04	7.97
13.504	12.83	20.61	0.01	7.93
13.536	16.61	24.38	-0.00	7.93
13.568	19.42	27.19	0.02	7.95
13.600	20.78	28.56	0.05	7.98
13.632	19.50	27.28	0.03	7.96
13.664	16.12	23.90	-0.00	7.93
13.696	13.65	21.43	-0.00	7.92
13.728	13.85	21.63	0.02	7.95
13.760	15.41	23.18	0.05	7.98
13.792	15.74	23.52	0.03	7.96
13.824	15.19	22.96	-0.00	7.93
13.856	14.46	22.23	-0.00	7.93
13.888	14.14	21.92	0.02	7.95
13.920	13.06	20.84	0.04	7.97
13.952	11.94	19.71	0.03	7.96
13.984	10.70	18.48	0.00	7.93
14.016	9.46	17.24	-0.01	7.92
14.048	9.91	17.68	0.02	7.95
14.080	13.87	21.65	0.05	7.97
14.112	17.53	25.30	0.03	7.96
14.144	20.02	27.80	0.00	7.93
14.176	20.83	28.60	0.00	7.93
14.208	18.70	26.48	0.03	7.96
14.240	15.16	22.94	0.06	7.98
14.272	13.19	20.97	0.04	7.97
14.304	14.18	21.95	0.01	7.94
14.336	15.48	23.25	0.01	7.94
14.368	15.62	23.40	0.04	7.97
14.400	14.93	22.71	0.06	7.99
14.432	14.21	21.99	0.04	7.97
14.464	13.66	21.43	0.02	7.95
14.496	12.58	20.35	0.02	7.95
14.528	11.59	19.36	0.05	7.98
14.560	10.29	18.07	0.07	8.00
14.592	9.13	16.90	0.05	7.98
14.624	10.70	18.47	0.02	7.94
14.656	14.64	22.42	0.02	7.95
14.688	18.06	25.83	0.05	7.98
14.720	20.06	27.84	0.07	7.99
14.752	20.39	28.16	0.04	7.97
14.784	17.71	25.48	0.02	7.94
14.816	14.39	22.17	0.02	7.95
14.848	12.95	20.73	0.05	7.98
14.880	14.50	22.27	0.07	8.00
14.912	15.40	23.18	0.05	7.98
14.944	15.24	23.01	0.02	7.95
14.976	14.64	22.42	0.03	7.96
15.008	14.06	21.84	0.06	7.99
15.040	13.49	21.27	0.07	8.00
15.072	12.31	20.09	0.05	7.98
15.104	11.06	18.84	0.04	7.96
15.136	9.82	17.60	0.03	7.96
15.168	8.95	16.72	0.06	7.98
15.200	11.52	19.30	0.07	8.00
15.232	15.28	23.05	0.06	7.98
15.264	18.30	26.08	0.04	7.97
15.296	19.97	27.75	0.04	7.97
15.328	19.64	27.41	0.07	7.99
15.360	16.72	24.50	0.07	8.00
15.392	13.82	21.59	0.05	7.98
15.424	13.13	20.91	0.02	7.95
15.456	14.91	22.69	0.03	7.96
15.488	15.40	23.18	0.06	7.99
15.520	14.95	22.73	0.07	8.00
15.552	14.33	22.11	0.04	7.97
15.584	13.93	21.70	0.02	7.95
15.616	13.13	20.91	0.04	7.96
15.648	12.04	19.82	0.06	7.99
15.680	10.79	18.57	0.09	8.02
15.712	9.58	17.35	0.04	7.97
15.744	9.04	16.82	0.03	7.95
15.776	12.42	20.20	0.04	7.97
15.808	16.11	23.89	0.07	8.00
15.840	18.80	26.58	0.08	8.01
15.872	20.53	28.30	0.03	7.96
15.904	19.48	27.25	0.03	7.96
15.936	16.00	23.78	0.03	7.96
15.968	13.50	21.28	0.04	7.97
16.000	13.60	21.37	0.05	7.98
16.032	15.29	23.07	0.02	7.95
16.064	15.53	23.30	0.00	7.93
16.096	15.16	22.94	0.03	7.95
16.128	14.43	22.20	0.04	7.96
16.160	14.05	21.83	0.05	7.97
16.192	13.08	20.86	0.02	7.95
16.224	11.97	19.75	-0.00	7.93
16.256	10.59	18.36	0.02	7.94
16.288	9.42	17.19	0.04	7.97
16.320	9.77	17.54	0.05	7.98
16.352	13.72	21.50	0.02	7.95
16.384	17.30	25.07	-0.00	7.93
16.416	19.74	27.52	0.01	7.94
16.448	20.72	28.49	0.04	7.97
16.480	18.57	26.35	0.05	7.98
16.512	15.33	23.10	0.01	7.94
16.544	13.35	21.13	0.01	7.94
16.576	14.25	22.03	0.01	7.94
16.608	15.54	23.31	0.05	7.97
16.640	15.66	23.44	0.04	7.97
16.672	15.15	22.93	0.01	7.94
16.704	14.37	22.15	-0.01	7.92
16.736	14.07	21.84	0.01	7.94
16.768	12.95	20.73	0.04	7.97
16.800	11.81	19.59	0.04	7.97
16.832	10.48	18.26	0.00	7.93
16.864	9.27	17.05	-0.01	7.92
16.896	10.61	18.39	0.01	7.94
16.928	14.60	22.38	0.04	7.97
16.960	18.08	25.85	0.04	7.97
16.992	20.19	27.97	0.01	7.94
17.024	20.63	28.41	-0.01	7.92
17.056	18.04	25.81	0.01	7.94
17.088	14.69	22.47	0.04	7.97
17.120	13.24	21.01	0.04	7.96
17.152	14.65	22.43	0.01	7.94
17.184	15.71	23.49	-0.01	7.92
17.216	15.64	23.42	0.01	7.94
17.248	14.91	22.69	0.04	7.97
17.280	14.30	22.08	0.04	7.97
17.312	13.76	21.53	0.01	7.93
17.344	12.53	20.31	-0.01	7.92
17.376	11.35	19.12	0.01	7.94
17.408	10.11	17.89	0.04	7.97
17.440	9.15	16.92	0.03	7.96
17.472	11.61	19.39	0.01	7.94
17.504	15.47	23.25	-0.01	7.92
17.536	18.57	26.35	0.01	7.94
17.568	20.39	28.17	0.05	7.97
17.600	20.19	27.97	0.04	7.96
17.632	17.21	24.99	0.01	7.94
17.664	14.11	21.89	-0.01	7.92
17.696	13.31	21.09	0.01	7.94
17.728	15.02	22.80	0.05	7.97
17.760	15.70	23.48	0.03	7.96
17.792	15.46	23.24	0.01	7.93
17.824	14.66	22.44	-0.01	7.92
17.856	14.20	21.98	0.02	7.95
17.888	13.51	21.29	0.05	7.98
17.920	12.30	20.08	0.04	7.96
17.952	11.03	18.81	0.01	7.94
17.984	9.82	17.60	-0.01	7.92
18.016	9.15	16.93	0.02	7.95
18.048	12.52	20.29	0.05	7.97
18.080	16.31	24.09	0.03	7.96
18.112	19.30	27.08	0.01	7.93
18.144	20.74	28.52	-0.01	7.92
18.176	19.76	27.54	0.02	7.94
18.208	16.29	24.07	0.05	7.97
18.240	13.68	21.45	0.03	7.96
18.272	13.57	21.35	0.00	7.93
18.304	15.35	23.12	-0.01	7.92
18.336	15.67	23.45	0.02	7.94
18.368	15.26	23.04	0.05	7.97
18.400	14.49	22.27	0.03	7.95
18.432	14.10	21.88	0.01	7.93
18.464	13.24	21.02	-0.01	7.92
18.496	12.05	19.82	0.02	7.95
18.528	10.79	18.57	0.05	7.98
18.560	9.58	17.36	0.03	7.96
18.592	9.58	17.36	0.01	7.93
18.624	13.47	21.25	-0.00	7.93
18.656	17.12	24.90	0.02	7.95
18.688	19.71	27.49	0.05	7.98
18.720	20.77	28.55	0.03	7.96
18.752	19.06	26.83	0.00	7.93
18.784	15.48	23.26	0.00	7.93
18.816	13.38	21.16	0.02	7.95
18.848	14.10	21.87	0.05	7.98
18.880	15.50	23.28	0.03	7.96
18.912	15.61	23.39	0.00	7.93
18.944	15.17	22.95	-0.01	7.92
18.976	14.44	22.22	0.02	7.95
19.008	13.95	21.73	0.05	7.98
19.040	12.81	20.59	0.04	7.97
19.072	11.63	19.40	0.01	7.94
19.104	10.41	18.19	0.02	7.94
19.136	9.19	16.96	0.04	7.97
19.168	10.26	18.03	0.06	7.99
19.200	14.29	22.07	0.04	7.97
19.232	17.85	25.63	0.00	7.93
19.264	20.05	27.83	-0.00	7.93
19.296	20.58	28.36	0.02	7.95
19.328	18.29	26.07	0.04	7.97
19.360	14.81	22.59	0.03	7.96
19.392	13.20	20.98	-0.00	7.93
19.424	14.67	22.45	-0.00	7.93
19.456	15.63	23.40	0.02	7.95
19.488	15.54	23.32	0.04	7.97
19.520	14.89	22.67	0.02	7.95
19.552	14.23	22.00	-0.00	7.92
19.584	13.65	21.43	-0.01	7.92
19.616	12.58	20.36	0.02	7.95
19.648	11.48	19.26	0.04	7.97
19.680	10.15	17.93	0.03	7.95
19.712	9.07	16.85	-0.00	7.92
19.744	11.41	19.19	-0.00	7.92
19.776	15.31	23.08	0.03	7.95
19.808	18.61	26.38	0.05	7.97
19.840	20.51	28.29	0.03	7.95
19.872	20.48	28.26	-0.00	7.93
19.904	17.43	25.21	-0.00	7.92
19.936	14.32	22.09	0.02	7.95
19.968	13.26	21.04	0.05	7.98
20.000	15.02	22.80	0.03	7.95
20.032	15.62	23.39	-0.00	7.93
20.064	15.46	23.24	-0.01	7.92
20.096	14.70	22.48	0.02	7.95
20.128	14.22	22.00	0.04	7.97
20.160	13.55	21.33	0.02	7.95
20.192	12.41	20.19	-0.00	7.92
20.224	11.19	18.97	-0.00	7.93
20.256	9.84	17.62	0.02	7.95
20.288	9.10	16.87	0.04	7.97
20.320	12.38	20.16	0.03	7.95
20.352	16.20	23.98	-0.01	7.92
20.384	19.18	26.95	-0.00	7.92
20.416	20.64	28.41	0.03	7.96
20.448	19.89	27.67	0.05	7.98
20.480	16.49	24.27	0.02	7.95
20.512	13.84	21.62	-0.00	7.93
20.544	13.60	21.38	-0.01	7.92
20.576	15.20	22.98	0.02	7.95
20.608	15.61	23.39	0.05	7.97
20.640	15.33	23.11	0.02	7.95
20.672	14.56	22.34	-0.00	7.92
20.704	14.08	21.86	-0.00	7.93
20.736	13.31	21.09	0.03	7.95
20.768	12.04	19.82	0.05	7.97
20.800	10.78	18.56	0.02	7.95
20.832	9.56	17.34	-0.00	7.92
20.864	9.50	17.28	-0.00	7.93
20.896	13.36	21.14	0.03	7.96
20.928	17.02	24.80	0.05	7.98
20.960	19.64	27.42	0.02	7.95
20.992	20.78	28.55	-0.00	7.93
21.024	19.19	26.97	0.00	7.93
21.056	15.62	23.40	0.03	7.96
21.088	13.45	21.23	0.05	7.98
21.120	14.01	21.79	0.02	7.95
21.152	15.57	23.34	-0.00	7.93
21.184	15.71	23.49	0.00	7.93
21.216	15.02	22.80	0.03	7.96
21.248	14.31	22.09	0.05	7.98
21.280	13.92	21.70	0.03	7.95
21.312	12.78	20.55	-0.00	7.93
21.344	11.64	19.42	0.00	7.93
21.376	10.39	18.17	0.03	7.96
21.408	9.22	17.00	0.05	7.98
21.440	10.23	18.01	0.03	7.96
21.472	14.17	21.94	0.01	7.93
21.504	17.49	25.27	0.04	7.97
21.536	19.76	27.54	0.05	7.98
21.568	20.52	28.29	0.06	7.99
21.600	18.35	26.13	0.03	7.95
21.632	14.89	22.67	0.00	7.93
21.664	13.13	20.91	0.01	7.94
21.696	14.37	22.14	0.04	7.97
21.728	15.48	23.25	0.06	7.98
21.760	15.45	23.22	0.03	7.96
21.792	14.61	22.38	0.01	7.94
21.824	14.22	22.00	0.02	7.95
21.856	13.69	21.46	0.04	7.97
21.888	12.57	20.35	0.06	7.99
21.920	11.40	19.18	0.03	7.96
21.952	10.21	17.98	-0.00	7.93
21.984	9.15	16.93	0.00	7.93
22.016	11.18	18.96	0.04	7.97
22.048	15.07	22.85	0.06	7.99
22.080	18.44	26.22	0.03	7.95
22.112	20.36	28.14	0.01	7.93
22.144	20.37	28.15	0.01	7.94
22.176	17.43	25.21	0.04	7.97
22.208	14.18	21.95	0.05	7.98
22.240	13.04	20.81	0.03	7.96
22.272	14.78	22.56	0.00	7.93
22.304	15.61	23.39	0.01	7.94
22.336	15.44	23.22	0.04	7.97
22.368	14.59	22.37	0.06	7.99
22.400	14.02	21.80	0.04	7.97
22.432	13.51	21.29	0.00	7.93
22.464	12.38	20.15	0.01	7.94
22.496	11.13	18.91	0.04	7.97
22.528	9.90	17.68	0.05	7.98
22.560	9.03	16.81	0.02	7.95
22.592	12.06	19.84	-0.00	7.93
22.624	15.92	23.69	0.01	7.94
22.656	18.94	26.72	0.04	7.97
22.688	20.43	28.20	0.05	7.98
22.720	19.85	27.63	0.02	7.95
22.752	16.63	24.41	-0.00	7.92
22.784	13.78	21.55	0.00	7.93
22.816	13.41	21.19	0.04	7.96
22.848	15.16	22.94	0.05	7.98
22.880	15.68	23.46	0.02	7.95
22.912	15.34	23.12	-0.01	7.92
22.944	14.58	22.36	0.00	7.93
22.976	14.19	21.96	0.03	7.96
23.008	13.20	20.98	0.05	7.97
23.040	12.14	19.92	0.02	7.95
23.072	10.94	18.72	-0.00	7.92
23.104	9.67	17.45	0.00	7.93
23.136	9.30	17.08	0.03	7.96
23.168	13.08	20.86	0.05	7.98
23.200	16.85	24.63	0.02	7.95
23.232	19.54	27.31	-0.00	7.92
23.264	20.71	28.48	-0.00	7.93
23.296	19.29	27.07	0.03	7.96
23.328	15.85	23.62	0.04	7.97
23.360	13.55	21.33	0.02	7.94
23.392	13.94	21.72	-0.01	7.92
23.424	15.48	23.25	0.00	7.93
23.456	15.61	23.38	0.03	7.96
23.488	15.11	22.88	0.05	7.97
23.520	14.43	22.21	0.02	7.94
23.552	14.06	21.83	-0.01	7.92
23.584	12.94	20.72	0.00	7.93
23.616	11.80	19.57	0.03	7.96
23.648	10.57	18.35	0.05	7.97
23.680	9.33	17.10	0.02	7.95
23.712	10.13	17.90	-0.00	7.93
23.744	14.02	21.80	0.00	7.93
23.776	17.62	25.40	0.03	7.96
23.808	20.00	27.78	0.05	7.97
23.840	20.87	28.64	0.02	7.95
23.872	18.57	26.35	-0.00	7.92
23.904	15.02	22.80	0.01	7.93
23.936	13.20	20.98	0.03	7.96
23.968	14.34	22.12	0.05	7.97
24.000	15.49	23.27	0.02	7.95
24.032	15.50	23.27	-0.00	7.92
24.064	14.94	22.72	0.01	7.93
24.096	14.32	22.10	0.03	7.96
24.128	13.85	21.63	0.05	7.97
24.160	12.72	20.49	0.02	7.95
24.192	11.55	19.33	-0.00	7.92
24.224	10.25	18.03	0.01	7.94
24.256	9.22	17.00	0.04	7.96
24.288	11.04	18.82	0.05	7.98
24.320	15.00	22.77	0.03	7.95
24.352	18.30	26.08	0.00	7.93
24.384	20.17	27.95	0.02	7.95
24.416	20.40	28.18	0.04	7.97
24.448	17.60	25.37	0.05	7.98
24.480	14.40	22.18	0.03	7.96
24.512	13.05	20.82	0.01	7.94
24.544	14.69	22.46	0.01	7.94
24.576	15.54	23.32	0.04	7.97
24.608	15.46	23.24	0.04	7.97
24.640	14.76	22.54	0.01	7.94
24.672	14.24	22.02	-0.01	7.92
24.704	13.73	21.51	0.01	7.94
24.736	12.48	20.26	0.03	7.96
24.768	11.19	18.97	0.04	7.97
24.800	10.01	17.79	0.01	7.94
24.832	9.02	16.80	-0.01	7.92
24.864	11.98	19.76	0.00	7.93
24.896	15.88	23.65	0.03	7.96
24.928	18.99	26.76	0.04	7.97
24.960	20.66	28.44	0.01	7.94
24.992	20.13	27.91	-0.01	7.92
25.024	16.86	24.63	0.00	7.93
25.056	13.98	21.76	0.03	7.96
25.088	13.54	21.31	0.04	7.97
25.120	15.27	23.05	0.01	7.94
25.152	15.85	23.63	-0.01	7.92
25.184	15.41	23.19	0.00	7.93
25.216	14.64	22.42	0.03	7.96
25.248	14.20	21.97	0.03	7.96
25.280	13.37	21.15	0.01	7.94
25.312	12.19	19.96	-0.01	7.92
25.344	10.88	18.66	-0.00	7.92
25.376	9.71	17.48	0.03	7.95
25.408	9.40	17.17	0.04	7.96
25.440	13.07	20.85	0.01	7.94
25.472	16.71	24.49	-0.01	7.91
25.504	19.43	27.20	-0.00	7.93
25.536	20.77	28.55	0.03	7.95
25.568	19.46	27.24	0.03	7.96
25.600	15.97	23.75	0.00	7.93
25.632	13.52	21.30	-0.01	7.91
25.664	13.92	21.70	-0.00	7.93
25.696	15.47	23.25	0.02	7.95
25.728	15.73	23.50	0.04	7.97
25.760	15.16	22.94	0.00	7.93
25.792	14.50	22.28	-0.02	7.91
25.824	14.18	21.96	-0.00	7.92
25.856	13.06	20.83	0.02	7.95
25.888	11.90	19.68	0.03	7.96
25.920	10.63	18.40	0.01	7.94
25.952	9.41	17.19	-0.01	7.91
25.984	9.94	17.71	-0.00	7.93
26.016	13.95	21.72	0.02	7.95
26.048	17.57	25.35	0.04	7.97
26.080	19.99	27.76	0.01	7.93
26.112	20.76	28.54	-0.02	7.91
26.144	18.76	26.54	-0.00	7.93
26.176	15.18	22.96	0.03	7.96
26.208	13.20	20.97	0.03	7.96
26.240	14.30	22.08	0.01	7.93
26.272	15.63	23.40	-0.01	7.91
26.304	15.60	23.38	-0.00	7.93
26.336	14.96	22.74	0.02	7.95
26.368	14.26	22.04	0.04	7.96
26.400	13.95	21.73	0.01	7.94
26.432	12.74	20.51	-0.01	7.91
26.464	11.62	19.40	-0.00	7.92
26.496	10.32	18.10	0.02	7.95
26.528	9.05	16.83	0.03	7.96
26.560	10.73	18.50	0.01	7.94
26.592	14.72	22.49	-0.01	7.92
26.624	18.16	25.94	-0.01	7.92
26.656	20.23	28.01	0.02	7.95
26.688	20.55	28.32	0.04	7.96
26.720	17.83	25.60	0.01	7.93
26.752	14.58	22.35	-0.02	7.91
26.784	13.11	20.89	-0.01	7.92
26.816	14.72	22.50	0.02	7.95
26.848	15.67	23.44	0.04	7.96
26.880	15.50	23.28	0.01	7.93
26.912	14.83	22.61	-0.02	7.91
26.944	14.34	22.12	-0.00	7.93
26.976	13.67	21.44	0.02	7.95
27.008	12.48	20.25	0.04	7.96
27.040	11.22	19.00	0.00	7.93
27.072	9.93	17.71	-0.02	7.91
27.104	8.97	16.75	-0.00	7.92
27.136	11.64	19.42	0.02	7.95
27.168	15.65	23.42	0.04	7.96
27.200	18.89	26.66	0.01	7.94
27.232	20.56	28.33	-0.02	7.91
27.264	20.25	28.03	-0.00	7.92
27.296	17.06	24.84	0.02	7.95
27.328	14.10	21.88	0.04	7.96
27.360	13.41	21.19	0.01	7.94
27.392	15.21	22.99	-0.02	7.91
27.424	15.70	23.48	-0.01	7.92
27.456	15.40	23.18	0.02	7.94
27.488	14.59	22.36	0.04	7.96
27.520	14.30	22.07	0.01	7.93
27.552	13.32	21.10	-0.02	7.91
27.584	12.21	19.99	-0.01	7.92
27.616	10.93	18.71	0.02	7.94
27.648	9.67	17.45	0.03	7.96
27.680	9.18	16.95	0.01	7.94
27.712	12.74	20.51	-0.02	7.91
27.744	16.54	24.32	-0.01	7.92
27.776	19.36	27.14	0.02	7.95
27.808	20.88	28.66	0.04	7.96
27.840	19.68	27.46	0.01	7.94
27.872	16.18	23.95	-0.01	7.91
27.904	13.60	21.38	-0.00	7.92
27.936	13.74	21.52	0.02	7.95
27.968	15.34	23.12	0.04	7.96
28.000	15.63	23.41	0.01	7.94
28.032	15.26	23.04	-0.01	7.92
28.064	14.47	22.24	-0.01	7.92
28.096	14.14	21.92	0.02	7.95
28.128	13.15	20.93	0.04	7.97
28.160	11.98	19.76	0.01	7.94
28.192	10.70	18.48	-0.01	7.91
28.224	9.36	17.14	-0.01	7.92
28.256	9.83	17.60	0.02	7.95
28.288	13.81	21.59	0.04	7.97
28.320	17.39	25.17	0.02	7.94
28.352	19.73	27.50	-0.01	7.92
28.384	20.72	28.50	-0.00	7.93
28.416	18.67	26.44	0.03	7.96
28.448	15.14	22.92	0.06	7.98
28.480	13.05	20.82	0.02	7.95
28.512	14.17	21.95	-0.01	7.92
28.544	15.47	23.25	-0.00	7.92
28.576	15.50	23.28	0.02	7.95
28.608	14.94	22.72	0.04	7.97
28.640	14.22	22.00	0.02	7.95
28.672	14.00	21.78	-0.01	7.92
28.704	12.76	20.53	-0.01	7.92
28.736	11.62	19.40	0.02	7.95
28.768	10.34	18.12	0.04	7.97
28.800	9.19	16.97	0.01	7.94
28.832	10.59	18.37	-0.01	7.92
28.864	14.69	22.47	-0.01	7.92
28.896	18.10	25.87	0.02	7.95
28.928	20.15	27.93	0.04	7.97
28.960	20.62	28.40	0.01	7.94
28.992	17.97	25.75	-0.01	7.91
29.024	14.63	22.41	-0.01	7.92
29.056	13.20	20.98	0.01	7.94
29.088	14.70	22.48	0.04	7.97
29.120	15.67	23.45	0.02	7.94
29.152	15.58	23.35	-0.01	7.91
29.184	14.85	22.63	-0.01	7.91
29.216	14.29	22.07	0.02	7.94
29.248	13.69	21.47	0.03	7.96
29.280	12.50	20.28	0.02	7.95
29.312	11.20	18.98	-0.01	7.92
29.344	10.01	17.79	-0.02	7.91
29.376	8.94	16.72	0.01	7.94
29.408	11.60	19.38	0.04	7.96
29.440	15.51	23.29	0.02	7.95
29.472	18.70	26.48	-0.01	7.92
29.504	20.40	28.18	-0.01	7.92
29.536	20.20	27.98	0.01	7.94
29.568	17.20	24.97	0.04	7.97
29.600	14.11	21.89	0.02	7.95
29.632	13.30	21.07	-0.01	7.92
29.664	15.12	22.90	-0.01	7.92
29.696	15.71	23.49	0.01	7.94
29.728	15.44	23.22	0.03	7.96
29.760	14.62	22.40	0.02	7.95
29.792	14.35	22.13	-0.01	7.92
29.824	13.40	21.18	-0.02	7.91
29.856	12.33	20.11	0.01	7.94
29.888	11.04	18.82	0.03	7.96
29.920	9.84	17.62	0.02	7.95
29.952	9.17	16.95	-0.01	7.92
29.984	12.64	20.42	-0.02	7.91
30.016	16.38	24.16	0.01	7.94
30.048	19.31	27.08	0.04	7.96
30.080	20.69	28.47	0.02	7.95
30.112	19.59	27.37	-0.01	7.92
30.144	16.28	24.05	-0.01	7.91
30.176	13.66	21.44	0.01	7.94
30.208	13.62	21.40	0.03	7.96
30.240	15.36	23.14	0.02	7.95
30.272	15.70	23.48	-0.01	7.92
30.304	15.28	23.06	-0.02	7.91
30.336	14.48	22.26	0.01	7.94
30.368	14.13	21.90	0.04	7.96
30.400	13.18	20.95	0.02	7.95
30.432	12.03	19.81	-0.01	7.92
30.464	10.70	18.48	-0.02	7.91
30.496	9.55	17.33	0.01	7.94
30.528	9.63	17.41	0.04	7.97
30.560	13.50	21.27	0.02	7.95
30.592	17.16	24.94	-0.00	7.93
30.624	19.83	27.60	-0.02	7.91
30.656	20.77	28.54	0.01	7.94
30.688	18.93	26.70	0.03	7.96
30.720	15.38	23.16	0.02	7.95
30.752	13.29	21.07	-0.01	7.92
30.784	14.14	21.92	-0.02	7.91
30.816	15.53	23.31	0.01	7.94
30.848	15.64	23.41	0.04	7.96
30.880	15.17	22.95	0.02	7.95
30.912	14.45	22.23	-0.00	7.92
30.944	14.04	21.82	-0.02	7.91
30.976	12.74	20.51	0.01	7.94
31.008	11.70	19.48	0.04	7.96
31.040	10.97	18.75	0.02	7.95
31.072	10.68	18.46	-0.00	7.92
31.104	10.59	18.37	-0.01	7.92
31.136	10.67	18.45	0.01	7.94
31.168	10.70	18.48	0.04	7.97
31.200	10.69	18.47	0.02	7.95
31.232	10.66	18.44	-0.00	7.93
31.264	10.59	18.36	-0.01	7.92
31.296	10.54	18.32	0.01	7.94
31.328	10.60	18.38	0.04	7.97
31.360	10.57	18.35	0.03	7.95
31.392	10.61	18.39	0.00	7.93
31.424	10.67	18.45	-0.01	7.92
31.456	10.66	18.44	0.02	7.94
31.488	10.59	18.37	0.04	7.97
31.520	10.54	18.31	0.03	7.96
31.552	10.53	18.30	0.01	7.94
31.584	10.62	18.39	-0.00	7.92
31.616	10.49	18.27	0.02	7.95
31.648	10.45	18.23	0.05	7.97
31.680	10.05	17.83	0.03	7.95
31.712	1.15	8.93	-0.00	7.93
31.744	0.06	7.83	-0.01	7.91
31.776	-3.80	3.98	0.02	7.94
31.808	-1.20	6.58	0.04	7.97
31.840	1.40	9.18	0.02	7.95
31.872	0.95	8.73	-0.00	7.92
31.904	0.72	8.49	-0.02	7.91
31.936	-0.24	7.54	0.01	7.93
31.968	-0.88	6.90	0.04	7.97
32.000	-0.19	7.59	0.02	7.95
32.032	0.33	8.10	-0.01	7.92
32.064	0.44	8.22	-0.02	7.91
32.096	0.25	8.03	0.01	7.93
32.128	-0.17	7.61	0.04	7.96
32.160	-0.28	7.49	0.02	7.95
32.192	-0.12	7.66	-0.01	7.92
32.224	0.10	7.87	-0.02	7.91
32.256	0.18	7.96	0.01	7.94
32.288	0.11	7.89	0.04	7.96
32.320	-0.01	7.77	0.02	7.95
32.352	-0.12	7.66	-0.00	7.92
32.384	-0.09	7.69	-0.02	7.91
32.416	-0.02	7.76	0.01	7.94
32.448	0.06	7.84	0.04	7.96
32.480	0.07	7.85	0.02	7.95
32.512	0.03	7.80	-0.01	7.92
32.544	-0.02	7.75	-0.02	7.91
32.576	-0.06	7.72	0.01	7.93
32.608	-0.02	7.76	0.04	7.96
32.640	0.00	7.78	0.02	7.95
32.672	0.02	7.80	-0.01	7.92
32.704	-0.01	7.77	-0.02	7.91
32.736	-0.01	7.77	0.01	7.93
32.768	-0.04	7.74	0.04	7.96
32.800	-0.03	7.75	0.02	7.95
32.832	-0.02	7.76	-0.00	7.92
32.864	-0.01	7.76	-0.02	7.91
32.896	-0.01	7.77	0.01	7.93
32.928	-0.01	7.77	0.03	7.96
32.960	0.00	7.78	0.02	7.95
32.992	-0.03	7.75	-0.00	7.92
33.024	-0.02	7.75	-0.02	7.91
33.056	-0.01	7.77	0.00	7.93
33.088	-0.01	7.77	0.03	7.96
33.120	-0.01	7.77	0.02	7.95
33.152	-0.01	7.77	-0.01	7.92
33.184	-0.00	7.77	-0.01	7.91
33.216	-0.01	7.77	0.01	7.94
33.248	0.00	7.78	0.04	7.97
33.280	-0.01	7.76	0.02	7.95
33.312	-0.00	7.78	-0.00	7.92
