Tempo(s)    P0(KPa) P0+Coluna(KPa)  P1(KPa) P1+Coluna(KPa)
0.032	-2.22	-2.22	-2.22	-2.22
0.064	6.50	6.50	-2.22	-2.22
0.096	6.50	6.50	7.48	7.48
0.128	6.50	6.50	7.48	7.48
0.160	6.50	6.50	7.48	7.48
0.192	6.50	6.50	7.50	7.50
0.224	6.50	6.50	7.50	7.50
0.256	6.51	6.51	7.50	7.50
0.288	6.51	6.51	7.49	7.49
0.320	6.51	6.51	7.49	7.49
0.352	6.51	6.51	7.49	7.49
0.384	6.51	6.51	7.40	7.40
0.416	6.51	6.51	7.40	7.40
0.448	6.51	6.51	7.40	7.40
0.480	6.51	6.51	7.54	7.54
0.512	6.51	6.51	7.54	7.54
0.544	6.51	6.51	7.54	7.54
0.576	6.51	6.51	7.51	7.51
0.608	6.51	6.51	7.51	7.51
0.640	6.51	6.51	7.51	7.51
0.672	-0.00	6.51	-0.05	7.46
0.704	-0.00	6.51	-0.05	7.46
0.736	-0.00	6.51	-0.05	7.46
0.768	-0.00	6.51	0.05	7.56
0.800	-0.00	6.51	0.05	7.56
0.832	-0.00	6.51	0.05	7.56
0.864	-0.00	6.51	-0.05	7.46
0.896	-0.00	6.51	-0.05	7.46
0.928	-0.00	6.51	-0.05	7.46
0.960	-0.00	6.51	0.03	7.54
0.992	-0.00	6.51	0.03	7.54
1.024	-0.00	6.51	0.03	7.54
1.056	-0.00	6.51	-0.00	7.51
1.088	-0.00	6.51	-0.00	7.51
1.120	0.00	6.51	-0.00	7.51
1.152	0.00	6.51	-0.05	7.46
1.184	0.00	6.51	-0.05	7.46
1.216	0.00	6.51	-0.05	7.46
1.248	0.00	6.51	0.06	7.57
1.280	0.00	6.51	0.06	7.57
1.312	0.00	6.51	0.06	7.57
1.344	0.00	6.51	-0.05	7.46
1.376	0.00	6.51	-0.05	7.46
1.408	0.00	6.51	-0.05	7.46
1.440	0.00	6.51	0.03	7.54
1.472	0.00	6.51	0.03	7.54
1.504	0.00	6.51	0.03	7.54
1.536	0.00	6.51	0.01	7.52
1.568	0.00	6.51	0.01	7.52
1.600	0.00	6.51	0.01	7.52
1.632	0.00	6.51	-0.05	7.46
1.664	0.00	6.51	-0.05	7.46
1.696	0.00	6.51	-0.05	7.46
1.728	0.00	6.51	0.06	7.57
1.760	0.00	6.51	0.06	7.57
1.792	0.01	6.52	0.06	7.57
1.824	0.01	6.52	-0.05	7.46
1.856	0.01	6.52	-0.05	7.46
1.888	0.01	6.52	-0.05	7.46
1.920	0.01	6.52	0.03	7.54
1.952	0.01	6.52	0.03	7.54
1.984	0.01	6.52	0.03	7.54
2.016	0.01	6.52	0.01	7.52
2.048	0.01	6.52	0.01	7.52
2.080	0.01	6.52	0.01	7.52
2.112	0.01	6.52	-0.05	7.45
2.144	0.01	6.52	-0.05	7.45
2.176	0.01	6.52	-0.05	7.45
2.208	0.01	6.52	0.06	7.57
2.240	0.01	6.52	0.06	7.57
2.272	0.01	6.52	0.06	7.57
2.304	0.01	6.52	-0.05	7.46
2.336	0.01	6.52	-0.05	7.46
2.368	0.01	6.52	-0.05	7.46
2.400	0.01	6.52	0.03	7.54
2.432	0.01	6.52	0.03	7.54
2.464	0.01	6.52	0.03	7.54
2.496	0.01	6.52	0.01	7.52
2.528	0.01	6.52	0.01	7.52
2.560	0.02	6.53	0.01	7.52
2.592	0.02	6.53	-0.05	7.45
2.624	0.02	6.53	-0.05	7.45
2.656	0.02	6.53	-0.05	7.45
2.688	0.02	6.53	0.06	7.57
2.720	0.02	6.53	0.06	7.57
2.752	0.01	6.52	0.06	7.57
2.784	0.01	6.52	-0.05	7.46
2.816	0.01	6.52	-0.05	7.46
2.848	0.02	6.53	-0.05	7.46
2.880	0.02	6.53	0.03	7.53
2.912	0.02	6.53	0.03	7.53
2.944	0.02	6.53	0.03	7.53
2.976	0.02	6.53	0.02	7.52
3.008	0.02	6.53	0.02	7.52
3.040	0.02	6.53	0.02	7.52
3.072	0.02	6.53	-0.06	7.45
3.104	0.02	6.53	-0.06	7.45
3.136	0.02	6.53	-0.06	7.45
3.168	0.02	6.53	0.06	7.57
3.200	0.02	6.53	0.06	7.57
3.232	0.02	6.53	0.06	7.57
3.264	0.02	6.53	-0.04	7.47
3.296	0.02	6.53	-0.04	7.47
3.328	0.02	6.53	-0.04	7.47
3.360	0.02	6.53	0.03	7.53
3.392	0.02	6.53	0.03	7.53
3.424	0.02	6.53	0.03	7.53
3.456	0.02	6.53	0.02	7.52
3.488	0.02	6.53	0.02	7.52
3.520	0.02	6.53	0.02	7.52
3.552	0.02	6.53	-0.06	7.45
3.584	0.02	6.53	-0.06	7.45
3.616	9.70	16.21	-0.06	7.45
3.648	9.70	16.21	0.06	7.57
3.680	9.70	16.21	0.06	7.57
3.712	22.29	28.80	0.06	7.57
3.744	22.29	28.80	-0.04	7.47
3.776	22.29	28.80	-0.04	7.47
3.808	25.19	31.70	-0.04	7.47
3.840	25.19	31.70	0.03	7.53
3.872	25.19	31.70	0.03	7.53
3.904	25.25	31.76	0.03	7.53
3.936	25.25	31.76	0.02	7.53
3.968	25.25	31.76	0.02	7.53
4.000	25.28	31.79	0.02	7.53
4.032	25.28	31.79	-0.06	7.45
4.064	25.28	31.79	-0.06	7.45
4.096	25.35	31.85	-0.06	7.45
4.128	25.35	31.85	0.06	7.57
4.160	25.35	31.85	0.06	7.57
4.192	25.41	31.92	0.06	7.57
4.224	25.41	31.92	-0.04	7.47
4.256	25.41	31.92	-0.04	7.47
4.288	25.41	31.92	-0.04	7.47
4.320	25.41	31.92	0.03	7.53
4.352	25.41	31.92	0.03	7.53
4.384	25.36	31.87	0.03	7.53
4.416	25.36	31.87	0.02	7.53
4.448	25.36	31.87	0.02	7.53
4.480	25.35	31.86	0.02	7.53
4.512	25.35	31.86	-0.06	7.45
4.544	25.35	31.86	-0.06	7.45
4.576	25.36	31.87	-0.06	7.45
4.608	25.36	31.87	0.06	7.57
4.640	25.36	31.87	0.06	7.57
4.672	25.44	31.94	0.06	7.57
4.704	25.44	31.94	-0.04	7.47
4.736	25.44	31.94	-0.04	7.47
4.768	25.52	32.03	-0.04	7.47
4.800	25.52	32.03	0.02	7.53
4.832	25.52	32.03	0.02	7.53
4.864	25.57	32.08	0.02	7.53
4.896	25.57	32.08	0.03	7.54
4.928	25.57	32.08	0.03	7.54
4.960	25.56	32.07	0.03	7.54
4.992	25.56	32.07	-0.05	7.45
5.024	25.56	32.07	-0.05	7.45
5.056	25.59	32.09	-0.05	7.45
5.088	25.59	32.09	0.06	7.57
5.120	25.59	32.09	0.06	7.57
5.152	25.63	32.14	0.06	7.57
5.184	25.63	32.14	-0.04	7.47
5.216	25.63	32.14	-0.04	7.47
5.248	25.66	32.17	-0.04	7.47
5.280	25.66	32.17	0.02	7.53
5.312	25.66	32.17	0.02	7.53
5.344	25.72	32.23	0.02	7.53
5.376	25.72	32.23	0.03	7.54
5.408	25.72	32.23	0.03	7.54
5.440	25.73	32.24	0.03	7.54
5.472	25.73	32.24	-0.06	7.45
5.504	25.73	32.24	-0.06	7.45
5.536	25.74	32.25	-0.06	7.45
5.568	25.74	32.25	0.06	7.57
5.600	25.74	32.25	0.06	7.57
5.632	25.74	32.25	0.06	7.57
5.664	25.74	32.25	-0.04	7.47
5.696	25.74	32.25	-0.04	7.47
5.728	25.77	32.28	-0.04	7.47
5.760	25.77	32.28	0.02	7.53
5.792	25.77	32.28	0.02	7.53
5.824	25.80	32.31	0.02	7.53
5.856	25.80	32.31	0.04	7.54
5.888	25.80	32.31	0.04	7.54
5.920	25.81	32.32	0.04	7.54
5.952	25.81	32.32	-0.06	7.45
5.984	25.81	32.32	-0.06	7.45
6.016	25.81	32.32	-0.06	7.45
6.048	25.81	32.32	0.06	7.56
6.080	25.81	32.32	0.06	7.56
6.112	25.82	32.33	0.06	7.56
6.144	25.82	32.33	-0.04	7.47
6.176	25.82	32.33	-0.04	7.47
6.208	25.83	32.34	-0.04	7.47
6.240	25.83	32.34	0.01	7.52
6.272	25.83	32.34	0.01	7.52
6.304	25.87	32.38	0.01	7.52
6.336	25.87	32.38	0.04	7.55
6.368	25.87	32.38	0.04	7.55
6.400	25.88	32.39	0.04	7.55
6.432	25.88	32.39	-0.06	7.45
6.464	25.88	32.39	-0.06	7.45
6.496	25.87	32.38	-0.06	7.45
6.528	25.87	32.38	0.05	7.56
6.560	25.87	32.38	0.05	7.56
6.592	25.87	32.38	0.05	7.56
6.624	25.87	32.38	-0.04	7.47
6.656	25.87	32.38	-0.04	7.47
6.688	25.87	32.38	-0.04	7.47
6.720	25.87	32.38	0.01	7.52
6.752	25.87	32.38	0.01	7.52
6.784	25.86	32.37	0.01	7.52
6.816	25.86	32.37	0.04	7.55
6.848	25.86	32.37	0.04	7.55
6.880	25.86	32.37	0.04	7.55
6.912	25.86	32.37	-0.06	7.45
6.944	25.86	32.37	-0.06	7.45
6.976	25.82	32.33	-0.06	7.45
7.008	25.82	32.33	0.06	7.56
7.040	25.82	32.33	0.06	7.56
7.072	25.80	32.31	0.06	7.56
7.104	25.80	32.31	-0.04	7.47
7.136	25.80	32.31	-0.04	7.47
7.168	25.76	32.27	-0.04	7.47
7.200	25.76	32.27	0.01	7.52
7.232	25.76	32.27	0.01	7.52
7.264	25.73	32.24	0.01	7.52
7.296	25.73	32.24	0.04	7.55
7.328	25.73	32.24	0.04	7.55
7.360	25.70	32.20	0.04	7.55
7.392	25.70	32.20	-0.06	7.45
7.424	25.70	32.20	-0.06	7.45
7.456	25.67	32.18	-0.06	7.45
7.488	25.67	32.18	0.05	7.56
7.520	25.67	32.18	0.05	7.56
7.552	25.67	32.18	0.05	7.56
7.584	25.67	32.18	-0.04	7.47
7.616	25.67	32.18	-0.04	7.47
7.648	25.66	32.17	-0.04	7.47
7.680	25.66	32.17	0.01	7.52
7.712	25.66	32.17	0.01	7.52
7.744	25.65	32.16	0.01	7.52
7.776	25.65	32.16	0.04	7.55
7.808	25.65	32.16	0.04	7.55
7.840	25.65	32.15	0.04	7.55
7.872	25.65	32.15	-0.05	7.45
7.904	25.65	32.15	-0.05	7.45
7.936	25.64	32.15	-0.05	7.45
7.968	25.64	32.15	0.06	7.56
8.000	25.64	32.15	0.06	7.56
8.032	25.63	32.14	0.06	7.56
8.064	25.63	32.14	-0.03	7.47
8.096	25.63	32.14	-0.03	7.47
8.128	25.59	32.10	-0.03	7.47
8.160	25.59	32.10	0.01	7.51
8.192	25.59	32.10	0.01	7.51
8.224	25.58	32.09	0.01	7.51
8.256	25.58	32.09	0.04	7.55
8.288	25.58	32.09	0.04	7.55
8.320	25.57	32.08	0.04	7.55
8.352	25.57	32.08	-0.06	7.45
8.384	25.57	32.08	-0.06	7.45
8.416	25.56	32.07	-0.06	7.45
8.448	25.56	32.07	0.05	7.56
8.480	25.56	32.07	0.05	7.56
8.512	25.55	32.06	0.05	7.56
8.544	25.55	32.06	-0.04	7.47
8.576	25.55	32.06	-0.04	7.47
8.608	25.57	32.08	-0.04	7.47
8.640	25.57	32.08	0.01	7.51
8.672	25.57	32.08	0.01	7.51
8.704	25.57	32.08	0.01	7.51
8.736	25.57	32.08	0.05	7.55
8.768	25.57	32.08	0.05	7.55
8.800	25.57	32.08	0.05	7.55
8.832	25.57	32.08	-0.05	7.45
8.864	25.57	32.08	-0.05	7.45
8.896	25.59	32.09	-0.05	7.45
8.928	25.59	32.09	0.05	7.56
8.960	25.59	32.09	0.05	7.56
8.992	25.58	32.09	0.05	7.56
9.024	25.58	32.09	-0.04	7.47
9.056	25.58	32.09	-0.04	7.47
9.088	25.58	32.09	-0.04	7.47
9.120	25.58	32.09	0.00	7.51
9.152	25.58	32.09	0.00	7.51
9.184	25.58	32.09	0.00	7.51
9.216	25.58	32.09	0.05	7.55
9.248	25.58	32.09	0.05	7.55
9.280	25.59	32.10	0.05	7.55
9.312	25.59	32.10	-0.06	7.45
9.344	25.59	32.10	-0.06	7.45
9.376	25.59	32.10	-0.06	7.45
9.408	25.59	32.10	0.05	7.56
9.440	25.59	32.10	0.05	7.56
9.472	25.61	32.12	0.05	7.56
9.504	25.61	32.12	-0.04	7.47
9.536	25.61	32.12	-0.04	7.47
9.568	25.61	32.12	-0.04	7.47
9.600	25.61	32.12	-0.00	7.50
9.632	25.61	32.12	-0.00	7.50
9.664	25.63	32.14	-0.00	7.50
9.696	25.63	32.14	0.04	7.55
9.728	25.63	32.14	0.04	7.55
9.760	25.65	32.16	0.04	7.55
9.792	25.65	32.16	-0.06	7.45
9.824	25.65	32.16	-0.06	7.45
9.856	25.69	32.19	-0.06	7.45
9.888	25.69	32.19	0.05	7.56
9.920	25.69	32.19	0.05	7.56
9.952	25.71	32.22	0.05	7.56
9.984	25.71	32.22	-0.04	7.47
10.016	25.71	32.22	-0.04	7.47
10.048	25.73	32.24	-0.04	7.47
10.080	25.73	32.24	-0.00	7.50
10.112	25.73	32.24	-0.00	7.50
10.144	25.76	32.27	-0.00	7.50
10.176	25.76	32.27	0.02	7.53
10.208	25.76	32.27	0.02	7.53
10.240	25.79	32.30	0.02	7.53
10.272	25.79	32.30	-0.06	7.45
10.304	25.79	32.30	-0.06	7.45
10.336	25.82	32.33	-0.06	7.45
10.368	25.82	32.33	0.05	7.56
10.400	25.82	32.33	0.05	7.56
10.432	25.83	32.34	0.05	7.56
10.464	25.83	32.34	-0.03	7.47
10.496	25.83	32.34	-0.03	7.47
10.528	25.83	32.34	-0.03	7.47
10.560	25.83	32.34	-0.01	7.50
10.592	25.83	32.34	-0.01	7.50
10.624	25.85	32.36	-0.01	7.50
10.656	25.85	32.36	0.05	7.56
10.688	25.85	32.36	0.05	7.56
10.720	25.86	32.37	0.05	7.56
10.752	25.86	32.37	-0.06	7.44
10.784	25.86	32.37	-0.06	7.44
10.816	25.90	32.41	-0.06	7.44
10.848	25.90	32.41	0.05	7.56
10.880	25.90	32.41	0.05	7.56
10.912	25.90	32.41	0.05	7.56
10.944	25.90	32.41	-0.03	7.48
10.976	25.90	32.41	-0.03	7.48
11.008	25.91	32.42	-0.03	7.48
11.040	25.91	32.42	-0.02	7.49
11.072	25.91	32.42	-0.02	7.49
11.104	25.92	32.43	-0.02	7.49
11.136	25.92	32.43	0.06	7.57
11.168	25.92	32.43	0.06	7.57
11.200	25.92	32.43	0.06	7.57
11.232	25.92	32.43	-0.06	7.44
11.264	25.92	32.43	-0.06	7.44
11.296	25.93	32.44	-0.06	7.44
11.328	25.93	32.44	0.05	7.56
11.360	25.93	32.44	0.05	7.56
11.392	25.92	32.43	0.05	7.56
11.424	25.92	32.43	-0.03	7.48
11.456	25.92	32.43	-0.03	7.48
11.488	25.92	32.43	-0.03	7.48
11.520	25.92	32.43	-0.02	7.49
11.552	25.92	32.43	-0.02	7.49
11.584	25.93	32.44	-0.02	7.49
11.616	25.93	32.44	0.06	7.57
11.648	25.93	32.44	0.06	7.57
11.680	25.94	32.45	0.06	7.57
11.712	25.94	32.45	-0.07	7.44
11.744	25.94	32.45	-0.07	7.44
11.776	25.98	32.48	-0.07	7.44
11.808	25.98	32.48	0.05	7.55
11.840	25.98	32.48	0.05	7.55
11.872	25.98	32.49	0.05	7.55
11.904	25.98	32.49	-0.03	7.48
11.936	25.98	32.49	-0.03	7.48
11.968	25.99	32.50	-0.03	7.48
12.000	25.99	32.50	-0.02	7.49
12.032	25.99	32.50	-0.02	7.49
12.064	26.01	32.52	-0.02	7.49
12.096	26.01	32.52	0.06	7.57
12.128	26.01	32.52	0.06	7.57
12.160	26.01	32.52	0.06	7.57
12.192	26.01	32.52	-0.07	7.44
12.224	26.01	32.52	-0.07	7.44
12.256	26.01	32.52	-0.07	7.44
12.288	26.01	32.52	0.05	7.55
12.320	26.01	32.52	0.05	7.55
12.352	26.01	32.52	0.05	7.55
12.384	26.01	32.52	-0.03	7.48
12.416	26.01	32.52	-0.03	7.48
12.448	26.02	32.53	-0.03	7.48
12.480	26.02	32.53	-0.02	7.48
12.512	26.02	32.53	-0.02	7.48
12.544	26.02	32.53	-0.02	7.48
12.576	26.02	32.53	0.06	7.57
12.608	26.02	32.53	0.06	7.57
12.640	26.05	32.56	0.06	7.57
12.672	26.05	32.56	-0.06	7.44
12.704	26.05	32.56	-0.06	7.44
12.736	26.06	32.57	-0.06	7.44
12.768	26.06	32.57	0.05	7.55
12.800	26.06	32.57	0.05	7.55
12.832	26.07	32.58	0.05	7.55
12.864	26.07	32.58	-0.03	7.48
12.896	26.07	32.58	-0.03	7.48
12.928	26.07	32.58	-0.03	7.48
12.960	26.07	32.58	-0.03	7.48
12.992	26.07	32.58	-0.03	7.48
13.024	26.07	32.58	-0.03	7.48
13.056	26.07	32.58	0.06	7.57
13.088	26.07	32.58	0.06	7.57
13.120	26.07	32.58	0.06	7.57
13.152	26.07	32.58	-0.06	7.44
13.184	26.07	32.58	-0.06	7.44
13.216	26.07	32.58	-0.06	7.44
13.248	26.07	32.58	0.05	7.55
13.280	26.07	32.58	0.05	7.55
13.312	26.06	32.57	0.05	7.55
13.344	26.06	32.57	-0.02	7.48
13.376	26.06	32.57	-0.02	7.48
13.408	26.06	32.57	-0.02	7.48
13.440	26.06	32.57	-0.03	7.48
13.472	26.06	32.57	-0.03	7.48
13.504	26.06	32.57	-0.03	7.48
13.536	26.06	32.57	0.06	7.57
13.568	26.06	32.57	0.06	7.57
13.600	26.06	32.57	0.06	7.57
13.632	26.06	32.57	-0.07	7.44
13.664	26.06	32.57	-0.07	7.44
13.696	26.07	32.58	-0.07	7.44
13.728	26.07	32.58	0.04	7.55
13.760	26.07	32.58	0.04	7.55
13.792	26.07	32.58	0.04	7.55
13.824	26.07	32.58	-0.02	7.49
13.856	26.07	32.58	-0.02	7.49
13.888	26.07	32.58	-0.02	7.49
13.920	26.07	32.58	-0.03	7.48
13.952	26.07	32.58	-0.03	7.48
13.984	26.07	32.58	-0.03	7.48
14.016	26.07	32.58	0.06	7.57
14.048	26.07	32.58	0.06	7.57
14.080	26.08	32.59	0.06	7.57
14.112	26.08	32.59	-0.06	7.45
14.144	26.08	32.59	-0.06	7.45
14.176	26.09	32.60	-0.06	7.45
14.208	26.09	32.60	0.04	7.54
14.240	26.09	32.60	0.04	7.54
14.272	26.10	32.60	0.04	7.54
14.304	26.10	32.60	-0.02	7.49
14.336	26.10	32.60	-0.02	7.49
14.368	26.09	32.60	-0.02	7.49
14.400	26.09	32.60	-0.03	7.47
14.432	26.09	32.60	-0.03	7.47
14.464	26.09	32.60	-0.03	7.47
14.496	26.09	32.60	0.06	7.57
14.528	26.09	32.60	0.06	7.57
14.560	26.10	32.61	0.06	7.57
14.592	26.10	32.61	-0.06	7.45
14.624	26.10	32.61	-0.06	7.45
14.656	26.10	32.61	-0.06	7.45
14.688	26.10	32.61	0.04	7.54
14.720	26.10	32.61	0.04	7.54
14.752	26.10	32.61	0.04	7.54
14.784	26.10	32.61	-0.02	7.49
14.816	26.10	32.61	-0.02	7.49
14.848	26.10	32.60	-0.02	7.49
14.880	26.10	32.60	-0.03	7.48
14.912	26.10	32.60	-0.03	7.48
14.944	26.09	32.60	-0.03	7.48
14.976	26.09	32.60	0.06	7.57
15.008	26.09	32.60	0.06	7.57
15.040	26.09	32.60	0.06	7.57
15.072	26.09	32.60	-0.06	7.45
15.104	26.09	32.60	-0.06	7.45
15.136	26.08	32.59	-0.06	7.45
15.168	26.08	32.59	0.04	7.55
15.200	26.08	32.59	0.04	7.55
15.232	26.08	32.59	0.04	7.55
15.264	26.08	32.59	-0.02	7.49
15.296	26.08	32.59	-0.02	7.49
15.328	26.07	32.58	-0.02	7.49
15.360	26.07	32.58	-0.03	7.48
15.392	26.07	32.58	-0.03	7.48
15.424	26.07	32.58	-0.03	7.48
15.456	26.07	32.58	0.06	7.56
15.488	26.07	32.58	0.06	7.56
15.520	26.08	32.59	0.06	7.56
15.552	26.08	32.59	-0.06	7.45
15.584	26.08	32.59	-0.06	7.45
15.616	26.09	32.59	-0.06	7.45
15.648	26.09	32.59	0.04	7.55
15.680	26.09	32.59	0.04	7.55
15.712	26.09	32.60	0.04	7.55
15.744	26.09	32.60	-0.01	7.49
15.776	26.09	32.60	-0.01	7.49
15.808	26.09	32.60	-0.01	7.49
15.840	26.09	32.60	-0.03	7.47
15.872	26.09	32.60	-0.03	7.47
15.904	26.09	32.60	-0.03	7.47
15.936	26.09	32.60	0.05	7.56
15.968	26.09	32.60	0.05	7.56
16.000	26.10	32.61	0.05	7.56
16.032	26.10	32.61	-0.06	7.45
16.064	26.10	32.61	-0.06	7.45
16.096	26.10	32.61	-0.06	7.45
16.128	26.10	32.61	0.04	7.55
16.160	26.10	32.61	0.04	7.55
16.192	26.10	32.61	0.04	7.55
16.224	26.10	32.61	-0.02	7.49
16.256	26.10	32.61	-0.02	7.49
16.288	26.11	32.62	-0.02	7.49
16.320	26.11	32.62	-0.04	7.47
16.352	26.11	32.62	-0.04	7.47
16.384	26.10	32.61	-0.04	7.47
16.416	26.10	32.61	0.06	7.56
16.448	26.10	32.61	0.06	7.56
16.480	26.10	32.61	0.06	7.56
16.512	26.10	32.61	-0.06	7.45
16.544	26.10	32.61	-0.06	7.45
16.576	26.09	32.60	-0.06	7.45
16.608	26.09	32.60	0.04	7.54
16.640	26.09	32.60	0.04	7.54
16.672	26.10	32.61	0.04	7.54
16.704	26.10	32.61	-0.02	7.49
16.736	26.10	32.61	-0.02	7.49
16.768	26.09	32.60	-0.02	7.49
16.800	26.09	32.60	-0.04	7.47
16.832	26.09	32.60	-0.04	7.47
16.864	26.09	32.59	-0.04	7.47
16.896	26.09	32.59	0.06	7.57
16.928	26.09	32.59	0.06	7.57
16.960	26.07	32.58	0.06	7.57
16.992	26.07	32.58	-0.05	7.45
17.024	26.07	32.58	-0.05	7.45
17.056	26.08	32.59	-0.05	7.45
17.088	26.08	32.59	0.04	7.55
17.120	26.08	32.59	0.04	7.55
17.152	26.07	32.58	0.04	7.55
17.184	26.07	32.58	-0.01	7.49
17.216	26.07	32.58	-0.01	7.49
17.248	26.08	32.59	-0.01	7.49
17.280	26.08	32.59	-0.04	7.47
17.312	26.08	32.59	-0.04	7.47
17.344	26.09	32.59	-0.04	7.47
17.376	26.09	32.59	0.05	7.56
17.408	26.09	32.59	0.05	7.56
17.440	26.09	32.60	0.05	7.56
17.472	26.09	32.60	-0.05	7.45
17.504	26.09	32.60	-0.05	7.45
17.536	26.09	32.60	-0.05	7.45
17.568	26.09	32.60	0.04	7.54
17.600	26.09	32.60	0.04	7.54
17.632	26.09	32.60	0.04	7.54
17.664	26.09	32.60	-0.01	7.50
17.696	26.09	32.60	-0.01	7.50
17.728	26.09	32.59	-0.01	7.50
17.760	26.09	32.59	-0.04	7.46
17.792	26.09	32.59	-0.04	7.46
17.824	26.09	32.60	-0.04	7.46
17.856	26.09	32.60	0.06	7.57
17.888	26.09	32.60	0.06	7.57
17.920	26.09	32.60	0.06	7.57
17.952	26.09	32.60	-0.05	7.45
17.984	26.09	32.60	-0.05	7.45
18.016	26.09	32.60	-0.05	7.45
18.048	26.09	32.60	0.04	7.54
18.080	26.09	32.60	0.04	7.54
18.112	26.09	32.59	0.04	7.54
18.144	26.09	32.59	0.00	7.51
18.176	26.09	32.59	0.00	7.51
18.208	26.09	32.59	0.00	7.51
18.240	26.09	32.59	-0.05	7.46
18.272	26.09	32.59	-0.05	7.46
18.304	26.10	32.61	-0.05	7.46
18.336	26.10	32.61	0.06	7.57
18.368	26.10	32.61	0.06	7.57
18.400	26.10	32.61	0.06	7.57
18.432	26.10	32.61	-0.05	7.46
18.464	26.10	32.61	-0.05	7.46
18.496	26.09	32.60	-0.05	7.46
18.528	26.09	32.60	0.04	7.54
18.560	26.09	32.60	0.04	7.54
18.592	26.09	32.60	0.04	7.54
18.624	26.09	32.60	0.01	7.52
18.656	26.09	32.60	0.01	7.52
18.688	26.09	32.60	0.01	7.52
18.720	26.09	32.60	-0.05	7.46
18.752	26.09	32.60	-0.05	7.46
18.784	26.09	32.60	-0.05	7.46
18.816	26.09	32.60	0.06	7.57
18.848	26.09	32.60	0.06	7.57
18.880	26.09	32.60	0.06	7.57
18.912	26.09	32.60	-0.05	7.45
18.944	26.09	32.60	-0.05	7.45
18.976	26.08	32.59	-0.05	7.45
19.008	26.08	32.59	0.04	7.54
19.040	26.08	32.59	0.04	7.54
19.072	26.08	32.59	0.04	7.54
19.104	26.08	32.59	0.00	7.51
19.136	26.08	32.59	0.00	7.51
19.168	26.07	32.58	0.00	7.51
19.200	26.07	32.58	-0.05	7.45
19.232	26.07	32.58	-0.05	7.45
19.264	26.07	32.58	-0.05	7.45
19.296	26.07	32.58	0.06	7.57
19.328	26.07	32.58	0.06	7.57
19.360	26.06	32.57	0.06	7.57
19.392	26.06	32.57	-0.04	7.46
19.424	26.06	32.57	-0.04	7.46
19.456	26.06	32.57	-0.04	7.46
19.488	26.06	32.57	0.04	7.54
19.520	26.06	32.57	0.04	7.54
19.552	26.06	32.57	0.04	7.54
19.584	26.06	32.57	0.01	7.52
19.616	26.06	32.57	0.01	7.52
19.648	26.06	32.57	0.01	7.52
19.680	26.06	32.57	-0.05	7.45
19.712	26.06	32.57	-0.05	7.45
19.744	26.06	32.57	-0.05	7.45
19.776	26.06	32.57	0.07	7.57
19.808	26.06	32.57	0.07	7.57
19.840	26.06	32.57	0.07	7.57
19.872	26.06	32.57	-0.04	7.47
19.904	26.06	32.57	-0.04	7.47
19.936	26.07	32.58	-0.04	7.47
19.968	26.07	32.58	0.04	7.54
20.000	26.07	32.58	0.04	7.54
20.032	26.06	32.57	0.04	7.54
20.064	26.06	32.57	0.02	7.52
20.096	26.06	32.57	0.02	7.52
20.128	26.07	32.58	0.02	7.52
20.160	26.07	32.58	-0.05	7.46
20.192	26.07	32.58	-0.05	7.46
20.224	26.09	32.60	-0.05	7.46
20.256	26.09	32.60	0.07	7.57
20.288	26.09	32.60	0.07	7.57
20.320	26.10	32.61	0.07	7.57
20.352	26.10	32.61	-0.04	7.46
20.384	26.10	32.61	-0.04	7.46
20.416	26.10	32.61	-0.04	7.46
20.448	26.10	32.61	0.04	7.54
20.480	26.10	32.61	0.04	7.54
20.512	26.10	32.61	0.04	7.54
20.544	26.10	32.61	0.02	7.53
20.576	26.10	32.61	0.02	7.53
20.608	26.12	32.63	0.02	7.53
20.640	26.12	32.63	-0.05	7.45
20.672	26.12	32.63	-0.05	7.45
20.704	26.13	32.64	-0.05	7.45
20.736	26.13	32.64	0.07	7.57
20.768	26.13	32.64	0.07	7.57
20.800	26.13	32.64	0.07	7.57
20.832	26.13	32.64	-0.05	7.46
20.864	26.13	32.64	-0.05	7.46
20.896	26.14	32.65	-0.05	7.46
20.928	26.14	32.65	0.03	7.54
20.960	26.14	32.65	0.03	7.54
20.992	26.13	32.64	0.03	7.54
21.024	26.13	32.64	0.02	7.53
21.056	26.13	32.64	0.02	7.53
21.088	26.14	32.65	0.02	7.53
21.120	26.14	32.65	-0.05	7.45
21.152	26.14	32.65	-0.05	7.45
21.184	26.15	32.66	-0.05	7.45
21.216	26.15	32.66	0.07	7.58
21.248	26.15	32.66	0.07	7.58
21.280	26.15	32.66	0.07	7.58
21.312	26.15	32.66	-0.04	7.47
21.344	26.15	32.66	-0.04	7.47
21.376	26.15	32.66	-0.04	7.47
21.408	26.15	32.66	0.03	7.54
21.440	26.15	32.66	0.03	7.54
21.472	26.15	32.66	0.03	7.54
21.504	26.15	32.66	0.02	7.53
21.536	26.15	32.66	0.02	7.53
21.568	26.15	32.66	0.02	7.53
21.600	26.15	32.66	-0.05	7.45
21.632	26.15	32.66	-0.05	7.45
21.664	26.15	32.66	-0.05	7.45
21.696	26.15	32.66	0.06	7.57
21.728	26.15	32.66	0.06	7.57
21.760	26.15	32.66	0.06	7.57
21.792	26.15	32.66	-0.04	7.47
21.824	26.15	32.66	-0.04	7.47
21.856	26.15	32.66	-0.04	7.47
21.888	26.15	32.66	0.02	7.53
21.920	26.15	32.66	0.02	7.53
21.952	26.16	32.67	0.02	7.53
21.984	26.16	32.67	0.03	7.54
22.016	26.16	32.67	0.03	7.54
22.048	26.16	32.67	0.03	7.54
22.080	26.16	32.67	-0.05	7.45
22.112	26.16	32.67	-0.05	7.45
22.144	26.17	32.68	-0.05	7.45
22.176	26.17	32.68	0.06	7.57
22.208	26.17	32.68	0.06	7.57
22.240	26.17	32.68	0.06	7.57
22.272	26.17	32.68	-0.04	7.47
22.304	26.17	32.68	-0.04	7.47
22.336	26.18	32.69	-0.04	7.47
22.368	26.18	32.69	0.02	7.53
22.400	26.18	32.69	0.02	7.53
22.432	26.18	32.69	0.02	7.53
22.464	26.18	32.69	0.04	7.55
22.496	26.18	32.69	0.04	7.55
22.528	26.17	32.68	0.04	7.55
22.560	26.17	32.68	-0.06	7.45
22.592	26.17	32.68	-0.06	7.45
22.624	26.17	32.68	-0.06	7.45
22.656	26.17	32.68	0.06	7.57
22.688	26.17	32.68	0.06	7.57
22.720	26.17	32.68	0.06	7.57
22.752	26.17	32.68	-0.04	7.47
22.784	26.17	32.68	-0.04	7.47
22.816	26.17	32.68	-0.04	7.47
22.848	26.17	32.68	0.02	7.52
22.880	26.17	32.68	0.02	7.52
22.912	26.17	32.68	0.02	7.52
22.944	26.17	32.68	0.04	7.55
22.976	26.17	32.68	0.04	7.55
23.008	26.17	32.68	0.04	7.55
23.040	26.17	32.68	-0.06	7.45
23.072	26.17	32.68	-0.06	7.45
23.104	26.17	32.68	-0.06	7.45
23.136	26.17	32.68	0.06	7.57
23.168	26.17	32.68	0.06	7.57
23.200	26.18	32.69	0.06	7.57
23.232	26.18	32.69	-0.04	7.47
23.264	26.18	32.69	-0.04	7.47
23.296	26.18	32.69	-0.04	7.47
23.328	26.18	32.69	0.02	7.52
23.360	26.18	32.69	0.02	7.52
23.392	26.18	32.69	0.02	7.52
23.424	26.18	32.69	0.05	7.55
23.456	26.18	32.69	0.05	7.55
23.488	26.17	32.68	0.05	7.55
23.520	26.17	32.68	-0.06	7.45
23.552	26.17	32.68	-0.06	7.45
23.584	26.17	32.68	-0.06	7.45
23.616	26.17	32.68	0.06	7.57
23.648	26.17	32.68	0.06	7.57
23.680	26.16	32.67	0.06	7.57
23.712	26.16	32.67	-0.04	7.47
23.744	26.16	32.67	-0.04	7.47
23.776	26.17	32.68	-0.04	7.47
23.808	26.17	32.68	0.01	7.51
23.840	26.17	32.68	0.01	7.51
23.872	26.17	32.68	0.01	7.51
23.904	26.17	32.68	0.05	7.56
23.936	26.17	32.68	0.05	7.56
23.968	26.18	32.69	0.05	7.56
24.000	26.18	32.69	-0.06	7.45
24.032	26.18	32.69	-0.06	7.45
24.064	26.17	32.68	-0.06	7.45
24.096	26.17	32.68	0.06	7.56
24.128	26.17	32.68	0.06	7.56
24.160	26.17	32.68	0.06	7.56
24.192	26.17	32.68	-0.04	7.47
24.224	26.17	32.68	-0.04	7.47
24.256	26.17	32.68	-0.04	7.47
24.288	26.17	32.68	0.00	7.51
24.320	26.17	32.68	0.00	7.51
24.352	26.17	32.68	0.00	7.51
24.384	26.17	32.68	0.05	7.56
24.416	26.17	32.68	0.05	7.56
24.448	26.17	32.68	0.05	7.56
24.480	26.17	32.68	-0.06	7.45
24.512	26.17	32.68	-0.06	7.45
24.544	26.17	32.68	-0.06	7.45
24.576	26.17	32.68	0.05	7.56
24.608	26.17	32.68	0.05	7.56
24.640	26.16	32.67	0.05	7.56
24.672	26.16	32.67	-0.04	7.47
24.704	26.16	32.67	-0.04	7.47
24.736	26.16	32.67	-0.04	7.47
24.768	26.16	32.67	-0.01	7.50
24.800	26.16	32.67	-0.01	7.50
24.832	26.15	32.66	-0.01	7.50
24.864	26.15	32.66	0.06	7.56
24.896	26.15	32.66	0.06	7.56
24.928	26.16	32.67	0.06	7.56
24.960	26.16	32.67	-0.06	7.44
24.992	26.16	32.67	-0.06	7.44
25.024	26.16	32.67	-0.06	7.44
25.056	26.16	32.67	0.05	7.56
25.088	26.16	32.67	0.05	7.56
25.120	26.16	32.67	0.05	7.56
25.152	26.16	32.67	-0.03	7.48
25.184	26.16	32.67	-0.03	7.48
25.216	26.16	32.67	-0.03	7.48
25.248	26.16	32.67	-0.01	7.50
25.280	26.16	32.67	-0.01	7.50
25.312	26.16	32.67	-0.01	7.50
25.344	26.16	32.67	0.05	7.56
25.376	26.16	32.67	0.05	7.56
25.408	26.16	32.67	0.05	7.56
25.440	26.16	32.67	-0.06	7.45
25.472	26.16	32.67	-0.06	7.45
25.504	26.15	32.66	-0.06	7.45
25.536	26.15	32.66	0.05	7.56
25.568	26.15	32.66	0.05	7.56
25.600	26.15	32.65	0.05	7.56
25.632	26.15	32.65	-0.03	7.48
25.664	26.15	32.65	-0.03	7.48
25.696	26.15	32.65	-0.03	7.48
25.728	26.15	32.65	-0.01	7.49
25.760	26.15	32.65	-0.01	7.49
25.792	26.15	32.66	-0.01	7.49
25.824	26.15	32.66	0.06	7.56
25.856	26.15	32.66	0.06	7.56
25.888	26.15	32.65	0.06	7.56
25.920	26.15	32.65	-0.06	7.44
25.952	26.15	32.65	-0.06	7.44
25.984	26.16	32.67	-0.06	7.44
26.016	26.16	32.67	0.05	7.56
26.048	26.16	32.67	0.05	7.56
26.080	26.17	32.68	0.05	7.56
26.112	26.17	32.68	-0.03	7.48
26.144	26.17	32.68	-0.03	7.48
26.176	26.17	32.68	-0.03	7.48
26.208	26.17	32.68	-0.02	7.49
26.240	26.17	32.68	-0.02	7.49
26.272	26.17	32.68	-0.02	7.49
26.304	26.17	32.68	0.06	7.56
26.336	26.17	32.68	0.06	7.56
26.368	26.17	32.68	0.06	7.56
26.400	26.17	32.68	-0.06	7.45
26.432	26.17	32.68	-0.06	7.45
26.464	26.18	32.69	-0.06	7.45
26.496	26.18	32.69	0.05	7.55
26.528	26.18	32.69	0.05	7.55
26.560	26.18	32.69	0.05	7.55
26.592	26.18	32.69	-0.02	7.49
26.624	26.18	32.69	-0.02	7.49
26.656	26.18	32.69	-0.02	7.49
26.688	26.18	32.69	-0.03	7.48
26.720	26.18	32.69	-0.03	7.48
26.752	26.18	32.69	-0.03	7.48
26.784	26.18	32.69	0.06	7.57
26.816	26.18	32.69	0.06	7.57
26.848	26.18	32.69	0.06	7.57
26.880	26.18	32.69	-0.06	7.45
26.912	26.18	32.69	-0.06	7.45
26.944	26.18	32.69	-0.06	7.45
26.976	26.18	32.69	0.04	7.55
27.008	26.18	32.69	0.04	7.55
27.040	26.17	32.68	0.04	7.55
27.072	26.17	32.68	-0.02	7.49
27.104	26.17	32.68	-0.02	7.49
27.136	26.18	32.69	-0.02	7.49
27.168	26.18	32.69	-0.03	7.48
27.200	26.18	32.69	-0.03	7.48
27.232	26.19	32.70	-0.03	7.48
27.264	26.19	32.70	0.06	7.57
27.296	26.19	32.70	0.06	7.57
27.328	26.20	32.71	0.06	7.57
27.360	26.20	32.71	-0.05	7.45
27.392	26.20	32.71	-0.05	7.45
27.424	26.20	32.71	-0.05	7.45
27.456	26.20	32.71	0.04	7.55
27.488	26.20	32.71	0.04	7.55
27.520	26.20	32.71	0.04	7.55
27.552	26.20	32.71	-0.01	7.49
27.584	26.20	32.71	-0.01	7.49
27.616	26.21	32.72	-0.01	7.49
27.648	26.21	32.72	-0.04	7.47
27.680	26.21	32.72	-0.04	7.47
27.712	26.22	32.73	-0.04	7.47
27.744	26.22	32.73	0.06	7.57
27.776	26.22	32.73	0.06	7.57
27.808	26.23	32.73	0.06	7.57
27.840	26.23	32.73	-0.05	7.45
27.872	26.23	32.73	-0.05	7.45
27.904	26.23	32.73	-0.05	7.45
27.936	26.23	32.73	0.04	7.55
27.968	26.23	32.73	0.04	7.55
28.000	26.23	32.74	0.04	7.55
28.032	26.23	32.74	-0.01	7.49
28.064	26.23	32.74	-0.01	7.49
28.096	26.22	32.73	-0.01	7.49
28.128	26.22	32.73	-0.04	7.47
28.160	26.22	32.73	-0.04	7.47
28.192	26.22	32.73	-0.04	7.47
28.224	26.22	32.73	0.06	7.57
28.256	26.22	32.73	0.06	7.57
28.288	26.23	32.74	0.06	7.57
28.320	26.23	32.74	-0.06	7.45
28.352	26.23	32.74	-0.06	7.45
28.384	26.22	32.73	-0.06	7.45
28.416	26.22	32.73	0.04	7.55
28.448	26.22	32.73	0.04	7.55
28.480	26.22	32.73	0.04	7.55
28.512	26.22	32.73	-0.01	7.50
28.544	26.22	32.73	-0.01	7.50
28.576	26.23	32.73	-0.01	7.50
28.608	26.23	32.73	-0.04	7.47
28.640	26.23	32.73	-0.04	7.47
28.672	26.23	32.74	-0.04	7.47
28.704	26.23	32.74	0.06	7.57
28.736	26.23	32.74	0.06	7.57
28.768	26.24	32.75	0.06	7.57
28.800	26.24	32.75	-0.06	7.45
28.832	26.24	32.75	-0.06	7.45
28.864	26.24	32.75	-0.06	7.45
28.896	26.24	32.75	0.04	7.55
28.928	26.24	32.75	0.04	7.55
28.960	26.24	32.75	0.04	7.55
28.992	26.24	32.75	-0.00	7.51
29.024	26.24	32.75	-0.00	7.51
29.056	26.24	32.75	-0.00	7.51
29.088	26.24	32.75	-0.05	7.46
29.120	26.24	32.75	-0.05	7.46
29.152	26.23	32.74	-0.05	7.46
29.184	26.23	32.74	0.06	7.57
29.216	26.23	32.74	0.06	7.57
29.248	26.23	32.74	0.06	7.57
29.280	26.23	32.74	-0.05	7.46
29.312	26.23	32.74	-0.05	7.46
29.344	26.22	32.73	-0.05	7.46
29.376	26.22	32.73	0.04	7.55
29.408	26.22	32.73	0.04	7.55
29.440	26.23	32.73	0.04	7.55
29.472	26.23	32.73	0.00	7.51
29.504	26.23	32.73	0.00	7.51
29.536	26.22	32.73	0.00	7.51
29.568	26.22	32.73	-0.05	7.46
29.600	26.22	32.73	-0.05	7.46
29.632	26.23	32.74	-0.05	7.46
29.664	26.23	32.74	0.06	7.57
29.696	26.23	32.74	0.06	7.57
29.728	26.23	32.73	0.06	7.57
29.760	26.23	32.73	-0.05	7.46
29.792	26.23	32.73	-0.05	7.46
29.824	26.23	32.73	-0.05	7.46
29.856	26.23	32.73	0.04	7.55
29.888	26.23	32.73	0.04	7.55
29.920	26.23	32.73	0.04	7.55
29.952	26.23	32.73	0.01	7.51
29.984	26.23	32.73	0.01	7.51
30.016	26.23	32.74	0.01	7.51
30.048	26.23	32.74	-0.05	7.46
30.080	26.23	32.74	-0.05	7.46
30.112	26.24	32.75	-0.05	7.46
30.144	26.24	32.75	0.06	7.57
30.176	26.24	32.75	0.06	7.57
30.208	26.25	32.76	0.06	7.57
30.240	26.25	32.76	-0.05	7.46
30.272	26.25	32.76	-0.05	7.46
30.304	26.24	32.75	-0.05	7.46
30.336	26.24	32.75	0.04	7.54
30.368	26.24	32.75	0.04	7.54
30.400	26.24	32.75	0.04	7.54
30.432	26.24	32.75	0.01	7.52
30.464	26.24	32.75	0.01	7.52
30.496	26.24	32.74	0.01	7.52
30.528	26.24	32.74	-0.05	7.46
30.560	26.24	32.74	-0.05	7.46
30.592	26.25	32.75	-0.05	7.46
30.624	26.25	32.75	0.06	7.57
30.656	26.25	32.75	0.06	7.57
30.688	26.24	32.75	0.06	7.57
30.720	26.24	32.75	-0.05	7.46
30.752	26.24	32.75	-0.05	7.46
30.784	26.23	32.74	-0.05	7.46
30.816	26.23	32.74	0.03	7.54
30.848	26.23	32.74	0.03	7.54
30.880	26.24	32.75	0.03	7.54
30.912	26.24	32.75	0.02	7.52
30.944	26.24	32.75	0.02	7.52
30.976	26.24	32.75	0.02	7.52
31.008	26.24	32.75	-0.05	7.45
31.040	26.24	32.75	-0.05	7.45
31.072	26.24	32.75	-0.05	7.45
31.104	26.24	32.75	0.07	7.58
31.136	26.24	32.75	0.07	7.58
31.168	26.23	32.74	0.07	7.58
31.200	26.23	32.74	-0.04	7.46
31.232	26.23	32.74	-0.04	7.46
31.264	26.24	32.75	-0.04	7.46
31.296	26.24	32.75	0.04	7.54
31.328	26.24	32.75	0.04	7.54
31.360	26.23	32.74	0.04	7.54
31.392	26.23	32.74	0.02	7.53
31.424	26.23	32.74	0.02	7.53
31.456	26.24	32.74	0.02	7.53
31.488	26.24	32.74	-0.05	7.45
31.520	26.24	32.74	-0.05	7.45
31.552	26.24	32.75	-0.05	7.45
31.584	26.24	32.75	0.06	7.57
31.616	26.24	32.75	0.06	7.57
31.648	26.24	32.75	0.06	7.57
31.680	26.24	32.75	-0.04	7.46
31.712	26.24	32.75	-0.04	7.46
31.744	26.24	32.75	-0.04	7.46
31.776	26.24	32.75	0.04	7.54
31.808	26.24	32.75	0.04	7.54
31.840	26.25	32.76	0.04	7.54
31.872	26.25	32.76	0.02	7.53
31.904	26.25	32.76	0.02	7.53
31.936	26.25	32.76	0.02	7.53
31.968	26.25	32.76	-0.05	7.45
32.000	26.25	32.76	-0.05	7.45
32.032	26.27	32.78	-0.05	7.45
32.064	26.27	32.78	0.06	7.57
32.096	26.27	32.78	0.06	7.57
32.128	26.28	32.79	0.06	7.57
32.160	26.28	32.79	-0.04	7.47
32.192	26.28	32.79	-0.04	7.47
32.224	26.26	32.77	-0.04	7.47
32.256	26.26	32.77	0.04	7.54
32.288	26.26	32.77	0.04	7.54
32.320	26.27	32.78	0.04	7.54
32.352	26.27	32.78	0.02	7.53
32.384	26.27	32.78	0.02	7.53
32.416	26.27	32.78	0.02	7.53
32.448	26.27	32.78	-0.05	7.46
32.480	26.27	32.78	-0.05	7.46
32.512	26.27	32.78	-0.05	7.46
32.544	26.27	32.78	0.07	7.58
32.576	26.27	32.78	0.07	7.58
32.608	26.27	32.78	0.07	7.58
32.640	26.27	32.78	-0.04	7.47
32.672	26.27	32.78	-0.04	7.47
32.704	26.27	32.78	-0.04	7.47
32.736	26.27	32.78	0.03	7.54
32.768	26.27	32.78	0.03	7.54
32.800	26.27	32.78	0.03	7.54
32.832	26.27	32.78	0.02	7.53
32.864	26.27	32.78	0.02	7.53
32.896	26.26	32.77	0.02	7.53
32.928	26.26	32.77	-0.05	7.45
32.960	26.26	32.77	-0.05	7.45
32.992	26.26	32.77	-0.05	7.45
33.024	26.26	32.77	0.07	7.57
33.056	26.26	32.77	0.07	7.57
33.088	26.26	32.77	0.07	7.57
33.120	26.26	32.77	-0.04	7.47
33.152	26.26	32.77	-0.04	7.47
33.184	26.25	32.76	-0.04	7.47
33.216	26.25	32.76	0.03	7.54
33.248	26.25	32.76	0.03	7.54
33.280	26.25	32.76	0.03	7.54
33.312	26.25	32.76	0.03	7.54
33.344	26.25	32.76	0.03	7.54
33.376	26.27	32.78	0.03	7.54
33.408	26.27	32.78	-0.06	7.45
33.440	26.27	32.78	-0.06	7.45
33.472	26.26	32.77	-0.06	7.45
33.504	26.26	32.77	0.07	7.57
33.536	26.26	32.77	0.07	7.57
33.568	26.26	32.77	0.07	7.57
33.600	26.26	32.77	-0.04	7.47
33.632	26.26	32.77	-0.04	7.47
33.664	26.26	32.77	-0.04	7.47
33.696	26.26	32.77	0.03	7.54
33.728	26.26	32.77	0.03	7.54
33.760	26.27	32.78	0.03	7.54
33.792	26.27	32.78	0.03	7.54
33.824	26.27	32.78	0.03	7.54
33.856	26.27	32.78	0.03	7.54
33.888	26.27	32.78	-0.05	7.45
33.920	26.27	32.78	-0.05	7.45
33.952	26.28	32.79	-0.05	7.45
33.984	26.28	32.79	0.06	7.57
34.016	26.28	32.79	0.06	7.57
34.048	26.28	32.78	0.06	7.57
34.080	26.28	32.78	-0.04	7.47
34.112	26.28	32.78	-0.04	7.47
34.144	26.28	32.78	-0.04	7.47
34.176	26.28	32.78	0.02	7.53
34.208	26.28	32.78	0.02	7.53
34.240	26.29	32.79	0.02	7.53
34.272	26.29	32.79	0.04	7.54
34.304	26.29	32.79	0.04	7.54
34.336	26.28	32.79	0.04	7.54
34.368	26.28	32.79	-0.06	7.45
34.400	26.28	32.79	-0.06	7.45
34.432	26.29	32.80	-0.06	7.45
34.464	26.29	32.80	0.06	7.57
34.496	26.29	32.80	0.06	7.57
34.528	26.29	32.80	0.06	7.57
34.560	26.29	32.80	-0.04	7.47
34.592	26.29	32.80	-0.04	7.47
34.624	26.29	32.80	-0.04	7.47
34.656	26.29	32.80	0.02	7.53
34.688	26.29	32.80	0.02	7.53
34.720	26.28	32.78	0.02	7.53
34.752	26.28	32.78	0.04	7.54
34.784	26.28	32.78	0.04	7.54
34.816	26.28	32.79	0.04	7.54
34.848	26.28	32.79	-0.05	7.45
34.880	26.28	32.79	-0.05	7.45
34.912	26.29	32.80	-0.05	7.45
34.944	26.29	32.80	0.06	7.57
34.976	26.29	32.80	0.06	7.57
35.008	26.28	32.79	0.06	7.57
35.040	26.28	32.79	-0.04	7.47
35.072	26.28	32.79	-0.04	7.47
35.104	26.29	32.79	-0.04	7.47
35.136	26.29	32.79	0.02	7.53
35.168	26.29	32.79	0.02	7.53
35.200	26.28	32.79	0.02	7.53
35.232	26.28	32.79	0.04	7.55
35.264	26.28	32.79	0.04	7.55
35.296	26.30	32.80	0.04	7.55
35.328	26.30	32.80	-0.06	7.45
35.360	26.30	32.80	-0.06	7.45
35.392	26.30	32.81	-0.06	7.45
35.424	26.30	32.81	0.06	7.57
35.456	26.30	32.81	0.06	7.57
35.488	26.29	32.80	0.06	7.57
35.520	26.29	32.80	-0.04	7.47
35.552	26.29	32.80	-0.04	7.47
35.584	26.29	32.80	-0.04	7.47
35.616	26.29	32.80	0.02	7.53
35.648	26.29	32.80	0.02	7.53
35.680	26.29	32.80	0.02	7.53
35.712	26.29	32.80	0.04	7.55
35.744	26.29	32.80	0.04	7.55
35.776	26.29	32.80	0.04	7.55
35.808	26.29	32.80	-0.06	7.45
35.840	26.29	32.80	-0.06	7.45
35.872	26.30	32.81	-0.06	7.45
35.904	26.30	32.81	0.06	7.57
35.936	26.30	32.81	0.06	7.57
35.968	26.29	32.79	0.06	7.57
36.000	26.29	32.79	-0.03	7.47
36.032	26.29	32.79	-0.03	7.47
36.064	26.28	32.79	-0.03	7.47
36.096	26.28	32.79	0.02	7.52
36.128	26.28	32.79	0.02	7.52
36.160	26.29	32.80	0.02	7.52
36.192	26.29	32.80	0.04	7.55
36.224	26.29	32.80	0.04	7.55
36.256	26.29	32.80	0.04	7.55
36.288	26.29	32.80	-0.06	7.45
36.320	26.29	32.80	-0.06	7.45
36.352	26.29	32.80	-0.06	7.45
36.384	26.29	32.80	0.06	7.57
36.416	26.29	32.80	0.06	7.57
36.448	26.30	32.81	0.06	7.57
36.480	26.30	32.81	-0.04	7.47
36.512	26.30	32.81	-0.04	7.47
36.544	26.29	32.80	-0.04	7.47
36.576	26.29	32.80	0.01	7.52
36.608	26.29	32.80	0.01	7.52
36.640	26.29	32.80	0.01	7.52
36.672	26.29	32.80	0.05	7.55
36.704	26.29	32.80	0.05	7.55
36.736	26.31	32.82	0.05	7.55
36.768	26.31	32.82	-0.06	7.45
36.800	26.31	32.82	-0.06	7.45
36.832	26.31	32.82	-0.06	7.45
36.864	26.31	32.82	0.06	7.57
36.896	26.31	32.82	0.06	7.57
36.928	26.31	32.82	0.06	7.57
36.960	26.31	32.82	-0.03	7.47
36.992	26.31	32.82	-0.03	7.47
37.024	26.31	32.82	-0.03	7.47
37.056	26.31	32.82	0.01	7.51
37.088	26.31	32.82	0.01	7.51
37.120	26.31	32.82	0.01	7.51
37.152	26.31	32.82	0.05	7.56
37.184	26.31	32.82	0.05	7.56
37.216	26.31	32.82	0.05	7.56
37.248	26.31	32.82	-0.06	7.45
37.280	26.31	32.82	-0.06	7.45
37.312	26.31	32.82	-0.06	7.45
37.344	26.31	32.82	0.06	7.57
37.376	26.31	32.82	0.06	7.57
37.408	26.31	32.82	0.06	7.57
37.440	26.31	32.82	-0.04	7.47
37.472	26.31	32.82	-0.04	7.47
37.504	26.32	32.83	-0.04	7.47
37.536	26.32	32.83	0.00	7.51
37.568	26.32	32.83	0.00	7.51
37.600	26.32	32.83	0.00	7.51
37.632	26.32	32.83	0.05	7.56
37.664	26.32	32.83	0.05	7.56
37.696	26.32	32.83	0.05	7.56
37.728	26.32	32.83	-0.06	7.45
37.760	26.32	32.83	-0.06	7.45
37.792	26.32	32.83	-0.06	7.45
37.824	26.32	32.83	0.06	7.56
37.856	26.32	32.83	0.06	7.56
37.888	26.32	32.83	0.06	7.56
37.920	26.32	32.83	-0.03	7.47
37.952	26.32	32.83	-0.03	7.47
37.984	26.32	32.83	-0.03	7.47
38.016	26.32	32.83	-0.00	7.51
38.048	26.32	32.83	-0.00	7.51
38.080	26.33	32.84	-0.00	7.51
38.112	26.33	32.84	0.05	7.56
38.144	26.33	32.84	0.05	7.56
38.176	26.34	32.84	0.05	7.56
38.208	26.34	32.84	-0.06	7.45
38.240	26.34	32.84	-0.06	7.45
38.272	26.34	32.84	-0.06	7.45
38.304	26.34	32.84	0.05	7.56
38.336	26.34	32.84	0.05	7.56
38.368	26.34	32.85	0.05	7.56
38.400	26.34	32.85	-0.03	7.48
38.432	26.34	32.85	-0.03	7.48
38.464	26.35	32.85	-0.03	7.48
38.496	26.35	32.85	-0.00	7.50
38.528	26.35	32.85	-0.00	7.50
38.560	26.35	32.86	-0.00	7.50
38.592	26.35	32.86	0.05	7.56
38.624	26.35	32.86	0.05	7.56
38.656	26.36	32.87	0.05	7.56
38.688	26.36	32.87	-0.06	7.45
38.720	26.36	32.87	-0.06	7.45
38.752	26.36	32.87	-0.06	7.45
38.784	26.36	32.87	0.05	7.56
38.816	26.36	32.87	0.05	7.56
38.848	26.35	32.86	0.05	7.56
38.880	26.35	32.86	-0.03	7.48
38.912	26.35	32.86	-0.03	7.48
38.944	26.34	32.85	-0.03	7.48
38.976	26.34	32.85	-0.01	7.50
39.008	26.34	32.85	-0.01	7.50
39.040	26.34	32.85	-0.01	7.50
39.072	26.34	32.85	0.05	7.56
39.104	26.34	32.85	0.05	7.56
39.136	26.34	32.85	0.05	7.56
39.168	26.34	32.85	-0.06	7.45
39.200	26.34	32.85	-0.06	7.45
39.232	26.34	32.85	-0.06	7.45
39.264	26.34	32.85	0.05	7.56
39.296	26.34	32.85	0.05	7.56
39.328	26.34	32.85	0.05	7.56
39.360	26.34	32.85	-0.03	7.48
39.392	26.34	32.85	-0.03	7.48
39.424	26.34	32.85	-0.03	7.48
39.456	26.34	32.85	-0.02	7.49
39.488	26.34	32.85	-0.02	7.49
39.520	26.35	32.86	-0.02	7.49
39.552	26.35	32.86	0.05	7.56
39.584	26.35	32.86	0.05	7.56
39.616	26.34	32.85	0.05	7.56
39.648	26.34	32.85	-0.06	7.44
39.680	26.34	32.85	-0.06	7.44
39.712	26.33	32.84	-0.06	7.44
39.744	26.33	32.84	0.05	7.56
39.776	26.33	32.84	0.05	7.56
39.808	26.34	32.85	0.05	7.56
39.840	26.34	32.85	-0.02	7.48
39.872	26.34	32.85	-0.02	7.48
39.904	26.34	32.85	-0.02	7.48
39.936	26.34	32.85	-0.02	7.48
39.968	26.34	32.85	-0.02	7.48
40.000	26.37	32.88	-0.02	7.48
40.032	26.37	32.88	0.06	7.57
40.064	26.37	32.88	0.06	7.57
40.096	26.38	32.89	0.06	7.57
40.128	26.38	32.89	-0.06	7.45
40.160	26.38	32.89	-0.06	7.45
40.192	26.37	32.88	-0.06	7.45
40.224	26.37	32.88	0.05	7.55
40.256	26.37	32.88	0.05	7.55
40.288	26.38	32.89	0.05	7.55
40.320	26.38	32.89	-0.02	7.48
40.352	26.38	32.89	-0.02	7.48
40.384	26.37	32.88	-0.02	7.48
40.416	26.37	32.88	-0.03	7.48
40.448	26.37	32.88	-0.03	7.48
40.480	26.40	32.91	-0.03	7.48
40.512	26.40	32.91	0.06	7.57
40.544	26.40	32.91	0.06	7.57
40.576	26.39	32.90	0.06	7.57
40.608	26.39	32.90	-0.06	7.44
40.640	26.39	32.90	-0.06	7.44
40.672	26.40	32.91	-0.06	7.44
40.704	26.40	32.91	0.04	7.55
40.736	26.40	32.91	0.04	7.55
40.768	26.40	32.90	0.04	7.55
40.800	26.40	32.90	-0.02	7.49
40.832	26.40	32.90	-0.02	7.49
40.864	26.40	32.90	-0.02	7.49
40.896	26.40	32.90	-0.03	7.48
40.928	26.40	32.90	-0.03	7.48
40.960	26.38	32.89	-0.03	7.48
40.992	26.38	32.89	0.06	7.57
41.024	26.38	32.89	0.06	7.57
41.056	26.39	32.89	0.06	7.57
41.088	26.39	32.89	-0.06	7.45
41.120	26.39	32.89	-0.06	7.45
41.152	26.38	32.89	-0.06	7.45
41.184	26.38	32.89	0.04	7.55
41.216	26.38	32.89	0.04	7.55
41.248	26.39	32.89	0.04	7.55
41.280	26.39	32.89	-0.02	7.49
41.312	26.39	32.89	-0.02	7.49
41.344	26.38	32.89	-0.02	7.49
41.376	26.38	32.89	-0.03	7.48
41.408	26.38	32.89	-0.03	7.48
41.440	26.38	32.89	-0.03	7.48
41.472	26.38	32.89	0.06	7.57
41.504	26.38	32.89	0.06	7.57
41.536	26.37	32.88	0.06	7.57
41.568	26.37	32.88	-0.06	7.45
41.600	26.37	32.88	-0.06	7.45
41.632	26.37	32.88	-0.06	7.45
41.664	26.37	32.88	0.04	7.55
41.696	26.37	32.88	0.04	7.55
41.728	26.37	32.88	0.04	7.55
41.760	26.37	32.88	-0.01	7.49
41.792	26.37	32.88	-0.01	7.49
41.824	26.37	32.88	-0.01	7.49
41.856	26.37	32.88	-0.04	7.47
41.888	26.37	32.88	-0.04	7.47
41.920	26.37	32.88	-0.04	7.47
41.952	26.37	32.88	0.06	7.57
41.984	26.37	32.88	0.06	7.57
42.016	26.37	32.88	0.06	7.57
42.048	26.37	32.88	-0.05	7.45
42.080	26.37	32.88	-0.05	7.45
42.112	26.38	32.88	-0.05	7.45
42.144	26.38	32.88	0.04	7.55
42.176	26.38	32.88	0.04	7.55
42.208	26.37	32.88	0.04	7.55
42.240	26.37	32.88	-0.01	7.50
42.272	26.37	32.88	-0.01	7.50
42.304	26.37	32.88	-0.01	7.50
42.336	26.37	32.88	-0.04	7.47
42.368	26.37	32.88	-0.04	7.47
42.400	26.38	32.89	-0.04	7.47
42.432	26.38	32.89	0.06	7.57
42.464	26.38	32.89	0.06	7.57
42.496	26.38	32.89	0.06	7.57
42.528	26.38	32.89	-0.05	7.45
42.560	26.38	32.89	-0.05	7.45
42.592	26.38	32.88	-0.05	7.45
42.624	26.38	32.88	0.04	7.55
42.656	26.38	32.88	0.04	7.55
42.688	26.38	32.89	0.04	7.55
42.720	26.38	32.89	-0.01	7.50
42.752	26.38	32.89	-0.01	7.50
42.784	26.39	32.90	-0.01	7.50
42.816	26.39	32.90	-0.04	7.47
42.848	26.39	32.90	-0.04	7.47
42.880	26.38	32.89	-0.04	7.47
42.912	26.38	32.89	0.06	7.57
42.944	26.38	32.89	0.06	7.57
42.976	26.38	32.89	0.06	7.57
43.008	26.38	32.89	-0.05	7.45
43.040	26.38	32.89	-0.05	7.45
43.072	26.38	32.88	-0.05	7.45
43.104	26.38	32.88	0.04	7.55
43.136	26.38	32.88	0.04	7.55
43.168	26.37	32.88	0.04	7.55
43.200	26.37	32.88	-0.00	7.51
43.232	26.37	32.88	-0.00	7.51
43.264	26.37	32.88	-0.00	7.51
43.296	26.37	32.88	-0.04	7.46
43.328	26.37	32.88	-0.04	7.46
43.360	26.38	32.89	-0.04	7.46
43.392	26.38	32.89	0.06	7.57
43.424	26.38	32.89	0.06	7.57
43.456	26.38	32.89	0.06	7.57
43.488	26.38	32.89	-0.05	7.45
43.520	26.38	32.89	-0.05	7.45
43.552	26.38	32.89	-0.05	7.45
43.584	26.38	32.89	0.04	7.55
43.616	26.38	32.89	0.04	7.55
43.648	26.39	32.90	0.04	7.55
43.680	26.39	32.90	-0.00	7.51
43.712	26.39	32.90	-0.00	7.51
43.744	26.41	32.92	-0.00	7.51
43.776	26.41	32.92	-0.05	7.46
43.808	26.41	32.92	-0.05	7.46
43.840	26.42	32.93	-0.05	7.46
43.872	26.42	32.93	0.06	7.57
43.904	26.42	32.93	0.06	7.57
43.936	26.43	32.94	0.06	7.57
43.968	26.43	32.94	-0.05	7.45
44.000	26.43	32.94	-0.05	7.45
44.032	26.43	32.94	-0.05	7.45
44.064	26.43	32.94	0.04	7.55
44.096	26.43	32.94	0.04	7.55
44.128	26.43	32.94	0.04	7.55
44.160	26.43	32.94	0.00	7.51
44.192	26.43	32.94	0.00	7.51
44.224	26.43	32.94	0.00	7.51
44.256	26.43	32.94	-0.04	7.46
44.288	26.43	32.94	-0.04	7.46
44.320	26.44	32.95	-0.04	7.46
44.352	26.44	32.95	0.06	7.57
44.384	26.44	32.95	0.06	7.57
44.416	26.44	32.95	0.06	7.57
44.448	26.44	32.95	-0.05	7.46
44.480	26.44	32.95	-0.05	7.46
44.512	26.45	32.96	-0.05	7.46
44.544	26.45	32.96	0.04	7.55
44.576	26.45	32.96	0.04	7.55
44.608	26.47	32.98	0.04	7.55
44.640	26.47	32.98	0.01	7.51
44.672	26.47	32.98	0.01	7.51
44.704	26.49	33.00	0.01	7.51
44.736	26.49	33.00	-0.05	7.46
44.768	26.49	33.00	-0.05	7.46
44.800	26.50	33.01	-0.05	7.46
44.832	26.50	33.01	0.06	7.57
44.864	26.50	33.01	0.06	7.57
44.896	26.50	33.00	0.06	7.57
44.928	26.50	33.00	-0.05	7.46
44.960	26.50	33.00	-0.05	7.46
44.992	26.49	33.00	-0.05	7.46
45.024	26.49	33.00	0.04	7.55
45.056	26.49	33.00	0.04	7.55
45.088	26.49	33.00	0.04	7.55
45.120	26.49	33.00	0.01	7.51
45.152	26.49	33.00	0.01	7.51
45.184	26.49	32.99	0.01	7.51
45.216	26.49	32.99	-0.05	7.46
45.248	26.49	32.99	-0.05	7.46
45.280	26.49	33.00	-0.05	7.46
45.312	26.49	33.00	0.06	7.57
45.344	26.49	33.00	0.06	7.57
45.376	26.49	33.00	0.06	7.57
45.408	26.49	33.00	-0.05	7.46
45.440	26.49	33.00	-0.05	7.46
45.472	26.49	33.00	-0.05	7.46
45.504	26.49	33.00	0.04	7.55
45.536	26.49	33.00	0.04	7.55
45.568	26.52	33.03	0.04	7.55
45.600	26.52	33.03	0.01	7.51
45.632	26.52	33.03	0.01	7.51
45.664	26.52	33.03	0.01	7.51
45.696	26.52	33.03	-0.05	7.46
45.728	26.52	33.03	-0.05	7.46
45.760	26.51	33.02	-0.05	7.46
45.792	26.51	33.02	0.06	7.57
45.824	26.51	33.02	0.06	7.57
45.856	26.50	33.01	0.06	7.57
45.888	26.50	33.01	-0.05	7.46
45.920	26.50	33.01	-0.05	7.46
45.952	26.50	33.01	-0.05	7.46
45.984	26.50	33.01	0.04	7.55
46.016	26.50	33.01	0.04	7.55
46.048	26.52	33.03	0.04	7.55
46.080	26.52	33.03	0.01	7.52
46.112	26.52	33.03	0.01	7.52
46.144	26.52	33.03	0.01	7.52
46.176	26.52	33.03	-0.05	7.46
46.208	26.52	33.03	-0.05	7.46
46.240	26.51	33.02	-0.05	7.46
46.272	26.51	33.02	0.06	7.57
46.304	26.51	33.02	0.06	7.57
46.336	26.51	33.02	0.06	7.57
46.368	26.51	33.02	-0.05	7.46
46.400	26.51	33.02	-0.05	7.46
46.432	26.51	33.02	-0.05	7.46
46.464	26.51	33.02	0.04	7.54
46.496	26.51	33.02	0.04	7.54
46.528	26.54	33.05	0.04	7.54
46.560	26.54	33.05	0.01	7.52
46.592	26.54	33.05	0.01	7.52
46.624	26.55	33.05	0.01	7.52
46.656	26.55	33.05	-0.05	7.46
46.688	26.55	33.05	-0.05	7.46
46.720	26.54	33.05	-0.05	7.46
46.752	26.54	33.05	0.06	7.57
46.784	26.54	33.05	0.06	7.57
46.816	26.55	33.06	0.06	7.57
46.848	26.55	33.06	-0.05	7.46
46.880	26.55	33.06	-0.05	7.46
46.912	26.53	33.04	-0.05	7.46
46.944	26.53	33.04	0.04	7.55
46.976	26.53	33.04	0.04	7.55
47.008	26.54	33.04	0.04	7.55
47.040	26.54	33.04	0.01	7.52
47.072	26.54	33.04	0.01	7.52
47.104	26.53	33.04	0.01	7.52
47.136	26.53	33.04	-0.05	7.45
47.168	26.53	33.04	-0.05	7.45
47.200	26.53	33.04	-0.05	7.45
47.232	26.53	33.04	0.06	7.57
47.264	26.53	33.04	0.06	7.57
47.296	26.53	33.04	0.06	7.57
47.328	26.53	33.04	-0.05	7.46
47.360	26.53	33.04	-0.05	7.46
47.392	26.55	33.06	-0.05	7.46
47.424	26.55	33.06	0.04	7.55
47.456	26.55	33.06	0.04	7.55
47.488	26.55	33.06	0.04	7.55
47.520	26.55	33.06	0.02	7.52
47.552	26.55	33.06	0.02	7.52
47.584	26.55	33.06	0.02	7.52
47.616	26.55	33.06	-0.05	7.46
47.648	26.55	33.06	-0.05	7.46
47.680	26.55	33.06	-0.05	7.46
47.712	26.55	33.06	0.06	7.57
47.744	26.55	33.06	0.06	7.57
47.776	26.54	33.05	0.06	7.57
47.808	26.54	33.05	-0.05	7.46
47.840	26.54	33.05	-0.05	7.46
47.872	26.53	33.04	-0.05	7.46
47.904	26.53	33.04	0.04	7.54
47.936	26.53	33.04	0.04	7.54
47.968	26.54	33.05	0.04	7.54
48.000	26.54	33.05	0.02	7.53
48.032	26.54	33.05	0.02	7.53
48.064	26.54	33.05	0.02	7.53
48.096	26.54	33.05	-0.05	7.46
48.128	26.54	33.05	-0.05	7.46
48.160	26.54	33.05	-0.05	7.46
48.192	26.54	33.05	0.06	7.57
48.224	26.54	33.05	0.06	7.57
48.256	26.55	33.06	0.06	7.57
48.288	26.55	33.06	-0.05	7.46
48.320	26.55	33.06	-0.05	7.46
48.352	26.55	33.06	-0.05	7.46
48.384	26.55	33.06	0.04	7.54
48.416	26.55	33.06	0.04	7.54
48.448	26.57	33.08	0.04	7.54
48.480	26.57	33.08	0.02	7.53
48.512	26.57	33.08	0.02	7.53
48.544	26.59	33.10	0.02	7.53
48.576	26.59	33.10	-0.05	7.46
48.608	26.59	33.10	-0.05	7.46
48.640	26.59	33.10	-0.05	7.46
48.672	26.59	33.10	0.07	7.58
48.704	26.59	33.10	0.07	7.58
48.736	26.60	33.11	0.07	7.58
48.768	26.60	33.11	-0.05	7.46
48.800	26.60	33.11	-0.05	7.46
48.832	26.61	33.12	-0.05	7.46
48.864	26.61	33.12	0.04	7.54
48.896	26.61	33.12	0.04	7.54
48.928	26.60	33.11	0.04	7.54
48.960	26.60	33.11	0.02	7.52
48.992	26.60	33.11	0.02	7.52
49.024	26.59	33.10	0.02	7.52
49.056	26.59	33.10	-0.05	7.45
49.088	26.59	33.10	-0.05	7.45
49.120	26.57	33.08	-0.05	7.45
49.152	26.57	33.08	0.06	7.57
49.184	26.57	33.08	0.06	7.57
49.216	26.57	33.08	0.06	7.57
49.248	26.57	33.08	-0.04	7.46
49.280	26.57	33.08	-0.04	7.46
49.312	26.56	33.07	-0.04	7.46
49.344	26.56	33.07	0.04	7.54
49.376	26.56	33.07	0.04	7.54
49.408	26.57	33.08	0.04	7.54
49.440	26.57	33.08	0.02	7.53
49.472	26.57	33.08	0.02	7.53
49.504	26.57	33.08	0.02	7.53
49.536	26.57	33.08	-0.05	7.46
49.568	26.57	33.08	-0.05	7.46
49.600	26.57	33.08	-0.05	7.46
49.632	26.57	33.08	0.07	7.58
49.664	26.57	33.08	0.07	7.58
49.696	26.57	33.08	0.07	7.58
49.728	26.57	33.08	-0.04	7.47
49.760	26.57	33.08	-0.04	7.47
49.792	26.58	33.09	-0.04	7.47
49.824	26.58	33.09	0.03	7.54
49.856	26.58	33.09	0.03	7.54
49.888	26.57	33.08	0.03	7.54
49.920	26.57	33.08	0.02	7.53
49.952	26.57	33.08	0.02	7.53
49.984	26.57	33.08	0.02	7.53
50.016	26.57	33.08	-0.05	7.46
50.048	26.57	33.08	-0.05	7.46
50.080	26.56	33.07	-0.05	7.46
50.112	26.56	33.07	0.07	7.58
50.144	26.56	33.07	0.07	7.58
50.176	26.56	33.07	0.07	7.58
50.208	26.56	33.07	-0.04	7.47
50.240	26.56	33.07	-0.04	7.47
50.272	26.56	33.07	-0.04	7.47
50.304	26.56	33.07	0.04	7.54
50.336	26.56	33.07	0.04	7.54
50.368	26.57	33.08	0.04	7.54
50.400	26.57	33.08	0.02	7.53
50.432	26.57	33.08	0.02	7.53
50.464	26.56	33.07	0.02	7.53
50.496	26.56	33.07	-0.05	7.46
50.528	26.56	33.07	-0.05	7.46
50.560	26.56	33.07	-0.05	7.46
50.592	26.56	33.07	0.07	7.58
50.624	26.56	33.07	0.07	7.58
50.656	26.57	33.08	0.07	7.58
50.688	26.57	33.08	-0.04	7.46
50.720	26.57	33.08	-0.04	7.46
50.752	26.57	33.08	-0.04	7.46
50.784	26.57	33.08	0.03	7.54
50.816	26.57	33.08	0.03	7.54
50.848	26.58	33.09	0.03	7.54
50.880	26.58	33.09	0.02	7.53
50.912	26.58	33.09	0.02	7.53
50.944	26.57	33.08	0.02	7.53
50.976	26.57	33.08	-0.05	7.46
51.008	26.57	33.08	-0.05	7.46
51.040	26.57	33.08	-0.05	7.46
51.072	26.57	33.08	0.07	7.58
51.104	26.57	33.08	0.07	7.58
51.136	26.57	33.08	0.07	7.58
51.168	26.57	33.08	-0.04	7.47
51.200	26.57	33.08	-0.04	7.47
51.232	26.57	33.08	-0.04	7.47
51.264	26.57	33.08	0.03	7.54
51.296	26.57	33.08	0.03	7.54
51.328	26.56	33.07	0.03	7.54
51.360	26.56	33.07	0.03	7.54
51.392	26.56	33.07	0.03	7.54
51.424	26.56	33.07	0.03	7.54
51.456	26.56	33.07	-0.05	7.45
51.488	26.56	33.07	-0.05	7.45
51.520	26.55	33.06	-0.05	7.45
51.552	26.55	33.06	0.06	7.57
51.584	26.55	33.06	0.06	7.57
51.616	26.56	33.07	0.06	7.57
51.648	26.56	33.07	-0.04	7.47
51.680	26.56	33.07	-0.04	7.47
51.712	26.55	33.06	-0.04	7.47
51.744	26.55	33.06	0.04	7.54
51.776	26.55	33.06	0.04	7.54
51.808	26.56	33.07	0.04	7.54
51.840	26.56	33.07	0.03	7.54
51.872	26.56	33.07	0.03	7.54
51.904	26.55	33.05	0.03	7.54
51.936	26.55	33.05	-0.05	7.45
51.968	26.55	33.05	-0.05	7.45
52.000	26.56	33.07	-0.05	7.45
52.032	26.56	33.07	0.07	7.57
52.064	26.56	33.07	0.07	7.57
52.096	26.56	33.07	0.07	7.57
52.128	26.56	33.07	-0.04	7.47
52.160	26.56	33.07	-0.04	7.47
52.192	26.57	33.08	-0.04	7.47
52.224	26.57	33.08	0.03	7.54
52.256	26.57	33.08	0.03	7.54
52.288	26.59	33.09	0.03	7.54
52.320	26.59	33.09	0.03	7.54
52.352	26.59	33.09	0.03	7.54
52.384	26.58	33.09	0.03	7.54
52.416	26.58	33.09	-0.05	7.45
52.448	26.58	33.09	-0.05	7.45
52.480	26.57	33.08	-0.05	7.45
52.512	26.57	33.08	0.07	7.58
52.544	26.57	33.08	0.07	7.58
52.576	26.55	33.06	0.07	7.58
52.608	26.55	33.06	-0.04	7.47
52.640	26.55	33.06	-0.04	7.47
52.672	26.57	33.08	-0.04	7.47
52.704	26.57	33.08	0.03	7.54
52.736	26.57	33.08	0.03	7.54
52.768	26.56	33.07	0.03	7.54
52.800	26.56	33.07	0.03	7.54
52.832	26.56	33.07	0.03	7.54
52.864	26.56	33.07	0.03	7.54
52.896	26.56	33.07	-0.05	7.46
52.928	26.56	33.07	-0.05	7.46
52.960	26.56	33.07	-0.05	7.46
52.992	26.56	33.07	0.06	7.57
53.024	26.56	33.07	0.06	7.57
53.056	26.55	33.06	0.06	7.57
53.088	26.55	33.06	-0.04	7.47
53.120	26.55	33.06	-0.04	7.47
53.152	26.57	33.08	-0.04	7.47
53.184	26.57	33.08	0.03	7.54
53.216	26.57	33.08	0.03	7.54
53.248	26.56	33.07	0.03	7.54
53.280	26.56	33.07	0.03	7.54
53.312	26.56	33.07	0.03	7.54
53.344	26.56	33.07	0.03	7.54
53.376	26.56	33.07	-0.05	7.45
53.408	26.56	33.07	-0.05	7.45
53.440	26.56	33.07	-0.05	7.45
53.472	26.56	33.07	0.06	7.57
53.504	26.56	33.07	0.06	7.57
53.536	26.56	33.07	0.06	7.57
53.568	26.56	33.07	-0.04	7.47
53.600	26.56	33.07	-0.04	7.47
53.632	26.56	33.07	-0.04	7.47
53.664	26.56	33.07	0.03	7.54
53.696	26.56	33.07	0.03	7.54
53.728	26.56	33.07	0.03	7.54
53.760	26.56	33.07	0.03	7.54
53.792	26.56	33.07	0.03	7.54
53.824	26.55	33.06	0.03	7.54
53.856	26.55	33.06	-0.05	7.45
53.888	26.55	33.06	-0.05	7.45
53.920	26.55	33.06	-0.05	7.45
53.952	26.55	33.06	0.07	7.57
53.984	26.55	33.06	0.07	7.57
54.016	26.54	33.05	0.07	7.57
54.048	26.54	33.05	-0.04	7.47
54.080	26.54	33.05	-0.04	7.47
54.112	26.54	33.05	-0.04	7.47
54.144	26.54	33.05	0.03	7.53
54.176	26.54	33.05	0.03	7.53
54.208	26.54	33.05	0.03	7.53
54.240	26.54	33.05	0.04	7.54
54.272	26.54	33.05	0.04	7.54
54.304	26.53	33.04	0.04	7.54
54.336	26.53	33.04	-0.05	7.45
54.368	26.53	33.04	-0.05	7.45
54.400	26.54	33.05	-0.05	7.45
54.432	26.54	33.05	0.07	7.58
54.464	26.54	33.05	0.07	7.58
54.496	26.54	33.05	0.07	7.58
54.528	26.54	33.05	-0.03	7.47
54.560	26.54	33.05	-0.03	7.47
54.592	26.54	33.05	-0.03	7.47
54.624	26.54	33.05	0.03	7.53
54.656	26.54	33.05	0.03	7.53
54.688	26.53	33.04	0.03	7.53
54.720	26.53	33.04	0.04	7.54
54.752	26.53	33.04	0.04	7.54
54.784	26.53	33.04	0.04	7.54
54.816	26.53	33.04	-0.06	7.45
54.848	26.53	33.04	-0.06	7.45
54.880	26.53	33.04	-0.06	7.45
54.912	26.53	33.04	0.07	7.57
54.944	26.53	33.04	0.07	7.57
54.976	26.53	33.04	0.07	7.57
55.008	26.53	33.04	-0.03	7.47
55.040	26.53	33.04	-0.03	7.47
55.072	26.54	33.05	-0.03	7.47
55.104	26.54	33.05	0.03	7.53
55.136	26.54	33.05	0.03	7.53
55.168	26.53	33.04	0.03	7.53
55.200	26.53	33.04	0.04	7.54
55.232	26.53	33.04	0.04	7.54
55.264	26.53	33.04	0.04	7.54
55.296	26.53	33.04	-0.05	7.45
55.328	26.53	33.04	-0.05	7.45
55.360	26.53	33.04	-0.05	7.45
55.392	26.53	33.04	0.07	7.58
55.424	26.53	33.04	0.07	7.58
55.456	26.53	33.04	0.07	7.58
55.488	26.53	33.04	-0.04	7.47
55.520	26.53	33.04	-0.04	7.47
55.552	26.53	33.04	-0.04	7.47
55.584	26.53	33.04	0.03	7.53
55.616	26.53	33.04	0.03	7.53
55.648	26.52	33.03	0.03	7.53
55.680	26.52	33.03	0.04	7.54
55.712	26.52	33.03	0.04	7.54
55.744	26.52	33.03	0.04	7.54
55.776	26.52	33.03	-0.05	7.45
55.808	26.52	33.03	-0.05	7.45
55.840	26.51	33.02	-0.05	7.45
55.872	26.51	33.02	0.07	7.57
55.904	26.51	33.02	0.07	7.57
55.936	26.52	33.03	0.07	7.57
55.968	26.52	33.03	-0.04	7.47
56.000	26.52	33.03	-0.04	7.47
56.032	26.51	33.02	-0.04	7.47
56.064	26.51	33.02	0.03	7.53
56.096	26.51	33.02	0.03	7.53
56.128	26.51	33.02	0.03	7.53
56.160	26.51	33.02	0.04	7.54
56.192	26.51	33.02	0.04	7.54
56.224	26.51	33.02	0.04	7.54
56.256	26.51	33.02	-0.05	7.45
56.288	26.51	33.02	-0.05	7.45
56.320	26.49	33.00	-0.05	7.45
56.352	26.49	33.00	0.06	7.57
56.384	26.49	33.00	0.06	7.57
56.416	26.50	33.01	0.06	7.57
56.448	26.50	33.01	-0.03	7.47
56.480	26.50	33.01	-0.03	7.47
56.512	26.52	33.03	-0.03	7.47
56.544	26.52	33.03	0.02	7.53
56.576	26.52	33.03	0.02	7.53
56.608	26.52	33.03	0.02	7.53
56.640	26.52	33.03	0.03	7.54
56.672	26.52	33.03	0.03	7.54
56.704	26.52	33.03	0.03	7.54
56.736	26.52	33.03	-0.05	7.46
56.768	26.52	33.03	-0.05	7.46
56.800	26.54	33.04	-0.05	7.46
56.832	26.54	33.04	0.06	7.57
56.864	26.54	33.04	0.06	7.57
56.896	26.54	33.05	0.06	7.57
56.928	26.54	33.05	-0.03	7.47
56.960	26.54	33.05	-0.03	7.47
56.992	26.54	33.05	-0.03	7.47
57.024	26.54	33.05	0.02	7.53
57.056	26.54	33.05	0.02	7.53
57.088	26.53	33.04	0.02	7.53
57.120	26.53	33.04	0.02	7.53
57.152	26.53	33.04	0.02	7.53
57.184	26.54	33.04	0.02	7.53
57.216	26.54	33.04	-0.04	7.47
57.248	26.54	33.04	-0.04	7.47
57.280	26.53	33.04	-0.04	7.47
57.312	26.53	33.04	0.06	7.57
57.344	26.53	33.04	0.06	7.57
57.376	26.52	33.03	0.06	7.57
57.408	26.52	33.03	-0.03	7.47
57.440	26.52	33.03	-0.03	7.47
57.472	26.53	33.04	-0.03	7.47
57.504	26.53	33.04	0.03	7.54
57.536	26.53	33.04	0.03	7.54
57.568	26.51	33.02	0.03	7.54
57.600	26.51	33.02	0.03	7.54
57.632	26.51	33.02	0.03	7.54
57.664	26.51	33.02	0.03	7.54
57.696	26.51	33.02	-0.05	7.46
57.728	26.51	33.02	-0.05	7.46
57.760	26.51	33.02	-0.05	7.46
57.792	26.51	33.02	0.06	7.57
57.824	26.51	33.02	0.06	7.57
57.856	26.51	33.02	0.06	7.57
57.888	26.51	33.02	-0.03	7.47
57.920	26.51	33.02	-0.03	7.47
57.952	26.50	33.01	-0.03	7.47
57.984	26.50	33.01	0.03	7.54
58.016	26.50	33.01	0.03	7.54
58.048	26.50	33.01	0.03	7.54
58.080	26.50	33.01	0.02	7.53
58.112	26.50	33.01	0.02	7.53
58.144	26.50	33.01	0.02	7.53
58.176	26.50	33.01	-0.04	7.47
58.208	26.50	33.01	-0.04	7.47
58.240	26.51	33.02	-0.04	7.47
58.272	26.51	33.02	0.06	7.57
58.304	26.51	33.02	0.06	7.57
58.336	26.51	33.02	0.06	7.57
58.368	26.51	33.02	-0.04	7.47
58.400	26.51	33.02	-0.04	7.47
58.432	26.51	33.02	-0.04	7.47
58.464	26.51	33.02	0.03	7.54
58.496	26.51	33.02	0.03	7.54
58.528	26.51	33.02	0.03	7.54
58.560	26.51	33.02	0.03	7.54
58.592	26.51	33.02	0.03	7.54
58.624	26.49	33.00	0.03	7.54
58.656	26.49	33.00	-0.05	7.46
58.688	26.49	33.00	-0.05	7.46
58.720	26.50	33.01	-0.05	7.46
58.752	26.50	33.01	0.06	7.57
58.784	26.50	33.01	0.06	7.57
58.816	26.51	33.02	0.06	7.57
58.848	26.51	33.02	-0.04	7.47
58.880	26.51	33.02	-0.04	7.47
58.912	26.50	33.01	-0.04	7.47
58.944	26.50	33.01	0.03	7.54
58.976	26.50	33.01	0.03	7.54
59.008	26.50	33.01	0.03	7.54
59.040	26.50	33.01	0.02	7.53
59.072	26.50	33.01	0.02	7.53
59.104	26.50	33.01	0.02	7.53
59.136	26.50	33.01	-0.05	7.46
59.168	26.50	33.01	-0.05	7.46
59.200	26.50	33.01	-0.05	7.46
59.232	26.50	33.01	0.06	7.57
59.264	26.50	33.01	0.06	7.57
59.296	26.51	33.02	0.06	7.57
59.328	26.51	33.02	-0.04	7.47
59.360	26.51	33.02	-0.04	7.47
59.392	26.51	33.02	-0.04	7.47
59.424	26.51	33.02	0.03	7.54
59.456	26.51	33.02	0.03	7.54
59.488	26.52	33.03	0.03	7.54
59.520	26.52	33.03	0.02	7.53
59.552	26.52	33.03	0.02	7.53
59.584	26.51	33.02	0.02	7.53
59.616	26.51	33.02	-0.04	7.46
59.648	26.51	33.02	-0.04	7.46
59.680	26.51	33.02	-0.04	7.46
59.712	26.51	33.02	0.06	7.57
59.744	26.51	33.02	0.06	7.57
59.776	26.51	33.02	0.06	7.57
59.808	26.51	33.02	-0.03	7.47
59.840	26.51	33.02	-0.03	7.47
59.872	26.51	33.02	-0.03	7.47
59.904	26.51	33.02	0.03	7.54
59.936	26.51	33.02	0.03	7.54
59.968	26.51	33.02	0.03	7.54
60.000	26.51	33.02	0.03	7.53
60.032	26.51	33.02	0.03	7.53
60.064	26.51	33.02	0.03	7.53
60.096	26.51	33.02	-0.04	7.47
60.128	26.51	33.02	-0.04	7.47
60.160	26.51	33.02	-0.04	7.47
60.192	26.51	33.02	0.06	7.57
60.224	26.51	33.02	0.06	7.57
60.256	26.52	33.03	0.06	7.57
60.288	26.52	33.03	-0.03	7.48
60.320	26.52	33.03	-0.03	7.48
60.352	26.51	33.02	-0.03	7.48
60.384	26.51	33.02	0.03	7.54
60.416	26.51	33.02	0.03	7.54
60.448	26.50	33.01	0.03	7.54
60.480	26.50	33.01	0.02	7.53
60.512	26.50	33.01	0.02	7.53
60.544	26.51	33.02	0.02	7.53
60.576	26.51	33.02	-0.04	7.47
60.608	26.51	33.02	-0.04	7.47
60.640	26.52	33.03	-0.04	7.47
60.672	26.52	33.03	0.06	7.57
60.704	26.52	33.03	0.06	7.57
60.736	26.52	33.03	0.06	7.57
60.768	26.52	33.03	-0.03	7.47
60.800	26.52	33.03	-0.03	7.47
60.832	26.52	33.03	-0.03	7.47
60.864	26.52	33.03	0.03	7.54
60.896	26.52	33.03	0.03	7.54
60.928	26.52	33.03	0.03	7.54
60.960	26.52	33.03	0.03	7.53
60.992	26.52	33.03	0.03	7.53
61.024	26.53	33.04	0.03	7.53
61.056	26.53	33.04	-0.05	7.46
61.088	26.53	33.04	-0.05	7.46
61.120	26.54	33.05	-0.05	7.46
61.152	26.54	33.05	0.06	7.57
61.184	26.54	33.05	0.06	7.57
61.216	26.56	33.07	0.06	7.57
61.248	26.56	33.07	-0.04	7.47
61.280	26.56	33.07	-0.04	7.47
61.312	26.55	33.06	-0.04	7.47
61.344	26.55	33.06	0.03	7.54
61.376	26.55	33.06	0.03	7.54
61.408	26.55	33.06	0.03	7.54
61.440	26.55	33.06	0.03	7.54
61.472	26.55	33.06	0.03	7.54
61.504	26.56	33.07	0.03	7.54
61.536	26.56	33.07	-0.05	7.46
61.568	26.56	33.07	-0.05	7.46
61.600	26.58	33.09	-0.05	7.46
61.632	26.58	33.09	0.06	7.57
61.664	26.58	33.09	0.06	7.57
61.696	26.59	33.09	0.06	7.57
61.728	26.59	33.09	-0.03	7.48
61.760	26.59	33.09	-0.03	7.48
61.792	26.59	33.09	-0.03	7.48
61.824	26.59	33.09	0.03	7.54
61.856	26.59	33.09	0.03	7.54
61.888	26.60	33.10	0.03	7.54
61.920	26.60	33.10	0.03	7.54
61.952	26.60	33.10	0.03	7.54
61.984	26.60	33.11	0.03	7.54
62.016	26.60	33.11	-0.05	7.46
62.048	26.60	33.11	-0.05	7.46
62.080	26.61	33.12	-0.05	7.46
62.112	26.61	33.12	0.07	7.57
62.144	26.61	33.12	0.07	7.57
62.176	26.61	33.12	0.07	7.57
62.208	26.61	33.12	-0.03	7.47
62.240	26.61	33.12	-0.03	7.47
62.272	26.60	33.11	-0.03	7.47
62.304	26.60	33.11	0.03	7.54
62.336	26.60	33.11	0.03	7.54
62.368	26.60	33.11	0.03	7.54
62.400	26.60	33.11	0.04	7.54
62.432	26.60	33.11	0.04	7.54
62.464	26.60	33.11	0.04	7.54
62.496	26.60	33.11	-0.05	7.45
62.528	26.60	33.11	-0.05	7.45
62.560	26.60	33.10	-0.05	7.45
62.592	26.60	33.10	0.06	7.57
62.624	26.60	33.10	0.06	7.57
62.656	26.59	33.10	0.06	7.57
62.688	26.59	33.10	-0.03	7.47
62.720	26.59	33.10	-0.03	7.47
62.752	26.60	33.10	-0.03	7.47
62.784	26.60	33.10	0.03	7.54
62.816	26.60	33.10	0.03	7.54
62.848	26.60	33.10	0.03	7.54
62.880	26.60	33.10	0.03	7.54
62.912	26.60	33.10	0.03	7.54
62.944	26.60	33.10	0.03	7.54
62.976	26.60	33.10	-0.05	7.46
63.008	26.60	33.10	-0.05	7.46
63.040	26.60	33.11	-0.05	7.46
63.072	26.60	33.11	0.07	7.57
63.104	26.60	33.11	0.07	7.57
63.136	26.59	33.10	0.07	7.57
63.168	26.59	33.10	-0.04	7.47
63.200	26.59	33.10	-0.04	7.47
63.232	26.59	33.10	-0.04	7.47
63.264	26.59	33.10	0.03	7.54
63.296	26.59	33.10	0.03	7.54
63.328	26.60	33.11	0.03	7.54
63.360	26.60	33.11	0.03	7.54
63.392	26.60	33.11	0.03	7.54
63.424	26.60	33.11	0.03	7.54
63.456	26.60	33.11	-0.05	7.46
63.488	26.60	33.11	-0.05	7.46
63.520	26.60	33.11	-0.05	7.46
63.552	26.60	33.11	0.06	7.57
63.584	26.60	33.11	0.06	7.57
63.616	26.60	33.11	0.06	7.57
63.648	26.60	33.11	-0.03	7.47
63.680	26.60	33.11	-0.03	7.47
63.712	26.60	33.11	-0.03	7.47
63.744	26.60	33.11	0.03	7.53
63.776	26.60	33.11	0.03	7.53
63.808	26.60	33.10	0.03	7.53
63.840	26.60	33.10	0.03	7.54
63.872	26.60	33.10	0.03	7.54
63.904	26.60	33.11	0.03	7.54
63.936	26.60	33.11	-0.05	7.46
63.968	26.60	33.11	-0.05	7.46
64.000	26.61	33.12	-0.05	7.46
64.032	26.61	33.12	0.06	7.57
64.064	26.61	33.12	0.06	7.57
64.096	26.59	33.10	0.06	7.57
64.128	26.59	33.10	-0.03	7.47
64.160	26.59	33.10	-0.03	7.47
64.192	26.59	33.09	-0.03	7.47
64.224	26.59	33.09	0.02	7.53
64.256	26.59	33.09	0.02	7.53
64.288	26.59	33.10	0.02	7.53
64.320	26.59	33.10	0.04	7.55
64.352	26.59	33.10	0.04	7.55
64.384	26.60	33.10	0.04	7.55
64.416	26.60	33.10	-0.05	7.45
64.448	26.60	33.10	-0.05	7.45
64.480	26.59	33.10	-0.05	7.45
64.512	26.59	33.10	0.06	7.57
64.544	26.59	33.10	0.06	7.57
64.576	26.59	33.09	0.06	7.57
64.608	26.59	33.09	-0.04	7.47
64.640	26.59	33.09	-0.04	7.47
64.672	26.59	33.10	-0.04	7.47
64.704	26.59	33.10	0.02	7.53
64.736	26.59	33.10	0.02	7.53
64.768	26.58	33.09	0.02	7.53
64.800	26.58	33.09	0.04	7.54
64.832	26.58	33.09	0.04	7.54
64.864	26.59	33.10	0.04	7.54
64.896	26.59	33.10	-0.05	7.45
64.928	26.59	33.10	-0.05	7.45
64.960	26.58	33.09	-0.05	7.45
64.992	26.58	33.09	0.06	7.57
65.024	26.58	33.09	0.06	7.57
65.056	26.58	33.09	0.06	7.57
65.088	26.58	33.09	-0.04	7.47
65.120	26.58	33.09	-0.04	7.47
65.152	26.58	33.09	-0.04	7.47
65.184	26.58	33.09	0.02	7.53
65.216	26.58	33.09	0.02	7.53
65.248	26.59	33.09	0.02	7.53
65.280	26.59	33.09	0.04	7.55
65.312	26.59	33.09	0.04	7.55
65.344	26.58	33.09	0.04	7.55
65.376	26.58	33.09	-0.05	7.45
65.408	26.58	33.09	-0.05	7.45
65.440	26.58	33.09	-0.05	7.45
65.472	26.58	33.09	0.06	7.57
65.504	26.58	33.09	0.06	7.57
65.536	26.58	33.09	0.06	7.57
65.568	26.58	33.09	-0.03	7.47
65.600	26.58	33.09	-0.03	7.47
65.632	26.59	33.09	-0.03	7.47
65.664	26.59	33.09	0.02	7.53
65.696	26.59	33.09	0.02	7.53
65.728	26.58	33.09	0.02	7.53
65.760	26.58	33.09	0.04	7.55
65.792	26.58	33.09	0.04	7.55
65.824	26.59	33.10	0.04	7.55
65.856	26.59	33.10	-0.05	7.45
65.888	26.59	33.10	-0.05	7.45
65.920	26.60	33.11	-0.05	7.45
65.952	26.60	33.11	0.06	7.57
65.984	26.60	33.11	0.06	7.57
66.016	26.59	33.09	0.06	7.57
66.048	26.59	33.09	-0.04	7.47
66.080	26.59	33.09	-0.04	7.47
66.112	26.59	33.10	-0.04	7.47
66.144	26.59	33.10	0.02	7.53
66.176	26.59	33.10	0.02	7.53
66.208	26.59	33.09	0.02	7.53
66.240	26.59	33.09	0.05	7.55
66.272	26.59	33.09	0.05	7.55
66.304	26.59	33.10	0.05	7.55
66.336	26.59	33.10	-0.05	7.46
66.368	26.59	33.10	-0.05	7.46
66.400	26.59	33.10	-0.05	7.46
66.432	26.59	33.10	0.06	7.57
66.464	26.59	33.10	0.06	7.57
66.496	26.58	33.09	0.06	7.57
66.528	26.58	33.09	-0.04	7.47
66.560	26.58	33.09	-0.04	7.47
66.592	26.59	33.09	-0.04	7.47
66.624	26.59	33.09	0.02	7.52
66.656	26.59	33.09	0.02	7.52
66.688	26.59	33.10	0.02	7.52
66.720	26.59	33.10	0.05	7.55
66.752	26.59	33.10	0.05	7.55
66.784	26.60	33.11	0.05	7.55
66.816	26.60	33.11	-0.05	7.45
66.848	26.60	33.11	-0.05	7.45
66.880	26.61	33.12	-0.05	7.45
66.912	26.61	33.12	0.06	7.57
66.944	26.61	33.12	0.06	7.57
66.976	26.60	33.11	0.06	7.57
67.008	26.60	33.11	-0.04	7.47
67.040	26.60	33.11	-0.04	7.47
67.072	26.60	33.11	-0.04	7.47
67.104	26.60	33.11	0.01	7.52
67.136	26.60	33.11	0.01	7.52
67.168	26.60	33.11	0.01	7.52
67.200	26.60	33.11	0.04	7.55
67.232	26.60	33.11	0.04	7.55
67.264	26.61	33.12	0.04	7.55
67.296	26.61	33.12	-0.05	7.46
67.328	26.61	33.12	-0.05	7.46
67.360	26.60	33.10	-0.05	7.46
67.392	26.60	33.10	0.06	7.57
67.424	26.60	33.10	0.06	7.57
67.456	26.60	33.10	0.06	7.57
67.488	26.60	33.10	-0.03	7.47
67.520	26.60	33.10	-0.03	7.47
67.552	26.60	33.10	-0.03	7.47
67.584	26.60	33.10	0.01	7.52
67.616	26.60	33.10	0.01	7.52
67.648	26.60	33.11	0.01	7.52
67.680	26.60	33.11	0.04	7.55
67.712	26.60	33.11	0.04	7.55
67.744	26.61	33.12	0.04	7.55
67.776	26.61	33.12	-0.05	7.45
67.808	26.61	33.12	-0.05	7.45
67.840	26.60	33.11	-0.05	7.45
67.872	26.60	33.11	0.06	7.56
67.904	26.60	33.11	0.06	7.56
67.936	26.60	33.11	0.06	7.56
67.968	26.60	33.11	-0.04	7.47
68.000	26.60	33.11	-0.04	7.47
68.032	26.59	33.10	-0.04	7.47
68.064	26.59	33.10	0.01	7.52
68.096	26.59	33.10	0.01	7.52
68.128	26.61	33.12	0.01	7.52
68.160	26.61	33.12	0.05	7.55
68.192	26.61	33.12	0.05	7.55
68.224	26.60	33.11	0.05	7.55
68.256	26.60	33.11	-0.05	7.45
68.288	26.60	33.11	-0.05	7.45
68.320	26.59	33.10	-0.05	7.45
68.352	26.59	33.10	0.06	7.56
68.384	26.59	33.10	0.06	7.56
68.416	26.60	33.11	0.06	7.56
68.448	26.60	33.11	-0.04	7.47
68.480	26.60	33.11	-0.04	7.47
68.512	26.60	33.10	-0.04	7.47
68.544	26.60	33.10	0.01	7.51
68.576	26.60	33.10	0.01	7.51
68.608	26.60	33.10	0.01	7.51
68.640	26.60	33.10	0.04	7.55
68.672	26.60	33.10	0.04	7.55
68.704	26.61	33.12	0.04	7.55
68.736	26.61	33.12	-0.05	7.46
68.768	26.61	33.12	-0.05	7.46
68.800	26.61	33.12	-0.05	7.46
68.832	26.61	33.12	0.05	7.56
68.864	26.61	33.12	0.05	7.56
68.896	26.61	33.12	0.05	7.56
68.928	26.61	33.12	-0.04	7.47
68.960	26.61	33.12	-0.04	7.47
68.992	26.61	33.12	-0.04	7.47
69.024	26.61	33.12	0.01	7.52
69.056	26.61	33.12	0.01	7.52
69.088	26.63	33.14	0.01	7.52
69.120	26.63	33.14	0.05	7.55
69.152	26.63	33.14	0.05	7.55
69.184	26.64	33.14	0.05	7.55
69.216	26.64	33.14	-0.05	7.46
69.248	26.64	33.14	-0.05	7.46
69.280	26.64	33.14	-0.05	7.46
69.312	26.64	33.14	0.05	7.56
69.344	26.64	33.14	0.05	7.56
69.376	26.64	33.15	0.05	7.56
69.408	26.64	33.15	-0.04	7.47
69.440	26.64	33.15	-0.04	7.47
69.472	26.65	33.15	-0.04	7.47
69.504	26.65	33.15	-0.00	7.51
69.536	26.65	33.15	-0.00	7.51
69.568	26.65	33.16	-0.00	7.51
69.600	26.65	33.16	0.05	7.56
69.632	26.65	33.16	0.05	7.56
69.664	26.65	33.15	0.05	7.56
69.696	26.65	33.15	-0.06	7.45
69.728	26.65	33.15	-0.06	7.45
69.760	26.63	33.14	-0.06	7.45
69.792	26.63	33.14	0.06	7.56
69.824	26.63	33.14	0.06	7.56
69.856	26.64	33.14	0.06	7.56
69.888	26.64	33.14	-0.03	7.47
69.920	26.64	33.14	-0.03	7.47
69.952	26.65	33.16	-0.03	7.47
69.984	26.65	33.16	-0.00	7.50
70.016	26.65	33.16	-0.00	7.50
70.048	26.65	33.16	-0.00	7.50
70.080	26.65	33.16	0.05	7.56
70.112	26.65	33.16	0.05	7.56
70.144	26.65	33.16	0.05	7.56
70.176	26.65	33.16	-0.06	7.45
70.208	26.65	33.16	-0.06	7.45
70.240	26.66	33.17	-0.06	7.45
70.272	26.66	33.17	0.05	7.56
70.304	26.66	33.17	0.05	7.56
70.336	26.67	33.18	0.05	7.56
70.368	26.67	33.18	-0.03	7.48
70.400	26.67	33.18	-0.03	7.48
70.432	26.68	33.19	-0.03	7.48
70.464	26.68	33.19	0.00	7.51
70.496	26.68	33.19	0.00	7.51
70.528	26.69	33.20	0.00	7.51
70.560	26.69	33.20	0.05	7.56
70.592	26.69	33.20	0.05	7.56
70.624	26.69	33.20	0.05	7.56
70.656	26.69	33.20	-0.06	7.45
70.688	26.69	33.20	-0.06	7.45
70.720	26.69	33.19	-0.06	7.45
70.752	26.69	33.19	0.05	7.56
70.784	26.69	33.19	0.05	7.56
70.816	26.68	33.19	0.05	7.56
70.848	26.68	33.19	-0.03	7.48
70.880	26.68	33.19	-0.03	7.48
70.912	26.68	33.19	-0.03	7.48
70.944	26.68	33.19	-0.00	7.51
70.976	26.68	33.19	-0.00	7.51
71.008	26.68	33.19	-0.00	7.51
71.040	26.68	33.19	0.05	7.56
71.072	26.68	33.19	0.05	7.56
71.104	26.67	33.18	0.05	7.56
71.136	26.67	33.18	-0.05	7.45
71.168	26.67	33.18	-0.05	7.45
71.200	26.68	33.19	-0.05	7.45
71.232	26.68	33.19	0.05	7.56
71.264	26.68	33.19	0.05	7.56
71.296	26.69	33.20	0.05	7.56
71.328	26.69	33.20	-0.04	7.47
71.360	26.69	33.20	-0.04	7.47
71.392	26.69	33.20	-0.04	7.47
71.424	26.69	33.20	-0.00	7.50
71.456	26.69	33.20	-0.00	7.50
71.488	26.70	33.20	-0.00	7.50
71.520	26.70	33.20	0.05	7.56
71.552	26.70	33.20	0.05	7.56
71.584	26.69	33.20	0.05	7.56
71.616	26.69	33.20	-0.06	7.45
71.648	26.69	33.20	-0.06	7.45
71.680	26.70	33.21	-0.06	7.45
71.712	26.70	33.21	0.05	7.56
71.744	26.70	33.21	0.05	7.56
71.776	26.69	33.20	0.05	7.56
71.808	26.69	33.20	-0.03	7.47
71.840	26.69	33.20	-0.03	7.47
71.872	26.70	33.21	-0.03	7.47
71.904	26.70	33.21	0.00	7.51
71.936	26.70	33.21	0.00	7.51
71.968	26.69	33.20	0.00	7.51
72.000	26.69	33.20	0.06	7.57
72.032	26.69	33.20	0.06	7.57
72.064	26.68	33.19	0.06	7.57
72.096	26.68	33.19	-0.06	7.45
72.128	26.68	33.19	-0.06	7.45
72.160	26.69	33.20	-0.06	7.45
72.192	26.69	33.20	0.05	7.56
72.224	26.69	33.20	0.05	7.56
72.256	26.69	33.20	0.05	7.56
72.288	26.69	33.20	-0.03	7.48
72.320	26.69	33.20	-0.03	7.48
72.352	26.69	33.20	-0.03	7.48
72.384	26.69	33.20	-0.00	7.50
72.416	26.69	33.20	-0.00	7.50
72.448	26.70	33.21	-0.00	7.50
72.480	26.70	33.21	0.05	7.56
72.512	26.70	33.21	0.05	7.56
72.544	26.68	33.19	0.05	7.56
72.576	26.68	33.19	-0.06	7.45
72.608	26.68	33.19	-0.06	7.45
72.640	26.68	33.19	-0.06	7.45
72.672	26.68	33.19	0.05	7.56
72.704	26.68	33.19	0.05	7.56
72.736	26.68	33.19	0.05	7.56
72.768	26.68	33.19	-0.03	7.48
72.800	26.68	33.19	-0.03	7.48
72.832	26.70	33.20	-0.03	7.48
72.864	26.70	33.20	-0.00	7.50
72.896	26.70	33.20	-0.00	7.50
72.928	26.68	33.19	-0.00	7.50
72.960	26.68	33.19	0.05	7.56
72.992	26.68	33.19	0.05	7.56
73.024	26.68	33.19	0.05	7.56
73.056	26.68	33.19	-0.06	7.45
73.088	26.68	33.19	-0.06	7.45
73.120	26.68	33.19	-0.06	7.45
73.152	26.68	33.19	0.05	7.56
73.184	26.68	33.19	0.05	7.56
73.216	26.67	33.18	0.05	7.56
73.248	26.67	33.18	-0.03	7.48
73.280	26.67	33.18	-0.03	7.48
73.312	26.68	33.18	-0.03	7.48
73.344	26.68	33.18	-0.00	7.50
73.376	26.68	33.18	-0.00	7.50
73.408	26.67	33.18	-0.00	7.50
73.440	26.67	33.18	0.06	7.56
73.472	26.67	33.18	0.06	7.56
73.504	26.66	33.17	0.06	7.56
73.536	26.66	33.17	-0.05	7.45
73.568	26.66	33.17	-0.05	7.45
73.600	26.65	33.16	-0.05	7.45
73.632	26.65	33.16	0.05	7.56
73.664	26.65	33.16	0.05	7.56
73.696	26.65	33.16	0.05	7.56
73.728	26.65	33.16	-0.03	7.48
73.760	26.65	33.16	-0.03	7.48
73.792	26.66	33.17	-0.03	7.48
73.824	26.66	33.17	-0.00	7.50
73.856	26.66	33.17	-0.00	7.50
73.888	26.66	33.17	-0.00	7.50
73.920	26.66	33.17	0.06	7.57
73.952	26.66	33.17	0.06	7.57
73.984	26.66	33.17	0.06	7.57
74.016	26.66	33.17	-0.06	7.45
74.048	26.66	33.17	-0.06	7.45
74.080	26.66	33.17	-0.06	7.45
74.112	26.66	33.17	0.06	7.57
74.144	26.66	33.17	0.06	7.57
74.176	26.66	33.17	0.06	7.57
74.208	26.66	33.17	-0.03	7.48
74.240	26.66	33.17	-0.03	7.48
74.272	26.66	33.17	-0.03	7.48
74.304	26.66	33.17	-0.00	7.50
74.336	26.66	33.17	-0.00	7.50
74.368	26.66	33.17	-0.00	7.50
74.400	26.66	33.17	0.05	7.56
74.432	26.66	33.17	0.05	7.56
74.464	26.65	33.16	0.05	7.56
74.496	26.65	33.16	-0.06	7.45
74.528	26.65	33.16	-0.06	7.45
74.560	26.66	33.17	-0.06	7.45
74.592	26.66	33.17	0.06	7.57
74.624	26.66	33.17	0.06	7.57
74.656	26.67	33.18	0.06	7.57
74.688	26.67	33.18	-0.03	7.47
74.720	26.67	33.18	-0.03	7.47
74.752	26.66	33.17	-0.03	7.47
74.784	26.66	33.17	-0.00	7.51
74.816	26.66	33.17	-0.00	7.51
74.848	26.65	33.16	-0.00	7.51
74.880	26.65	33.16	0.05	7.56
74.912	26.65	33.16	0.05	7.56
74.944	26.65	33.16	0.05	7.56
74.976	26.65	33.16	-0.06	7.45
75.008	26.65	33.16	-0.06	7.45
75.040	26.66	33.17	-0.06	7.45
75.072	26.66	33.17	0.06	7.56
75.104	26.66	33.17	0.06	7.56
75.136	26.66	33.17	0.06	7.56
75.168	26.66	33.17	-0.03	7.48
75.200	26.66	33.17	-0.03	7.48
75.232	26.66	33.17	-0.03	7.48
75.264	26.66	33.17	0.00	7.51
75.296	26.66	33.17	0.00	7.51
75.328	26.66	33.17	0.00	7.51
75.360	26.66	33.17	0.05	7.56
75.392	26.66	33.17	0.05	7.56
75.424	26.65	33.16	0.05	7.56
75.456	26.65	33.16	-0.06	7.45
75.488	26.65	33.16	-0.06	7.45
75.520	26.66	33.17	-0.06	7.45
75.552	26.66	33.17	0.06	7.57
75.584	26.66	33.17	0.06	7.57
75.616	26.67	33.18	0.06	7.57
75.648	26.67	33.18	-0.03	7.48
75.680	26.67	33.18	-0.03	7.48
75.712	26.67	33.18	-0.03	7.48
75.744	26.67	33.18	0.00	7.51
75.776	26.67	33.18	0.00	7.51
75.808	26.66	33.17	0.00	7.51
75.840	26.66	33.17	0.05	7.56
75.872	26.66	33.17	0.05	7.56
75.904	26.67	33.18	0.05	7.56
75.936	26.67	33.18	-0.06	7.45
75.968	26.67	33.18	-0.06	7.45
76.000	26.66	33.17	-0.06	7.45
76.032	26.66	33.17	0.06	7.57
76.064	26.66	33.17	0.06	7.57
76.096	26.68	33.19	0.06	7.57
76.128	26.68	33.19	-0.03	7.47
76.160	26.68	33.19	-0.03	7.47
76.192	26.67	33.18	-0.03	7.47
76.224	26.67	33.18	0.01	7.51
76.256	26.67	33.18	0.01	7.51
76.288	26.67	33.18	0.01	7.51
76.320	26.67	33.18	0.05	7.56
76.352	26.67	33.18	0.05	7.56
76.384	26.67	33.18	0.05	7.56
76.416	26.67	33.18	-0.06	7.45
76.448	26.67	33.18	-0.06	7.45
76.480	26.66	33.17	-0.06	7.45
76.512	26.66	33.17	0.06	7.57
76.544	26.66	33.17	0.06	7.57
76.576	26.69	33.19	0.06	7.57
76.608	26.69	33.19	-0.03	7.48
76.640	26.69	33.19	-0.03	7.48
76.672	26.69	33.20	-0.03	7.48
76.704	26.69	33.20	0.01	7.52
76.736	26.69	33.20	0.01	7.52
76.768	26.69	33.20	0.01	7.52
76.800	26.69	33.20	0.05	7.56
76.832	26.69	33.20	0.05	7.56
76.864	26.70	33.21	0.05	7.56
76.896	26.70	33.21	-0.06	7.45
76.928	26.70	33.21	-0.06	7.45
76.960	26.69	33.20	-0.06	7.45
76.992	26.69	33.20	0.06	7.57
77.024	26.69	33.20	0.06	7.57
77.056	26.69	33.20	0.06	7.57
77.088	26.69	33.20	-0.04	7.47
77.120	26.69	33.20	-0.04	7.47
77.152	26.69	33.20	-0.04	7.47
77.184	26.69	33.20	0.01	7.52
77.216	26.69	33.20	0.01	7.52
77.248	26.67	33.18	0.01	7.52
77.280	26.67	33.18	0.05	7.55
77.312	26.67	33.18	0.05	7.55
77.344	26.68	33.19	0.05	7.55
77.376	26.68	33.19	-0.06	7.45
77.408	26.68	33.19	-0.06	7.45
77.440	26.69	33.20	-0.06	7.45
77.472	26.69	33.20	0.06	7.57
77.504	26.69	33.20	0.06	7.57
77.536	26.71	33.22	0.06	7.57
77.568	26.71	33.22	-0.03	7.48
77.600	26.71	33.22	-0.03	7.48
77.632	26.71	33.22	-0.03	7.48
77.664	26.71	33.22	0.02	7.52
77.696	26.71	33.22	0.02	7.52
77.728	26.72	33.23	0.02	7.52
77.760	26.72	33.23	0.05	7.56
77.792	26.72	33.23	0.05	7.56
77.824	26.73	33.23	0.05	7.56
77.856	26.73	33.23	-0.05	7.45
77.888	26.73	33.23	-0.05	7.45
77.920	26.71	33.22	-0.05	7.45
77.952	26.71	33.22	0.07	7.57
77.984	26.71	33.22	0.07	7.57
78.016	26.72	33.23	0.07	7.57
78.048	26.72	33.23	-0.04	7.47
78.080	26.72	33.23	-0.04	7.47
78.112	26.71	33.22	-0.04	7.47
78.144	26.71	33.22	0.02	7.53
78.176	26.71	33.22	0.02	7.53
78.208	26.71	33.22	0.02	7.53
78.240	26.71	33.22	0.05	7.55
78.272	26.71	33.22	0.05	7.55
78.304	26.71	33.22	0.05	7.55
78.336	26.71	33.22	-0.06	7.45
78.368	26.71	33.22	-0.06	7.45
78.400	26.71	33.22	-0.06	7.45
78.432	26.71	33.22	0.07	7.58
78.464	26.71	33.22	0.07	7.58
78.496	26.71	33.22	0.07	7.58
78.528	26.71	33.22	-0.04	7.47
78.560	26.71	33.22	-0.04	7.47
78.592	26.70	33.21	-0.04	7.47
78.624	26.70	33.21	0.02	7.53
78.656	26.70	33.21	0.02	7.53
78.688	26.71	33.22	0.02	7.53
78.720	26.71	33.22	0.05	7.56
78.752	26.71	33.22	0.05	7.56
78.784	26.71	33.22	0.05	7.56
78.816	26.71	33.22	-0.06	7.45
78.848	26.71	33.22	-0.06	7.45
78.880	26.71	33.22	-0.06	7.45
78.912	26.71	33.22	0.07	7.57
78.944	26.71	33.22	0.07	7.57
78.976	26.71	33.22	0.07	7.57
79.008	26.71	33.22	-0.04	7.47
79.040	26.71	33.22	-0.04	7.47
79.072	26.71	33.22	-0.04	7.47
79.104	26.71	33.22	0.02	7.53
79.136	26.71	33.22	0.02	7.53
79.168	26.69	33.20	0.02	7.53
79.200	26.69	33.20	0.05	7.55
79.232	26.69	33.20	0.05	7.55
79.264	26.70	33.21	0.05	7.55
79.296	26.70	33.21	-0.06	7.45
79.328	26.70	33.21	-0.06	7.45
79.360	26.71	33.22	-0.06	7.45
79.392	26.71	33.22	0.07	7.57
79.424	26.71	33.22	0.07	7.57
79.456	26.71	33.22	0.07	7.57
79.488	26.71	33.22	-0.03	7.47
79.520	26.71	33.22	-0.03	7.47
79.552	26.71	33.22	-0.03	7.47
79.584	26.71	33.22	0.03	7.53
79.616	26.71	33.22	0.03	7.53
79.648	26.71	33.22	0.03	7.53
79.680	26.71	33.22	0.04	7.55
79.712	26.71	33.22	0.04	7.55
79.744	26.71	33.22	0.04	7.55
79.776	26.71	33.22	-0.06	7.45
79.808	26.71	33.22	-0.06	7.45
79.840	26.71	33.22	-0.06	7.45
79.872	26.71	33.22	0.06	7.57
79.904	26.71	33.22	0.06	7.57
79.936	26.71	33.22	0.06	7.57
79.968	26.71	33.22	-0.04	7.47
80.000	26.71	33.22	-0.04	7.47
80.032	26.71	33.22	-0.04	7.47
80.064	26.71	33.22	0.02	7.53
80.096	26.71	33.22	0.02	7.53
80.128	26.70	33.21	0.02	7.53
80.160	26.70	33.21	0.04	7.55
80.192	26.70	33.21	0.04	7.55
80.224	26.70	33.20	0.04	7.55
80.256	26.70	33.20	-0.06	7.45
80.288	26.70	33.20	-0.06	7.45
80.320	26.69	33.20	-0.06	7.45
80.352	26.69	33.20	0.07	7.58
80.384	26.69	33.20	0.07	7.58
80.416	26.69	33.20	0.07	7.58
80.448	26.69	33.20	-0.04	7.47
80.480	26.69	33.20	-0.04	7.47
80.512	26.69	33.20	-0.04	7.47
80.544	26.69	33.20	0.03	7.54
80.576	26.69	33.20	0.03	7.54
80.608	26.71	33.22	0.03	7.54
80.640	26.71	33.22	0.04	7.55
80.672	26.71	33.22	0.04	7.55
80.704	26.70	33.21	0.04	7.55
80.736	26.70	33.21	-0.06	7.45
80.768	26.70	33.21	-0.06	7.45
80.800	26.70	33.21	-0.06	7.45
80.832	26.70	33.21	0.07	7.58
80.864	26.70	33.21	0.07	7.58
80.896	26.70	33.21	0.07	7.58
80.928	26.70	33.21	-0.03	7.47
80.960	26.70	33.21	-0.03	7.47
80.992	26.70	33.20	-0.03	7.47
81.024	26.70	33.20	0.03	7.54
81.056	26.70	33.20	0.03	7.54
81.088	26.70	33.21	0.03	7.54
81.120	26.70	33.21	0.04	7.55
81.152	26.70	33.21	0.04	7.55
81.184	26.70	33.21	0.04	7.55
81.216	26.70	33.21	-0.06	7.45
81.248	26.70	33.21	-0.06	7.45
81.280	26.71	33.22	-0.06	7.45
81.312	26.71	33.22	0.06	7.57
81.344	26.71	33.22	0.06	7.57
81.376	26.71	33.22	0.06	7.57
81.408	26.71	33.22	-0.03	7.47
81.440	26.71	33.22	-0.03	7.47
81.472	26.71	33.22	-0.03	7.47
81.504	26.71	33.22	0.02	7.53
81.536	26.71	33.22	0.02	7.53
81.568	23.49	30.00	0.02	7.53
81.600	23.49	30.00	0.03	7.54
81.632	23.49	30.00	0.03	7.54
81.664	1.75	8.25	0.03	7.54
81.696	1.75	8.25	-0.06	7.45
81.728	1.75	8.25	-0.06	7.45
81.760	-3.65	2.86	-0.06	7.45
81.792	-3.65	2.86	0.07	7.57
81.824	-3.65	2.86	0.07	7.57
81.856	-2.45	4.06	0.07	7.57
81.888	-2.45	4.06	-0.04	7.47
81.920	-2.45	4.06	-0.04	7.47
81.952	0.58	7.09	-0.04	7.47
81.984	0.58	7.09	0.02	7.53
82.016	0.58	7.09	0.02	7.53
82.048	2.43	8.94	0.02	7.53
82.080	2.43	8.94	0.04	7.55
82.112	2.43	8.94	0.04	7.55
82.144	1.91	8.42	0.04	7.55
82.176	1.91	8.42	-0.06	7.45
82.208	1.91	8.42	-0.06	7.45
82.240	0.68	7.18	-0.06	7.45
82.272	0.68	7.18	0.06	7.57
82.304	0.68	7.18	0.06	7.57
82.336	0.45	6.96	0.06	7.57
82.368	0.45	6.96	-0.04	7.47
82.400	0.45	6.96	-0.04	7.47
82.432	0.53	7.04	-0.04	7.47
82.464	0.53	7.04	0.02	7.53
82.496	0.53	7.04	0.02	7.53
82.528	0.74	7.25	0.02	7.53
82.560	0.74	7.25	0.04	7.55
82.592	0.74	7.25	0.04	7.55
82.624	0.79	7.30	0.04	7.55
82.656	0.79	7.30	-0.06	7.45
82.688	0.79	7.30	-0.06	7.45
82.720	0.78	7.29	-0.06	7.45
82.752	0.78	7.29	0.06	7.57
82.784	0.78	7.29	0.06	7.57
82.816	0.79	7.30	0.06	7.57
82.848	0.79	7.30	-0.04	7.47
82.880	0.79	7.30	-0.04	7.47
82.912	0.80	7.31	-0.04	7.47
82.944	0.80	7.31	0.02	7.53
82.976	0.80	7.31	0.02	7.53
83.008	0.81	7.32	0.02	7.53
83.040	0.81	7.32	0.04	7.55
83.072	0.81	7.32	0.04	7.55
83.104	0.82	7.33	0.04	7.55
83.136	0.82	7.33	-0.06	7.45
83.168	0.82	7.33	-0.06	7.45
83.200	0.82	7.33	-0.06	7.45
83.232	0.82	7.33	0.07	7.57
83.264	0.82	7.33	0.07	7.57
83.296	0.83	7.34	0.07	7.57
83.328	0.83	7.34	-0.04	7.47
83.360	0.83	7.34	-0.04	7.47
83.392	0.85	7.36	-0.04	7.47
83.424	0.85	7.36	0.02	7.53
83.456	0.85	7.36	0.02	7.53
83.488	0.88	7.38	0.02	7.53
83.520	0.88	7.38	0.04	7.55
83.552	0.88	7.38	0.04	7.55
83.584	0.90	7.41	0.04	7.55
83.616	0.90	7.41	-0.06	7.44
83.648	0.90	7.41	-0.06	7.44
83.680	0.89	7.40	-0.06	7.44
83.712	0.89	7.40	0.07	7.58
83.744	0.89	7.40	0.07	7.58
83.776	0.86	7.37	0.07	7.58
83.808	0.86	7.37	-0.03	7.47
83.840	0.86	7.37	-0.03	7.47
83.872	0.85	7.36	-0.03	7.47
83.904	0.85	7.36	0.02	7.53
83.936	0.85	7.36	0.02	7.53
83.968	0.83	7.34	0.02	7.53
84.000	0.83	7.34	0.04	7.55
84.032	0.83	7.34	0.04	7.55
84.064	0.81	7.32	0.04	7.55
84.096	0.81	7.32	-0.06	7.45
84.128	0.81	7.32	-0.06	7.45
84.160	0.80	7.31	-0.06	7.45
84.192	0.80	7.31	0.06	7.57
84.224	0.80	7.31	0.06	7.57
84.256	0.80	7.30	0.06	7.57
84.288	0.80	7.30	-0.04	7.47
84.320	0.80	7.30	-0.04	7.47
84.352	0.79	7.30	-0.04	7.47
84.384	0.79	7.30	0.02	7.53
84.416	0.79	7.30	0.02	7.53
84.448	0.77	7.28	0.02	7.53
84.480	0.77	7.28	0.04	7.55
84.512	0.77	7.28	0.04	7.55
84.544	0.79	7.29	0.04	7.55
84.576	0.79	7.29	-0.06	7.44
84.608	0.79	7.29	-0.06	7.44
84.640	0.80	7.30	-0.06	7.44
84.672	0.80	7.30	0.06	7.57
84.704	0.80	7.30	0.06	7.57
84.736	0.80	7.31	0.06	7.57
84.768	0.80	7.31	-0.04	7.47
84.800	0.80	7.31	-0.04	7.47
84.832	0.80	7.31	-0.04	7.47
84.864	0.80	7.31	0.02	7.53
84.896	0.80	7.31	0.02	7.53
84.928	0.72	7.23	0.02	7.53
84.960	0.72	7.23	0.05	7.55
84.992	0.72	7.23	0.05	7.55
85.024	0.65	7.16	0.05	7.55
85.056	0.65	7.16	-0.06	7.45
85.088	0.65	7.16	-0.06	7.45
85.120	0.61	7.12	-0.06	7.45
85.152	0.61	7.12	0.06	7.57
85.184	0.61	7.12	0.06	7.57
85.216	0.59	7.09	0.06	7.57
85.248	0.59	7.09	-0.04	7.47
85.280	0.59	7.09	-0.04	7.47
85.312	0.58	7.08	-0.04	7.47
85.344	0.58	7.08	0.02	7.53
85.376	0.58	7.08	0.02	7.53
85.408	0.56	7.07	0.02	7.53
85.440	0.56	7.07	0.04	7.55
85.472	0.56	7.07	0.04	7.55
85.504	0.53	7.04	0.04	7.55
85.536	0.53	7.04	-0.06	7.44
85.568	0.53	7.04	-0.06	7.44
85.600	0.41	6.92	-0.06	7.44
85.632	0.41	6.92	0.06	7.57
