Tempo(s)    P0(KPa) P0+Coluna(KPa)  P1(KPa) P1+Coluna(KPa)
0.032	-2.22	-2.22	-2.22	-2.22
0.064	7.38	7.38	-2.22	-2.22
0.096	7.38	7.38	7.58	7.58
0.128	7.38	7.38	7.58	7.58
0.160	7.38	7.38	7.58	7.58
0.192	7.38	7.38	7.66	7.66
0.224	7.38	7.38	7.66	7.66
0.256	7.38	7.38	7.66	7.66
0.288	7.38	7.38	7.58	7.58
0.320	7.38	7.38	7.58	7.58
0.352	7.38	7.38	7.58	7.58
0.384	7.38	7.38	7.63	7.63
0.416	7.38	7.38	7.63	7.63
0.448	7.38	7.38	7.63	7.63
0.480	7.38	7.38	7.65	7.65
0.512	7.38	7.38	7.65	7.65
0.544	7.37	7.37	7.65	7.65
0.576	7.37	7.37	7.58	7.58
0.608	7.37	7.37	7.58	7.58
0.640	7.38	7.38	7.58	7.58
0.672	0.00	7.38	0.08	7.66
0.704	0.00	7.38	0.08	7.66
0.736	0.00	7.38	0.08	7.66
0.768	0.00	7.38	0.00	7.58
0.800	0.00	7.38	0.00	7.58
0.832	-0.00	7.37	0.00	7.58
0.864	-0.00	7.37	0.05	7.62
0.896	-0.00	7.37	0.05	7.62
0.928	-0.00	7.37	0.05	7.62
0.960	-0.00	7.37	0.07	7.65
0.992	-0.00	7.37	0.07	7.65
1.024	-0.00	7.37	0.07	7.65
1.056	-0.00	7.37	-0.01	7.56
1.088	-0.00	7.37	-0.01	7.56
1.120	-0.00	7.37	-0.01	7.56
1.152	-0.00	7.37	0.09	7.66
1.184	-0.00	7.37	0.09	7.66
1.216	0.00	7.38	0.09	7.66
1.248	0.00	7.38	0.01	7.58
1.280	0.00	7.38	0.01	7.58
1.312	0.00	7.38	0.01	7.58
1.344	0.00	7.38	0.03	7.61
1.376	0.00	7.38	0.03	7.61
1.408	0.00	7.38	0.03	7.61
1.440	0.00	7.38	0.08	7.65
1.472	0.00	7.38	0.08	7.65
1.504	0.00	7.38	0.08	7.65
1.536	0.00	7.38	-0.01	7.56
1.568	0.00	7.38	-0.01	7.56
1.600	0.00	7.38	-0.01	7.56
1.632	0.00	7.38	0.08	7.66
1.664	0.00	7.38	0.08	7.66
1.696	0.00	7.38	0.08	7.66
1.728	0.00	7.38	0.01	7.58
1.760	0.00	7.38	0.01	7.58
1.792	0.01	7.38	0.01	7.58
1.824	0.01	7.38	0.02	7.60
1.856	0.01	7.38	0.02	7.60
1.888	0.01	7.38	0.02	7.60
1.920	0.01	7.38	0.08	7.66
1.952	0.01	7.38	0.08	7.66
1.984	0.01	7.38	0.08	7.66
2.016	0.01	7.38	-0.01	7.56
2.048	0.01	7.38	-0.01	7.56
2.080	0.01	7.39	-0.01	7.56
2.112	0.01	7.39	0.08	7.65
2.144	0.01	7.39	0.08	7.65
2.176	0.01	7.38	0.08	7.65
2.208	0.01	7.38	0.01	7.59
2.240	0.01	7.38	0.01	7.59
2.272	0.01	7.39	0.01	7.59
2.304	0.01	7.39	0.02	7.59
2.336	0.01	7.39	0.02	7.59
2.368	0.01	7.39	0.02	7.59
2.400	0.01	7.39	0.08	7.66
2.432	0.01	7.39	0.08	7.66
2.464	0.01	7.39	0.08	7.66
2.496	0.01	7.39	-0.02	7.56
2.528	0.01	7.39	-0.02	7.56
2.560	0.02	7.39	-0.02	7.56
2.592	0.02	7.39	0.07	7.65
2.624	0.02	7.39	0.07	7.65
2.656	0.02	7.39	0.07	7.65
2.688	0.02	7.39	0.01	7.58
2.720	0.02	7.39	0.01	7.58
2.752	0.02	7.39	0.01	7.58
2.784	0.02	7.39	0.01	7.59
2.816	0.02	7.39	0.01	7.59
2.848	0.02	7.39	0.01	7.59
2.880	0.02	7.39	0.08	7.66
2.912	0.02	7.39	0.08	7.66
2.944	0.02	7.39	0.08	7.66
2.976	0.02	7.39	-0.02	7.56
3.008	0.02	7.39	-0.02	7.56
3.040	0.02	7.39	-0.02	7.56
3.072	0.02	7.39	0.07	7.64
3.104	0.02	7.39	0.07	7.64
3.136	0.02	7.39	0.07	7.64
3.168	0.02	7.39	0.02	7.59
3.200	0.02	7.39	0.02	7.59
3.232	0.02	7.39	0.02	7.59
3.264	0.02	7.39	0.01	7.58
3.296	0.02	7.39	0.01	7.58
3.328	0.02	7.39	0.01	7.58
3.360	0.02	7.39	0.09	7.66
3.392	0.02	7.39	0.09	7.66
3.424	0.02	7.39	0.09	7.66
3.456	0.02	7.39	-0.01	7.56
3.488	0.02	7.39	-0.01	7.56
3.520	0.02	7.39	-0.01	7.56
3.552	0.02	7.39	0.07	7.64
3.584	0.02	7.39	0.07	7.64
3.616	0.02	7.39	0.07	7.64
3.648	0.02	7.39	0.02	7.60
3.680	0.02	7.39	0.02	7.60
3.712	0.02	7.39	0.02	7.60
3.744	0.02	7.39	-0.00	7.58
3.776	0.02	7.39	-0.00	7.58
3.808	0.02	7.39	-0.00	7.58
3.840	0.02	7.39	0.08	7.66
3.872	0.02	7.39	0.08	7.66
3.904	0.02	7.39	0.08	7.66
3.936	0.02	7.39	-0.01	7.56
3.968	0.02	7.39	-0.01	7.56
4.000	0.02	7.40	-0.01	7.56
4.032	0.02	7.40	0.07	7.65
4.064	0.02	7.40	0.07	7.65
4.096	0.02	7.39	0.07	7.65
4.128	0.02	7.39	0.03	7.61
4.160	0.02	7.39	0.03	7.61
4.192	0.02	7.39	0.03	7.61
4.224	0.02	7.39	-0.00	7.57
4.256	0.02	7.39	-0.00	7.57
4.288	0.02	7.40	-0.00	7.57
4.320	0.02	7.40	0.09	7.66
4.352	0.02	7.40	0.09	7.66
4.384	0.02	7.40	0.09	7.66
4.416	0.02	7.40	-0.01	7.56
4.448	0.02	7.40	-0.01	7.56
4.480	0.02	7.40	-0.01	7.56
4.512	0.02	7.40	0.07	7.64
4.544	0.02	7.40	0.07	7.64
4.576	0.02	7.40	0.07	7.64
4.608	0.02	7.40	0.03	7.61
4.640	0.02	7.40	0.03	7.61
4.672	0.03	7.40	0.03	7.61
4.704	0.03	7.40	-0.01	7.57
4.736	0.03	7.40	-0.01	7.57
4.768	0.03	7.40	-0.01	7.57
4.800	0.03	7.40	0.09	7.66
4.832	0.03	7.40	0.09	7.66
4.864	0.02	7.40	0.09	7.66
4.896	0.02	7.40	-0.01	7.57
4.928	0.02	7.40	-0.01	7.57
4.960	0.03	7.40	-0.01	7.57
4.992	0.03	7.40	0.07	7.64
5.024	0.03	7.40	0.07	7.64
5.056	0.02	7.40	0.07	7.64
5.088	0.02	7.40	0.04	7.62
5.120	0.02	7.40	0.04	7.62
5.152	0.02	7.40	0.04	7.62
5.184	0.02	7.40	-0.01	7.57
5.216	0.02	7.40	-0.01	7.57
5.248	0.02	7.40	-0.01	7.57
5.280	0.02	7.40	0.09	7.66
5.312	0.02	7.40	0.09	7.66
5.344	0.02	7.40	0.09	7.66
5.376	0.02	7.40	-0.01	7.57
5.408	0.02	7.40	-0.01	7.57
5.440	0.02	7.40	-0.01	7.57
5.472	0.02	7.40	0.07	7.64
5.504	0.02	7.40	0.07	7.64
5.536	9.33	16.71	0.07	7.64
5.568	9.33	16.71	0.05	7.63
5.600	9.33	16.71	0.05	7.63
5.632	16.52	23.90	0.05	7.63
5.664	16.52	23.90	-0.00	7.57
5.696	16.52	23.90	-0.00	7.57
5.728	18.20	25.58	-0.00	7.57
5.760	18.20	25.58	0.09	7.67
5.792	18.20	25.58	0.09	7.67
5.824	17.97	25.34	0.09	7.67
5.856	17.97	25.34	-0.00	7.57
5.888	17.97	25.34	-0.00	7.57
5.920	17.67	25.05	-0.00	7.57
5.952	17.67	25.05	0.07	7.64
5.984	17.67	25.05	0.07	7.64
6.016	17.54	24.92	0.07	7.64
6.048	17.54	24.92	0.05	7.63
6.080	17.54	24.92	0.05	7.63
6.112	17.64	25.02	0.05	7.63
6.144	17.64	25.02	-0.01	7.57
6.176	17.64	25.02	-0.01	7.57
6.208	17.61	24.98	-0.01	7.57
6.240	17.61	24.98	0.09	7.67
6.272	17.61	24.98	0.09	7.67
6.304	17.60	24.98	0.09	7.67
6.336	17.60	24.98	0.00	7.58
6.368	17.60	24.98	0.00	7.58
6.400	17.56	24.94	0.00	7.58
6.432	17.56	24.94	0.06	7.63
6.464	17.56	24.94	0.06	7.63
6.496	17.52	24.89	0.06	7.63
6.528	17.52	24.89	0.06	7.63
6.560	17.52	24.89	0.06	7.63
6.592	17.53	24.90	0.06	7.63
6.624	17.53	24.90	-0.01	7.56
6.656	17.53	24.90	-0.01	7.56
6.688	17.64	25.01	-0.01	7.56
6.720	17.64	25.01	0.09	7.67
6.752	17.64	25.01	0.09	7.67
6.784	17.67	25.04	0.09	7.67
6.816	17.67	25.04	-0.00	7.58
6.848	17.67	25.04	-0.00	7.58
6.880	17.66	25.03	-0.00	7.58
6.912	17.66	25.03	0.05	7.63
6.944	17.66	25.03	0.05	7.63
6.976	17.68	25.06	0.05	7.63
7.008	17.68	25.06	0.07	7.64
7.040	17.68	25.06	0.07	7.64
7.072	17.68	25.06	0.07	7.64
7.104	17.68	25.06	-0.01	7.56
7.136	17.68	25.06	-0.01	7.56
7.168	17.70	25.08	-0.01	7.56
7.200	17.70	25.08	0.09	7.67
7.232	17.70	25.08	0.09	7.67
7.264	17.70	25.07	0.09	7.67
7.296	17.70	25.07	-0.00	7.58
7.328	17.70	25.07	-0.00	7.58
7.360	17.64	25.02	-0.00	7.58
7.392	17.64	25.02	0.05	7.63
7.424	17.64	25.02	0.05	7.63
7.456	17.61	24.99	0.05	7.63
7.488	17.61	24.99	0.07	7.65
7.520	17.61	24.99	0.07	7.65
7.552	17.63	25.01	0.07	7.65
7.584	17.63	25.01	-0.02	7.56
7.616	17.63	25.01	-0.02	7.56
7.648	17.74	25.11	-0.02	7.56
7.680	17.74	25.11	0.09	7.66
7.712	17.74	25.11	0.09	7.66
7.744	17.70	25.08	0.09	7.66
7.776	17.70	25.08	-0.00	7.58
7.808	17.70	25.08	-0.00	7.58
7.840	17.71	25.08	-0.00	7.58
7.872	17.71	25.08	0.04	7.62
7.904	17.71	25.08	0.04	7.62
7.936	17.72	25.10	0.04	7.62
7.968	17.72	25.10	0.07	7.65
8.000	17.72	25.10	0.07	7.65
8.032	17.69	25.07	0.07	7.65
8.064	17.69	25.07	-0.02	7.56
8.096	17.69	25.07	-0.02	7.56
8.128	17.73	25.11	-0.02	7.56
8.160	17.73	25.11	0.08	7.66
8.192	17.73	25.11	0.08	7.66
8.224	17.73	25.10	0.08	7.66
8.256	17.73	25.10	-0.00	7.57
8.288	17.73	25.10	-0.00	7.57
8.320	17.68	25.05	-0.00	7.57
8.352	17.68	25.05	0.04	7.61
8.384	17.68	25.05	0.04	7.61
8.416	17.73	25.10	0.04	7.61
8.448	17.73	25.10	0.08	7.65
8.480	17.73	25.10	0.08	7.65
8.512	17.71	25.08	0.08	7.65
8.544	17.71	25.08	-0.02	7.56
8.576	17.71	25.08	-0.02	7.56
8.608	17.75	25.13	-0.02	7.56
8.640	17.75	25.13	0.08	7.65
8.672	17.75	25.13	0.08	7.65
8.704	17.67	25.04	0.08	7.65
8.736	17.67	25.04	-0.00	7.58
8.768	17.67	25.04	-0.00	7.58
8.800	17.73	25.10	-0.00	7.58
8.832	17.73	25.10	0.02	7.60
8.864	17.73	25.10	0.02	7.60
8.896	17.70	25.07	0.02	7.60
8.928	17.70	25.07	0.08	7.65
8.960	17.70	25.07	0.08	7.65
8.992	17.76	25.13	0.08	7.65
9.024	17.76	25.13	-0.02	7.56
9.056	17.76	25.13	-0.02	7.56
9.088	17.75	25.13	-0.02	7.56
9.120	17.75	25.13	0.08	7.65
9.152	17.75	25.13	0.08	7.65
9.184	17.69	25.06	0.08	7.65
9.216	17.69	25.06	0.01	7.58
9.248	17.69	25.06	0.01	7.58
9.280	17.74	25.11	0.01	7.58
9.312	17.74	25.11	0.02	7.59
9.344	17.74	25.11	0.02	7.59
9.376	17.69	25.07	0.02	7.59
9.408	17.69	25.07	0.08	7.66
9.440	17.69	25.07	0.08	7.66
9.472	17.76	25.14	0.08	7.66
9.504	17.76	25.14	-0.02	7.55
9.536	17.76	25.14	-0.02	7.55
9.568	17.73	25.10	-0.02	7.55
9.600	17.73	25.10	0.08	7.65
9.632	17.73	25.10	0.08	7.65
9.664	17.71	25.09	0.08	7.65
9.696	17.71	25.09	0.01	7.58
9.728	17.71	25.09	0.01	7.58
9.760	17.75	25.13	0.01	7.58
9.792	17.75	25.13	0.01	7.59
9.824	17.75	25.13	0.01	7.59
9.856	17.71	25.08	0.01	7.59
9.888	17.71	25.08	0.08	7.66
9.920	17.71	25.08	0.08	7.66
9.952	17.78	25.16	0.08	7.66
9.984	17.78	25.16	-0.02	7.55
10.016	17.78	25.16	-0.02	7.55
10.048	17.80	25.17	-0.02	7.55
10.080	17.80	25.17	0.07	7.65
10.112	17.80	25.17	0.07	7.65
10.144	17.75	25.13	0.07	7.65
10.176	17.75	25.13	0.02	7.59
10.208	17.75	25.13	0.02	7.59
10.240	17.72	25.10	0.02	7.59
10.272	17.72	25.10	0.01	7.58
10.304	17.72	25.10	0.01	7.58
10.336	17.74	25.11	0.01	7.58
10.368	17.74	25.11	0.08	7.66
10.400	17.74	25.11	0.08	7.66
10.432	17.72	25.09	0.08	7.66
10.464	17.72	25.09	-0.02	7.56
10.496	17.72	25.09	-0.02	7.56
10.528	17.75	25.13	-0.02	7.56
10.560	17.75	25.13	0.07	7.64
10.592	17.75	25.13	0.07	7.64
10.624	17.74	25.11	0.07	7.64
10.656	17.74	25.11	0.02	7.60
10.688	17.74	25.11	0.02	7.60
10.720	17.73	25.11	0.02	7.60
10.752	17.73	25.11	-0.00	7.57
10.784	17.73	25.11	-0.00	7.57
10.816	17.71	25.09	-0.00	7.57
10.848	17.71	25.09	0.09	7.66
10.880	17.71	25.09	0.09	7.66
10.912	17.77	25.14	0.09	7.66
10.944	17.77	25.14	-0.02	7.56
10.976	17.77	25.14	-0.02	7.56
11.008	17.78	25.15	-0.02	7.56
11.040	17.78	25.15	0.07	7.65
11.072	17.78	25.15	0.07	7.65
11.104	17.77	25.15	0.07	7.65
11.136	17.77	25.15	0.03	7.60
11.168	17.77	25.15	0.03	7.60
11.200	17.76	25.13	0.03	7.60
11.232	17.76	25.13	-0.01	7.57
11.264	17.76	25.13	-0.01	7.57
11.296	17.81	25.19	-0.01	7.57
11.328	17.81	25.19	0.09	7.66
11.360	17.81	25.19	0.09	7.66
11.392	17.83	25.21	0.09	7.66
11.424	17.83	25.21	-0.01	7.56
11.456	17.83	25.21	-0.01	7.56
11.488	17.81	25.19	-0.01	7.56
11.520	17.81	25.19	0.07	7.64
11.552	17.81	25.19	0.07	7.64
11.584	17.80	25.18	0.07	7.64
11.616	17.80	25.18	0.04	7.61
11.648	17.80	25.18	0.04	7.61
11.680	17.85	25.22	0.04	7.61
11.712	17.85	25.22	-0.00	7.57
11.744	17.85	25.22	-0.00	7.57
11.776	17.78	25.16	-0.00	7.57
11.808	17.78	25.16	0.09	7.67
11.840	17.78	25.16	0.09	7.67
11.872	17.82	25.20	0.09	7.67
11.904	17.82	25.20	-0.01	7.57
11.936	17.82	25.20	-0.01	7.57
11.968	17.82	25.19	-0.01	7.57
12.000	17.82	25.19	0.07	7.64
12.032	17.82	25.19	0.07	7.64
12.064	17.75	25.13	0.07	7.64
12.096	17.75	25.13	0.05	7.62
12.128	17.75	25.13	0.05	7.62
12.160	17.78	25.15	0.05	7.62
12.192	17.78	25.15	-0.01	7.57
12.224	17.78	25.15	-0.01	7.57
12.256	17.81	25.19	-0.01	7.57
12.288	17.81	25.19	0.09	7.67
12.320	17.81	25.19	0.09	7.67
12.352	17.86	25.24	0.09	7.67
12.384	17.86	25.24	-0.01	7.57
12.416	17.86	25.24	-0.01	7.57
12.448	17.84	25.21	-0.01	7.57
12.480	17.84	25.21	0.06	7.64
12.512	17.84	25.21	0.06	7.64
12.544	17.82	25.20	0.06	7.64
12.576	17.82	25.20	0.05	7.63
12.608	17.82	25.20	0.05	7.63
12.640	17.83	25.20	0.05	7.63
12.672	17.83	25.20	-0.01	7.57
12.704	17.83	25.20	-0.01	7.57
12.736	17.80	25.18	-0.01	7.57
12.768	17.80	25.18	0.09	7.67
12.800	17.80	25.18	0.09	7.67
12.832	17.80	25.18	0.09	7.67
12.864	17.80	25.18	-0.00	7.57
12.896	17.80	25.18	-0.00	7.57
12.928	17.77	25.14	-0.00	7.57
12.960	17.77	25.14	0.06	7.64
12.992	17.77	25.14	0.06	7.64
13.024	17.76	25.13	0.06	7.64
13.056	17.76	25.13	0.06	7.63
13.088	17.76	25.13	0.06	7.63
13.120	17.79	25.16	0.06	7.63
13.152	17.79	25.16	-0.01	7.56
13.184	17.79	25.16	-0.01	7.56
13.216	17.82	25.20	-0.01	7.56
13.248	17.82	25.20	0.09	7.67
13.280	17.82	25.20	0.09	7.67
13.312	17.82	25.20	0.09	7.67
13.344	17.82	25.20	-0.00	7.58
13.376	17.82	25.20	-0.00	7.58
13.408	17.77	25.15	-0.00	7.58
13.440	17.77	25.15	0.06	7.63
13.472	17.77	25.15	0.06	7.63
13.504	17.82	25.19	0.06	7.63
13.536	17.82	25.19	0.06	7.64
13.568	17.82	25.19	0.06	7.64
13.600	17.80	25.18	0.06	7.64
13.632	17.80	25.18	-0.01	7.56
13.664	17.80	25.18	-0.01	7.56
13.696	17.82	25.20	-0.01	7.56
13.728	17.82	25.20	0.09	7.66
13.760	17.82	25.20	0.09	7.66
13.792	17.82	25.20	0.09	7.66
13.824	17.82	25.20	0.00	7.58
13.856	17.82	25.20	0.00	7.58
13.888	17.78	25.15	0.00	7.58
13.920	17.78	25.15	0.05	7.62
13.952	17.78	25.15	0.05	7.62
13.984	17.74	25.11	0.05	7.62
14.016	17.74	25.11	0.08	7.65
14.048	17.74	25.11	0.08	7.65
14.080	17.70	25.07	0.08	7.65
14.112	17.70	25.07	-0.02	7.56
14.144	17.70	25.07	-0.02	7.56
14.176	17.79	25.16	-0.02	7.56
14.208	17.79	25.16	0.09	7.66
14.240	17.79	25.16	0.09	7.66
14.272	17.83	25.21	0.09	7.66
14.304	17.83	25.21	-0.00	7.58
14.336	17.83	25.21	-0.00	7.58
14.368	17.76	25.13	-0.00	7.58
14.400	17.76	25.13	0.04	7.62
14.432	17.76	25.13	0.04	7.62
14.464	17.80	25.18	0.04	7.62
14.496	17.80	25.18	0.08	7.65
14.528	17.80	25.18	0.08	7.65
14.560	17.78	25.16	0.08	7.65
14.592	17.78	25.16	-0.01	7.56
14.624	17.78	25.16	-0.01	7.56
14.656	17.84	25.22	-0.01	7.56
14.688	17.84	25.22	0.08	7.66
14.720	17.84	25.22	0.08	7.66
14.752	17.85	25.23	0.08	7.66
14.784	17.85	25.23	0.00	7.58
14.816	17.85	25.23	0.00	7.58
14.848	17.79	25.16	0.00	7.58
14.880	17.79	25.16	0.03	7.60
14.912	17.79	25.16	0.03	7.60
14.944	17.77	25.15	0.03	7.60
14.976	17.77	25.15	0.08	7.65
15.008	17.77	25.15	0.08	7.65
15.040	17.77	25.14	0.08	7.65
15.072	17.77	25.14	-0.02	7.56
15.104	17.77	25.14	-0.02	7.56
15.136	17.82	25.20	-0.02	7.56
15.168	17.82	25.20	0.08	7.65
15.200	17.82	25.20	0.08	7.65
15.232	17.78	25.16	0.08	7.65
15.264	17.78	25.16	0.01	7.58
15.296	17.78	25.16	0.01	7.58
15.328	17.79	25.17	0.01	7.58
15.360	17.79	25.17	0.02	7.60
15.392	17.79	25.17	0.02	7.60
15.424	17.80	25.18	0.02	7.60
15.456	17.80	25.18	0.08	7.66
15.488	17.80	25.18	0.08	7.66
15.520	17.76	25.14	0.08	7.66
15.552	17.76	25.14	-0.02	7.55
15.584	17.76	25.14	-0.02	7.55
15.616	17.81	25.18	-0.02	7.55
15.648	17.81	25.18	0.07	7.65
15.680	17.81	25.18	0.07	7.65
15.712	17.77	25.14	0.07	7.65
15.744	17.77	25.14	0.01	7.58
15.776	17.77	25.14	0.01	7.58
15.808	17.76	25.14	0.01	7.58
15.840	17.76	25.14	0.01	7.59
15.872	17.76	25.14	0.01	7.59
15.904	17.77	25.14	0.01	7.59
15.936	17.77	25.14	0.09	7.66
15.968	17.77	25.14	0.09	7.66
16.000	17.76	25.14	0.09	7.66
16.032	17.76	25.14	-0.02	7.55
16.064	17.76	25.14	-0.02	7.55
16.096	17.82	25.19	-0.02	7.55
16.128	17.82	25.19	0.07	7.64
16.160	17.82	25.19	0.07	7.64
16.192	17.80	25.17	0.07	7.64
16.224	17.80	25.17	0.02	7.59
16.256	17.80	25.17	0.02	7.59
16.288	17.79	25.17	0.02	7.59
16.320	17.79	25.17	0.01	7.58
16.352	17.79	25.17	0.01	7.58
16.384	17.81	25.18	0.01	7.58
16.416	17.81	25.18	0.09	7.66
16.448	17.81	25.18	0.09	7.66
16.480	17.82	25.20	0.09	7.66
16.512	17.82	25.20	-0.02	7.56
16.544	17.82	25.20	-0.02	7.56
16.576	17.81	25.18	-0.02	7.56
16.608	17.81	25.18	0.07	7.65
16.640	17.81	25.18	0.07	7.65
16.672	17.80	25.18	0.07	7.65
16.704	17.80	25.18	0.02	7.59
16.736	17.80	25.18	0.02	7.59
16.768	17.79	25.17	0.02	7.59
16.800	17.79	25.17	-0.00	7.57
16.832	17.79	25.17	-0.00	7.57
16.864	17.81	25.19	-0.00	7.57
16.896	17.81	25.19	0.08	7.66
16.928	17.81	25.19	0.08	7.66
16.960	17.82	25.19	0.08	7.66
16.992	17.82	25.19	-0.02	7.55
17.024	17.82	25.19	-0.02	7.55
17.056	17.80	25.18	-0.02	7.55
17.088	17.80	25.18	0.07	7.64
17.120	17.80	25.18	0.07	7.64
17.152	17.81	25.19	0.07	7.64
17.184	17.81	25.19	0.03	7.60
17.216	17.81	25.19	0.03	7.60
17.248	17.79	25.17	0.03	7.60
17.280	17.79	25.17	-0.01	7.57
17.312	17.79	25.17	-0.01	7.57
17.344	17.82	25.20	-0.01	7.57
17.376	17.82	25.20	0.09	7.66
17.408	17.82	25.20	0.09	7.66
17.440	17.80	25.17	0.09	7.66
17.472	17.80	25.17	-0.01	7.56
17.504	17.80	25.17	-0.01	7.56
17.536	17.81	25.19	-0.01	7.56
17.568	17.81	25.19	0.07	7.65
17.600	17.81	25.19	0.07	7.65
17.632	17.77	25.15	0.07	7.65
17.664	17.77	25.15	0.04	7.61
17.696	17.77	25.15	0.04	7.61
17.728	17.79	25.17	0.04	7.61
17.760	17.79	25.17	-0.01	7.57
17.792	17.79	25.17	-0.01	7.57
17.824	17.77	25.14	-0.01	7.57
17.856	17.77	25.14	0.09	7.66
17.888	17.77	25.14	0.09	7.66
17.920	17.87	25.25	0.09	7.66
17.952	17.87	25.25	-0.01	7.57
17.984	17.87	25.25	-0.01	7.57
18.016	17.81	25.19	-0.01	7.57
18.048	17.81	25.19	0.07	7.64
18.080	17.81	25.19	0.07	7.64
18.112	17.83	25.21	0.07	7.64
18.144	17.83	25.21	0.04	7.62
18.176	17.83	25.21	0.04	7.62
18.208	17.83	25.21	0.04	7.62
18.240	17.83	25.21	-0.01	7.56
18.272	17.83	25.21	-0.01	7.56
18.304	17.81	25.18	-0.01	7.56
18.336	17.81	25.18	0.09	7.67
18.368	17.81	25.18	0.09	7.67
18.400	17.83	25.21	0.09	7.67
18.432	17.83	25.21	-0.01	7.57
18.464	17.83	25.21	-0.01	7.57
18.496	17.84	25.22	-0.01	7.57
18.528	17.84	25.22	0.06	7.64
18.560	17.84	25.22	0.06	7.64
18.592	17.83	25.21	0.06	7.64
18.624	17.83	25.21	0.05	7.63
18.656	17.83	25.21	0.05	7.63
18.688	17.84	25.22	0.05	7.63
18.720	17.84	25.22	-0.01	7.56
18.752	17.84	25.22	-0.01	7.56
18.784	17.83	25.21	-0.01	7.56
18.816	17.83	25.21	0.09	7.67
18.848	17.83	25.21	0.09	7.67
18.880	17.88	25.25	0.09	7.67
18.912	17.88	25.25	-0.00	7.57
18.944	17.88	25.25	-0.00	7.57
18.976	17.84	25.22	-0.00	7.57
19.008	17.84	25.22	0.06	7.63
19.040	17.84	25.22	0.06	7.63
19.072	17.81	25.19	0.06	7.63
19.104	17.81	25.19	0.06	7.63
19.136	17.81	25.19	0.06	7.63
19.168	17.88	25.25	0.06	7.63
19.200	17.88	25.25	-0.01	7.56
19.232	17.88	25.25	-0.01	7.56
19.264	17.86	25.23	-0.01	7.56
19.296	17.86	25.23	0.09	7.67
19.328	17.86	25.23	0.09	7.67
19.360	17.86	25.24	0.09	7.67
19.392	17.86	25.24	-0.00	7.58
19.424	17.86	25.24	-0.00	7.58
19.456	17.83	25.20	-0.00	7.58
19.488	17.83	25.20	0.05	7.63
19.520	17.83	25.20	0.05	7.63
19.552	17.82	25.20	0.05	7.63
19.584	17.82	25.20	0.07	7.64
19.616	17.82	25.20	0.07	7.64
19.648	17.85	25.22	0.07	7.64
19.680	17.85	25.22	-0.02	7.56
19.712	17.85	25.22	-0.02	7.56
19.744	17.86	25.24	-0.02	7.56
19.776	17.86	25.24	0.09	7.67
19.808	17.86	25.24	0.09	7.67
19.840	17.86	25.23	0.09	7.67
19.872	17.86	25.23	-0.00	7.58
19.904	17.86	25.23	-0.00	7.58
19.936	17.81	25.18	-0.00	7.58
19.968	17.81	25.18	0.05	7.62
20.000	17.81	25.18	0.05	7.62
20.032	17.80	25.17	0.05	7.62
20.064	17.80	25.17	0.07	7.65
20.096	17.80	25.17	0.07	7.65
20.128	17.82	25.20	0.07	7.65
20.160	17.82	25.20	-0.02	7.56
20.192	17.82	25.20	-0.02	7.56
20.224	17.79	25.17	-0.02	7.56
20.256	17.79	25.17	0.09	7.66
20.288	17.79	25.17	0.09	7.66
20.320	17.82	25.20	0.09	7.66
20.352	17.82	25.20	-0.00	7.57
20.384	17.82	25.20	-0.00	7.57
20.416	17.79	25.17	-0.00	7.57
20.448	17.79	25.17	0.04	7.62
20.480	17.79	25.17	0.04	7.62
20.512	17.85	25.22	0.04	7.62
20.544	17.85	25.22	0.07	7.65
20.576	17.85	25.22	0.07	7.65
20.608	17.85	25.22	0.07	7.65
20.640	17.85	25.22	-0.02	7.56
20.672	17.85	25.22	-0.02	7.56
20.704	17.87	25.25	-0.02	7.56
20.736	17.87	25.25	0.08	7.66
20.768	17.87	25.25	0.08	7.66
20.800	17.86	25.23	0.08	7.66
20.832	17.86	25.23	-0.00	7.57
20.864	17.86	25.23	-0.00	7.57
20.896	17.89	25.27	-0.00	7.57
20.928	17.89	25.27	0.03	7.61
20.960	17.89	25.27	0.03	7.61
20.992	17.84	25.22	0.03	7.61
21.024	17.84	25.22	0.08	7.65
21.056	17.84	25.22	0.08	7.65
21.088	17.88	25.26	0.08	7.65
21.120	17.88	25.26	-0.02	7.56
21.152	17.88	25.26	-0.02	7.56
21.184	17.85	25.23	-0.02	7.56
21.216	17.85	25.23	0.08	7.65
21.248	17.85	25.23	0.08	7.65
21.280	17.87	25.25	0.08	7.65
21.312	17.87	25.25	0.00	7.58
21.344	17.87	25.25	0.00	7.58
21.376	17.89	25.27	0.00	7.58
21.408	17.89	25.27	0.02	7.60
21.440	17.89	25.27	0.02	7.60
21.472	17.85	25.22	0.02	7.60
21.504	17.85	25.22	0.08	7.65
21.536	17.85	25.22	0.08	7.65
21.568	17.85	25.22	0.08	7.65
21.600	17.85	25.22	-0.02	7.56
21.632	17.85	25.22	-0.02	7.56
21.664	17.90	25.27	-0.02	7.56
21.696	17.90	25.27	0.08	7.65
21.728	17.90	25.27	0.08	7.65
21.760	17.91	25.29	0.08	7.65
21.792	17.91	25.29	0.00	7.58
21.824	17.91	25.29	0.00	7.58
21.856	17.89	25.26	0.00	7.58
21.888	17.89	25.26	0.02	7.60
21.920	17.89	25.26	0.02	7.60
21.952	17.89	25.26	0.02	7.60
21.984	17.89	25.26	0.08	7.65
22.016	17.89	25.26	0.08	7.65
22.048	17.85	25.22	0.08	7.65
22.080	17.85	25.22	-0.02	7.55
22.112	17.85	25.22	-0.02	7.55
22.144	17.86	25.24	-0.02	7.55
22.176	17.86	25.24	0.08	7.65
22.208	17.86	25.24	0.08	7.65
22.240	17.90	25.28	0.08	7.65
22.272	17.90	25.28	0.01	7.58
22.304	17.90	25.28	0.01	7.58
22.336	17.86	25.23	0.01	7.58
22.368	17.86	25.23	0.02	7.59
22.400	17.86	25.23	0.02	7.59
22.432	17.92	25.29	0.02	7.59
22.464	17.92	25.29	0.08	7.66
22.496	17.92	25.29	0.08	7.66
22.528	17.91	25.29	0.08	7.66
22.560	17.91	25.29	-0.02	7.55
22.592	17.91	25.29	-0.02	7.55
22.624	17.94	25.31	-0.02	7.55
22.656	17.94	25.31	0.07	7.65
22.688	17.94	25.31	0.07	7.65
22.720	17.91	25.29	0.07	7.65
22.752	17.91	25.29	0.01	7.58
22.784	17.91	25.29	0.01	7.58
22.816	17.90	25.28	0.01	7.58
22.848	17.90	25.28	0.01	7.59
22.880	17.90	25.28	0.01	7.59
22.912	17.94	25.31	0.01	7.59
22.944	17.94	25.31	0.08	7.66
22.976	17.94	25.31	0.08	7.66
23.008	17.89	25.27	0.08	7.66
23.040	17.89	25.27	-0.02	7.55
23.072	17.89	25.27	-0.02	7.55
23.104	17.88	25.26	-0.02	7.55
23.136	17.88	25.26	0.07	7.64
23.168	17.88	25.26	0.07	7.64
23.200	17.90	25.28	0.07	7.64
23.232	17.90	25.28	0.01	7.59
23.264	17.90	25.28	0.01	7.59
23.296	17.89	25.26	0.01	7.59
23.328	17.89	25.26	0.01	7.58
23.360	17.89	25.26	0.01	7.58
23.392	17.91	25.29	0.01	7.58
23.424	17.91	25.29	0.08	7.66
23.456	17.91	25.29	0.08	7.66
23.488	17.92	25.30	0.08	7.66
23.520	17.92	25.30	-0.02	7.55
23.552	17.92	25.30	-0.02	7.55
23.584	17.90	25.28	-0.02	7.55
23.616	17.90	25.28	0.07	7.64
23.648	17.90	25.28	0.07	7.64
23.680	17.85	25.22	0.07	7.64
23.712	17.85	25.22	0.01	7.59
23.744	17.85	25.22	0.01	7.59
23.776	17.82	25.20	0.01	7.59
23.808	17.82	25.20	0.00	7.58
23.840	17.82	25.20	0.00	7.58
23.872	17.91	25.28	0.00	7.58
23.904	17.91	25.28	0.08	7.66
23.936	17.91	25.28	0.08	7.66
23.968	17.88	25.25	0.08	7.66
24.000	17.88	25.25	-0.02	7.56
24.032	17.88	25.25	-0.02	7.56
24.064	17.88	25.25	-0.02	7.56
24.096	17.88	25.25	0.07	7.64
24.128	17.88	25.25	0.07	7.64
24.160	17.84	25.22	0.07	7.64
24.192	17.84	25.22	0.01	7.59
24.224	17.84	25.22	0.01	7.59
24.256	17.81	25.18	0.01	7.59
24.288	17.81	25.18	-0.00	7.58
24.320	17.81	25.18	-0.00	7.58
24.352	17.82	25.20	-0.00	7.58
24.384	17.82	25.20	0.08	7.66
24.416	17.82	25.20	0.08	7.66
24.448	17.86	25.24	0.08	7.66
24.480	17.86	25.24	-0.01	7.56
24.512	17.86	25.24	-0.01	7.56
24.544	17.88	25.26	-0.01	7.56
24.576	17.88	25.26	0.07	7.65
24.608	17.88	25.26	0.07	7.65
24.640	17.86	25.23	0.07	7.65
24.672	17.86	25.23	0.02	7.60
24.704	17.86	25.23	0.02	7.60
24.736	17.87	25.24	0.02	7.60
24.768	17.87	25.24	-0.00	7.57
24.800	17.87	25.24	-0.00	7.57
24.832	17.90	25.28	-0.00	7.57
24.864	17.90	25.28	0.08	7.66
24.896	17.90	25.28	0.08	7.66
24.928	17.91	25.29	0.08	7.66
24.960	17.91	25.29	-0.02	7.56
24.992	17.91	25.29	-0.02	7.56
25.024	17.90	25.28	-0.02	7.56
25.056	17.90	25.28	0.07	7.64
25.088	17.90	25.28	0.07	7.64
25.120	17.91	25.29	0.07	7.64
25.152	17.91	25.29	0.03	7.60
25.184	17.91	25.29	0.03	7.60
25.216	17.84	25.22	0.03	7.60
25.248	17.84	25.22	-0.01	7.57
25.280	17.84	25.22	-0.01	7.57
25.312	17.84	25.22	-0.01	7.57
25.344	17.84	25.22	0.08	7.66
25.376	17.84	25.22	0.08	7.66
25.408	17.92	25.29	0.08	7.66
25.440	17.92	25.29	-0.01	7.56
25.472	17.92	25.29	-0.01	7.56
25.504	17.92	25.30	-0.01	7.56
25.536	17.92	25.30	0.07	7.64
25.568	17.92	25.30	0.07	7.64
25.600	17.89	25.27	0.07	7.64
25.632	17.89	25.27	0.03	7.61
25.664	17.89	25.27	0.03	7.61
25.696	17.86	25.23	0.03	7.61
25.728	17.86	25.23	-0.01	7.57
25.760	17.86	25.23	-0.01	7.57
25.792	17.84	25.22	-0.01	7.57
25.824	17.84	25.22	0.08	7.66
25.856	17.84	25.22	0.08	7.66
25.888	17.86	25.24	0.08	7.66
25.920	17.86	25.24	-0.01	7.56
25.952	17.86	25.24	-0.01	7.56
25.984	17.91	25.29	-0.01	7.56
26.016	17.91	25.29	0.06	7.64
26.048	17.91	25.29	0.06	7.64
26.080	17.89	25.27	0.06	7.64
26.112	17.89	25.27	0.03	7.61
26.144	17.89	25.27	0.03	7.61
26.176	17.91	25.29	0.03	7.61
26.208	17.91	25.29	-0.01	7.57
26.240	17.91	25.29	-0.01	7.57
26.272	17.85	25.23	-0.01	7.57
26.304	17.85	25.23	0.09	7.66
26.336	17.85	25.23	0.09	7.66
26.368	17.90	25.27	0.09	7.66
26.400	17.90	25.27	-0.01	7.56
26.432	17.90	25.27	-0.01	7.56
26.464	17.91	25.28	-0.01	7.56
26.496	17.91	25.28	0.06	7.64
26.528	17.91	25.28	0.06	7.64
26.560	17.88	25.25	0.06	7.64
26.592	17.88	25.25	0.04	7.61
26.624	17.88	25.25	0.04	7.61
26.656	17.91	25.29	0.04	7.61
26.688	17.91	25.29	-0.01	7.57
26.720	17.91	25.29	-0.01	7.57
26.752	17.90	25.27	-0.01	7.57
26.784	17.90	25.27	0.08	7.66
26.816	17.90	25.27	0.08	7.66
26.848	17.91	25.28	0.08	7.66
26.880	17.91	25.28	-0.01	7.57
26.912	17.91	25.28	-0.01	7.57
26.944	17.90	25.27	-0.01	7.57
26.976	17.90	25.27	0.07	7.64
27.008	17.90	25.27	0.07	7.64
27.040	17.85	25.23	0.07	7.64
27.072	17.85	25.23	0.04	7.61
27.104	17.85	25.23	0.04	7.61
27.136	17.85	25.22	0.04	7.61
27.168	17.85	25.22	-0.01	7.56
27.200	17.85	25.22	-0.01	7.56
27.232	17.89	25.27	-0.01	7.56
27.264	17.89	25.27	0.09	7.66
27.296	17.89	25.27	0.09	7.66
27.328	17.93	25.31	0.09	7.66
27.360	17.93	25.31	-0.01	7.57
27.392	17.93	25.31	-0.01	7.57
27.424	17.91	25.29	-0.01	7.57
27.456	17.91	25.29	0.07	7.64
27.488	17.91	25.29	0.07	7.64
27.520	17.91	25.28	0.07	7.64
27.552	17.91	25.28	0.04	7.62
27.584	17.91	25.28	0.04	7.62
27.616	17.91	25.28	0.04	7.62
27.648	17.91	25.28	-0.01	7.56
27.680	17.91	25.28	-0.01	7.56
27.712	17.92	25.30	-0.01	7.56
27.744	17.92	25.30	0.09	7.66
27.776	17.92	25.30	0.09	7.66
27.808	17.94	25.32	0.09	7.66
27.840	17.94	25.32	-0.01	7.57
27.872	17.94	25.32	-0.01	7.57
27.904	17.92	25.29	-0.01	7.57
27.936	17.92	25.29	0.06	7.64
27.968	17.92	25.29	0.06	7.64
28.000	17.91	25.28	0.06	7.64
28.032	17.91	25.28	0.05	7.62
28.064	17.91	25.28	0.05	7.62
28.096	17.94	25.32	0.05	7.62
28.128	17.94	25.32	-0.01	7.56
28.160	17.94	25.32	-0.01	7.56
28.192	17.97	25.34	-0.01	7.56
28.224	17.97	25.34	0.08	7.66
28.256	17.97	25.34	0.08	7.66
28.288	17.94	25.31	0.08	7.66
28.320	17.94	25.31	-0.01	7.57
28.352	17.94	25.31	-0.01	7.57
28.384	17.89	25.26	-0.01	7.57
28.416	17.89	25.26	0.07	7.64
28.448	17.89	25.26	0.07	7.64
28.480	17.89	25.27	0.07	7.64
28.512	17.89	25.27	0.05	7.62
28.544	17.89	25.27	0.05	7.62
28.576	17.93	25.30	0.05	7.62
28.608	17.93	25.30	-0.01	7.57
28.640	17.93	25.30	-0.01	7.57
28.672	17.93	25.31	-0.01	7.57
28.704	17.93	25.31	0.09	7.67
28.736	17.93	25.31	0.09	7.67
28.768	17.94	25.31	0.09	7.67
28.800	17.94	25.31	-0.01	7.57
28.832	17.94	25.31	-0.01	7.57
28.864	17.95	25.32	-0.01	7.57
28.896	17.95	25.32	0.06	7.64
28.928	17.95	25.32	0.06	7.64
28.960	17.91	25.28	0.06	7.64
28.992	17.91	25.28	0.05	7.62
29.024	17.91	25.28	0.05	7.62
29.056	17.90	25.28	0.05	7.62
29.088	17.90	25.28	-0.01	7.56
29.120	17.90	25.28	-0.01	7.56
29.152	17.95	25.32	-0.01	7.56
29.184	17.95	25.32	0.09	7.67
29.216	17.95	25.32	0.09	7.67
29.248	17.92	25.29	0.09	7.67
29.280	17.92	25.29	-0.01	7.57
29.312	17.92	25.29	-0.01	7.57
29.344	17.91	25.29	-0.01	7.57
29.376	17.91	25.29	0.06	7.64
29.408	17.91	25.29	0.06	7.64
29.440	17.97	25.35	0.06	7.64
29.472	17.97	25.35	0.05	7.63
29.504	17.97	25.35	0.05	7.63
29.536	17.94	25.31	0.05	7.63
29.568	17.94	25.31	-0.01	7.56
29.600	17.94	25.31	-0.01	7.56
29.632	17.99	25.36	-0.01	7.56
29.664	17.99	25.36	0.09	7.67
29.696	17.99	25.36	0.09	7.67
29.728	17.89	25.27	0.09	7.67
29.760	17.89	25.27	-0.01	7.57
29.792	17.89	25.27	-0.01	7.57
29.824	17.88	25.26	-0.01	7.57
29.856	17.88	25.26	0.06	7.64
29.888	17.88	25.26	0.06	7.64
29.920	17.89	25.26	0.06	7.64
29.952	17.89	25.26	0.05	7.62
29.984	17.89	25.26	0.05	7.62
30.016	17.90	25.28	0.05	7.62
30.048	17.90	25.28	-0.01	7.56
30.080	17.90	25.28	-0.01	7.56
30.112	17.94	25.32	-0.01	7.56
30.144	17.94	25.32	0.09	7.67
30.176	17.94	25.32	0.09	7.67
30.208	17.89	25.26	0.09	7.67
30.240	17.89	25.26	-0.00	7.57
30.272	17.89	25.26	-0.00	7.57
30.304	17.89	25.26	-0.00	7.57
30.336	17.89	25.26	0.06	7.63
30.368	17.89	25.26	0.06	7.63
30.400	17.91	25.29	0.06	7.63
30.432	17.91	25.29	0.05	7.63
30.464	17.91	25.29	0.05	7.63
30.496	17.92	25.30	0.05	7.63
30.528	17.92	25.30	-0.01	7.56
30.560	17.92	25.30	-0.01	7.56
30.592	17.91	25.29	-0.01	7.56
30.624	17.91	25.29	0.09	7.67
30.656	17.91	25.29	0.09	7.67
30.688	17.90	25.28	0.09	7.67
30.720	17.90	25.28	-0.01	7.57
30.752	17.90	25.28	-0.01	7.57
30.784	17.87	25.24	-0.01	7.57
30.816	17.87	25.24	0.06	7.64
30.848	17.87	25.24	0.06	7.64
30.880	17.94	25.31	0.06	7.64
30.912	17.94	25.31	0.05	7.63
30.944	17.94	25.31	0.05	7.63
30.976	17.92	25.30	0.05	7.63
31.008	17.92	25.30	-0.01	7.56
31.040	17.92	25.30	-0.01	7.56
31.072	17.95	25.33	-0.01	7.56
31.104	17.95	25.33	0.09	7.67
31.136	17.95	25.33	0.09	7.67
31.168	17.93	25.30	0.09	7.67
31.200	17.93	25.30	-0.00	7.57
31.232	17.93	25.30	-0.00	7.57
31.264	17.93	25.31	-0.00	7.57
31.296	17.93	25.31	0.06	7.63
31.328	17.93	25.31	0.06	7.63
31.360	17.97	25.35	0.06	7.63
31.392	17.97	25.35	0.06	7.63
31.424	17.97	25.35	0.06	7.63
31.456	17.91	25.28	0.06	7.63
31.488	17.91	25.28	-0.01	7.56
31.520	17.91	25.28	-0.01	7.56
31.552	17.91	25.29	-0.01	7.56
31.584	17.91	25.29	0.09	7.67
31.616	17.91	25.29	0.09	7.67
31.648	17.88	25.25	0.09	7.67
31.680	17.88	25.25	-0.00	7.57
31.712	17.88	25.25	-0.00	7.57
31.744	17.85	25.23	-0.00	7.57
31.776	17.85	25.23	0.06	7.63
31.808	17.85	25.23	0.06	7.63
31.840	17.86	25.24	0.06	7.63
31.872	17.86	25.24	0.06	7.63
31.904	17.86	25.24	0.06	7.63
31.936	17.93	25.31	0.06	7.63
31.968	17.93	25.31	-0.01	7.56
32.000	17.93	25.31	-0.01	7.56
32.032	17.94	25.31	-0.01	7.56
32.064	17.94	25.31	0.09	7.66
32.096	17.94	25.31	0.09	7.66
32.128	17.92	25.30	0.09	7.66
32.160	17.92	25.30	-0.00	7.57
32.192	17.92	25.30	-0.00	7.57
32.224	17.92	25.29	-0.00	7.57
32.256	17.92	25.29	0.06	7.63
32.288	17.92	25.29	0.06	7.63
32.320	17.87	25.25	0.06	7.63
32.352	17.87	25.25	0.06	7.63
32.384	17.87	25.25	0.06	7.63
32.416	17.91	25.29	0.06	7.63
32.448	17.91	25.29	-0.02	7.56
32.480	17.91	25.29	-0.02	7.56
32.512	17.91	25.29	-0.02	7.56
32.544	17.91	25.29	0.09	7.66
32.576	17.91	25.29	0.09	7.66
32.608	17.90	25.28	0.09	7.66
32.640	17.90	25.28	-0.00	7.57
32.672	17.90	25.28	-0.00	7.57
32.704	17.91	25.29	-0.00	7.57
32.736	17.91	25.29	0.05	7.63
32.768	17.91	25.29	0.05	7.63
32.800	17.92	25.30	0.05	7.63
32.832	17.92	25.30	0.06	7.64
32.864	17.92	25.30	0.06	7.64
32.896	17.98	25.35	0.06	7.64
32.928	17.98	25.35	-0.02	7.55
32.960	17.98	25.35	-0.02	7.55
32.992	17.98	25.36	-0.02	7.55
33.024	17.98	25.36	0.09	7.67
33.056	17.98	25.36	0.09	7.67
33.088	17.94	25.32	0.09	7.67
33.120	17.94	25.32	-0.00	7.57
33.152	17.94	25.32	-0.00	7.57
33.184	17.94	25.32	-0.00	7.57
33.216	17.94	25.32	0.05	7.63
33.248	17.94	25.32	0.05	7.63
33.280	17.91	25.29	0.05	7.63
33.312	17.91	25.29	0.06	7.64
33.344	17.91	25.29	0.06	7.64
33.376	17.92	25.30	0.06	7.64
33.408	17.92	25.30	-0.02	7.56
33.440	17.92	25.30	-0.02	7.56
33.472	17.95	25.33	-0.02	7.56
33.504	17.95	25.33	0.09	7.66
33.536	17.95	25.33	0.09	7.66
33.568	17.97	25.35	0.09	7.66
33.600	17.97	25.35	-0.00	7.57
33.632	17.97	25.35	-0.00	7.57
33.664	17.96	25.33	-0.00	7.57
33.696	17.96	25.33	0.05	7.62
33.728	17.96	25.33	0.05	7.62
33.760	17.93	25.31	0.05	7.62
33.792	17.93	25.31	0.06	7.64
33.824	17.93	25.31	0.06	7.64
33.856	17.98	25.36	0.06	7.64
33.888	17.98	25.36	-0.02	7.56
33.920	17.98	25.36	-0.02	7.56
33.952	17.93	25.31	-0.02	7.56
33.984	17.93	25.31	0.09	7.66
34.016	17.93	25.31	0.09	7.66
34.048	17.88	25.26	0.09	7.66
34.080	17.88	25.26	-0.00	7.57
34.112	17.88	25.26	-0.00	7.57
34.144	17.94	25.32	-0.00	7.57
34.176	17.94	25.32	0.04	7.62
34.208	17.94	25.32	0.04	7.62
34.240	17.89	25.27	0.04	7.62
34.272	17.89	25.27	0.07	7.65
34.304	17.89	25.27	0.07	7.65
34.336	17.90	25.27	0.07	7.65
34.368	17.90	25.27	-0.02	7.56
34.400	17.90	25.27	-0.02	7.56
34.432	17.94	25.31	-0.02	7.56
34.464	17.94	25.31	0.08	7.66
34.496	17.94	25.31	0.08	7.66
34.528	17.92	25.30	0.08	7.66
34.560	17.92	25.30	-0.00	7.57
34.592	17.92	25.30	-0.00	7.57
34.624	17.98	25.35	-0.00	7.57
34.656	17.98	25.35	0.04	7.61
34.688	17.98	25.35	0.04	7.61
34.720	18.00	25.37	0.04	7.61
34.752	18.00	25.37	0.07	7.64
34.784	18.00	25.37	0.07	7.64
34.816	17.93	25.31	0.07	7.64
34.848	17.93	25.31	-0.02	7.56
34.880	17.93	25.31	-0.02	7.56
34.912	17.88	25.25	-0.02	7.56
34.944	17.88	25.25	0.08	7.66
34.976	17.88	25.25	0.08	7.66
35.008	17.92	25.29	0.08	7.66
35.040	17.92	25.29	-0.00	7.58
35.072	17.92	25.29	-0.00	7.58
35.104	17.96	25.33	-0.00	7.58
35.136	17.96	25.33	0.04	7.61
35.168	17.96	25.33	0.04	7.61
35.200	17.95	25.32	0.04	7.61
35.232	17.95	25.32	0.07	7.64
35.264	17.95	25.32	0.07	7.64
35.296	17.96	25.34	0.07	7.64
35.328	17.96	25.34	-0.01	7.56
35.360	17.96	25.34	-0.01	7.56
35.392	17.90	25.27	-0.01	7.56
35.424	17.90	25.27	0.08	7.65
35.456	17.90	25.27	0.08	7.65
35.488	17.93	25.30	0.08	7.65
35.520	17.93	25.30	-0.00	7.57
35.552	17.93	25.30	-0.00	7.57
35.584	17.92	25.29	-0.00	7.57
35.616	17.92	25.29	0.03	7.61
35.648	17.92	25.29	0.03	7.61
35.680	17.99	25.37	0.03	7.61
35.712	17.99	25.37	0.07	7.65
35.744	17.99	25.37	0.07	7.65
35.776	17.96	25.34	0.07	7.65
35.808	17.96	25.34	-0.01	7.56
35.840	17.96	25.34	-0.01	7.56
35.872	17.93	25.31	-0.01	7.56
35.904	17.93	25.31	0.08	7.66
35.936	17.93	25.31	0.08	7.66
35.968	17.93	25.30	0.08	7.66
36.000	17.93	25.30	-0.00	7.57
36.032	17.93	25.30	-0.00	7.57
36.064	17.91	25.29	-0.00	7.57
36.096	17.91	25.29	0.03	7.60
36.128	17.91	25.29	0.03	7.60
36.160	17.98	25.35	0.03	7.60
36.192	17.98	25.35	0.07	7.65
36.224	17.98	25.35	0.07	7.65
36.256	17.92	25.30	0.07	7.65
36.288	17.92	25.30	-0.02	7.55
36.320	17.92	25.30	-0.02	7.55
36.352	17.92	25.30	-0.02	7.55
36.384	17.92	25.30	0.07	7.65
36.416	17.92	25.30	0.07	7.65
36.448	17.96	25.34	0.07	7.65
36.480	17.96	25.34	-0.00	7.57
36.512	17.96	25.34	-0.00	7.57
36.544	17.96	25.33	-0.00	7.57
36.576	17.96	25.33	0.02	7.60
36.608	17.96	25.33	0.02	7.60
36.640	17.96	25.34	0.02	7.60
36.672	17.96	25.34	0.07	7.65
36.704	17.96	25.34	0.07	7.65
36.736	17.93	25.31	0.07	7.65
36.768	17.93	25.31	-0.02	7.55
36.800	17.93	25.31	-0.02	7.55
36.832	17.90	25.27	-0.02	7.55
36.864	17.90	25.27	0.08	7.65
36.896	17.90	25.27	0.08	7.65
36.928	17.92	25.30	0.08	7.65
36.960	17.92	25.30	-0.00	7.57
36.992	17.92	25.30	-0.00	7.57
37.024	17.89	25.27	-0.00	7.57
37.056	17.89	25.27	0.02	7.60
37.088	17.89	25.27	0.02	7.60
37.120	17.93	25.31	0.02	7.60
37.152	17.93	25.31	0.08	7.66
37.184	17.93	25.31	0.08	7.66
37.216	17.94	25.31	0.08	7.66
37.248	17.94	25.31	-0.02	7.55
37.280	17.94	25.31	-0.02	7.55
37.312	17.93	25.30	-0.02	7.55
37.344	17.93	25.30	0.07	7.65
37.376	17.93	25.30	0.07	7.65
37.408	17.94	25.32	0.07	7.65
37.440	17.94	25.32	0.00	7.58
37.472	17.94	25.32	0.00	7.58
37.504	17.92	25.29	0.00	7.58
37.536	17.92	25.29	0.02	7.59
37.568	17.92	25.29	0.02	7.59
37.600	17.89	25.27	0.02	7.59
37.632	17.89	25.27	0.08	7.65
37.664	17.89	25.27	0.08	7.65
37.696	17.92	25.30	0.08	7.65
37.728	17.92	25.30	-0.02	7.55
37.760	17.92	25.30	-0.02	7.55
37.792	17.93	25.30	-0.02	7.55
37.824	17.93	25.30	0.07	7.65
37.856	17.93	25.30	0.07	7.65
37.888	17.91	25.29	0.07	7.65
37.920	17.91	25.29	0.00	7.58
37.952	17.91	25.29	0.00	7.58
37.984	17.90	25.28	0.00	7.58
38.016	17.90	25.28	0.01	7.59
38.048	17.90	25.28	0.01	7.59
38.080	17.90	25.28	0.01	7.59
38.112	17.90	25.28	0.08	7.65
38.144	17.90	25.28	0.08	7.65
38.176	17.92	25.29	0.08	7.65
38.208	17.92	25.29	-0.02	7.55
38.240	17.92	25.29	-0.02	7.55
38.272	17.90	25.27	-0.02	7.55
38.304	17.90	25.27	0.07	7.65
38.336	17.90	25.27	0.07	7.65
38.368	17.94	25.32	0.07	7.65
38.400	17.94	25.32	0.01	7.58
38.432	17.94	25.32	0.01	7.58
38.464	17.95	25.33	0.01	7.58
38.496	17.95	25.33	0.01	7.59
38.528	17.95	25.33	0.01	7.59
38.560	17.91	25.28	0.01	7.59
38.592	17.91	25.28	0.08	7.66
38.624	17.91	25.28	0.08	7.66
38.656	17.88	25.26	0.08	7.66
38.688	17.88	25.26	-0.02	7.55
38.720	17.88	25.26	-0.02	7.55
38.752	17.88	25.26	-0.02	7.55
38.784	17.88	25.26	0.07	7.65
38.816	17.88	25.26	0.07	7.65
38.848	17.93	25.31	0.07	7.65
38.880	17.93	25.31	0.01	7.58
38.912	17.93	25.31	0.01	7.58
38.944	17.93	25.31	0.01	7.58
38.976	17.93	25.31	0.00	7.58
39.008	17.93	25.31	0.00	7.58
39.040	17.94	25.32	0.00	7.58
39.072	17.94	25.32	0.08	7.66
39.104	17.94	25.32	0.08	7.66
39.136	17.93	25.31	0.08	7.66
39.168	17.93	25.31	-0.02	7.55
39.200	17.93	25.31	-0.02	7.55
39.232	17.93	25.31	-0.02	7.55
39.264	17.93	25.31	0.07	7.65
39.296	17.93	25.31	0.07	7.65
39.328	17.89	25.27	0.07	7.65
39.360	17.89	25.27	0.01	7.59
39.392	17.89	25.27	0.01	7.59
39.424	17.96	25.33	0.01	7.59
39.456	17.96	25.33	0.00	7.58
39.488	17.96	25.33	0.00	7.58
39.520	17.96	25.34	0.00	7.58
39.552	17.96	25.34	0.08	7.66
39.584	17.96	25.34	0.08	7.66
39.616	17.94	25.31	0.08	7.66
39.648	17.94	25.31	-0.02	7.55
39.680	17.94	25.31	-0.02	7.55
39.712	17.93	25.31	-0.02	7.55
39.744	17.93	25.31	0.07	7.64
39.776	17.93	25.31	0.07	7.64
39.808	17.91	25.28	0.07	7.64
39.840	17.91	25.28	0.01	7.59
39.872	17.91	25.28	0.01	7.59
39.904	18.00	25.38	0.01	7.59
39.936	18.00	25.38	-0.00	7.58
39.968	18.00	25.38	-0.00	7.58
40.000	18.00	25.38	-0.00	7.58
40.032	18.00	25.38	0.08	7.66
40.064	18.00	25.38	0.08	7.66
40.096	17.97	25.34	0.08	7.66
40.128	17.97	25.34	-0.02	7.55
40.160	17.97	25.34	-0.02	7.55
40.192	18.00	25.38	-0.02	7.55
40.224	18.00	25.38	0.07	7.65
40.256	18.00	25.38	0.07	7.65
40.288	17.98	25.35	0.07	7.65
40.320	17.98	25.35	0.02	7.59
40.352	17.98	25.35	0.02	7.59
40.384	18.01	25.38	0.02	7.59
40.416	18.01	25.38	-0.00	7.57
40.448	18.01	25.38	-0.00	7.57
40.480	17.95	25.32	-0.00	7.57
40.512	17.95	25.32	0.09	7.66
40.544	17.95	25.32	0.09	7.66
40.576	17.97	25.35	0.09	7.66
40.608	17.97	25.35	-0.02	7.55
40.640	17.97	25.35	-0.02	7.55
40.672	17.98	25.36	-0.02	7.55
40.704	17.98	25.36	0.07	7.65
40.736	17.98	25.36	0.07	7.65
40.768	17.91	25.29	0.07	7.65
40.800	17.91	25.29	0.02	7.60
40.832	17.91	25.29	0.02	7.60
40.864	17.99	25.37	0.02	7.60
40.896	17.99	25.37	-0.01	7.57
40.928	17.99	25.37	-0.01	7.57
40.960	17.96	25.33	-0.01	7.57
40.992	17.96	25.33	0.08	7.66
41.024	17.96	25.33	0.08	7.66
41.056	17.97	25.34	0.08	7.66
41.088	17.97	25.34	-0.02	7.56
41.120	17.97	25.34	-0.02	7.56
41.152	17.98	25.36	-0.02	7.56
41.184	17.98	25.36	0.07	7.64
41.216	17.98	25.36	0.07	7.64
41.248	17.95	25.33	0.07	7.64
41.280	17.95	25.33	0.02	7.60
41.312	17.95	25.33	0.02	7.60
41.344	17.95	25.32	0.02	7.60
41.376	17.95	25.32	-0.01	7.57
41.408	17.95	25.32	-0.01	7.57
41.440	17.91	25.28	-0.01	7.57
41.472	17.91	25.28	0.08	7.66
41.504	17.91	25.28	0.08	7.66
41.536	17.93	25.31	0.08	7.66
41.568	17.93	25.31	-0.02	7.56
41.600	17.93	25.31	-0.02	7.56
41.632	17.95	25.33	-0.02	7.56
41.664	17.95	25.33	0.07	7.65
41.696	17.95	25.33	0.07	7.65
41.728	17.93	25.30	0.07	7.65
41.760	17.93	25.30	0.03	7.60
41.792	17.93	25.30	0.03	7.60
41.824	18.00	25.37	0.03	7.60
41.856	18.00	25.37	-0.01	7.57
41.888	18.00	25.37	-0.01	7.57
41.920	17.96	25.33	-0.01	7.57
41.952	17.96	25.33	0.09	7.66
41.984	17.96	25.33	0.09	7.66
42.016	17.94	25.32	0.09	7.66
42.048	17.94	25.32	-0.01	7.56
42.080	17.94	25.32	-0.01	7.56
42.112	18.00	25.38	-0.01	7.56
42.144	18.00	25.38	0.07	7.64
42.176	18.00	25.38	0.07	7.64
42.208	17.97	25.35	0.07	7.64
42.240	17.97	25.35	0.03	7.60
42.272	17.97	25.35	0.03	7.60
42.304	18.01	25.38	0.03	7.60
42.336	18.01	25.38	-0.00	7.57
42.368	18.01	25.38	-0.00	7.57
42.400	17.96	25.34	-0.00	7.57
42.432	17.96	25.34	0.08	7.66
42.464	17.96	25.34	0.08	7.66
42.496	17.93	25.31	0.08	7.66
42.528	17.93	25.31	-0.01	7.56
42.560	17.93	25.31	-0.01	7.56
42.592	17.95	25.33	-0.01	7.56
42.624	17.95	25.33	0.07	7.64
42.656	17.95	25.33	0.07	7.64
42.688	17.97	25.34	0.07	7.64
42.720	17.97	25.34	0.03	7.60
42.752	17.97	25.34	0.03	7.60
42.784	17.97	25.34	0.03	7.60
42.816	17.97	25.34	-0.01	7.57
42.848	17.97	25.34	-0.01	7.57
42.880	18.01	25.38	-0.01	7.57
42.912	18.01	25.38	0.09	7.66
42.944	18.01	25.38	0.09	7.66
42.976	17.98	25.35	0.09	7.66
43.008	17.98	25.35	-0.01	7.57
43.040	17.98	25.35	-0.01	7.57
43.072	17.92	25.30	-0.01	7.57
43.104	17.92	25.30	0.07	7.64
43.136	17.92	25.30	0.07	7.64
43.168	17.98	25.36	0.07	7.64
43.200	17.98	25.36	0.04	7.61
43.232	17.98	25.36	0.04	7.61
43.264	17.97	25.34	0.04	7.61
43.296	17.97	25.34	-0.01	7.57
43.328	17.97	25.34	-0.01	7.57
43.360	17.92	25.30	-0.01	7.57
43.392	17.92	25.30	0.09	7.66
43.424	17.92	25.30	0.09	7.66
43.456	17.95	25.33	0.09	7.66
43.488	17.95	25.33	-0.01	7.56
43.520	17.95	25.33	-0.01	7.56
43.552	17.93	25.30	-0.01	7.56
43.584	17.93	25.30	0.07	7.64
43.616	17.93	25.30	0.07	7.64
43.648	17.94	25.32	0.07	7.64
43.680	17.94	25.32	0.04	7.62
43.712	17.94	25.32	0.04	7.62
43.744	17.99	25.36	0.04	7.62
43.776	17.99	25.36	-0.01	7.57
43.808	17.99	25.36	-0.01	7.57
43.840	17.96	25.34	-0.01	7.57
43.872	17.96	25.34	0.09	7.66
43.904	17.96	25.34	0.09	7.66
43.936	17.99	25.36	0.09	7.66
43.968	17.99	25.36	-0.01	7.56
44.000	17.99	25.36	-0.01	7.56
44.032	17.97	25.34	-0.01	7.56
44.064	17.97	25.34	0.07	7.64
44.096	17.97	25.34	0.07	7.64
44.128	18.01	25.39	0.07	7.64
44.160	18.01	25.39	0.04	7.62
44.192	18.01	25.39	0.04	7.62
44.224	17.97	25.34	0.04	7.62
44.256	17.97	25.34	-0.01	7.57
44.288	17.97	25.34	-0.01	7.57
44.320	17.98	25.35	-0.01	7.57
44.352	17.98	25.35	0.09	7.66
44.384	17.98	25.35	0.09	7.66
44.416	17.98	25.36	0.09	7.66
44.448	17.98	25.36	-0.01	7.57
44.480	17.98	25.36	-0.01	7.57
44.512	17.93	25.30	-0.01	7.57
44.544	17.93	25.30	0.06	7.64
44.576	17.93	25.30	0.06	7.64
44.608	17.96	25.34	0.06	7.64
44.640	17.96	25.34	0.04	7.62
44.672	17.96	25.34	0.04	7.62
44.704	17.95	25.33	0.04	7.62
44.736	17.95	25.33	-0.01	7.56
44.768	17.95	25.33	-0.01	7.56
44.800	18.01	25.39	-0.01	7.56
44.832	18.01	25.39	0.09	7.66
44.864	18.01	25.39	0.09	7.66
44.896	18.05	25.42	0.09	7.66
44.928	18.05	25.42	-0.01	7.56
44.960	18.05	25.42	-0.01	7.56
44.992	18.02	25.40	-0.01	7.56
45.024	18.02	25.40	0.06	7.64
45.056	18.02	25.40	0.06	7.64
45.088	17.99	25.37	0.06	7.64
45.120	17.99	25.37	0.05	7.62
45.152	17.99	25.37	0.05	7.62
45.184	17.96	25.34	0.05	7.62
45.216	17.96	25.34	-0.01	7.56
45.248	17.96	25.34	-0.01	7.56
45.280	18.00	25.37	-0.01	7.56
45.312	18.00	25.37	0.09	7.67
45.344	18.00	25.37	0.09	7.67
45.376	17.98	25.35	0.09	7.67
45.408	17.98	25.35	-0.01	7.57
45.440	17.98	25.35	-0.01	7.57
45.472	17.96	25.34	-0.01	7.57
45.504	17.96	25.34	0.06	7.64
45.536	17.96	25.34	0.06	7.64
45.568	18.01	25.38	0.06	7.64
45.600	18.01	25.38	0.05	7.62
45.632	18.01	25.38	0.05	7.62
45.664	17.95	25.33	0.05	7.62
45.696	17.95	25.33	-0.01	7.56
45.728	17.95	25.33	-0.01	7.56
45.760	17.95	25.33	-0.01	7.56
45.792	17.95	25.33	0.09	7.66
45.824	17.95	25.33	0.09	7.66
45.856	18.00	25.37	0.09	7.66
45.888	18.00	25.37	-0.01	7.57
45.920	18.00	25.37	-0.01	7.57
45.952	17.99	25.37	-0.01	7.57
45.984	17.99	25.37	0.06	7.64
46.016	17.99	25.37	0.06	7.64
46.048	17.98	25.36	0.06	7.64
46.080	17.98	25.36	0.05	7.63
46.112	17.98	25.36	0.05	7.63
46.144	17.96	25.33	0.05	7.63
46.176	17.96	25.33	-0.01	7.56
46.208	17.96	25.33	-0.01	7.56
46.240	18.01	25.38	-0.01	7.56
46.272	18.01	25.38	0.09	7.66
46.304	18.01	25.38	0.09	7.66
46.336	17.98	25.35	0.09	7.66
46.368	17.98	25.35	-0.01	7.57
46.400	17.98	25.35	-0.01	7.57
46.432	17.91	25.29	-0.01	7.57
46.464	17.91	25.29	0.06	7.64
46.496	17.91	25.29	0.06	7.64
46.528	18.01	25.38	0.06	7.64
46.560	18.01	25.38	0.05	7.63
46.592	18.01	25.38	0.05	7.63
46.624	17.95	25.33	0.05	7.63
46.656	17.95	25.33	-0.01	7.56
46.688	17.95	25.33	-0.01	7.56
46.720	17.95	25.32	-0.01	7.56
46.752	17.95	25.32	0.09	7.66
46.784	17.95	25.32	0.09	7.66
46.816	17.95	25.32	0.09	7.66
46.848	17.95	25.32	-0.00	7.57
46.880	17.95	25.32	-0.00	7.57
46.912	18.00	25.37	-0.00	7.57
46.944	18.00	25.37	0.06	7.64
46.976	18.00	25.37	0.06	7.64
47.008	17.99	25.37	0.06	7.64
47.040	17.99	25.37	0.05	7.63
47.072	17.99	25.37	0.05	7.63
47.104	17.93	25.31	0.05	7.63
47.136	17.93	25.31	-0.01	7.56
47.168	17.93	25.31	-0.01	7.56
47.200	17.92	25.30	-0.01	7.56
47.232	17.92	25.30	0.09	7.67
47.264	17.92	25.30	0.09	7.67
47.296	17.92	25.29	0.09	7.67
47.328	17.92	25.29	-0.00	7.57
47.360	17.92	25.29	-0.00	7.57
47.392	17.96	25.34	-0.00	7.57
47.424	17.96	25.34	0.06	7.63
47.456	17.96	25.34	0.06	7.63
47.488	17.94	25.32	0.06	7.63
47.520	17.94	25.32	0.06	7.63
47.552	17.94	25.32	0.06	7.63
47.584	17.91	25.28	0.06	7.63
47.616	17.91	25.28	-0.02	7.56
47.648	17.91	25.28	-0.02	7.56
47.680	17.89	25.27	-0.02	7.56
47.712	17.89	25.27	0.09	7.66
47.744	17.89	25.27	0.09	7.66
47.776	17.92	25.29	0.09	7.66
47.808	17.92	25.29	-0.01	7.57
47.840	17.92	25.29	-0.01	7.57
47.872	17.90	25.28	-0.01	7.57
47.904	17.90	25.28	0.06	7.63
47.936	17.90	25.28	0.06	7.63
47.968	17.89	25.26	0.06	7.63
48.000	17.89	25.26	0.06	7.63
48.032	17.89	25.26	0.06	7.63
48.064	17.91	25.28	0.06	7.63
48.096	17.91	25.28	-0.02	7.56
48.128	17.91	25.28	-0.02	7.56
48.160	17.95	25.33	-0.02	7.56
48.192	17.95	25.33	0.09	7.67
48.224	17.95	25.33	0.09	7.67
48.256	17.92	25.30	0.09	7.67
48.288	17.92	25.30	-0.00	7.57
48.320	17.92	25.30	-0.00	7.57
48.352	17.95	25.33	-0.00	7.57
48.384	17.95	25.33	0.06	7.63
48.416	17.95	25.33	0.06	7.63
48.448	17.87	25.25	0.06	7.63
48.480	17.87	25.25	0.06	7.63
48.512	17.87	25.25	0.06	7.63
48.544	17.88	25.26	0.06	7.63
48.576	17.88	25.26	-0.02	7.56
48.608	17.88	25.26	-0.02	7.56
48.640	17.85	25.23	-0.02	7.56
48.672	17.85	25.23	0.09	7.66
48.704	17.85	25.23	0.09	7.66
48.736	17.90	25.28	0.09	7.66
48.768	17.90	25.28	-0.00	7.57
48.800	17.90	25.28	-0.00	7.57
48.832	17.92	25.30	-0.00	7.57
48.864	17.92	25.30	0.05	7.63
48.896	17.92	25.30	0.05	7.63
48.928	17.88	25.25	0.05	7.63
48.960	17.88	25.25	0.06	7.64
48.992	17.88	25.25	0.06	7.64
49.024	17.94	25.31	0.06	7.64
49.056	17.94	25.31	-0.02	7.56
49.088	17.94	25.31	-0.02	7.56
49.120	17.90	25.28	-0.02	7.56
49.152	17.90	25.28	0.09	7.67
49.184	17.90	25.28	0.09	7.67
49.216	17.93	25.31	0.09	7.67
49.248	17.93	25.31	-0.00	7.57
49.280	17.93	25.31	-0.00	7.57
49.312	17.94	25.32	-0.00	7.57
49.344	17.94	25.32	0.05	7.63
49.376	17.94	25.32	0.05	7.63
49.408	17.92	25.30	0.05	7.63
49.440	17.92	25.30	0.07	7.64
49.472	17.92	25.30	0.07	7.64
49.504	17.86	25.23	0.07	7.64
49.536	17.86	25.23	-0.02	7.56
49.568	17.86	25.23	-0.02	7.56
49.600	17.88	25.26	-0.02	7.56
49.632	17.88	25.26	0.09	7.66
49.664	17.88	25.26	0.09	7.66
49.696	17.97	25.34	0.09	7.66
49.728	17.97	25.34	-0.01	7.57
49.760	17.97	25.34	-0.01	7.57
49.792	17.98	25.35	-0.01	7.57
49.824	17.98	25.35	0.05	7.63
49.856	17.98	25.35	0.05	7.63
49.888	17.93	25.31	0.05	7.63
49.920	17.93	25.31	0.06	7.64
49.952	17.93	25.31	0.06	7.64
49.984	17.88	25.25	0.06	7.64
50.016	17.88	25.25	-0.02	7.56
50.048	17.88	25.25	-0.02	7.56
50.080	17.92	25.29	-0.02	7.56
50.112	17.92	25.29	0.09	7.66
50.144	17.92	25.29	0.09	7.66
50.176	17.90	25.27	0.09	7.66
50.208	17.90	25.27	-0.00	7.57
50.240	17.90	25.27	-0.00	7.57
50.272	17.93	25.31	-0.00	7.57
50.304	17.93	25.31	0.05	7.63
50.336	17.93	25.31	0.05	7.63
50.368	17.84	25.22	0.05	7.63
50.400	17.84	25.22	0.07	7.64
50.432	17.84	25.22	0.07	7.64
50.464	17.86	25.23	0.07	7.64
50.496	17.86	25.23	-0.02	7.56
50.528	17.86	25.23	-0.02	7.56
50.560	17.90	25.28	-0.02	7.56
50.592	17.90	25.28	0.09	7.66
50.624	17.90	25.28	0.09	7.66
50.656	17.97	25.34	0.09	7.66
50.688	17.97	25.34	-0.00	7.57
50.720	17.97	25.34	-0.00	7.57
50.752	17.95	25.32	-0.00	7.57
50.784	17.95	25.32	0.05	7.63
50.816	17.95	25.32	0.05	7.63
50.848	17.93	25.30	0.05	7.63
50.880	17.93	25.30	0.07	7.65
50.912	17.93	25.30	0.07	7.65
50.944	17.91	25.29	0.07	7.65
50.976	17.91	25.29	-0.02	7.56
51.008	17.91	25.29	-0.02	7.56
51.040	17.93	25.31	-0.02	7.56
51.072	17.93	25.31	0.09	7.66
51.104	17.93	25.31	0.09	7.66
51.136	17.92	25.30	0.09	7.66
51.168	17.92	25.30	-0.00	7.57
51.200	17.92	25.30	-0.00	7.57
51.232	17.93	25.31	-0.00	7.57
51.264	17.93	25.31	0.05	7.62
51.296	17.93	25.31	0.05	7.62
51.328	17.91	25.29	0.05	7.62
51.360	17.91	25.29	0.07	7.65
51.392	17.91	25.29	0.07	7.65
51.424	17.95	25.33	0.07	7.65
51.456	17.95	25.33	-0.02	7.56
51.488	17.95	25.33	-0.02	7.56
51.520	17.98	25.35	-0.02	7.56
51.552	17.98	25.35	0.09	7.66
51.584	17.98	25.35	0.09	7.66
51.616	18.02	25.39	0.09	7.66
51.648	18.02	25.39	-0.00	7.57
51.680	18.02	25.39	-0.00	7.57
51.712	17.95	25.33	-0.00	7.57
51.744	17.95	25.33	0.05	7.62
51.776	17.95	25.33	0.05	7.62
51.808	17.96	25.33	0.05	7.62
51.840	17.96	25.33	0.07	7.65
51.872	17.96	25.33	0.07	7.65
51.904	17.95	25.33	0.07	7.65
51.936	17.95	25.33	-0.02	7.56
51.968	17.95	25.33	-0.02	7.56
52.000	17.91	25.29	-0.02	7.56
52.032	17.91	25.29	0.09	7.66
52.064	17.91	25.29	0.09	7.66
52.096	17.96	25.34	0.09	7.66
52.128	17.96	25.34	-0.00	7.57
52.160	17.96	25.34	-0.00	7.57
52.192	17.92	25.29	-0.00	7.57
52.224	17.92	25.29	0.04	7.62
52.256	17.92	25.29	0.04	7.62
52.288	17.94	25.31	0.04	7.62
52.320	17.94	25.31	0.07	7.65
52.352	17.94	25.31	0.07	7.65
52.384	17.97	25.34	0.07	7.65
52.416	17.97	25.34	-0.02	7.55
52.448	17.97	25.34	-0.02	7.55
52.480	18.00	25.37	-0.02	7.55
52.512	18.00	25.37	0.08	7.66
52.544	18.00	25.37	0.08	7.66
52.576	17.97	25.35	0.08	7.66
52.608	17.97	25.35	-0.00	7.57
52.640	17.97	25.35	-0.00	7.57
52.672	17.96	25.34	-0.00	7.57
52.704	17.96	25.34	0.04	7.62
52.736	17.96	25.34	0.04	7.62
52.768	17.96	25.33	0.04	7.62
52.800	17.96	25.33	0.07	7.65
52.832	17.96	25.33	0.07	7.65
52.864	17.94	25.31	0.07	7.65
52.896	17.94	25.31	-0.02	7.56
52.928	17.94	25.31	-0.02	7.56
52.960	17.97	25.35	-0.02	7.56
52.992	17.97	25.35	0.08	7.66
53.024	17.97	25.35	0.08	7.66
53.056	17.96	25.34	0.08	7.66
53.088	17.96	25.34	-0.00	7.57
53.120	17.96	25.34	-0.00	7.57
53.152	17.95	25.32	-0.00	7.57
53.184	17.95	25.32	0.04	7.61
53.216	17.95	25.32	0.04	7.61
53.248	17.93	25.30	0.04	7.61
53.280	17.93	25.30	0.07	7.65
53.312	17.93	25.30	0.07	7.65
53.344	17.90	25.27	0.07	7.65
53.376	17.90	25.27	-0.01	7.56
53.408	17.90	25.27	-0.01	7.56
53.440	17.98	25.35	-0.01	7.56
53.472	17.98	25.35	0.08	7.66
53.504	17.98	25.35	0.08	7.66
53.536	18.00	25.37	0.08	7.66
53.568	18.00	25.37	0.00	7.58
53.600	18.00	25.37	0.00	7.58
53.632	17.98	25.35	0.00	7.58
53.664	17.98	25.35	0.04	7.61
53.696	17.98	25.35	0.04	7.61
53.728	18.00	25.38	0.04	7.61
53.760	18.00	25.38	0.07	7.65
53.792	18.00	25.38	0.07	7.65
53.824	17.93	25.31	0.07	7.65
53.856	17.93	25.31	-0.02	7.56
53.888	17.93	25.31	-0.02	7.56
53.920	18.00	25.37	-0.02	7.56
53.952	18.00	25.37	0.08	7.66
53.984	18.00	25.37	0.08	7.66
54.016	17.99	25.36	0.08	7.66
54.048	17.99	25.36	0.00	7.58
54.080	17.99	25.36	0.00	7.58
54.112	17.95	25.33	0.00	7.58
54.144	17.95	25.33	0.03	7.61
54.176	17.95	25.33	0.03	7.61
54.208	17.99	25.37	0.03	7.61
54.240	17.99	25.37	0.08	7.65
54.272	17.99	25.37	0.08	7.65
54.304	18.00	25.38	0.08	7.65
54.336	18.00	25.38	-0.02	7.55
54.368	18.00	25.38	-0.02	7.55
54.400	18.08	25.46	-0.02	7.55
54.432	18.08	25.46	0.08	7.65
54.464	18.08	25.46	0.08	7.65
54.496	18.03	25.40	0.08	7.65
54.528	18.03	25.40	-0.00	7.58
54.560	18.03	25.40	-0.00	7.58
54.592	17.99	25.36	-0.00	7.58
54.624	17.99	25.36	0.03	7.60
54.656	17.99	25.36	0.03	7.60
54.688	18.00	25.38	0.03	7.60
54.720	18.00	25.38	0.08	7.65
54.752	18.00	25.38	0.08	7.65
54.784	18.00	25.38	0.08	7.65
54.816	18.00	25.38	-0.02	7.55
54.848	18.00	25.38	-0.02	7.55
54.880	17.99	25.37	-0.02	7.55
54.912	17.99	25.37	0.08	7.66
54.944	17.99	25.37	0.08	7.66
54.976	18.02	25.40	0.08	7.66
55.008	18.02	25.40	0.00	7.58
55.040	18.02	25.40	0.00	7.58
55.072	17.98	25.35	0.00	7.58
55.104	17.98	25.35	0.02	7.60
55.136	17.98	25.35	0.02	7.60
55.168	17.98	25.35	0.02	7.60
55.200	17.98	25.35	0.08	7.65
55.232	17.98	25.35	0.08	7.65
55.264	18.00	25.38	0.08	7.65
55.296	18.00	25.38	-0.02	7.56
55.328	18.00	25.38	-0.02	7.56
55.360	18.05	25.43	-0.02	7.56
55.392	18.05	25.43	0.08	7.65
55.424	18.05	25.43	0.08	7.65
55.456	18.01	25.39	0.08	7.65
55.488	18.01	25.39	0.00	7.58
55.520	18.01	25.39	0.00	7.58
55.552	18.02	25.40	0.00	7.58
55.584	18.02	25.40	0.02	7.60
55.616	18.02	25.40	0.02	7.60
55.648	18.04	25.41	0.02	7.60
55.680	18.04	25.41	0.08	7.65
55.712	18.04	25.41	0.08	7.65
55.744	18.03	25.40	0.08	7.65
55.776	18.03	25.40	-0.02	7.55
55.808	18.03	25.40	-0.02	7.55
55.840	18.03	25.40	-0.02	7.55
55.872	18.03	25.40	0.08	7.65
55.904	18.03	25.40	0.08	7.65
55.936	18.01	25.38	0.08	7.65
55.968	18.01	25.38	0.00	7.58
56.000	18.01	25.38	0.00	7.58
56.032	18.01	25.39	0.00	7.58
56.064	18.01	25.39	0.02	7.59
56.096	18.01	25.39	0.02	7.59
56.128	18.00	25.38	0.02	7.59
56.160	18.00	25.38	0.08	7.66
56.192	18.00	25.38	0.08	7.66
56.224	18.06	25.43	0.08	7.66
56.256	18.06	25.43	-0.02	7.55
56.288	18.06	25.43	-0.02	7.55
56.320	18.05	25.43	-0.02	7.55
56.352	18.05	25.43	0.07	7.65
56.384	18.05	25.43	0.07	7.65
56.416	18.02	25.40	0.07	7.65
56.448	18.02	25.40	0.00	7.58
56.480	18.02	25.40	0.00	7.58
56.512	18.05	25.43	0.00	7.58
56.544	18.05	25.43	0.01	7.59
56.576	18.05	25.43	0.01	7.59
56.608	18.02	25.40	0.01	7.59
56.640	18.02	25.40	0.08	7.66
56.672	18.02	25.40	0.08	7.66
56.704	18.05	25.43	0.08	7.66
56.736	18.05	25.43	-0.03	7.55
56.768	18.05	25.43	-0.03	7.55
56.800	18.05	25.43	-0.03	7.55
56.832	18.05	25.43	0.08	7.65
56.864	18.05	25.43	0.08	7.65
56.896	17.99	25.37	0.08	7.65
56.928	17.99	25.37	0.01	7.59
56.960	17.99	25.37	0.01	7.59
56.992	18.04	25.41	0.01	7.59
57.024	18.04	25.41	0.01	7.59
57.056	18.04	25.41	0.01	7.59
57.088	18.01	25.39	0.01	7.59
57.120	18.01	25.39	0.08	7.65
57.152	18.01	25.39	0.08	7.65
57.184	18.05	25.43	0.08	7.65
57.216	18.05	25.43	-0.02	7.55
57.248	18.05	25.43	-0.02	7.55
57.280	18.03	25.41	-0.02	7.55
57.312	18.03	25.41	0.07	7.65
57.344	18.03	25.41	0.07	7.65
57.376	18.04	25.42	0.07	7.65
57.408	18.04	25.42	0.01	7.58
57.440	18.04	25.42	0.01	7.58
57.472	18.04	25.42	0.01	7.58
57.504	18.04	25.42	0.01	7.59
57.536	18.04	25.42	0.01	7.59
57.568	18.01	25.38	0.01	7.59
57.600	18.01	25.38	0.08	7.66
57.632	18.01	25.38	0.08	7.66
57.664	18.03	25.41	0.08	7.66
57.696	18.03	25.41	-0.02	7.55
57.728	18.03	25.41	-0.02	7.55
57.760	18.02	25.40	-0.02	7.55
57.792	18.02	25.40	0.07	7.65
57.824	18.02	25.40	0.07	7.65
57.856	18.03	25.41	0.07	7.65
57.888	18.03	25.41	0.01	7.59
57.920	18.03	25.41	0.01	7.59
57.952	18.03	25.40	0.01	7.59
57.984	18.03	25.40	0.01	7.58
58.016	18.03	25.40	0.01	7.58
58.048	18.05	25.42	0.01	7.58
58.080	18.05	25.42	0.08	7.66
58.112	18.05	25.42	0.08	7.66
58.144	18.07	25.45	0.08	7.66
58.176	18.07	25.45	-0.02	7.56
58.208	18.07	25.45	-0.02	7.56
58.240	18.03	25.40	-0.02	7.56
58.272	18.03	25.40	0.07	7.65
58.304	18.03	25.40	0.07	7.65
58.336	18.01	25.39	0.07	7.65
58.368	18.01	25.39	0.01	7.59
58.400	18.01	25.39	0.01	7.59
58.432	18.03	25.41	0.01	7.59
58.464	18.03	25.41	-0.00	7.57
58.496	18.03	25.41	-0.00	7.57
58.528	18.00	25.38	-0.00	7.57
58.560	18.00	25.38	0.09	7.66
58.592	18.00	25.38	0.09	7.66
58.624	18.01	25.39	0.09	7.66
58.656	18.01	25.39	-0.02	7.55
58.688	18.01	25.39	-0.02	7.55
58.720	18.02	25.39	-0.02	7.55
58.752	18.02	25.39	0.07	7.64
58.784	18.02	25.39	0.07	7.64
58.816	18.02	25.39	0.07	7.64
58.848	18.02	25.39	0.02	7.59
58.880	18.02	25.39	0.02	7.59
58.912	18.06	25.44	0.02	7.59
58.944	18.06	25.44	-0.00	7.57
58.976	18.06	25.44	-0.00	7.57
59.008	18.06	25.44	-0.00	7.57
59.040	18.06	25.44	0.08	7.66
59.072	18.06	25.44	0.08	7.66
59.104	18.07	25.45	0.08	7.66
59.136	18.07	25.45	-0.02	7.56
59.168	18.07	25.45	-0.02	7.56
59.200	18.00	25.37	-0.02	7.56
59.232	18.00	25.37	0.07	7.64
59.264	18.00	25.37	0.07	7.64
59.296	18.00	25.38	0.07	7.64
59.328	18.00	25.38	0.02	7.60
59.360	18.00	25.38	0.02	7.60
59.392	18.03	25.40	0.02	7.60
59.424	18.03	25.40	-0.00	7.57
59.456	18.03	25.40	-0.00	7.57
59.488	18.06	25.43	-0.00	7.57
59.520	18.06	25.43	0.08	7.66
59.552	18.06	25.43	0.08	7.66
59.584	18.02	25.40	0.08	7.66
59.616	18.02	25.40	-0.01	7.56
59.648	18.02	25.40	-0.01	7.56
59.680	17.99	25.37	-0.01	7.56
59.712	17.99	25.37	0.07	7.64
59.744	17.99	25.37	0.07	7.64
59.776	18.01	25.39	0.07	7.64
59.808	18.01	25.39	0.02	7.60
59.840	18.01	25.39	0.02	7.60
59.872	17.98	25.36	0.02	7.60
59.904	17.98	25.36	-0.01	7.57
59.936	17.98	25.36	-0.01	7.57
59.968	18.09	25.46	-0.01	7.57
60.000	18.09	25.46	0.09	7.66
60.032	18.09	25.46	0.09	7.66
60.064	18.02	25.39	0.09	7.66
60.096	18.02	25.39	-0.01	7.56
60.128	18.02	25.39	-0.01	7.56
60.160	18.02	25.40	-0.01	7.56
60.192	18.02	25.40	0.06	7.64
60.224	18.02	25.40	0.06	7.64
60.256	18.02	25.40	0.06	7.64
60.288	18.02	25.40	0.03	7.61
60.320	18.02	25.40	0.03	7.61
60.352	17.97	25.35	0.03	7.61
60.384	17.97	25.35	-0.01	7.57
60.416	17.97	25.35	-0.01	7.57
60.448	18.02	25.40	-0.01	7.57
60.480	18.02	25.40	0.09	7.66
60.512	18.02	25.40	0.09	7.66
60.544	18.11	25.49	0.09	7.66
60.576	18.11	25.49	-0.01	7.56
60.608	18.11	25.49	-0.01	7.56
60.640	18.04	25.41	-0.01	7.56
60.672	18.04	25.41	0.07	7.64
60.704	18.04	25.41	0.07	7.64
60.736	18.06	25.44	0.07	7.64
60.768	18.06	25.44	0.04	7.62
60.800	18.06	25.44	0.04	7.62
60.832	18.03	25.41	0.04	7.62
60.864	18.03	25.41	-0.01	7.56
60.896	18.03	25.41	-0.01	7.56
60.928	18.06	25.44	-0.01	7.56
60.960	18.06	25.44	0.09	7.66
60.992	18.06	25.44	0.09	7.66
61.024	18.08	25.45	0.09	7.66
61.056	18.08	25.45	-0.01	7.56
61.088	18.08	25.45	-0.01	7.56
61.120	18.02	25.39	-0.01	7.56
61.152	18.02	25.39	0.06	7.64
61.184	18.02	25.39	0.06	7.64
61.216	18.06	25.43	0.06	7.64
61.248	18.06	25.43	0.04	7.62
61.280	18.06	25.43	0.04	7.62
61.312	18.02	25.40	0.04	7.62
61.344	18.02	25.40	-0.01	7.56
61.376	18.02	25.40	-0.01	7.56
61.408	18.02	25.40	-0.01	7.56
61.440	18.02	25.40	0.09	7.66
61.472	18.02	25.40	0.09	7.66
61.504	18.09	25.46	0.09	7.66
61.536	18.09	25.46	-0.01	7.56
61.568	18.09	25.46	-0.01	7.56
61.600	18.01	25.38	-0.01	7.56
61.632	18.01	25.38	0.07	7.64
61.664	18.01	25.38	0.07	7.64
61.696	18.05	25.42	0.07	7.64
61.728	18.05	25.42	0.05	7.62
61.760	18.05	25.42	0.05	7.62
61.792	18.03	25.40	0.05	7.62
61.824	18.03	25.40	-0.01	7.56
61.856	18.03	25.40	-0.01	7.56
61.888	18.01	25.39	-0.01	7.56
61.920	18.01	25.39	0.09	7.66
61.952	18.01	25.39	0.09	7.66
61.984	17.99	25.37	0.09	7.66
62.016	17.99	25.37	-0.01	7.57
62.048	17.99	25.37	-0.01	7.57
62.080	17.96	25.33	-0.01	7.57
62.112	17.96	25.33	0.06	7.64
62.144	17.96	25.33	0.06	7.64
62.176	18.03	25.41	0.06	7.64
62.208	18.03	25.41	0.05	7.63
62.240	18.03	25.41	0.05	7.63
62.272	18.04	25.42	0.05	7.63
62.304	18.04	25.42	-0.01	7.56
62.336	18.04	25.42	-0.01	7.56
62.368	18.06	25.43	-0.01	7.56
62.400	18.06	25.43	0.09	7.67
62.432	18.06	25.43	0.09	7.67
62.464	18.07	25.45	0.09	7.67
62.496	18.07	25.45	-0.00	7.57
62.528	18.07	25.45	-0.00	7.57
62.560	18.04	25.41	-0.00	7.57
62.592	18.04	25.41	0.06	7.64
62.624	18.04	25.41	0.06	7.64
62.656	18.00	25.38	0.06	7.64
62.688	18.00	25.38	0.06	7.63
62.720	18.00	25.38	0.06	7.63
62.752	18.05	25.43	0.06	7.63
62.784	18.05	25.43	-0.01	7.56
62.816	18.05	25.43	-0.01	7.56
62.848	18.05	25.43	-0.01	7.56
62.880	18.05	25.43	0.09	7.67
62.912	18.05	25.43	0.09	7.67
62.944	18.00	25.37	0.09	7.67
62.976	18.00	25.37	-0.00	7.58
63.008	18.00	25.37	-0.00	7.58
63.040	18.04	25.42	-0.00	7.58
63.072	18.04	25.42	0.06	7.63
63.104	18.04	25.42	0.06	7.63
63.136	18.00	25.37	0.06	7.63
63.168	18.00	25.37	0.06	7.64
63.200	18.00	25.37	0.06	7.64
63.232	18.01	25.39	0.06	7.64
63.264	18.01	25.39	-0.01	7.56
63.296	18.01	25.39	-0.01	7.56
63.328	18.01	25.38	-0.01	7.56
63.360	18.01	25.38	0.09	7.67
63.392	18.01	25.38	0.09	7.67
63.424	18.00	25.38	0.09	7.67
63.456	18.00	25.38	-0.00	7.57
63.488	18.00	25.38	-0.00	7.57
63.520	18.00	25.38	-0.00	7.57
63.552	18.00	25.38	0.05	7.63
63.584	18.00	25.38	0.05	7.63
63.616	18.00	25.38	0.05	7.63
63.648	18.00	25.38	0.06	7.64
63.680	18.00	25.38	0.06	7.64
63.712	18.04	25.42	0.06	7.64
63.744	18.04	25.42	-0.02	7.56
63.776	18.04	25.42	-0.02	7.56
63.808	18.01	25.38	-0.02	7.56
63.840	18.01	25.38	0.09	7.67
63.872	18.01	25.38	0.09	7.67
63.904	18.00	25.38	0.09	7.67
63.936	18.00	25.38	-0.00	7.57
63.968	18.00	25.38	-0.00	7.57
64.000	18.08	25.45	-0.00	7.57
64.032	18.08	25.45	0.05	7.62
64.064	18.08	25.45	0.05	7.62
64.096	17.98	25.35	0.05	7.62
64.128	17.98	25.35	0.07	7.64
64.160	17.98	25.35	0.07	7.64
64.192	18.02	25.40	0.07	7.64
64.224	18.02	25.40	-0.02	7.56
64.256	18.02	25.40	-0.02	7.56
64.288	18.02	25.39	-0.02	7.56
64.320	18.02	25.39	0.09	7.66
64.352	18.02	25.39	0.09	7.66
64.384	18.03	25.41	0.09	7.66
64.416	18.03	25.41	-0.00	7.58
64.448	18.03	25.41	-0.00	7.58
64.480	18.06	25.44	-0.00	7.58
64.512	18.06	25.44	0.04	7.62
64.544	18.06	25.44	0.04	7.62
64.576	18.03	25.41	0.04	7.62
64.608	18.03	25.41	0.08	7.65
64.640	18.03	25.41	0.08	7.65
64.672	18.09	25.47	0.08	7.65
64.704	18.09	25.47	-0.02	7.56
64.736	18.09	25.47	-0.02	7.56
64.768	18.06	25.43	-0.02	7.56
64.800	18.06	25.43	0.08	7.66
64.832	18.06	25.43	0.08	7.66
64.864	18.09	25.47	0.08	7.66
64.896	18.09	25.47	-0.00	7.58
64.928	18.09	25.47	-0.00	7.58
64.960	18.07	25.45	-0.00	7.58
64.992	18.07	25.45	0.04	7.61
65.024	18.07	25.45	0.04	7.61
65.056	18.09	25.47	0.04	7.61
65.088	18.09	25.47	0.08	7.65
65.120	18.09	25.47	0.08	7.65
65.152	18.13	25.50	0.08	7.65
65.184	18.13	25.50	-0.02	7.56
65.216	18.13	25.50	-0.02	7.56
65.248	18.09	25.47	-0.02	7.56
65.280	18.09	25.47	0.08	7.65
65.312	18.09	25.47	0.08	7.65
65.344	18.08	25.45	0.08	7.65
65.376	18.08	25.45	-0.00	7.58
65.408	18.08	25.45	-0.00	7.58
65.440	18.10	25.48	-0.00	7.58
65.472	18.10	25.48	0.03	7.60
65.504	18.10	25.48	0.03	7.60
65.536	18.14	25.51	0.03	7.60
65.568	18.14	25.51	0.08	7.65
65.600	18.14	25.51	0.08	7.65
65.632	18.12	25.50	0.08	7.65
65.664	18.12	25.50	-0.02	7.55
65.696	18.12	25.50	-0.02	7.55
65.728	18.10	25.48	-0.02	7.55
65.760	18.10	25.48	0.08	7.65
65.792	18.10	25.48	0.08	7.65
65.824	18.09	25.46	0.08	7.65
65.856	18.09	25.46	0.00	7.58
65.888	18.09	25.46	0.00	7.58
65.920	18.12	25.50	0.00	7.58
65.952	18.12	25.50	0.02	7.59
65.984	18.12	25.50	0.02	7.59
66.016	18.09	25.46	0.02	7.59
66.048	18.09	25.46	0.08	7.66
66.080	18.09	25.46	0.08	7.66
66.112	18.09	25.47	0.08	7.66
66.144	18.09	25.47	-0.02	7.55
66.176	18.09	25.47	-0.02	7.55
66.208	18.08	25.46	-0.02	7.55
66.240	18.08	25.46	0.08	7.65
66.272	18.08	25.46	0.08	7.65
66.304	18.08	25.45	0.08	7.65
66.336	18.08	25.45	0.01	7.58
66.368	18.08	25.45	0.01	7.58
66.400	18.07	25.45	0.01	7.58
66.432	18.07	25.45	0.01	7.59
66.464	18.07	25.45	0.01	7.59
66.496	18.14	25.51	0.01	7.59
66.528	18.14	25.51	0.08	7.66
66.560	18.14	25.51	0.08	7.66
66.592	18.09	25.47	0.08	7.66
66.624	18.09	25.47	-0.03	7.55
66.656	18.09	25.47	-0.03	7.55
66.688	18.07	25.45	-0.03	7.55
66.720	18.07	25.45	0.07	7.65
66.752	18.07	25.45	0.07	7.65
66.784	18.10	25.48	0.07	7.65
66.816	18.10	25.48	0.01	7.58
66.848	18.10	25.48	0.01	7.58
66.880	18.02	25.40	0.01	7.58
66.912	18.02	25.40	0.01	7.58
66.944	18.02	25.40	0.01	7.58
66.976	18.08	25.45	0.01	7.58
67.008	18.08	25.45	0.08	7.66
67.040	18.08	25.45	0.08	7.66
67.072	18.08	25.46	0.08	7.66
67.104	18.08	25.46	-0.02	7.55
67.136	18.08	25.46	-0.02	7.55
67.168	18.06	25.44	-0.02	7.55
67.200	18.06	25.44	0.07	7.64
67.232	18.06	25.44	0.07	7.64
67.264	18.07	25.44	0.07	7.64
67.296	18.07	25.44	0.01	7.59
67.328	18.07	25.44	0.01	7.59
67.360	18.09	25.46	0.01	7.59
67.392	18.09	25.46	0.00	7.58
67.424	18.09	25.46	0.00	7.58
67.456	18.10	25.47	0.00	7.58
67.488	18.10	25.47	0.08	7.66
67.520	18.10	25.47	0.08	7.66
67.552	18.11	25.48	0.08	7.66
67.584	18.11	25.48	-0.02	7.56
67.616	18.11	25.48	-0.02	7.56
67.648	18.01	25.39	-0.02	7.56
67.680	18.01	25.39	0.07	7.64
67.712	18.01	25.39	0.07	7.64
67.744	18.04	25.41	0.07	7.64
67.776	18.04	25.41	0.02	7.60
67.808	18.04	25.41	0.02	7.60
67.840	18.06	25.43	0.02	7.60
67.872	18.06	25.43	-0.00	7.57
67.904	18.06	25.43	-0.00	7.57
67.936	18.10	25.48	-0.00	7.57
67.968	18.10	25.48	0.08	7.66
68.000	18.10	25.48	0.08	7.66
68.032	18.10	25.47	0.08	7.66
68.064	18.10	25.47	-0.02	7.56
68.096	18.10	25.47	-0.02	7.56
68.128	18.06	25.44	-0.02	7.56
68.160	18.06	25.44	0.07	7.64
68.192	18.06	25.44	0.07	7.64
68.224	18.08	25.46	0.07	7.64
68.256	18.08	25.46	0.03	7.60
68.288	18.08	25.46	0.03	7.60
68.320	18.07	25.44	0.03	7.60
68.352	18.07	25.44	-0.01	7.57
68.384	18.07	25.44	-0.01	7.57
68.416	18.13	25.50	-0.01	7.57
68.448	18.13	25.50	0.09	7.66
68.480	18.13	25.50	0.09	7.66
68.512	18.04	25.42	0.09	7.66
68.544	18.04	25.42	-0.01	7.56
68.576	18.04	25.42	-0.01	7.56
68.608	18.04	25.42	-0.01	7.56
68.640	18.04	25.42	0.06	7.64
68.672	18.04	25.42	0.06	7.64
68.704	18.09	25.46	0.06	7.64
68.736	18.09	25.46	0.04	7.61
68.768	18.09	25.46	0.04	7.61
68.800	18.03	25.40	0.04	7.61
68.832	18.03	25.40	-0.01	7.56
68.864	18.03	25.40	-0.01	7.56
68.896	18.06	25.44	-0.01	7.56
68.928	18.06	25.44	0.08	7.66
68.960	18.06	25.44	0.08	7.66
68.992	18.07	25.44	0.08	7.66
69.024	18.07	25.44	-0.01	7.57
69.056	18.07	25.44	-0.01	7.57
69.088	18.01	25.39	-0.01	7.57
69.120	18.01	25.39	0.07	7.64
69.152	18.01	25.39	0.07	7.64
69.184	18.05	25.43	0.07	7.64
69.216	18.05	25.43	0.05	7.62
69.248	18.05	25.43	0.05	7.62
69.280	18.07	25.44	0.05	7.62
69.312	18.07	25.44	-0.02	7.56
69.344	18.07	25.44	-0.02	7.56
69.376	18.05	25.43	-0.02	7.56
69.408	18.05	25.43	0.09	7.66
69.440	18.05	25.43	0.09	7.66
69.472	18.05	25.42	0.09	7.66
69.504	18.05	25.42	-0.01	7.57
69.536	18.05	25.42	-0.01	7.57
69.568	18.05	25.43	-0.01	7.57
69.600	18.05	25.43	0.06	7.64
69.632	18.05	25.43	0.06	7.64
69.664	18.06	25.43	0.06	7.64
69.696	18.06	25.43	0.05	7.63
69.728	18.06	25.43	0.05	7.63
69.760	18.05	25.43	0.05	7.63
69.792	18.05	25.43	-0.01	7.56
69.824	18.05	25.43	-0.01	7.56
69.856	18.06	25.43	-0.01	7.56
69.888	18.06	25.43	0.09	7.67
69.920	18.06	25.43	0.09	7.67
69.952	18.00	25.37	0.09	7.67
69.984	18.00	25.37	-0.00	7.57
70.016	18.00	25.37	-0.00	7.57
70.048	18.05	25.42	-0.00	7.57
70.080	18.05	25.42	0.05	7.63
70.112	18.05	25.42	0.05	7.63
70.144	18.01	25.39	0.05	7.63
70.176	18.01	25.39	0.06	7.64
70.208	18.01	25.39	0.06	7.64
70.240	18.08	25.46	0.06	7.64
70.272	18.08	25.46	-0.02	7.56
70.304	18.08	25.46	-0.02	7.56
70.336	18.03	25.41	-0.02	7.56
70.368	18.03	25.41	0.09	7.66
70.400	18.03	25.41	0.09	7.66
70.432	18.00	25.38	0.09	7.66
70.464	18.00	25.38	-0.00	7.58
70.496	18.00	25.38	-0.00	7.58
70.528	18.05	25.42	-0.00	7.58
70.560	18.05	25.42	0.05	7.62
70.592	18.05	25.42	0.05	7.62
70.624	18.03	25.40	0.05	7.62
70.656	18.03	25.40	0.07	7.65
70.688	18.03	25.40	0.07	7.65
70.720	18.07	25.44	0.07	7.65
70.752	18.07	25.44	-0.02	7.56
70.784	18.07	25.44	-0.02	7.56
70.816	18.07	25.45	-0.02	7.56
70.848	18.07	25.45	0.08	7.66
70.880	18.07	25.45	0.08	7.66
70.912	18.00	25.38	0.08	7.66
70.944	18.00	25.38	-0.00	7.57
70.976	18.00	25.38	-0.00	7.57
71.008	18.04	25.41	-0.00	7.57
71.040	18.04	25.41	0.04	7.62
71.072	18.04	25.41	0.04	7.62
71.104	18.05	25.43	0.04	7.62
71.136	18.05	25.43	0.07	7.65
71.168	18.05	25.43	0.07	7.65
71.200	18.10	25.47	0.07	7.65
71.232	18.10	25.47	-0.02	7.56
71.264	18.10	25.47	-0.02	7.56
71.296	18.06	25.44	-0.02	7.56
71.328	18.06	25.44	0.08	7.65
71.360	18.06	25.44	0.08	7.65
71.392	18.01	25.38	0.08	7.65
71.424	18.01	25.38	-0.00	7.58
71.456	18.01	25.38	-0.00	7.58
71.488	18.01	25.39	-0.00	7.58
71.520	18.01	25.39	0.03	7.60
71.552	18.01	25.39	0.03	7.60
71.584	17.98	25.36	0.03	7.60
71.616	17.98	25.36	0.08	7.66
71.648	17.98	25.36	0.08	7.66
71.680	18.03	25.41	0.08	7.66
71.712	18.03	25.41	-0.02	7.55
71.744	18.03	25.41	-0.02	7.55
71.776	18.02	25.40	-0.02	7.55
71.808	18.02	25.40	0.08	7.65
71.840	18.02	25.40	0.08	7.65
71.872	18.01	25.38	0.08	7.65
71.904	18.01	25.38	0.00	7.58
71.936	18.01	25.38	0.00	7.58
71.968	18.02	25.40	0.00	7.58
72.000	18.02	25.40	0.02	7.59
72.032	18.02	25.40	0.02	7.59
72.064	18.02	25.40	0.02	7.59
72.096	18.02	25.40	0.08	7.66
72.128	18.02	25.40	0.08	7.66
72.160	18.04	25.41	0.08	7.66
72.192	18.04	25.41	-0.03	7.55
72.224	18.04	25.41	-0.03	7.55
72.256	18.01	25.38	-0.03	7.55
72.288	18.01	25.38	0.07	7.65
72.320	18.01	25.38	0.07	7.65
72.352	18.01	25.39	0.07	7.65
72.384	18.01	25.39	0.01	7.58
72.416	18.01	25.39	0.01	7.58
72.448	18.00	25.37	0.01	7.58
72.480	18.00	25.37	0.01	7.58
72.512	18.00	25.37	0.01	7.58
72.544	18.02	25.40	0.01	7.58
72.576	18.02	25.40	0.08	7.65
72.608	18.02	25.40	0.08	7.65
72.640	18.00	25.38	0.08	7.65
72.672	18.00	25.38	-0.02	7.55
72.704	18.00	25.38	-0.02	7.55
72.736	18.00	25.37	-0.02	7.55
72.768	18.00	25.37	0.07	7.65
72.800	18.00	25.37	0.07	7.65
72.832	18.00	25.38	0.07	7.65
72.864	18.00	25.38	0.01	7.59
72.896	18.00	25.38	0.01	7.59
72.928	18.01	25.38	0.01	7.59
72.960	18.01	25.38	0.00	7.58
72.992	18.01	25.38	0.00	7.58
73.024	18.02	25.40	0.00	7.58
73.056	18.02	25.40	0.08	7.66
73.088	18.02	25.40	0.08	7.66
73.120	17.99	25.36	0.08	7.66
73.152	17.99	25.36	-0.02	7.55
73.184	17.99	25.36	-0.02	7.55
73.216	17.98	25.36	-0.02	7.55
73.248	17.98	25.36	0.07	7.64
73.280	17.98	25.36	0.07	7.64
73.312	18.02	25.39	0.07	7.64
73.344	18.02	25.39	0.02	7.60
73.376	18.02	25.39	0.02	7.60
73.408	17.98	25.35	0.02	7.60
73.440	17.98	25.35	-0.01	7.57
73.472	17.98	25.35	-0.01	7.57
73.504	18.04	25.41	-0.01	7.57
73.536	18.04	25.41	0.08	7.66
73.568	18.04	25.41	0.08	7.66
73.600	18.02	25.39	0.08	7.66
73.632	18.02	25.39	-0.02	7.56
73.664	18.02	25.39	-0.02	7.56
73.696	17.97	25.34	-0.02	7.56
73.728	17.97	25.34	0.07	7.64
73.760	17.97	25.34	0.07	7.64
73.792	17.99	25.37	0.07	7.64
73.824	17.99	25.37	0.04	7.61
73.856	17.99	25.37	0.04	7.61
73.888	18.03	25.40	0.04	7.61
73.920	18.03	25.40	-0.01	7.56
73.952	18.03	25.40	-0.01	7.56
73.984	18.09	25.47	-0.01	7.56
74.016	18.09	25.47	0.09	7.66
74.048	18.09	25.47	0.09	7.66
74.080	18.06	25.43	0.09	7.66
74.112	18.06	25.43	-0.01	7.56
74.144	18.06	25.43	-0.01	7.56
74.176	18.01	25.39	-0.01	7.56
74.208	18.01	25.39	0.06	7.64
74.240	18.01	25.39	0.06	7.64
74.272	18.06	25.43	0.06	7.64
74.304	18.06	25.43	0.05	7.62
74.336	18.06	25.43	0.05	7.62
74.368	18.02	25.40	0.05	7.62
74.400	18.02	25.40	-0.01	7.56
74.432	18.02	25.40	-0.01	7.56
74.464	18.05	25.42	-0.01	7.56
74.496	18.05	25.42	0.09	7.66
74.528	18.05	25.42	0.09	7.66
74.560	18.03	25.40	0.09	7.66
74.592	18.03	25.40	-0.01	7.57
74.624	18.03	25.40	-0.01	7.57
74.656	18.05	25.43	-0.01	7.57
74.688	18.05	25.43	0.06	7.64
74.720	18.05	25.43	0.06	7.64
74.752	18.01	25.39	0.06	7.64
74.784	18.01	25.39	0.05	7.63
74.816	18.01	25.39	0.05	7.63
74.848	18.05	25.42	0.05	7.63
74.880	18.05	25.42	-0.02	7.56
74.912	18.05	25.42	-0.02	7.56
74.944	18.07	25.45	-0.02	7.56
74.976	18.07	25.45	0.09	7.67
75.008	18.07	25.45	0.09	7.67
75.040	17.96	25.34	0.09	7.67
75.072	17.96	25.34	-0.00	7.57
75.104	17.96	25.34	-0.00	7.57
75.136	18.00	25.38	-0.00	7.57
75.168	18.00	25.38	0.05	7.63
75.200	18.00	25.38	0.05	7.63
75.232	18.03	25.41	0.05	7.63
75.264	18.03	25.41	0.06	7.64
75.296	18.03	25.41	0.06	7.64
75.328	18.06	25.44	0.06	7.64
75.360	18.06	25.44	-0.02	7.56
75.392	18.06	25.44	-0.02	7.56
75.424	18.04	25.42	-0.02	7.56
75.456	18.04	25.42	0.09	7.66
75.488	18.04	25.42	0.09	7.66
75.520	18.02	25.40	0.09	7.66
75.552	18.02	25.40	-0.00	7.57
75.584	18.02	25.40	-0.00	7.57
75.616	18.04	25.41	-0.00	7.57
75.648	18.04	25.41	0.05	7.62
75.680	18.04	25.41	0.05	7.62
75.712	18.06	25.44	0.05	7.62
75.744	18.06	25.44	0.07	7.65
75.776	18.06	25.44	0.07	7.65
75.808	18.04	25.42	0.07	7.65
75.840	18.04	25.42	-0.02	7.56
75.872	18.04	25.42	-0.02	7.56
75.904	18.06	25.44	-0.02	7.56
75.936	18.06	25.44	0.08	7.66
75.968	18.06	25.44	0.08	7.66
76.000	18.00	25.38	0.08	7.66
76.032	18.00	25.38	-0.00	7.58
76.064	18.00	25.38	-0.00	7.58
76.096	17.99	25.37	-0.00	7.58
76.128	17.99	25.37	0.04	7.61
76.160	17.99	25.37	0.04	7.61
76.192	17.97	25.35	0.04	7.61
76.224	17.97	25.35	0.07	7.65
76.256	17.97	25.35	0.07	7.65
76.288	18.01	25.39	0.07	7.65
76.320	18.01	25.39	-0.02	7.55
76.352	18.01	25.39	-0.02	7.55
76.384	18.03	25.41	-0.02	7.55
76.416	18.03	25.41	0.08	7.66
76.448	18.03	25.41	0.08	7.66
76.480	18.02	25.40	0.08	7.66
76.512	18.02	25.40	-0.00	7.58
76.544	18.02	25.40	-0.00	7.58
76.576	18.06	25.44	-0.00	7.58
76.608	18.06	25.44	0.02	7.60
76.640	18.06	25.44	0.02	7.60
76.672	18.05	25.43	0.02	7.60
76.704	18.05	25.43	0.08	7.65
76.736	18.05	25.43	0.08	7.65
76.768	18.09	25.47	0.08	7.65
76.800	18.09	25.47	-0.02	7.55
76.832	18.09	25.47	-0.02	7.55
76.864	18.03	25.40	-0.02	7.55
76.896	18.03	25.40	0.08	7.65
76.928	18.03	25.40	0.08	7.65
76.960	18.00	25.38	0.08	7.65
76.992	18.00	25.38	0.00	7.58
77.024	18.00	25.38	0.00	7.58
77.056	18.00	25.38	0.00	7.58
77.088	18.00	25.38	0.01	7.59
77.120	18.00	25.38	0.01	7.59
77.152	17.99	25.36	0.01	7.59
77.184	17.99	25.36	0.08	7.66
77.216	17.99	25.36	0.08	7.66
77.248	18.00	25.38	0.08	7.66
77.280	18.00	25.38	-0.02	7.55
77.312	18.00	25.38	-0.02	7.55
77.344	18.00	25.37	-0.02	7.55
77.376	18.00	25.37	0.07	7.64
77.408	18.00	25.37	0.07	7.64
77.440	18.01	25.39	0.07	7.64
77.472	18.01	25.39	0.01	7.59
77.504	18.01	25.39	0.01	7.59
77.536	18.03	25.41	0.01	7.59
77.568	18.03	25.41	-0.00	7.58
77.600	18.03	25.41	-0.00	7.58
77.632	18.02	25.40	-0.00	7.58
77.664	18.02	25.40	0.08	7.66
77.696	18.02	25.40	0.08	7.66
77.728	18.05	25.42	0.08	7.66
77.760	18.05	25.42	-0.02	7.55
77.792	18.05	25.42	-0.02	7.55
77.824	18.01	25.39	-0.02	7.55
77.856	18.01	25.39	0.07	7.64
77.888	18.01	25.39	0.07	7.64
77.920	18.01	25.38	0.07	7.64
77.952	18.01	25.38	0.02	7.59
77.984	18.01	25.38	0.02	7.59
78.016	18.03	25.41	0.02	7.59
78.048	18.03	25.41	-0.01	7.57
78.080	18.03	25.41	-0.01	7.57
78.112	17.94	25.32	-0.01	7.57
78.144	17.94	25.32	0.09	7.66
78.176	17.94	25.32	0.09	7.66
78.208	17.97	25.34	0.09	7.66
78.240	17.97	25.34	-0.02	7.56
78.272	17.97	25.34	-0.02	7.56
78.304	17.96	25.34	-0.02	7.56
78.336	17.96	25.34	0.07	7.64
78.368	17.96	25.34	0.07	7.64
78.400	17.94	25.32	0.07	7.64
78.432	17.94	25.32	0.03	7.60
78.464	17.94	25.32	0.03	7.60
78.496	18.01	25.39	0.03	7.60
78.528	18.01	25.39	-0.01	7.57
78.560	18.01	25.39	-0.01	7.57
78.592	18.04	25.42	-0.01	7.57
78.624	18.04	25.42	0.09	7.66
78.656	18.04	25.42	0.09	7.66
78.688	18.03	25.40	0.09	7.66
78.720	18.03	25.40	-0.01	7.56
78.752	18.03	25.40	-0.01	7.56
78.784	17.98	25.35	-0.01	7.56
78.816	17.98	25.35	0.07	7.64
78.848	17.98	25.35	0.07	7.64
78.880	17.98	25.35	0.07	7.64
78.912	17.98	25.35	0.04	7.62
78.944	17.98	25.35	0.04	7.62
78.976	18.03	25.40	0.04	7.62
79.008	18.03	25.40	-0.01	7.56
79.040	18.03	25.40	-0.01	7.56
79.072	17.98	25.35	-0.01	7.56
79.104	17.98	25.35	0.09	7.66
79.136	17.98	25.35	0.09	7.66
79.168	18.03	25.40	0.09	7.66
79.200	18.03	25.40	-0.01	7.57
79.232	18.03	25.40	-0.01	7.57
79.264	17.99	25.36	-0.01	7.57
79.296	17.99	25.36	0.06	7.64
79.328	17.99	25.36	0.06	7.64
79.360	18.04	25.41	0.06	7.64
79.392	18.04	25.41	0.05	7.63
79.424	18.04	25.41	0.05	7.63
79.456	18.00	25.38	0.05	7.63
79.488	18.00	25.38	-0.02	7.56
79.520	18.00	25.38	-0.02	7.56
79.552	18.05	25.42	-0.02	7.56
79.584	18.05	25.42	0.09	7.67
79.616	18.05	25.42	0.09	7.67
79.648	18.00	25.38	0.09	7.67
79.680	18.00	25.38	-0.00	7.57
79.712	18.00	25.38	-0.00	7.57
79.744	17.98	25.36	-0.00	7.57
79.776	17.98	25.36	0.06	7.63
79.808	17.98	25.36	0.06	7.63
79.840	17.97	25.35	0.06	7.63
79.872	17.97	25.35	0.06	7.64
79.904	17.97	25.35	0.06	7.64
79.936	18.00	25.37	0.06	7.64
79.968	18.00	25.37	-0.02	7.55
80.000	18.00	25.37	-0.02	7.55
80.032	18.04	25.41	-0.02	7.55
80.064	18.04	25.41	0.09	7.66
80.096	18.04	25.41	0.09	7.66
80.128	18.05	25.42	0.09	7.66
80.160	18.05	25.42	-0.00	7.57
80.192	18.05	25.42	-0.00	7.57
80.224	18.05	25.43	-0.00	7.57
80.256	18.05	25.43	0.04	7.62
80.288	18.05	25.43	0.04	7.62
80.320	18.01	25.39	0.04	7.62
80.352	18.01	25.39	0.07	7.65
80.384	18.01	25.39	0.07	7.65
80.416	17.99	25.37	0.07	7.65
80.448	17.99	25.37	-0.02	7.56
80.480	17.99	25.37	-0.02	7.56
80.512	18.07	25.44	-0.02	7.56
80.544	18.07	25.44	0.08	7.66
80.576	18.07	25.44	0.08	7.66
80.608	18.01	25.39	0.08	7.66
80.640	18.01	25.39	-0.00	7.57
80.672	18.01	25.39	-0.00	7.57
80.704	18.00	25.38	-0.00	7.57
80.736	18.00	25.38	0.03	7.61
80.768	18.00	25.38	0.03	7.61
80.800	18.02	25.39	0.03	7.61
80.832	18.02	25.39	0.07	7.65
80.864	18.02	25.39	0.07	7.65
80.896	18.01	25.38	0.07	7.65
80.928	18.01	25.38	-0.02	7.56
80.960	18.01	25.38	-0.02	7.56
80.992	18.01	25.39	-0.02	7.56
81.024	18.01	25.39	0.08	7.66
81.056	18.01	25.39	0.08	7.66
81.088	18.04	25.41	0.08	7.66
81.120	18.04	25.41	-0.00	7.57
81.152	18.04	25.41	-0.00	7.57
81.184	18.06	25.43	-0.00	7.57
81.216	18.06	25.43	0.02	7.60
81.248	18.06	25.43	0.02	7.60
81.280	18.04	25.42	0.02	7.60
81.312	18.04	25.42	0.08	7.66
81.344	18.04	25.42	0.08	7.66
81.376	18.07	25.44	0.08	7.66
81.408	18.07	25.44	-0.02	7.55
81.440	18.07	25.44	-0.02	7.55
81.472	18.10	25.47	-0.02	7.55
81.504	18.10	25.47	0.07	7.65
81.536	18.10	25.47	0.07	7.65
81.568	18.05	25.43	0.07	7.65
81.600	18.05	25.43	0.00	7.58
81.632	18.05	25.43	0.00	7.58
81.664	18.03	25.41	0.00	7.58
81.696	18.03	25.41	0.01	7.59
81.728	18.03	25.41	0.01	7.59
81.760	18.05	25.43	0.01	7.59
81.792	18.05	25.43	0.08	7.66
81.824	18.05	25.43	0.08	7.66
81.856	18.04	25.41	0.08	7.66
81.888	18.04	25.41	-0.03	7.55
81.920	18.04	25.41	-0.03	7.55
81.952	18.06	25.43	-0.03	7.55
81.984	18.06	25.43	0.07	7.64
82.016	18.06	25.43	0.07	7.64
82.048	18.06	25.44	0.07	7.64
82.080	18.06	25.44	0.01	7.59
82.112	18.06	25.44	0.01	7.59
82.144	18.05	25.42	0.01	7.59
82.176	18.05	25.42	0.00	7.58
82.208	18.05	25.42	0.00	7.58
82.240	18.06	25.44	0.00	7.58
82.272	18.06	25.44	0.08	7.66
82.304	18.06	25.44	0.08	7.66
82.336	18.06	25.44	0.08	7.66
82.368	18.06	25.44	-0.02	7.55
82.400	18.06	25.44	-0.02	7.55
82.432	18.05	25.43	-0.02	7.55
82.464	18.05	25.43	0.07	7.64
82.496	18.05	25.43	0.07	7.64
82.528	18.03	25.40	0.07	7.64
82.560	18.03	25.40	0.02	7.59
82.592	18.03	25.40	0.02	7.59
82.624	18.03	25.41	0.02	7.59
82.656	18.03	25.41	-0.00	7.58
82.688	18.03	25.41	-0.00	7.58
82.720	18.03	25.41	-0.00	7.58
82.752	18.03	25.41	0.08	7.66
82.784	18.03	25.41	0.08	7.66
82.816	18.02	25.39	0.08	7.66
82.848	18.02	25.39	-0.02	7.56
82.880	18.02	25.39	-0.02	7.56
82.912	18.09	25.46	-0.02	7.56
82.944	18.09	25.46	0.07	7.64
82.976	18.09	25.46	0.07	7.64
83.008	18.08	25.45	0.07	7.64
83.040	18.08	25.45	0.03	7.60
83.072	18.08	25.45	0.03	7.60
83.104	18.06	25.44	0.03	7.60
83.136	18.06	25.44	-0.01	7.56
83.168	18.06	25.44	-0.01	7.56
83.200	18.06	25.44	-0.01	7.56
83.232	18.06	25.44	0.08	7.66
83.264	18.06	25.44	0.08	7.66
83.296	18.13	25.51	0.08	7.66
83.328	18.13	25.51	-0.01	7.56
83.360	18.13	25.51	-0.01	7.56
83.392	18.06	25.44	-0.01	7.56
83.424	18.06	25.44	0.06	7.64
83.456	18.06	25.44	0.06	7.64
83.488	18.09	25.46	0.06	7.64
83.520	18.09	25.46	0.04	7.62
83.552	18.09	25.46	0.04	7.62
83.584	18.11	25.48	0.04	7.62
83.616	18.11	25.48	-0.01	7.57
83.648	18.11	25.48	-0.01	7.57
83.680	18.05	25.42	-0.01	7.57
83.712	18.05	25.42	0.08	7.66
83.744	18.05	25.42	0.08	7.66
83.776	18.05	25.43	0.08	7.66
83.808	18.05	25.43	-0.01	7.57
83.840	18.05	25.43	-0.01	7.57
83.872	18.07	25.45	-0.01	7.57
83.904	18.07	25.45	0.06	7.64
83.936	18.07	25.45	0.06	7.64
83.968	18.05	25.42	0.06	7.64
84.000	18.05	25.42	0.05	7.62
84.032	18.05	25.42	0.05	7.62
84.064	18.09	25.47	0.05	7.62
84.096	18.09	25.47	-0.01	7.56
84.128	18.09	25.47	-0.01	7.56
84.160	18.06	25.44	-0.01	7.56
84.192	18.06	25.44	0.09	7.67
84.224	18.06	25.44	0.09	7.67
84.256	18.10	25.48	0.09	7.67
84.288	18.10	25.48	-0.01	7.57
84.320	18.10	25.48	-0.01	7.57
84.352	18.00	25.37	-0.01	7.57
84.384	18.00	25.37	0.06	7.63
84.416	18.00	25.37	0.06	7.63
84.448	18.01	25.38	0.06	7.63
84.480	18.01	25.38	0.06	7.63
84.512	18.01	25.38	0.06	7.63
84.544	18.07	25.45	0.06	7.63
84.576	18.07	25.45	-0.01	7.56
84.608	18.07	25.45	-0.01	7.56
84.640	18.05	25.42	-0.01	7.56
84.672	18.05	25.42	0.09	7.67
84.704	18.05	25.42	0.09	7.67
84.736	18.07	25.45	0.09	7.67
84.768	18.07	25.45	-0.00	7.57
84.800	18.07	25.45	-0.00	7.57
84.832	18.12	25.49	-0.00	7.57
84.864	18.12	25.49	0.05	7.63
84.896	18.12	25.49	0.05	7.63
84.928	18.11	25.48	0.05	7.63
84.960	18.11	25.48	0.06	7.64
84.992	18.11	25.48	0.06	7.64
85.024	18.11	25.49	0.06	7.64
85.056	18.11	25.49	-0.02	7.56
85.088	18.11	25.49	-0.02	7.56
85.120	18.14	25.52	-0.02	7.56
85.152	18.14	25.52	0.09	7.66
85.184	18.14	25.52	0.09	7.66
85.216	18.14	25.51	0.09	7.66
85.248	18.14	25.51	-0.00	7.58
85.280	18.14	25.51	-0.00	7.58
85.312	18.07	25.44	-0.00	7.58
85.344	18.07	25.44	0.05	7.62
85.376	18.07	25.44	0.05	7.62
85.408	18.10	25.47	0.05	7.62
85.440	18.10	25.47	0.07	7.65
85.472	18.10	25.47	0.07	7.65
85.504	18.08	25.46	0.07	7.65
85.536	18.08	25.46	-0.02	7.56
85.568	18.08	25.46	-0.02	7.56
85.600	18.05	25.43	-0.02	7.56
85.632	18.05	25.43	0.09	7.66
85.664	18.05	25.43	0.09	7.66
85.696	18.09	25.47	0.09	7.66
85.728	18.09	25.47	-0.00	7.58
85.760	18.09	25.47	-0.00	7.58
85.792	18.12	25.49	-0.00	7.58
85.824	18.12	25.49	0.03	7.61
85.856	18.12	25.49	0.03	7.61
85.888	18.13	25.51	0.03	7.61
85.920	18.13	25.51	0.08	7.65
85.952	18.13	25.51	0.08	7.65
85.984	18.12	25.49	0.08	7.65
86.016	18.12	25.49	-0.02	7.55
86.048	18.12	25.49	-0.02	7.55
86.080	18.11	25.49	-0.02	7.55
86.112	18.11	25.49	0.08	7.65
86.144	18.11	25.49	0.08	7.65
86.176	18.11	25.49	0.08	7.65
86.208	18.11	25.49	-0.00	7.58
86.240	18.11	25.49	-0.00	7.58
86.272	18.06	25.44	-0.00	7.58
86.304	18.06	25.44	0.02	7.60
86.336	18.06	25.44	0.02	7.60
86.368	18.06	25.43	0.02	7.60
86.400	18.06	25.43	0.08	7.66
86.432	18.06	25.43	0.08	7.66
86.464	18.07	25.44	0.08	7.66
86.496	18.07	25.44	-0.02	7.55
86.528	18.07	25.44	-0.02	7.55
86.560	18.10	25.48	-0.02	7.55
86.592	18.10	25.48	0.07	7.65
86.624	18.10	25.48	0.07	7.65
86.656	18.14	25.51	0.07	7.65
86.688	18.14	25.51	-0.00	7.58
86.720	18.14	25.51	-0.00	7.58
86.752	18.13	25.50	-0.00	7.58
86.784	18.13	25.50	0.01	7.59
86.816	18.13	25.50	0.01	7.59
86.848	18.12	25.50	0.01	7.59
86.880	18.12	25.50	0.08	7.66
86.912	18.12	25.50	0.08	7.66
86.944	18.11	25.49	0.08	7.66
86.976	18.11	25.49	-0.03	7.55
87.008	18.11	25.49	-0.03	7.55
87.040	18.11	25.49	-0.03	7.55
87.072	18.11	25.49	0.07	7.65
87.104	18.11	25.49	0.07	7.65
87.136	18.06	25.43	0.07	7.65
87.168	18.06	25.43	0.01	7.58
87.200	18.06	25.43	0.01	7.58
87.232	18.06	25.44	0.01	7.58
87.264	18.06	25.44	0.01	7.58
87.296	18.06	25.44	0.01	7.58
87.328	18.06	25.44	0.01	7.58
87.360	18.06	25.44	0.08	7.66
87.392	18.06	25.44	0.08	7.66
87.424	18.02	25.39	0.08	7.66
87.456	18.02	25.39	-0.02	7.55
87.488	18.02	25.39	-0.02	7.55
87.520	18.07	25.45	-0.02	7.55
87.552	18.07	25.45	0.07	7.64
87.584	18.07	25.45	0.07	7.64
87.616	18.10	25.47	0.07	7.64
87.648	18.10	25.47	0.01	7.59
87.680	18.10	25.47	0.01	7.59
87.712	18.08	25.45	0.01	7.59
87.744	18.08	25.45	-0.00	7.58
87.776	18.08	25.45	-0.00	7.58
87.808	18.09	25.47	-0.00	7.58
87.840	18.09	25.47	0.08	7.66
87.872	18.09	25.47	0.08	7.66
87.904	18.11	25.48	0.08	7.66
87.936	18.11	25.48	-0.02	7.55
87.968	18.11	25.48	-0.02	7.55
88.000	18.13	25.51	-0.02	7.55
88.032	18.13	25.51	0.06	7.64
88.064	18.13	25.51	0.06	7.64
88.096	18.06	25.44	0.06	7.64
88.128	18.06	25.44	0.02	7.60
88.160	18.06	25.44	0.02	7.60
88.192	18.06	25.43	0.02	7.60
88.224	18.06	25.43	-0.01	7.57
88.256	18.06	25.43	-0.01	7.57
88.288	18.05	25.43	-0.01	7.57
88.320	18.05	25.43	0.08	7.66
88.352	18.05	25.43	0.08	7.66
88.384	18.06	25.44	0.08	7.66
88.416	18.06	25.44	-0.02	7.56
88.448	18.06	25.44	-0.02	7.56
88.480	18.08	25.45	-0.02	7.56
88.512	18.08	25.45	0.07	7.64
88.544	18.08	25.45	0.07	7.64
88.576	18.09	25.46	0.07	7.64
88.608	18.09	25.46	0.03	7.61
88.640	18.09	25.46	0.03	7.61
88.672	18.09	25.46	0.03	7.61
88.704	18.09	25.46	-0.01	7.57
88.736	18.09	25.46	-0.01	7.57
88.768	18.06	25.43	-0.01	7.57
88.800	18.06	25.43	0.09	7.66
88.832	18.06	25.43	0.09	7.66
88.864	18.08	25.45	0.09	7.66
88.896	18.08	25.45	-0.02	7.56
88.928	18.08	25.45	-0.02	7.56
88.960	18.14	25.52	-0.02	7.56
88.992	18.14	25.52	0.07	7.64
89.024	18.14	25.52	0.07	7.64
89.056	18.04	25.42	0.07	7.64
89.088	18.04	25.42	0.04	7.62
89.120	18.04	25.42	0.04	7.62
89.152	18.04	25.42	0.04	7.62
89.184	18.04	25.42	-0.01	7.56
89.216	18.04	25.42	-0.01	7.56
89.248	18.05	25.42	-0.01	7.56
89.280	18.05	25.42	0.09	7.67
89.312	18.05	25.42	0.09	7.67
89.344	18.09	25.47	0.09	7.67
89.376	18.09	25.47	-0.01	7.56
89.408	18.09	25.47	-0.01	7.56
89.440	18.11	25.48	-0.01	7.56
89.472	18.11	25.48	0.07	7.64
89.504	18.11	25.48	0.07	7.64
89.536	18.05	25.43	0.07	7.64
89.568	18.05	25.43	0.05	7.63
89.600	18.05	25.43	0.05	7.63
89.632	18.01	25.38	0.05	7.63
89.664	18.01	25.38	-0.01	7.56
89.696	18.01	25.38	-0.01	7.56
89.728	18.04	25.42	-0.01	7.56
89.760	18.04	25.42	0.09	7.67
89.792	18.04	25.42	0.09	7.67
89.824	18.11	25.49	0.09	7.67
89.856	18.11	25.49	-0.01	7.57
89.888	18.11	25.49	-0.01	7.57
89.920	18.05	25.43	-0.01	7.57
89.952	18.05	25.43	0.06	7.64
89.984	18.05	25.43	0.06	7.64
90.016	18.01	25.39	0.06	7.64
90.048	18.01	25.39	0.06	7.63
90.080	18.01	25.39	0.06	7.63
90.112	18.06	25.44	0.06	7.63
90.144	18.06	25.44	-0.02	7.56
90.176	18.06	25.44	-0.02	7.56
90.208	18.02	25.40	-0.02	7.56
90.240	18.02	25.40	0.09	7.67
90.272	18.02	25.40	0.09	7.67
90.304	18.06	25.44	0.09	7.67
90.336	18.06	25.44	-0.00	7.57
90.368	18.06	25.44	-0.00	7.57
90.400	18.08	25.45	-0.00	7.57
90.432	18.08	25.45	0.05	7.63
90.464	18.08	25.45	0.05	7.63
90.496	18.03	25.40	0.05	7.63
90.528	18.03	25.40	0.06	7.64
90.560	18.03	25.40	0.06	7.64
90.592	18.07	25.45	0.06	7.64
90.624	18.07	25.45	-0.02	7.56
90.656	18.07	25.45	-0.02	7.56
90.688	18.09	25.47	-0.02	7.56
90.720	18.09	25.47	0.09	7.66
90.752	18.09	25.47	0.09	7.66
90.784	18.10	25.47	0.09	7.66
90.816	18.10	25.47	-0.00	7.57
90.848	18.10	25.47	-0.00	7.57
90.880	18.08	25.45	-0.00	7.57
90.912	18.08	25.45	0.05	7.63
90.944	18.08	25.45	0.05	7.63
90.976	18.05	25.43	0.05	7.63
91.008	18.05	25.43	0.07	7.65
91.040	18.05	25.43	0.07	7.65
91.072	18.07	25.44	0.07	7.65
91.104	18.07	25.44	-0.02	7.56
91.136	18.07	25.44	-0.02	7.56
91.168	18.01	25.38	-0.02	7.56
91.200	18.01	25.38	0.09	7.66
91.232	18.01	25.38	0.09	7.66
91.264	18.04	25.41	0.09	7.66
91.296	18.04	25.41	-0.00	7.57
91.328	18.04	25.41	-0.00	7.57
91.360	18.07	25.44	-0.00	7.57
91.392	18.07	25.44	0.04	7.62
91.424	18.07	25.44	0.04	7.62
91.456	18.03	25.41	0.04	7.62
91.488	18.03	25.41	0.07	7.65
91.520	18.03	25.41	0.07	7.65
91.552	18.05	25.43	0.07	7.65
91.584	18.05	25.43	-0.02	7.56
91.616	18.05	25.43	-0.02	7.56
91.648	18.11	25.49	-0.02	7.56
91.680	18.11	25.49	0.09	7.66
91.712	18.11	25.49	0.09	7.66
91.744	18.10	25.48	0.09	7.66
91.776	18.10	25.48	-0.00	7.58
91.808	18.10	25.48	-0.00	7.58
91.840	18.03	25.40	-0.00	7.58
91.872	18.03	25.40	0.04	7.61
91.904	18.03	25.40	0.04	7.61
91.936	18.07	25.44	0.04	7.61
91.968	18.07	25.44	0.07	7.65
92.000	18.07	25.44	0.07	7.65
92.032	17.99	25.37	0.07	7.65
92.064	17.99	25.37	-0.02	7.55
92.096	17.99	25.37	-0.02	7.55
92.128	18.06	25.43	-0.02	7.55
92.160	18.06	25.43	0.08	7.66
92.192	18.06	25.43	0.08	7.66
92.224	18.09	25.47	0.08	7.66
92.256	18.09	25.47	-0.00	7.58
92.288	18.09	25.47	-0.00	7.58
92.320	18.05	25.43	-0.00	7.58
92.352	18.05	25.43	0.02	7.60
92.384	18.05	25.43	0.02	7.60
92.416	18.10	25.48	0.02	7.60
92.448	18.10	25.48	0.08	7.65
92.480	18.10	25.48	0.08	7.65
92.512	18.04	25.42	0.08	7.65
92.544	18.04	25.42	-0.02	7.55
92.576	18.04	25.42	-0.02	7.55
92.608	18.11	25.49	-0.02	7.55
92.640	18.11	25.49	0.08	7.65
92.672	18.11	25.49	0.08	7.65
92.704	18.02	25.39	0.08	7.65
92.736	18.02	25.39	0.00	7.58
92.768	18.02	25.39	0.00	7.58
92.800	18.04	25.42	0.00	7.58
92.832	18.04	25.42	0.01	7.59
92.864	18.04	25.42	0.01	7.59
92.896	18.08	25.45	0.01	7.59
92.928	18.08	25.45	0.08	7.66
92.960	18.08	25.45	0.08	7.66
92.992	17.95	25.33	0.08	7.66
93.024	17.95	25.33	-0.02	7.55
93.056	17.95	25.33	-0.02	7.55
93.088	18.06	25.43	-0.02	7.55
93.120	18.06	25.43	0.07	7.65
93.152	18.06	25.43	0.07	7.65
93.184	18.03	25.40	0.07	7.65
93.216	18.03	25.40	0.00	7.58
93.248	18.03	25.40	0.00	7.58
93.280	18.01	25.39	0.00	7.58
93.312	18.01	25.39	0.01	7.58
93.344	18.01	25.39	0.01	7.58
93.376	18.05	25.42	0.01	7.58
93.408	18.05	25.42	0.08	7.66
93.440	18.05	25.42	0.08	7.66
93.472	18.09	25.47	0.08	7.66
93.504	18.09	25.47	-0.02	7.55
93.536	18.09	25.47	-0.02	7.55
93.568	18.10	25.48	-0.02	7.55
93.600	18.10	25.48	0.07	7.64
93.632	18.10	25.48	0.07	7.64
93.664	18.05	25.43	0.07	7.64
93.696	18.05	25.43	0.01	7.59
93.728	18.05	25.43	0.01	7.59
93.760	18.06	25.43	0.01	7.59
93.792	18.06	25.43	-0.00	7.58
93.824	18.06	25.43	-0.00	7.58
93.856	18.03	25.40	-0.00	7.58
93.888	18.03	25.40	0.08	7.66
93.920	18.03	25.40	0.08	7.66
93.952	18.00	25.37	0.08	7.66
93.984	18.00	25.37	-0.02	7.55
94.016	18.00	25.37	-0.02	7.55
94.048	18.05	25.43	-0.02	7.55
94.080	18.05	25.43	0.07	7.64
94.112	18.05	25.43	0.07	7.64
94.144	17.46	24.84	0.07	7.64
94.176	17.46	24.84	0.01	7.59
94.208	17.46	24.84	0.01	7.59
94.240	2.93	10.30	0.01	7.59
94.272	2.93	10.30	-0.00	7.57
94.304	2.93	10.30	-0.00	7.57
94.336	-3.08	4.29	-0.00	7.57
94.368	-3.08	4.29	0.08	7.66
94.400	-3.08	4.29	0.08	7.66
94.432	-2.21	5.16	0.08	7.66
94.464	-2.21	5.16	-0.02	7.55
94.496	-2.21	5.16	-0.02	7.55
94.528	0.99	8.37	-0.02	7.55
94.560	0.99	8.37	0.07	7.64
94.592	0.99	8.37	0.07	7.64
94.624	1.26	8.64	0.07	7.64
94.656	1.26	8.64	0.02	7.59
94.688	1.26	8.64	0.02	7.59
94.720	-0.07	7.31	0.02	7.59
94.752	-0.07	7.31	-0.01	7.56
94.784	-0.07	7.31	-0.01	7.56
94.816	-0.48	6.90	-0.01	7.56
94.848	-0.48	6.90	0.08	7.66
94.880	-0.48	6.90	0.08	7.66
94.912	0.04	7.42	0.08	7.66
94.944	0.04	7.42	-0.02	7.56
94.976	0.04	7.42	-0.02	7.56
95.008	0.42	7.79	-0.02	7.56
95.040	0.42	7.79	0.07	7.64
95.072	0.42	7.79	0.07	7.64
95.104	0.23	7.61	0.07	7.64
95.136	0.23	7.61	0.02	7.60
95.168	0.23	7.61	0.02	7.60
95.200	0.00	7.38	0.02	7.60
95.232	0.00	7.38	-0.01	7.57
95.264	0.00	7.38	-0.01	7.57
95.296	0.08	7.46	-0.01	7.57
95.328	0.08	7.46	0.08	7.66
95.360	0.08	7.46	0.08	7.66
95.392	0.21	7.58	0.08	7.66
95.424	0.21	7.58	-0.02	7.56
95.456	0.21	7.58	-0.02	7.56
95.488	0.18	7.55	-0.02	7.56
95.520	0.18	7.55	0.06	7.64
95.552	0.18	7.55	0.06	7.64
95.584	0.12	7.49	0.06	7.64
95.616	0.12	7.49	0.03	7.61
95.648	0.12	7.49	0.03	7.61
95.680	0.13	7.50	0.03	7.61
95.712	0.13	7.50	-0.01	7.56
95.744	0.13	7.50	-0.01	7.56
95.776	0.17	7.55	-0.01	7.56
95.808	0.17	7.55	0.08	7.66
95.840	0.17	7.55	0.08	7.66
95.872	0.17	7.55	0.08	7.66
95.904	0.17	7.55	-0.01	7.56
95.936	0.17	7.55	-0.01	7.56
95.968	0.15	7.53	-0.01	7.56
96.000	0.15	7.53	0.06	7.64
96.032	0.15	7.53	0.06	7.64
96.064	0.15	7.53	0.06	7.64
96.096	0.15	7.53	0.04	7.62
96.128	0.15	7.53	0.04	7.62
96.160	0.17	7.55	0.04	7.62
96.192	0.17	7.55	-0.02	7.56
96.224	0.17	7.55	-0.02	7.56
96.256	0.18	7.56	-0.02	7.56
96.288	0.18	7.56	0.08	7.66
96.320	0.18	7.56	0.08	7.66
96.352	0.18	7.55	0.08	7.66
96.384	0.18	7.55	-0.01	7.56
96.416	0.18	7.55	-0.01	7.56
96.448	0.18	7.55	-0.01	7.56
96.480	0.18	7.55	0.06	7.64
96.512	0.18	7.55	0.06	7.64
96.544	0.19	7.56	0.06	7.64
96.576	0.19	7.56	0.05	7.63
96.608	0.19	7.56	0.05	7.63
96.640	0.19	7.57	0.05	7.63
96.672	0.19	7.57	-0.02	7.56
96.704	0.19	7.57	-0.02	7.56
96.736	0.19	7.57	-0.02	7.56
96.768	0.19	7.57	0.09	7.66
96.800	0.19	7.57	0.09	7.66
96.832	0.19	7.57	0.09	7.66
96.864	0.19	7.57	-0.01	7.57
96.896	0.19	7.57	-0.01	7.57
96.928	0.20	7.57	-0.01	7.57
96.960	0.20	7.57	0.06	7.63
96.992	0.20	7.57	0.06	7.63
97.024	0.20	7.58	0.06	7.63
97.056	0.20	7.58	0.05	7.63
97.088	0.20	7.58	0.05	7.63
97.120	0.20	7.58	0.05	7.63
97.152	0.20	7.58	-0.02	7.56
97.184	0.20	7.58	-0.02	7.56
97.216	0.21	7.58	-0.02	7.56
97.248	0.21	7.58	0.09	7.67
97.280	0.21	7.58	0.09	7.67
97.312	0.21	7.58	0.09	7.67
97.344	0.21	7.58	-0.01	7.57
97.376	0.21	7.58	-0.01	7.57
97.408	0.21	7.59	-0.01	7.57
97.440	0.21	7.59	0.05	7.63
97.472	0.21	7.59	0.05	7.63
97.504	0.21	7.59	0.05	7.63
97.536	0.21	7.59	0.06	7.64
97.568	0.21	7.59	0.06	7.64
97.600	0.21	7.59	0.06	7.64
97.632	0.21	7.59	-0.02	7.55
97.664	0.21	7.59	-0.02	7.55
97.696	0.22	7.59	-0.02	7.55
97.728	0.22	7.59	0.09	7.66
97.760	0.22	7.59	0.09	7.66
97.792	0.22	7.59	0.09	7.66
97.824	0.22	7.59	-0.00	7.57
97.856	0.22	7.59	-0.00	7.57
97.888	0.22	7.59	-0.00	7.57
97.920	0.22	7.59	0.05	7.62
97.952	0.22	7.59	0.05	7.62
97.984	0.22	7.60	0.05	7.62
98.016	0.22	7.60	0.07	7.64
98.048	0.22	7.60	0.07	7.64
98.080	0.22	7.60	0.07	7.64
98.112	0.22	7.60	-0.02	7.55
98.144	0.22	7.60	-0.02	7.55
98.176	0.22	7.60	-0.02	7.55
98.208	0.22	7.60	0.08	7.66
98.240	0.22	7.60	0.08	7.66
98.272	0.23	7.60	0.08	7.66
98.304	0.23	7.60	-0.00	7.57
98.336	0.23	7.60	-0.00	7.57
98.368	0.23	7.60	-0.00	7.57
98.400	0.23	7.60	0.04	7.61
98.432	0.23	7.60	0.04	7.61
98.464	0.23	7.60	0.04	7.61
98.496	0.23	7.60	0.07	7.65
98.528	0.23	7.60	0.07	7.65
98.560	0.23	7.61	0.07	7.65
98.592	0.23	7.61	-0.02	7.55
98.624	0.23	7.61	-0.02	7.55
98.656	0.23	7.60	-0.02	7.55
98.688	0.23	7.60	0.08	7.66
98.720	0.23	7.60	0.08	7.66
98.752	0.24	7.61	0.08	7.66
98.784	0.24	7.61	-0.00	7.57
98.816	0.24	7.61	-0.00	7.57
98.848	0.23	7.61	-0.00	7.57
98.880	0.23	7.61	0.03	7.61
98.912	0.23	7.61	0.03	7.61
98.944	0.24	7.61	0.03	7.61
98.976	0.24	7.61	0.07	7.65
99.008	0.24	7.61	0.07	7.65
99.040	0.24	7.62	0.07	7.65
99.072	0.24	7.62	-0.02	7.55
99.104	0.24	7.62	-0.02	7.55
99.136	0.24	7.62	-0.02	7.55
99.168	0.24	7.62	0.08	7.65
99.200	0.24	7.62	0.08	7.65
99.232	0.24	7.62	0.08	7.65
99.264	0.24	7.62	-0.00	7.57
99.296	0.24	7.62	-0.00	7.57
99.328	0.24	7.62	-0.00	7.57
99.360	0.24	7.62	0.02	7.60
99.392	0.24	7.62	0.02	7.60
99.424	0.08	7.45	0.02	7.60
99.456	0.08	7.45	0.08	7.65
99.488	0.08	7.45	0.08	7.65
99.520	0.19	7.56	0.08	7.65
99.552	0.19	7.56	-0.02	7.55
99.584	0.19	7.56	-0.02	7.55
99.616	0.06	7.43	-0.02	7.55
99.648	0.06	7.43	0.07	7.65
99.680	0.06	7.43	0.07	7.65
99.712	0.14	7.51	0.07	7.65
99.744	0.14	7.51	-0.00	7.57
99.776	0.14	7.51	-0.00	7.57
99.808	0.12	7.50	-0.00	7.57
99.840	0.12	7.50	0.02	7.59
99.872	0.12	7.50	0.02	7.59
99.904	0.19	7.57	0.02	7.59
99.936	0.19	7.57	0.08	7.65
99.968	0.19	7.57	0.08	7.65
100.000	0.14	7.51	0.08	7.65
100.032	0.14	7.51	-0.03	7.55
100.064	0.14	7.51	-0.03	7.55
100.096	0.10	7.47	-0.03	7.55
100.128	0.10	7.47	0.07	7.65
100.160	0.10	7.47	0.07	7.65
100.192	0.40	7.78	0.07	7.65
100.224	0.40	7.78	0.00	7.58
100.256	0.40	7.78	0.00	7.58
100.288	0.46	7.83	0.00	7.58
100.320	0.46	7.83	0.01	7.58
100.352	0.46	7.83	0.01	7.58
100.384	0.34	7.72	0.01	7.58
100.416	0.34	7.72	0.08	7.66
100.448	0.34	7.72	0.08	7.66
100.480	0.11	7.48	0.08	7.66
100.512	0.11	7.48	-0.03	7.55
100.544	0.11	7.48	-0.03	7.55
100.576	0.07	7.44	-0.03	7.55
100.608	0.07	7.44	0.07	7.64
100.640	0.07	7.44	0.07	7.64
100.672	0.07	7.44	0.07	7.64
100.704	0.07	7.44	0.01	7.58
100.736	0.07	7.44	0.01	7.58
100.768	0.33	7.71	0.01	7.58
100.800	0.33	7.71	0.00	7.58
100.832	0.33	7.71	0.00	7.58
100.864	0.13	7.50	0.00	7.58
100.896	0.13	7.50	0.08	7.66
100.928	0.13	7.50	0.08	7.66
