Tempo(s)    P0(KPa) P0+Coluna(KPa)  P1(KPa) P1+Coluna(KPa)
0.003	-2.22	-2.22	-2.22	-2.22
0.030	-2.22	-2.22	-2.22	-2.22
0.060	8.18	8.18	-2.22	-2.22
0.090	8.18	8.18	7.60	7.60
0.120	8.18	8.18	7.60	7.60
0.149	7.95	7.95	7.60	7.60
0.179	7.95	7.95	7.56	7.56
0.209	7.95	7.95	7.56	7.56
0.239	7.96	7.96	7.56	7.56
0.269	7.96	7.96	7.61	7.61
0.298	7.96	7.96	7.61	7.61
0.328	7.96	7.96	7.61	7.61
0.358	7.96	7.96	7.64	7.64
0.388	7.96	7.96	7.64	7.64
0.418	7.97	7.97	7.64	7.64
0.447	7.97	7.97	7.54	7.54
0.477	7.97	7.97	7.54	7.54
0.507	7.97	7.97	7.54	7.54
0.537	7.97	7.97	7.65	7.65
0.566	7.97	7.97	7.65	7.65
0.596	7.97	7.97	7.65	7.65
0.626	0.00	7.97	-0.09	7.56
0.656	0.00	7.97	-0.09	7.56
0.685	0.00	7.97	-0.09	7.56
0.715	0.00	7.97	-0.05	7.60
0.745	0.00	7.97	-0.05	7.60
0.774	0.00	7.97	-0.05	7.60
0.804	0.00	7.97	-0.01	7.65
0.834	0.00	7.97	-0.01	7.65
0.864	0.00	7.97	-0.01	7.65
0.893	0.00	7.97	-0.11	7.54
0.923	0.00	7.97	-0.11	7.54
0.953	0.00	7.97	-0.11	7.54
0.983	0.00	7.97	-0.00	7.65
1.012	0.00	7.97	-0.00	7.65
1.042	0.00	7.97	-0.00	7.65
1.072	0.00	7.97	-0.09	7.56
1.102	0.00	7.97	-0.09	7.56
1.131	0.00	7.97	-0.09	7.56
1.161	0.00	7.97	-0.05	7.60
1.191	0.00	7.97	-0.05	7.60
1.221	0.00	7.97	-0.05	7.60
1.250	0.00	7.97	-0.01	7.65
1.280	0.00	7.97	-0.01	7.65
1.310	0.00	7.97	-0.01	7.65
1.340	0.00	7.97	-0.11	7.54
1.369	0.00	7.97	-0.11	7.54
1.399	0.00	7.97	-0.11	7.54
1.429	0.00	7.97	-0.00	7.65
1.459	0.00	7.97	-0.00	7.65
1.488	0.00	7.97	-0.00	7.65
1.518	0.00	7.97	-0.09	7.57
1.548	0.00	7.97	-0.09	7.57
1.578	0.00	7.97	-0.09	7.57
1.608	0.00	7.97	-0.05	7.60
1.637	0.00	7.97	-0.05	7.60
1.667	0.00	7.97	-0.05	7.60
1.697	0.00	7.97	-0.00	7.65
1.727	0.00	7.97	-0.00	7.65
1.757	0.00	7.97	-0.00	7.65
1.786	0.00	7.97	-0.12	7.54
1.816	0.00	7.97	-0.12	7.54
1.846	0.00	7.97	-0.12	7.54
1.876	0.00	7.97	-0.00	7.65
1.905	0.00	7.97	-0.00	7.65
1.935	0.01	7.97	-0.00	7.65
1.965	0.01	7.97	-0.09	7.57
1.995	0.01	7.97	-0.09	7.57
2.025	0.01	7.98	-0.09	7.57
2.054	0.01	7.98	-0.06	7.60
2.084	0.01	7.98	-0.06	7.60
2.114	0.04	8.01	-0.06	7.60
2.144	0.04	8.01	-0.01	7.65
2.174	0.04	8.01	-0.01	7.65
2.203	0.06	8.03	-0.01	7.65
2.233	0.06	8.03	-0.12	7.54
2.263	0.06	8.03	-0.12	7.54
2.293	0.12	8.08	-0.12	7.54
2.323	0.12	8.08	-0.01	7.65
2.352	0.12	8.08	-0.01	7.65
2.382	0.21	8.18	-0.01	7.65
2.412	0.21	8.18	-0.09	7.56
2.442	0.21	8.18	-0.09	7.56
2.471	0.20	8.17	-0.09	7.56
2.501	0.20	8.17	-0.06	7.60
2.531	0.20	8.17	-0.06	7.60
2.561	0.21	8.17	-0.06	7.60
2.591	0.21	8.17	-0.00	7.65
2.620	0.21	8.17	-0.00	7.65
2.650	0.21	8.18	-0.00	7.65
2.680	0.21	8.18	-0.11	7.54
2.710	0.21	8.18	-0.11	7.54
2.739	0.22	8.19	-0.11	7.54
2.769	0.22	8.19	-0.01	7.65
2.799	0.22	8.19	-0.01	7.65
2.829	0.22	8.19	-0.01	7.65
2.859	0.22	8.19	-0.09	7.57
2.888	0.22	8.19	-0.09	7.57
2.918	0.23	8.19	-0.09	7.57
2.948	0.23	8.19	-0.06	7.59
2.978	0.23	8.19	-0.06	7.59
3.008	0.23	8.20	-0.06	7.59
3.037	0.23	8.20	-0.01	7.65
3.067	0.23	8.20	-0.01	7.65
3.097	0.23	8.20	-0.01	7.65
3.127	0.23	8.20	-0.11	7.54
3.156	0.23	8.20	-0.11	7.54
3.186	0.23	8.20	-0.11	7.54
3.216	0.23	8.20	-0.01	7.64
3.246	0.23	8.20	-0.01	7.64
3.276	0.23	8.20	-0.01	7.64
3.305	0.23	8.20	-0.09	7.57
3.335	0.23	8.20	-0.09	7.57
3.365	0.24	8.20	-0.09	7.57
3.395	0.24	8.20	-0.06	7.59
3.425	0.24	8.20	-0.06	7.59
3.454	0.24	8.20	-0.06	7.59
3.484	0.24	8.20	-0.00	7.65
3.514	0.24	8.20	-0.00	7.65
3.544	0.24	8.21	-0.00	7.65
3.573	0.24	8.21	-0.11	7.54
3.603	0.24	8.21	-0.11	7.54
3.633	0.25	8.22	-0.11	7.54
3.663	0.25	8.22	-0.01	7.65
3.693	0.25	8.22	-0.01	7.65
3.722	0.26	8.22	-0.01	7.65
3.752	0.26	8.22	-0.09	7.57
3.782	0.26	8.22	-0.09	7.57
3.812	0.42	8.38	-0.09	7.57
3.841	0.42	8.38	-0.07	7.59
3.871	0.42	8.38	-0.07	7.59
3.901	0.43	8.40	-0.07	7.59
3.931	0.43	8.40	0.00	7.65
3.961	0.43	8.40	0.00	7.65
3.990	0.44	8.41	0.00	7.65
4.020	0.44	8.41	-0.12	7.54
4.050	0.44	8.41	-0.12	7.54
4.080	0.44	8.41	-0.12	7.54
4.109	0.44	8.41	-0.01	7.65
4.139	0.44	8.41	-0.01	7.65
4.169	0.45	8.42	-0.01	7.65
4.199	0.45	8.42	-0.09	7.57
4.229	0.45	8.42	-0.09	7.57
4.258	0.45	8.42	-0.09	7.57
4.288	0.45	8.42	-0.06	7.59
4.318	0.45	8.42	-0.06	7.59
4.348	0.46	8.43	-0.06	7.59
4.377	0.46	8.43	0.00	7.65
4.407	0.46	8.43	0.00	7.65
4.437	0.47	8.44	0.00	7.65
4.467	0.47	8.44	-0.11	7.54
4.496	0.47	8.44	-0.11	7.54
4.526	0.47	8.44	-0.11	7.54
4.556	0.47	8.44	-0.01	7.64
4.586	0.47	8.44	-0.01	7.64
4.616	0.50	8.47	-0.01	7.64
4.645	0.50	8.47	-0.09	7.57
4.675	0.50	8.47	-0.09	7.57
4.705	0.51	8.48	-0.09	7.57
4.735	0.51	8.48	-0.07	7.59
4.764	0.51	8.48	-0.07	7.59
4.794	0.51	8.48	-0.07	7.59
4.824	0.51	8.48	-0.00	7.65
4.854	0.51	8.48	-0.00	7.65
4.884	0.50	8.47	-0.00	7.65
4.913	0.50	8.47	-0.11	7.54
4.943	0.50	8.47	-0.11	7.54
4.973	0.17	8.14	-0.11	7.54
5.003	0.17	8.14	-0.01	7.64
5.033	0.17	8.14	-0.01	7.64
5.062	0.16	8.13	-0.01	7.64
5.092	0.16	8.13	-0.09	7.57
5.122	0.16	8.13	-0.09	7.57
5.152	0.17	8.14	-0.09	7.57
5.181	0.17	8.14	-0.07	7.59
5.211	0.17	8.14	-0.07	7.59
5.241	0.17	8.14	-0.07	7.59
5.271	0.17	8.14	-0.00	7.65
5.301	0.17	8.14	-0.00	7.65
5.330	0.18	8.14	-0.00	7.65
5.360	0.18	8.14	-0.11	7.54
5.390	0.18	8.14	-0.11	7.54
5.420	0.18	8.14	-0.11	7.54
5.450	0.18	8.14	-0.01	7.64
5.479	0.18	8.14	-0.01	7.64
5.509	0.18	8.14	-0.01	7.64
5.539	0.18	8.14	-0.09	7.57
5.569	0.18	8.14	-0.09	7.57
5.598	0.18	8.15	-0.09	7.57
5.628	0.18	8.15	-0.08	7.58
5.658	0.18	8.15	-0.08	7.58
5.688	0.19	8.15	-0.08	7.58
5.718	0.19	8.15	0.00	7.66
5.747	0.19	8.15	0.00	7.66
5.777	0.19	8.15	0.00	7.66
5.807	0.19	8.15	-0.11	7.54
5.837	0.19	8.15	-0.11	7.54
5.867	0.19	8.15	-0.11	7.54
5.896	0.19	8.15	-0.01	7.64
5.926	0.19	8.15	-0.01	7.64
5.956	0.19	8.15	-0.01	7.64
5.986	0.19	8.15	-0.09	7.57
6.015	0.19	8.15	-0.09	7.57
6.045	0.18	8.15	-0.09	7.57
6.075	0.18	8.15	-0.08	7.58
6.105	0.18	8.15	-0.08	7.58
6.135	0.18	8.15	-0.08	7.58
6.164	0.18	8.15	0.00	7.65
6.194	0.18	8.15	0.00	7.65
6.224	4.99	12.96	0.00	7.65
6.254	4.99	12.96	-0.11	7.54
6.283	4.99	12.96	-0.11	7.54
6.313	21.68	29.65	-0.11	7.54
6.343	21.68	29.65	-0.01	7.64
6.373	21.68	29.65	-0.01	7.64
6.402	25.47	33.44	-0.01	7.64
6.432	25.47	33.44	-0.08	7.58
6.462	25.47	33.44	-0.08	7.58
6.492	22.90	30.86	-0.08	7.58
6.521	22.90	30.86	-0.08	7.58
6.551	22.90	30.86	-0.08	7.58
6.581	22.86	30.83	-0.08	7.58
6.611	22.86	30.83	0.00	7.66
6.641	22.86	30.83	0.00	7.66
6.670	22.86	30.83	0.00	7.66
6.700	22.86	30.83	-0.11	7.54
6.730	22.86	30.83	-0.11	7.54
6.760	22.93	30.89	-0.11	7.54
6.789	22.93	30.89	-0.01	7.64
6.819	22.93	30.89	-0.01	7.64
6.849	22.94	30.90	-0.01	7.64
6.879	22.94	30.90	-0.08	7.58
6.909	22.94	30.90	-0.08	7.58
6.938	22.90	30.87	-0.08	7.58
6.968	22.90	30.87	-0.08	7.58
6.998	22.90	30.87	-0.08	7.58
7.028	22.86	30.83	-0.08	7.58
7.057	22.86	30.83	0.00	7.66
7.087	22.86	30.83	0.00	7.66
7.117	22.83	30.80	0.00	7.66
7.147	22.83	30.80	-0.12	7.54
7.176	22.83	30.80	-0.12	7.54
7.206	22.82	30.79	-0.12	7.54
7.236	22.82	30.79	-0.01	7.64
7.266	22.82	30.79	-0.01	7.64
7.296	22.83	30.80	-0.01	7.64
7.325	22.83	30.80	-0.08	7.58
7.355	22.83	30.80	-0.08	7.58
7.385	22.89	30.86	-0.08	7.58
7.415	22.89	30.86	-0.08	7.58
7.444	22.89	30.86	-0.08	7.58
7.474	22.91	30.88	-0.08	7.58
7.504	22.91	30.88	0.00	7.66
7.534	22.91	30.88	0.00	7.66
7.563	22.93	30.90	0.00	7.66
7.593	22.93	30.90	-0.11	7.54
7.623	22.93	30.90	-0.11	7.54
7.653	22.94	30.91	-0.11	7.54
7.683	22.94	30.91	-0.01	7.64
7.712	22.94	30.91	-0.01	7.64
7.742	22.98	30.94	-0.01	7.64
7.772	22.98	30.94	-0.08	7.58
7.802	22.98	30.94	-0.08	7.58
7.831	23.01	30.97	-0.08	7.58
7.861	23.01	30.97	-0.08	7.57
7.891	23.01	30.97	-0.08	7.57
7.921	22.99	30.96	-0.08	7.57
7.950	22.99	30.96	0.00	7.65
7.980	22.99	30.96	0.00	7.65
8.010	22.99	30.96	0.00	7.65
8.040	22.99	30.96	-0.11	7.54
8.069	22.99	30.96	-0.11	7.54
8.099	22.99	30.96	-0.11	7.54
8.129	22.99	30.96	-0.01	7.64
8.159	22.99	30.96	-0.01	7.64
8.189	23.02	30.99	-0.01	7.64
8.218	23.02	30.99	-0.08	7.58
8.248	23.02	30.99	-0.08	7.58
8.278	23.03	31.00	-0.08	7.58
8.308	23.03	31.00	-0.08	7.57
8.337	23.03	31.00	-0.08	7.57
8.367	23.02	30.99	-0.08	7.57
8.397	23.02	30.99	0.00	7.66
8.427	23.02	30.99	0.00	7.66
8.456	23.02	30.98	0.00	7.66
8.486	23.02	30.98	-0.11	7.54
8.516	23.02	30.98	-0.11	7.54
8.546	23.02	30.99	-0.11	7.54
8.576	23.02	30.99	-0.01	7.64
8.605	23.02	30.99	-0.01	7.64
8.635	23.02	30.99	-0.01	7.64
8.665	23.02	30.99	-0.08	7.58
8.695	23.02	30.99	-0.08	7.58
8.724	23.01	30.98	-0.08	7.58
8.754	23.01	30.98	-0.08	7.57
8.784	23.01	30.98	-0.08	7.57
8.814	23.02	30.98	-0.08	7.57
8.843	23.02	30.98	0.00	7.65
8.873	23.02	30.98	0.00	7.65
8.903	23.01	30.98	0.00	7.65
8.933	23.01	30.98	-0.11	7.54
8.962	23.01	30.98	-0.11	7.54
8.992	23.01	30.98	-0.11	7.54
9.022	23.01	30.98	-0.01	7.64
9.052	23.01	30.98	-0.01	7.64
9.081	23.01	30.98	-0.01	7.64
9.111	23.01	30.98	-0.08	7.58
9.141	23.01	30.98	-0.08	7.58
9.171	23.04	31.00	-0.08	7.58
9.201	23.04	31.00	-0.09	7.57
9.230	23.04	31.00	-0.09	7.57
9.260	23.03	31.00	-0.09	7.57
9.290	23.03	31.00	0.00	7.66
9.320	23.03	31.00	0.00	7.66
9.349	23.01	30.98	0.00	7.66
9.379	23.01	30.98	-0.11	7.54
9.409	23.01	30.98	-0.11	7.54
9.439	23.01	30.98	-0.11	7.54
9.468	23.01	30.98	-0.02	7.64
9.498	23.01	30.98	-0.02	7.64
9.528	23.03	30.99	-0.02	7.64
9.558	23.03	30.99	-0.07	7.58
9.588	23.03	30.99	-0.07	7.58
9.617	23.03	31.00	-0.07	7.58
9.647	23.03	31.00	-0.09	7.57
9.677	23.03	31.00	-0.09	7.57
9.707	23.02	30.99	-0.09	7.57
9.736	23.02	30.99	0.01	7.66
9.766	23.02	30.99	0.01	7.66
9.796	23.02	30.99	0.01	7.66
9.826	23.02	30.99	-0.11	7.54
9.856	23.02	30.99	-0.11	7.54
9.885	23.01	30.98	-0.11	7.54
9.915	23.01	30.98	-0.02	7.64
9.945	23.01	30.98	-0.02	7.64
9.975	23.02	30.99	-0.02	7.64
10.004	23.02	30.99	-0.08	7.57
10.034	23.02	30.99	-0.08	7.57
10.064	23.02	30.99	-0.08	7.57
10.094	23.02	30.99	-0.09	7.57
10.123	23.02	30.99	-0.09	7.57
10.153	23.02	30.99	-0.09	7.57
10.183	23.02	30.99	0.00	7.65
10.213	23.02	30.99	0.00	7.65
10.242	23.03	31.00	0.00	7.65
10.272	23.03	31.00	-0.11	7.54
10.302	23.03	31.00	-0.11	7.54
10.332	23.02	30.99	-0.11	7.54
10.361	23.02	30.99	-0.02	7.64
10.391	23.02	30.99	-0.02	7.64
10.421	23.02	30.99	-0.02	7.64
10.451	23.02	30.99	-0.08	7.58
10.480	23.02	30.99	-0.08	7.58
10.510	23.05	31.02	-0.08	7.58
10.540	23.05	31.02	-0.09	7.56
10.570	23.05	31.02	-0.09	7.56
10.600	23.05	31.02	-0.09	7.56
10.629	23.05	31.02	0.00	7.66
10.659	23.05	31.02	0.00	7.66
10.689	23.04	31.01	0.00	7.66
10.719	23.04	31.01	-0.11	7.54
10.748	23.04	31.01	-0.11	7.54
10.778	23.03	31.00	-0.11	7.54
10.808	23.03	31.00	-0.02	7.64
10.838	23.03	31.00	-0.02	7.64
10.867	23.05	31.02	-0.02	7.64
10.897	23.05	31.02	-0.08	7.58
10.927	23.05	31.02	-0.08	7.58
10.957	23.05	31.02	-0.08	7.58
10.986	23.05	31.02	-0.09	7.57
11.016	23.05	31.02	-0.09	7.57
11.046	23.05	31.02	-0.09	7.57
11.076	23.05	31.02	0.00	7.66
11.105	23.05	31.02	0.00	7.66
11.135	23.04	31.01	0.00	7.66
11.165	23.04	31.01	-0.11	7.55
11.195	23.04	31.01	-0.11	7.55
11.225	23.04	31.01	-0.11	7.55
11.254	23.04	31.01	-0.01	7.64
11.284	23.04	31.01	-0.01	7.64
11.314	23.04	31.01	-0.01	7.64
11.344	23.04	31.01	-0.07	7.58
11.373	23.04	31.01	-0.07	7.58
11.403	23.05	31.02	-0.07	7.58
11.433	23.05	31.02	-0.09	7.56
11.463	23.05	31.02	-0.09	7.56
11.492	23.04	31.00	-0.09	7.56
11.522	23.04	31.00	0.01	7.66
11.552	23.04	31.00	0.01	7.66
11.582	23.04	31.01	0.01	7.66
11.611	23.04	31.01	-0.11	7.55
11.641	23.04	31.01	-0.11	7.55
11.671	23.04	31.01	-0.11	7.55
11.701	23.04	31.01	-0.01	7.64
11.731	23.04	31.01	-0.01	7.64
11.760	23.06	31.03	-0.01	7.64
11.790	23.06	31.03	-0.07	7.59
11.820	23.06	31.03	-0.07	7.59
11.850	23.05	31.02	-0.07	7.59
11.879	23.05	31.02	-0.09	7.56
11.909	23.05	31.02	-0.09	7.56
11.939	23.05	31.02	-0.09	7.56
11.969	23.05	31.02	0.00	7.66
11.998	23.05	31.02	0.00	7.66
12.028	23.06	31.02	0.00	7.66
12.058	23.06	31.02	-0.11	7.54
12.088	23.06	31.02	-0.11	7.54
12.117	23.06	31.02	-0.11	7.54
12.147	23.06	31.02	-0.02	7.64
12.177	23.06	31.02	-0.02	7.64
12.207	23.05	31.02	-0.02	7.64
12.236	23.05	31.02	-0.07	7.59
12.266	23.05	31.02	-0.07	7.59
12.296	23.07	31.04	-0.07	7.59
12.326	23.07	31.04	-0.10	7.56
12.356	23.07	31.04	-0.10	7.56
12.385	23.06	31.02	-0.10	7.56
12.415	23.06	31.02	0.01	7.66
12.445	23.06	31.02	0.01	7.66
12.475	23.05	31.02	0.01	7.66
12.504	23.05	31.02	-0.11	7.54
12.534	23.05	31.02	-0.11	7.54
12.564	23.05	31.02	-0.11	7.54
12.594	23.05	31.02	-0.02	7.64
12.623	23.05	31.02	-0.02	7.64
12.653	23.05	31.02	-0.02	7.64
12.683	23.05	31.02	-0.07	7.58
12.713	23.05	31.02	-0.07	7.58
12.742	23.05	31.02	-0.07	7.58
12.772	23.05	31.02	-0.10	7.56
12.802	23.05	31.02	-0.10	7.56
12.832	23.05	31.02	-0.10	7.56
12.861	23.05	31.02	0.01	7.66
12.891	23.05	31.02	0.01	7.66
12.921	23.05	31.02	0.01	7.66
12.951	23.05	31.02	-0.11	7.54
12.981	23.05	31.02	-0.11	7.54
13.010	23.05	31.01	-0.11	7.54
13.040	23.05	31.01	-0.02	7.64
13.070	23.05	31.01	-0.02	7.64
13.100	23.07	31.04	-0.02	7.64
13.129	23.07	31.04	-0.06	7.59
13.159	23.07	31.04	-0.06	7.59
13.189	23.09	31.05	-0.06	7.59
13.219	23.09	31.05	-0.09	7.56
13.248	23.09	31.05	-0.09	7.56
13.278	23.08	31.05	-0.09	7.56
13.308	23.08	31.05	0.00	7.66
13.338	23.08	31.05	0.00	7.66
13.367	23.09	31.05	0.00	7.66
13.397	23.09	31.05	-0.11	7.55
13.427	23.09	31.05	-0.11	7.55
13.457	23.07	31.04	-0.11	7.55
13.486	23.07	31.04	-0.02	7.64
13.516	23.07	31.04	-0.02	7.64
13.546	23.10	31.06	-0.02	7.64
13.576	23.10	31.06	-0.07	7.59
13.606	23.10	31.06	-0.07	7.59
13.635	23.10	31.07	-0.07	7.59
13.665	23.10	31.07	-0.10	7.56
13.695	23.10	31.07	-0.10	7.56
13.725	23.10	31.06	-0.10	7.56
13.754	23.10	31.06	0.00	7.66
13.784	23.10	31.06	0.00	7.66
13.814	23.10	31.07	0.00	7.66
13.844	23.10	31.07	-0.11	7.55
13.873	23.10	31.07	-0.11	7.55
13.903	23.10	31.06	-0.11	7.55
13.933	23.10	31.06	-0.02	7.63
13.963	23.10	31.06	-0.02	7.63
13.992	23.09	31.06	-0.02	7.63
14.022	23.09	31.06	-0.06	7.59
14.052	23.09	31.06	-0.06	7.59
14.082	23.10	31.07	-0.06	7.59
14.111	23.10	31.07	-0.10	7.56
14.141	23.10	31.07	-0.10	7.56
14.171	23.09	31.05	-0.10	7.56
14.201	23.09	31.05	0.01	7.66
14.231	23.09	31.05	0.01	7.66
14.260	23.09	31.06	0.01	7.66
14.290	23.09	31.06	-0.11	7.55
14.320	23.09	31.06	-0.11	7.55
14.350	23.09	31.05	-0.11	7.55
14.379	23.09	31.05	-0.02	7.63
14.409	23.09	31.05	-0.02	7.63
14.439	23.09	31.06	-0.02	7.63
14.469	23.09	31.06	-0.06	7.59
14.498	23.09	31.06	-0.06	7.59
14.528	23.08	31.05	-0.06	7.59
14.558	23.08	31.05	-0.10	7.55
14.588	23.08	31.05	-0.10	7.55
14.617	23.08	31.05	-0.10	7.55
14.647	23.08	31.05	0.00	7.66
14.677	23.08	31.05	0.00	7.66
14.707	23.08	31.04	0.00	7.66
14.736	23.08	31.04	-0.11	7.55
14.766	23.08	31.04	-0.11	7.55
14.796	23.08	31.04	-0.11	7.55
14.826	23.08	31.04	-0.02	7.63
14.856	23.08	31.04	-0.02	7.63
14.885	23.08	31.05	-0.02	7.63
14.915	23.08	31.05	-0.06	7.60
14.945	23.08	31.05	-0.06	7.60
14.975	23.08	31.05	-0.06	7.60
15.004	23.08	31.05	-0.10	7.56
15.034	23.08	31.05	-0.10	7.56
15.064	23.07	31.04	-0.10	7.56
15.094	23.07	31.04	0.01	7.66
15.123	23.07	31.04	0.01	7.66
15.153	23.07	31.04	0.01	7.66
15.183	23.07	31.04	-0.11	7.55
15.213	23.07	31.04	-0.11	7.55
15.242	23.07	31.03	-0.11	7.55
15.272	23.07	31.03	-0.02	7.63
15.302	23.07	31.03	-0.02	7.63
15.332	23.07	31.03	-0.02	7.63
15.361	23.07	31.03	-0.06	7.59
15.391	23.07	31.03	-0.06	7.59
15.421	23.08	31.05	-0.06	7.59
15.451	23.08	31.05	-0.10	7.55
15.481	23.08	31.05	-0.10	7.55
15.510	23.08	31.05	-0.10	7.55
15.540	23.08	31.05	0.00	7.66
15.570	23.08	31.05	0.00	7.66
15.600	23.08	31.05	0.00	7.66
15.629	23.08	31.05	-0.11	7.55
15.659	23.08	31.05	-0.11	7.55
15.689	23.09	31.05	-0.11	7.55
15.719	23.09	31.05	-0.01	7.64
15.748	23.09	31.05	-0.01	7.64
15.778	23.10	31.07	-0.01	7.64
15.808	23.10	31.07	-0.06	7.60
15.838	23.10	31.07	-0.06	7.60
15.867	23.10	31.07	-0.06	7.60
15.897	23.10	31.07	-0.10	7.55
15.927	23.10	31.07	-0.10	7.55
15.957	23.09	31.06	-0.10	7.55
15.986	23.09	31.06	0.00	7.66
16.016	23.09	31.06	0.00	7.66
16.046	23.09	31.05	0.00	7.66
16.076	23.09	31.05	-0.11	7.55
16.105	23.09	31.05	-0.11	7.55
16.135	23.10	31.06	-0.11	7.55
16.165	23.10	31.06	-0.02	7.63
16.195	23.10	31.06	-0.02	7.63
16.225	23.11	31.08	-0.02	7.63
16.254	23.11	31.08	-0.06	7.60
16.284	23.11	31.08	-0.06	7.60
16.314	23.12	31.08	-0.06	7.60
16.344	23.12	31.08	-0.11	7.55
16.373	23.12	31.08	-0.11	7.55
16.403	23.12	31.09	-0.11	7.55
16.433	23.12	31.09	0.00	7.66
16.463	23.12	31.09	0.00	7.66
16.492	23.12	31.08	0.00	7.66
16.522	23.12	31.08	-0.11	7.55
16.552	23.12	31.08	-0.11	7.55
16.582	23.10	31.07	-0.11	7.55
16.611	23.10	31.07	-0.02	7.63
16.641	23.10	31.07	-0.02	7.63
16.671	23.11	31.07	-0.02	7.63
16.701	23.11	31.07	-0.06	7.60
16.730	23.11	31.07	-0.06	7.60
16.760	23.12	31.09	-0.06	7.60
16.790	23.12	31.09	-0.11	7.55
16.820	23.12	31.09	-0.11	7.55
16.850	23.11	31.08	-0.11	7.55
16.879	23.11	31.08	0.00	7.66
16.909	23.11	31.08	0.00	7.66
16.939	23.11	31.08	0.00	7.66
16.969	23.11	31.08	-0.10	7.55
16.998	23.11	31.08	-0.10	7.55
17.028	23.11	31.08	-0.10	7.55
17.058	23.11	31.08	-0.02	7.64
17.088	23.11	31.08	-0.02	7.64
17.117	23.11	31.08	-0.02	7.64
17.147	23.11	31.08	-0.05	7.60
17.177	23.11	31.08	-0.05	7.60
17.207	23.11	31.08	-0.05	7.60
17.236	23.11	31.08	-0.11	7.54
17.266	23.11	31.08	-0.11	7.54
17.296	23.11	31.08	-0.11	7.54
17.326	23.11	31.08	0.01	7.66
17.355	23.11	31.08	0.01	7.66
17.385	23.12	31.09	0.01	7.66
17.415	23.12	31.09	-0.10	7.55
17.445	23.12	31.09	-0.10	7.55
17.474	23.14	31.10	-0.10	7.55
17.504	23.14	31.10	-0.02	7.63
17.534	23.14	31.10	-0.02	7.63
17.564	23.14	31.11	-0.02	7.63
17.594	23.14	31.11	-0.05	7.60
17.623	23.14	31.11	-0.05	7.60
17.653	23.14	31.10	-0.05	7.60
17.683	23.14	31.10	-0.11	7.54
17.713	23.14	31.10	-0.11	7.54
17.742	23.13	31.09	-0.11	7.54
17.772	23.13	31.09	0.00	7.66
17.802	23.13	31.09	0.00	7.66
17.832	23.14	31.11	0.00	7.66
17.861	23.14	31.11	-0.10	7.55
17.891	23.14	31.11	-0.10	7.55
17.921	23.14	31.10	-0.10	7.55
17.951	23.14	31.10	-0.02	7.63
17.980	23.14	31.10	-0.02	7.63
18.010	23.13	31.10	-0.02	7.63
18.040	23.13	31.10	-0.05	7.60
18.070	23.13	31.10	-0.05	7.60
18.099	23.13	31.10	-0.05	7.60
18.129	23.13	31.10	-0.11	7.55
18.159	23.13	31.10	-0.11	7.55
18.189	23.13	31.09	-0.11	7.55
18.218	23.13	31.09	0.00	7.66
18.248	23.13	31.09	0.00	7.66
18.278	23.12	31.09	0.00	7.66
18.308	23.12	31.09	-0.10	7.55
18.338	23.12	31.09	-0.10	7.55
18.367	23.12	31.09	-0.10	7.55
18.397	23.12	31.09	-0.02	7.63
18.427	23.12	31.09	-0.02	7.63
18.457	23.13	31.10	-0.02	7.63
18.486	23.13	31.10	-0.04	7.61
18.516	23.13	31.10	-0.04	7.61
18.546	23.10	31.07	-0.04	7.61
18.576	23.10	31.07	-0.11	7.55
18.605	23.10	31.07	-0.11	7.55
18.635	23.09	31.06	-0.11	7.55
18.665	23.09	31.06	0.00	7.65
18.695	23.09	31.06	0.00	7.65
18.724	23.10	31.07	0.00	7.65
18.754	23.10	31.07	-0.10	7.55
18.784	23.10	31.07	-0.10	7.55
18.814	23.09	31.06	-0.10	7.55
18.843	23.09	31.06	-0.03	7.63
18.873	23.09	31.06	-0.03	7.63
18.903	23.11	31.07	-0.03	7.63
18.933	23.11	31.07	-0.05	7.61
18.962	23.11	31.07	-0.05	7.61
18.992	23.13	31.10	-0.05	7.61
19.022	23.13	31.10	-0.11	7.55
19.052	23.13	31.10	-0.11	7.55
19.081	23.12	31.09	-0.11	7.55
19.111	23.12	31.09	0.01	7.66
19.141	23.12	31.09	0.01	7.66
19.171	23.13	31.10	0.01	7.66
19.200	23.13	31.10	-0.10	7.55
19.230	23.13	31.10	-0.10	7.55
19.260	23.12	31.09	-0.10	7.55
19.290	23.12	31.09	-0.02	7.63
19.319	23.12	31.09	-0.02	7.63
19.349	23.12	31.09	-0.02	7.63
19.379	23.12	31.09	-0.04	7.61
19.409	23.12	31.09	-0.04	7.61
19.439	23.12	31.09	-0.04	7.61
19.468	23.12	31.09	-0.11	7.54
19.498	23.12	31.09	-0.11	7.54
19.528	23.11	31.07	-0.11	7.54
19.558	23.11	31.07	0.01	7.66
19.587	23.11	31.07	0.01	7.66
19.617	23.11	31.08	0.01	7.66
19.647	23.11	31.08	-0.10	7.55
19.677	23.11	31.08	-0.10	7.55
19.706	23.12	31.08	-0.10	7.55
19.736	23.12	31.08	-0.03	7.63
19.766	23.12	31.08	-0.03	7.63
19.796	23.13	31.09	-0.03	7.63
19.825	23.13	31.09	-0.04	7.62
19.855	23.13	31.09	-0.04	7.62
19.885	23.12	31.09	-0.04	7.62
19.915	23.12	31.09	-0.11	7.54
19.944	23.12	31.09	-0.11	7.54
19.974	23.11	31.08	-0.11	7.54
20.004	23.11	31.08	0.00	7.66
20.034	23.11	31.08	0.00	7.66
20.063	23.12	31.08	0.00	7.66
20.093	23.12	31.08	-0.10	7.55
20.123	23.12	31.08	-0.10	7.55
20.153	23.12	31.09	-0.10	7.55
20.183	23.12	31.09	-0.03	7.63
20.212	23.12	31.09	-0.03	7.63
20.242	23.12	31.09	-0.03	7.63
20.272	23.12	31.09	-0.04	7.62
20.302	23.12	31.09	-0.04	7.62
20.331	23.13	31.09	-0.04	7.62
20.361	23.13	31.09	-0.11	7.54
20.391	23.13	31.09	-0.11	7.54
20.421	23.11	31.08	-0.11	7.54
20.450	23.11	31.08	0.00	7.66
20.480	23.11	31.08	0.00	7.66
20.510	23.10	31.07	0.00	7.66
20.540	23.10	31.07	-0.10	7.56
20.569	23.10	31.07	-0.10	7.56
20.599	23.11	31.08	-0.10	7.56
20.629	23.11	31.08	-0.03	7.63
20.659	23.11	31.08	-0.03	7.63
20.689	23.13	31.10	-0.03	7.63
20.718	23.13	31.10	-0.04	7.62
20.748	23.13	31.10	-0.04	7.62
20.778	23.13	31.09	-0.04	7.62
20.808	23.13	31.09	-0.11	7.54
20.837	23.13	31.09	-0.11	7.54
20.867	23.11	31.08	-0.11	7.54
20.897	23.11	31.08	0.00	7.66
20.927	23.11	31.08	0.00	7.66
20.956	23.11	31.08	0.00	7.66
20.986	23.11	31.08	-0.10	7.55
21.016	23.11	31.08	-0.10	7.55
21.046	23.11	31.08	-0.10	7.55
21.075	23.11	31.08	-0.03	7.63
21.105	23.11	31.08	-0.03	7.63
21.135	23.12	31.09	-0.03	7.63
21.165	23.12	31.09	-0.03	7.62
21.194	23.12	31.09	-0.03	7.62
21.224	23.11	31.08	-0.03	7.62
21.254	23.11	31.08	-0.11	7.54
21.284	23.11	31.08	-0.11	7.54
21.313	23.10	31.07	-0.11	7.54
21.343	23.10	31.07	0.01	7.66
21.373	23.10	31.07	0.01	7.66
21.403	23.09	31.06	0.01	7.66
21.433	23.09	31.06	-0.10	7.56
21.462	23.09	31.06	-0.10	7.56
21.492	23.10	31.07	-0.10	7.56
21.522	23.10	31.07	-0.03	7.63
21.552	23.10	31.07	-0.03	7.63
21.581	23.11	31.08	-0.03	7.63
21.611	23.11	31.08	-0.03	7.62
21.641	23.11	31.08	-0.03	7.62
21.671	23.11	31.08	-0.03	7.62
21.700	23.11	31.08	-0.11	7.54
21.730	23.11	31.08	-0.11	7.54
21.760	23.11	31.08	-0.11	7.54
21.790	23.11	31.08	0.01	7.66
21.819	23.11	31.08	0.01	7.66
21.849	23.11	31.08	0.01	7.66
21.879	23.11	31.08	-0.09	7.56
21.909	23.11	31.08	-0.09	7.56
21.938	23.11	31.08	-0.09	7.56
21.968	23.11	31.08	-0.03	7.62
21.998	23.11	31.08	-0.03	7.62
22.028	23.11	31.08	-0.03	7.62
22.058	23.11	31.08	-0.03	7.63
22.087	23.11	31.08	-0.03	7.63
22.117	23.11	31.08	-0.03	7.63
22.147	23.11	31.08	-0.11	7.54
22.177	23.11	31.08	-0.11	7.54
22.206	23.11	31.08	-0.11	7.54
22.236	23.11	31.08	0.01	7.66
22.266	23.11	31.08	0.01	7.66
22.296	23.09	31.06	0.01	7.66
22.325	23.09	31.06	-0.10	7.56
22.355	23.09	31.06	-0.10	7.56
22.385	23.09	31.06	-0.10	7.56
22.415	23.09	31.06	-0.03	7.62
22.444	23.09	31.06	-0.03	7.62
22.474	23.12	31.08	-0.03	7.62
22.504	23.12	31.08	-0.03	7.63
22.534	23.12	31.08	-0.03	7.63
22.563	23.11	31.08	-0.03	7.63
22.593	23.11	31.08	-0.11	7.54
22.623	23.11	31.08	-0.11	7.54
22.653	23.11	31.08	-0.11	7.54
22.683	23.11	31.08	0.01	7.66
22.712	23.11	31.08	0.01	7.66
22.742	23.11	31.08	0.01	7.66
22.772	23.11	31.08	-0.09	7.56
22.802	23.11	31.08	-0.09	7.56
22.831	23.10	31.07	-0.09	7.56
22.861	23.10	31.07	-0.03	7.62
22.891	23.10	31.07	-0.03	7.62
22.921	23.12	31.09	-0.03	7.62
22.950	23.12	31.09	-0.03	7.63
22.980	23.12	31.09	-0.03	7.63
23.010	23.12	31.08	-0.03	7.63
23.040	23.12	31.08	-0.11	7.54
23.069	23.12	31.08	-0.11	7.54
23.099	23.11	31.08	-0.11	7.54
23.129	23.11	31.08	0.01	7.66
23.159	23.11	31.08	0.01	7.66
23.188	23.12	31.09	0.01	7.66
23.218	23.12	31.09	-0.09	7.56
23.248	23.12	31.09	-0.09	7.56
23.278	23.12	31.09	-0.09	7.56
23.308	23.12	31.09	-0.03	7.62
23.337	23.12	31.09	-0.03	7.62
23.367	23.14	31.10	-0.03	7.62
23.397	23.14	31.10	-0.03	7.63
23.427	23.14	31.10	-0.03	7.63
23.456	23.13	31.10	-0.03	7.63
23.486	23.13	31.10	-0.11	7.54
23.516	23.13	31.10	-0.11	7.54
23.546	23.13	31.09	-0.11	7.54
23.575	23.13	31.09	0.00	7.66
23.605	23.13	31.09	0.00	7.66
23.635	23.11	31.08	0.00	7.66
23.665	23.11	31.08	-0.09	7.56
23.694	23.11	31.08	-0.09	7.56
23.724	23.11	31.07	-0.09	7.56
23.754	23.11	31.07	-0.03	7.62
23.784	23.11	31.07	-0.03	7.62
23.813	23.11	31.08	-0.03	7.62
23.843	23.11	31.08	-0.02	7.63
23.873	23.11	31.08	-0.02	7.63
23.903	23.10	31.07	-0.02	7.63
23.932	23.10	31.07	-0.11	7.54
23.962	23.10	31.07	-0.11	7.54
23.992	23.08	31.05	-0.11	7.54
24.022	23.08	31.05	0.00	7.66
24.051	23.08	31.05	0.00	7.66
24.081	23.08	31.05	0.00	7.66
24.111	23.08	31.05	-0.09	7.56
24.141	23.08	31.05	-0.09	7.56
24.171	23.11	31.08	-0.09	7.56
24.200	23.11	31.08	-0.03	7.62
24.230	23.11	31.08	-0.03	7.62
24.260	23.11	31.08	-0.03	7.62
24.290	23.11	31.08	-0.02	7.63
24.319	23.11	31.08	-0.02	7.63
24.349	23.12	31.08	-0.02	7.63
24.379	23.12	31.08	-0.11	7.54
24.409	23.12	31.08	-0.11	7.54
24.438	23.12	31.09	-0.11	7.54
24.468	23.12	31.09	0.01	7.66
24.498	23.12	31.09	0.01	7.66
24.528	23.11	31.08	0.01	7.66
24.557	23.11	31.08	-0.10	7.56
24.587	23.11	31.08	-0.10	7.56
24.617	23.10	31.07	-0.10	7.56
24.647	23.10	31.07	-0.04	7.62
24.677	23.10	31.07	-0.04	7.62
24.706	23.15	31.12	-0.04	7.62
24.736	23.15	31.12	-0.02	7.64
24.766	23.15	31.12	-0.02	7.64
24.796	23.17	31.14	-0.02	7.64
24.825	23.17	31.14	-0.11	7.54
24.855	23.17	31.14	-0.11	7.54
24.885	23.15	31.12	-0.11	7.54
24.915	23.15	31.12	0.00	7.65
24.944	23.15	31.12	0.00	7.65
24.974	23.15	31.12	0.00	7.65
25.004	23.15	31.12	-0.09	7.57
25.033	23.15	31.12	-0.09	7.57
25.063	23.16	31.13	-0.09	7.57
25.093	23.16	31.13	-0.04	7.62
25.123	23.16	31.13	-0.04	7.62
25.153	23.17	31.13	-0.04	7.62
25.182	23.17	31.13	-0.02	7.64
25.212	23.17	31.13	-0.02	7.64
25.242	23.18	31.14	-0.02	7.64
25.272	23.18	31.14	-0.11	7.54
25.301	23.18	31.14	-0.11	7.54
25.331	23.17	31.14	-0.11	7.54
25.361	23.17	31.14	0.00	7.66
25.391	23.17	31.14	0.00	7.66
25.420	23.16	31.13	0.00	7.66
25.450	23.16	31.13	-0.09	7.57
25.480	23.16	31.13	-0.09	7.57
25.510	23.15	31.12	-0.09	7.57
25.539	23.15	31.12	-0.04	7.62
25.569	23.15	31.12	-0.04	7.62
25.599	23.16	31.13	-0.04	7.62
25.629	23.16	31.13	-0.01	7.64
25.658	23.16	31.13	-0.01	7.64
25.688	23.16	31.13	-0.01	7.64
25.718	23.16	31.13	-0.12	7.54
25.748	23.16	31.13	-0.12	7.54
25.778	23.14	31.11	-0.12	7.54
25.807	23.14	31.11	0.00	7.66
25.837	23.14	31.11	0.00	7.66
25.867	23.14	31.10	0.00	7.66
25.897	23.14	31.10	-0.09	7.56
25.926	23.14	31.10	-0.09	7.56
25.956	23.14	31.10	-0.09	7.56
25.986	23.14	31.10	-0.04	7.61
26.016	23.14	31.10	-0.04	7.61
26.045	23.13	31.10	-0.04	7.61
26.075	23.13	31.10	-0.01	7.65
26.105	23.13	31.10	-0.01	7.65
26.135	23.14	31.11	-0.01	7.65
26.164	23.14	31.11	-0.11	7.54
26.194	23.14	31.11	-0.11	7.54
26.224	23.14	31.10	-0.11	7.54
26.254	23.14	31.10	0.00	7.66
26.283	23.14	31.10	0.00	7.66
26.313	23.13	31.09	0.00	7.66
26.343	23.13	31.09	-0.09	7.57
26.373	23.13	31.09	-0.09	7.57
26.403	23.14	31.11	-0.09	7.57
26.432	23.14	31.11	-0.04	7.61
26.462	23.14	31.11	-0.04	7.61
26.492	23.15	31.12	-0.04	7.61
26.522	23.15	31.12	-0.01	7.64
26.551	23.15	31.12	-0.01	7.64
26.581	23.15	31.12	-0.01	7.64
26.611	23.15	31.12	-0.11	7.54
26.641	23.15	31.12	-0.11	7.54
26.670	23.15	31.12	-0.11	7.54
26.700	23.15	31.12	0.00	7.66
26.730	23.15	31.12	0.00	7.66
26.760	23.15	31.12	0.00	7.66
26.789	23.15	31.12	-0.09	7.57
26.819	23.15	31.12	-0.09	7.57
26.849	23.15	31.11	-0.09	7.57
26.879	23.15	31.11	-0.05	7.61
26.908	23.15	31.11	-0.05	7.61
26.938	23.15	31.12	-0.05	7.61
26.968	23.15	31.12	-0.00	7.65
26.998	23.15	31.12	-0.00	7.65
27.028	23.14	31.11	-0.00	7.65
27.057	23.14	31.11	-0.11	7.54
27.087	23.14	31.11	-0.11	7.54
27.117	23.13	31.10	-0.11	7.54
27.147	23.13	31.10	0.00	7.66
27.176	23.13	31.10	0.00	7.66
27.206	23.13	31.10	0.00	7.66
27.236	23.13	31.10	-0.09	7.56
27.266	23.13	31.10	-0.09	7.56
27.295	23.14	31.11	-0.09	7.56
27.325	23.14	31.11	-0.05	7.60
27.355	23.14	31.11	-0.05	7.60
27.385	23.19	31.15	-0.05	7.60
27.414	23.19	31.15	-0.01	7.65
27.444	23.19	31.15	-0.01	7.65
27.474	23.41	31.37	-0.01	7.65
27.504	23.41	31.37	-0.11	7.54
27.534	23.41	31.37	-0.11	7.54
27.563	23.56	31.53	-0.11	7.54
27.593	23.56	31.53	0.00	7.65
27.623	23.56	31.53	0.00	7.65
27.653	23.59	31.56	0.00	7.65
27.682	23.59	31.56	-0.09	7.56
27.712	23.59	31.56	-0.09	7.56
27.742	23.52	31.49	-0.09	7.56
27.771	23.52	31.49	-0.05	7.60
27.801	23.52	31.49	-0.05	7.60
27.831	23.48	31.45	-0.05	7.60
27.861	23.48	31.45	-0.00	7.65
27.891	23.48	31.45	-0.00	7.65
27.920	23.49	31.45	-0.00	7.65
27.950	23.49	31.45	-0.11	7.54
27.980	23.49	31.45	-0.11	7.54
28.010	23.48	31.45	-0.11	7.54
28.039	23.48	31.45	-0.00	7.65
28.069	23.48	31.45	-0.00	7.65
28.099	23.51	31.47	-0.00	7.65
28.129	23.51	31.47	-0.09	7.57
28.158	23.51	31.47	-0.09	7.57
28.188	23.56	31.53	-0.09	7.57
28.218	23.56	31.53	-0.06	7.60
28.248	23.56	31.53	-0.06	7.60
28.277	23.59	31.55	-0.06	7.60
28.307	23.59	31.55	0.00	7.66
28.337	23.59	31.55	0.00	7.66
28.367	23.58	31.55	0.00	7.66
28.397	23.58	31.55	-0.11	7.54
28.426	23.58	31.55	-0.11	7.54
28.456	23.58	31.55	-0.11	7.54
28.486	23.58	31.55	-0.01	7.65
28.516	23.58	31.55	-0.01	7.65
28.545	23.59	31.56	-0.01	7.65
28.575	23.59	31.56	-0.09	7.57
28.605	23.59	31.56	-0.09	7.57
28.635	23.62	31.58	-0.09	7.57
28.664	23.62	31.58	-0.06	7.59
28.694	23.62	31.58	-0.06	7.59
28.724	23.65	31.62	-0.06	7.59
28.754	23.65	31.62	0.00	7.65
28.783	23.65	31.62	0.00	7.65
28.813	23.70	31.67	0.00	7.65
28.843	23.70	31.67	-0.11	7.54
28.873	23.70	31.67	-0.11	7.54
28.902	23.77	31.74	-0.11	7.54
28.932	23.77	31.74	-0.01	7.65
28.962	23.77	31.74	-0.01	7.65
28.992	23.63	31.60	-0.01	7.65
29.021	23.63	31.60	-0.09	7.57
29.051	23.63	31.60	-0.09	7.57
29.081	23.55	31.52	-0.09	7.57
29.111	23.55	31.52	-0.06	7.59
29.140	23.55	31.52	-0.06	7.59
29.170	23.56	31.53	-0.06	7.59
29.200	23.56	31.53	0.00	7.66
29.230	23.56	31.53	0.00	7.66
29.259	23.58	31.54	0.00	7.66
29.289	23.58	31.54	-0.11	7.54
29.319	23.58	31.54	-0.11	7.54
29.349	23.57	31.54	-0.11	7.54
29.378	23.57	31.54	-0.01	7.65
29.408	23.57	31.54	-0.01	7.65
29.438	23.57	31.54	-0.01	7.65
29.468	23.57	31.54	-0.08	7.58
29.498	23.57	31.54	-0.08	7.58
29.527	23.56	31.53	-0.08	7.58
29.557	23.56	31.53	-0.07	7.58
29.587	23.56	31.53	-0.07	7.58
29.617	23.56	31.53	-0.07	7.58
29.646	23.56	31.53	0.00	7.66
29.676	23.56	31.53	0.00	7.66
29.706	23.57	31.54	0.00	7.66
29.736	23.57	31.54	-0.11	7.54
29.765	23.57	31.54	-0.11	7.54
29.795	23.57	31.54	-0.11	7.54
29.825	23.57	31.54	-0.01	7.64
29.855	23.57	31.54	-0.01	7.64
29.884	23.58	31.55	-0.01	7.64
29.914	23.58	31.55	-0.08	7.57
29.944	23.58	31.55	-0.08	7.57
29.974	23.58	31.55	-0.08	7.57
30.003	23.58	31.55	-0.08	7.58
30.033	23.58	31.55	-0.08	7.58
30.063	23.58	31.55	-0.08	7.58
30.093	23.58	31.55	0.00	7.65
30.122	23.58	31.55	0.00	7.65
30.152	23.52	31.49	0.00	7.65
30.182	23.52	31.49	-0.12	7.54
30.212	23.52	31.49	-0.12	7.54
30.241	23.51	31.47	-0.12	7.54
30.271	23.51	31.47	-0.01	7.64
30.301	23.51	31.47	-0.01	7.64
30.331	23.52	31.48	-0.01	7.64
30.360	23.52	31.48	-0.08	7.58
30.390	23.52	31.48	-0.08	7.58
30.420	23.51	31.48	-0.08	7.58
30.450	23.51	31.48	-0.08	7.57
30.479	23.51	31.48	-0.08	7.57
30.509	23.73	31.70	-0.08	7.57
30.539	23.73	31.70	0.00	7.66
30.569	23.73	31.70	0.00	7.66
30.599	23.70	31.67	0.00	7.66
30.628	23.70	31.67	-0.11	7.54
30.658	23.70	31.67	-0.11	7.54
30.688	23.66	31.63	-0.11	7.54
30.718	23.66	31.63	-0.01	7.64
30.747	23.66	31.63	-0.01	7.64
30.777	23.66	31.63	-0.01	7.64
30.807	23.66	31.63	-0.07	7.58
30.837	23.66	31.63	-0.07	7.58
30.866	23.65	31.62	-0.07	7.58
30.896	23.65	31.62	-0.09	7.57
30.926	23.65	31.62	-0.09	7.57
30.956	23.66	31.62	-0.09	7.57
30.985	23.66	31.62	0.00	7.66
31.015	23.66	31.62	0.00	7.66
31.045	23.66	31.63	0.00	7.66
31.075	23.66	31.63	-0.11	7.54
31.104	23.66	31.63	-0.11	7.54
31.134	23.65	31.62	-0.11	7.54
31.164	23.65	31.62	-0.02	7.64
31.194	23.65	31.62	-0.02	7.64
31.224	23.65	31.62	-0.02	7.64
31.253	23.65	31.62	-0.07	7.58
31.283	23.65	31.62	-0.07	7.58
31.313	23.66	31.63	-0.07	7.58
31.343	23.66	31.63	-0.09	7.57
31.372	23.66	31.63	-0.09	7.57
31.402	23.66	31.63	-0.09	7.57
31.432	23.66	31.63	0.01	7.66
31.462	23.66	31.63	0.01	7.66
31.491	23.68	31.64	0.01	7.66
31.521	23.68	31.64	-0.11	7.54
31.551	23.68	31.64	-0.11	7.54
31.581	23.68	31.64	-0.11	7.54
31.610	23.68	31.64	-0.02	7.64
31.640	23.68	31.64	-0.02	7.64
31.670	23.67	31.64	-0.02	7.64
31.700	23.67	31.64	-0.07	7.59
31.729	23.67	31.64	-0.07	7.59
31.759	23.65	31.61	-0.07	7.59
31.789	23.65	31.61	-0.10	7.56
31.819	23.65	31.61	-0.10	7.56
31.848	23.66	31.63	-0.10	7.56
31.878	23.66	31.63	0.01	7.66
31.908	23.66	31.63	0.01	7.66
31.938	23.66	31.63	0.01	7.66
31.968	23.66	31.63	-0.11	7.54
31.997	23.66	31.63	-0.11	7.54
32.027	23.65	31.62	-0.11	7.54
32.057	23.65	31.62	-0.02	7.64
32.087	23.65	31.62	-0.02	7.64
32.116	23.65	31.62	-0.02	7.64
32.146	23.65	31.62	-0.06	7.59
32.176	23.65	31.62	-0.06	7.59
32.206	23.64	31.61	-0.06	7.59
32.235	23.64	31.61	-0.10	7.56
32.265	23.64	31.61	-0.10	7.56
32.295	23.67	31.64	-0.10	7.56
32.325	23.67	31.64	0.00	7.66
32.354	23.67	31.64	0.00	7.66
32.384	23.68	31.64	0.00	7.66
32.414	23.68	31.64	-0.11	7.54
32.444	23.68	31.64	-0.11	7.54
32.473	23.67	31.64	-0.11	7.54
32.503	23.67	31.64	-0.02	7.63
32.533	23.67	31.64	-0.02	7.63
32.563	23.69	31.66	-0.02	7.63
32.593	23.69	31.66	-0.06	7.60
32.622	23.69	31.66	-0.06	7.60
32.652	23.70	31.66	-0.06	7.60
32.682	23.70	31.66	-0.10	7.55
32.712	23.70	31.66	-0.10	7.55
32.741	23.70	31.67	-0.10	7.55
32.771	23.70	31.67	0.01	7.66
32.801	23.70	31.67	0.01	7.66
32.831	23.73	31.69	0.01	7.66
32.860	23.73	31.69	-0.11	7.55
32.890	23.73	31.69	-0.11	7.55
32.920	23.72	31.69	-0.11	7.55
32.950	23.72	31.69	-0.03	7.63
32.979	23.72	31.69	-0.03	7.63
33.009	23.72	31.69	-0.03	7.63
33.039	23.72	31.69	-0.06	7.59
33.069	23.72	31.69	-0.06	7.59
33.098	23.73	31.70	-0.06	7.59
33.128	23.73	31.70	-0.11	7.55
33.158	23.73	31.70	-0.11	7.55
33.188	23.75	31.71	-0.11	7.55
33.217	23.75	31.71	0.00	7.66
33.247	23.75	31.71	0.00	7.66
33.277	23.75	31.72	0.00	7.66
33.307	23.75	31.72	-0.11	7.55
33.337	23.75	31.72	-0.11	7.55
33.366	23.75	31.72	-0.11	7.55
33.396	23.75	31.72	-0.02	7.63
33.426	23.75	31.72	-0.02	7.63
33.456	23.76	31.72	-0.02	7.63
33.485	23.76	31.72	-0.05	7.60
33.515	23.76	31.72	-0.05	7.60
33.545	23.75	31.72	-0.05	7.60
33.575	23.75	31.72	-0.11	7.54
33.604	23.75	31.72	-0.11	7.54
33.634	23.76	31.73	-0.11	7.54
33.664	23.76	31.73	0.01	7.66
33.694	23.76	31.73	0.01	7.66
33.723	23.79	31.76	0.01	7.66
33.753	23.79	31.76	-0.10	7.55
33.783	23.79	31.76	-0.10	7.55
33.813	23.80	31.77	-0.10	7.55
33.842	23.80	31.77	-0.03	7.63
33.872	23.80	31.77	-0.03	7.63
33.902	23.79	31.76	-0.03	7.63
33.932	23.79	31.76	-0.05	7.60
33.962	23.79	31.76	-0.05	7.60
33.991	23.80	31.77	-0.05	7.60
34.021	23.80	31.77	-0.11	7.55
34.051	23.80	31.77	-0.11	7.55
34.081	23.82	31.79	-0.11	7.55
34.110	23.82	31.79	0.00	7.66
34.140	23.82	31.79	0.00	7.66
34.170	23.82	31.79	0.00	7.66
34.200	23.82	31.79	-0.10	7.55
34.229	23.82	31.79	-0.10	7.55
34.259	23.85	31.81	-0.10	7.55
34.289	23.85	31.81	-0.03	7.63
34.319	23.85	31.81	-0.03	7.63
34.348	23.89	31.86	-0.03	7.63
34.378	23.89	31.86	-0.05	7.61
34.408	23.89	31.86	-0.05	7.61
34.438	23.89	31.86	-0.05	7.61
34.468	23.89	31.86	-0.11	7.54
34.497	23.89	31.86	-0.11	7.54
34.527	23.88	31.85	-0.11	7.54
34.557	23.88	31.85	0.01	7.66
34.587	23.88	31.85	0.01	7.66
34.616	23.90	31.86	0.01	7.66
34.646	23.90	31.86	-0.10	7.55
34.676	23.90	31.86	-0.10	7.55
34.706	23.90	31.87	-0.10	7.55
34.735	23.90	31.87	-0.03	7.63
34.765	23.90	31.87	-0.03	7.63
34.795	23.78	31.74	-0.03	7.63
34.825	23.78	31.74	-0.04	7.62
34.854	23.78	31.74	-0.04	7.62
34.884	23.74	31.71	-0.04	7.62
34.914	23.74	31.71	-0.11	7.54
34.944	23.74	31.71	-0.11	7.54
34.973	23.71	31.68	-0.11	7.54
35.003	23.71	31.68	0.00	7.66
35.033	23.71	31.68	0.00	7.66
35.063	23.70	31.66	0.00	7.66
35.092	23.70	31.66	-0.10	7.55
35.122	23.70	31.66	-0.10	7.55
35.152	23.61	31.58	-0.10	7.55
35.182	23.61	31.58	-0.03	7.63
35.212	23.61	31.58	-0.03	7.63
35.241	23.61	31.58	-0.03	7.63
35.271	23.61	31.58	-0.04	7.62
35.301	23.61	31.58	-0.04	7.62
35.331	23.60	31.56	-0.04	7.62
35.360	23.60	31.56	-0.11	7.55
35.390	23.60	31.56	-0.11	7.55
35.420	23.61	31.57	-0.11	7.55
35.450	23.61	31.57	0.01	7.66
35.479	23.61	31.57	0.01	7.66
35.509	23.61	31.58	0.01	7.66
35.539	23.61	31.58	-0.10	7.56
35.569	23.61	31.58	-0.10	7.56
35.598	23.60	31.57	-0.10	7.56
35.628	23.60	31.57	-0.03	7.63
35.658	23.60	31.57	-0.03	7.63
35.688	23.61	31.58	-0.03	7.63
35.718	23.61	31.58	-0.03	7.62
35.747	23.61	31.58	-0.03	7.62
35.777	23.60	31.57	-0.03	7.62
35.807	23.60	31.57	-0.11	7.54
35.837	23.60	31.57	-0.11	7.54
35.866	23.60	31.57	-0.11	7.54
35.896	23.60	31.57	0.01	7.67
35.926	23.60	31.57	0.01	7.67
35.956	23.59	31.56	0.01	7.67
35.985	23.59	31.56	-0.10	7.56
36.015	23.59	31.56	-0.10	7.56
36.045	23.57	31.54	-0.10	7.56
36.075	23.57	31.54	-0.03	7.62
36.104	23.57	31.54	-0.03	7.62
36.134	23.47	31.44	-0.03	7.62
36.164	23.47	31.44	-0.03	7.63
36.194	23.47	31.44	-0.03	7.63
36.223	23.45	31.42	-0.03	7.63
36.253	23.45	31.42	-0.11	7.54
36.283	23.45	31.42	-0.11	7.54
36.313	23.44	31.41	-0.11	7.54
36.342	23.44	31.41	0.01	7.66
36.372	23.44	31.41	0.01	7.66
36.402	23.45	31.41	0.01	7.66
36.432	23.45	31.41	-0.10	7.56
36.462	23.45	31.41	-0.10	7.56
36.491	23.43	31.39	-0.10	7.56
36.521	23.43	31.39	-0.03	7.62
36.551	23.43	31.39	-0.03	7.62
36.581	23.42	31.39	-0.03	7.62
36.610	23.42	31.39	-0.02	7.63
36.640	23.42	31.39	-0.02	7.63
36.670	23.41	31.37	-0.02	7.63
36.700	23.41	31.37	-0.11	7.54
36.729	23.41	31.37	-0.11	7.54
36.759	23.43	31.39	-0.11	7.54
36.789	23.43	31.39	0.01	7.66
36.819	23.43	31.39	0.01	7.66
36.848	23.42	31.39	0.01	7.66
36.878	23.42	31.39	-0.09	7.56
36.908	23.42	31.39	-0.09	7.56
36.938	23.42	31.39	-0.09	7.56
36.967	23.42	31.39	-0.04	7.62
36.997	23.42	31.39	-0.04	7.62
37.027	23.42	31.39	-0.04	7.62
37.057	23.42	31.39	-0.02	7.64
37.086	23.42	31.39	-0.02	7.64
37.116	23.41	31.38	-0.02	7.64
37.146	23.41	31.38	-0.11	7.54
37.176	23.41	31.38	-0.11	7.54
37.206	23.41	31.38	-0.11	7.54
37.235	23.41	31.38	0.01	7.66
37.265	23.41	31.38	0.01	7.66
37.295	23.45	31.42	0.01	7.66
37.325	23.45	31.42	-0.09	7.56
37.354	23.45	31.42	-0.09	7.56
37.384	23.45	31.41	-0.09	7.56
37.414	23.45	31.41	-0.04	7.62
37.444	23.45	31.41	-0.04	7.62
37.473	23.44	31.40	-0.04	7.62
37.503	23.44	31.40	-0.02	7.64
37.533	23.44	31.40	-0.02	7.64
37.563	23.43	31.40	-0.02	7.64
37.592	23.43	31.40	-0.11	7.54
37.622	23.43	31.40	-0.11	7.54
37.652	23.44	31.40	-0.11	7.54
37.682	23.44	31.40	0.00	7.66
37.711	23.44	31.40	0.00	7.66
37.741	23.43	31.40	0.00	7.66
37.771	23.43	31.40	-0.09	7.56
37.801	23.43	31.40	-0.09	7.56
37.830	23.45	31.41	-0.09	7.56
37.860	23.45	31.41	-0.04	7.61
37.890	23.45	31.41	-0.04	7.61
37.920	23.44	31.41	-0.04	7.61
37.950	23.44	31.41	-0.01	7.64
37.979	23.44	31.41	-0.01	7.64
38.009	23.45	31.42	-0.01	7.64
38.039	23.45	31.42	-0.11	7.54
38.069	23.45	31.42	-0.11	7.54
38.098	23.44	31.41	-0.11	7.54
38.128	23.44	31.41	0.00	7.66
38.158	23.44	31.41	0.00	7.66
38.188	23.45	31.42	0.00	7.66
38.217	23.45	31.42	-0.09	7.56
38.247	23.45	31.42	-0.09	7.56
38.277	23.45	31.41	-0.09	7.56
38.307	23.45	31.41	-0.04	7.61
38.336	23.45	31.41	-0.04	7.61
38.366	23.45	31.42	-0.04	7.61
38.396	23.45	31.42	-0.01	7.64
38.426	23.45	31.42	-0.01	7.64
38.455	23.45	31.41	-0.01	7.64
38.485	23.45	31.41	-0.12	7.54
38.515	23.45	31.41	-0.12	7.54
38.545	23.46	31.42	-0.12	7.54
38.574	23.46	31.42	0.00	7.66
38.604	23.46	31.42	0.00	7.66
38.634	23.47	31.44	0.00	7.66
38.664	23.47	31.44	-0.09	7.57
38.694	23.47	31.44	-0.09	7.57
38.723	23.45	31.42	-0.09	7.57
38.753	23.45	31.42	-0.04	7.61
38.783	23.45	31.42	-0.04	7.61
38.813	23.44	31.40	-0.04	7.61
38.842	23.44	31.40	-0.01	7.65
38.872	23.44	31.40	-0.01	7.65
38.902	23.44	31.41	-0.01	7.65
38.932	23.44	31.41	-0.11	7.54
38.961	23.44	31.41	-0.11	7.54
38.991	23.43	31.40	-0.11	7.54
39.021	23.43	31.40	0.00	7.65
39.051	23.43	31.40	0.00	7.65
39.080	23.46	31.43	0.00	7.65
39.110	23.46	31.43	-0.09	7.56
39.140	23.46	31.43	-0.09	7.56
39.170	23.45	31.42	-0.09	7.56
39.199	23.45	31.42	-0.05	7.60
39.229	23.45	31.42	-0.05	7.60
39.259	23.44	31.41	-0.05	7.60
39.289	23.44	31.41	-0.00	7.65
39.318	23.44	31.41	-0.00	7.65
39.348	23.43	31.39	-0.00	7.65
39.378	23.43	31.39	-0.11	7.54
39.408	23.43	31.39	-0.11	7.54
39.437	23.42	31.39	-0.11	7.54
39.467	23.42	31.39	-0.00	7.65
39.497	23.42	31.39	-0.00	7.65
39.527	23.44	31.40	-0.00	7.65
39.556	23.44	31.40	-0.09	7.56
39.586	23.44	31.40	-0.09	7.56
39.616	23.43	31.40	-0.09	7.56
39.646	23.43	31.40	-0.05	7.60
39.676	23.43	31.40	-0.05	7.60
39.705	23.43	31.40	-0.05	7.60
39.735	23.43	31.40	0.00	7.65
39.765	23.43	31.40	0.00	7.65
39.794	23.42	31.39	0.00	7.65
39.824	23.42	31.39	-0.11	7.54
39.854	23.42	31.39	-0.11	7.54
39.884	23.41	31.38	-0.11	7.54
39.913	23.41	31.38	-0.00	7.65
39.943	23.41	31.38	-0.00	7.65
39.973	23.44	31.41	-0.00	7.65
40.003	23.44	31.41	-0.08	7.57
40.032	23.44	31.41	-0.08	7.57
40.062	23.44	31.40	-0.08	7.57
40.092	23.44	31.40	-0.06	7.60
40.122	23.44	31.40	-0.06	7.60
40.152	23.43	31.40	-0.06	7.60
40.181	23.43	31.40	0.00	7.65
40.211	23.43	31.40	0.00	7.65
40.241	23.43	31.40	0.00	7.65
40.271	23.43	31.40	-0.11	7.54
40.300	23.43	31.40	-0.11	7.54
40.330	23.43	31.40	-0.11	7.54
40.360	23.43	31.40	-0.00	7.65
40.390	23.43	31.40	-0.00	7.65
40.419	23.43	31.40	-0.00	7.65
40.449	23.43	31.40	-0.09	7.57
40.479	23.43	31.40	-0.09	7.57
40.509	23.44	31.40	-0.09	7.57
40.538	23.44	31.40	-0.06	7.59
40.568	23.44	31.40	-0.06	7.59
40.598	23.43	31.40	-0.06	7.59
40.628	23.43	31.40	0.00	7.66
40.657	23.43	31.40	0.00	7.66
40.687	23.43	31.39	0.00	7.66
40.717	23.43	31.39	-0.11	7.54
40.747	23.43	31.39	-0.11	7.54
40.776	23.41	31.38	-0.11	7.54
40.806	23.41	31.38	-0.00	7.65
40.836	23.41	31.38	-0.00	7.65
40.866	23.42	31.39	-0.00	7.65
40.895	23.42	31.39	-0.09	7.57
40.925	23.42	31.39	-0.09	7.57
40.955	23.43	31.39	-0.09	7.57
40.985	23.43	31.39	-0.07	7.59
41.015	23.43	31.39	-0.07	7.59
41.044	23.42	31.39	-0.07	7.59
41.074	23.42	31.39	0.00	7.66
41.104	23.42	31.39	0.00	7.66
41.134	23.42	31.39	0.00	7.66
41.163	23.42	31.39	-0.11	7.55
41.193	23.42	31.39	-0.11	7.55
41.223	23.42	31.39	-0.11	7.55
41.253	23.42	31.39	-0.00	7.65
41.282	23.42	31.39	-0.00	7.65
41.312	23.43	31.39	-0.00	7.65
41.342	23.43	31.39	-0.08	7.57
41.372	23.43	31.39	-0.08	7.57
41.401	23.42	31.39	-0.08	7.57
41.431	23.42	31.39	-0.07	7.59
41.461	23.42	31.39	-0.07	7.59
41.491	23.42	31.39	-0.07	7.59
41.520	23.42	31.39	0.00	7.65
41.550	23.42	31.39	0.00	7.65
41.580	23.43	31.39	0.00	7.65
41.610	23.43	31.39	-0.11	7.54
41.639	23.43	31.39	-0.11	7.54
41.669	23.42	31.39	-0.11	7.54
41.699	23.42	31.39	-0.01	7.65
41.729	23.42	31.39	-0.01	7.65
41.758	23.42	31.39	-0.01	7.65
41.788	23.42	31.39	-0.08	7.57
41.818	23.42	31.39	-0.08	7.57
41.848	23.41	31.38	-0.08	7.57
41.877	23.41	31.38	-0.08	7.58
41.907	23.41	31.38	-0.08	7.58
41.937	23.41	31.38	-0.08	7.58
41.967	23.41	31.38	0.01	7.66
41.997	23.41	31.38	0.01	7.66
42.026	23.40	31.37	0.01	7.66
42.056	23.40	31.37	-0.12	7.54
42.086	23.40	31.37	-0.12	7.54
42.116	23.39	31.36	-0.12	7.54
42.145	23.39	31.36	-0.01	7.65
42.175	23.39	31.36	-0.01	7.65
42.205	23.40	31.37	-0.01	7.65
42.235	23.40	31.37	-0.08	7.58
42.264	23.40	31.37	-0.08	7.58
42.294	23.40	31.36	-0.08	7.58
42.324	23.40	31.36	-0.08	7.58
42.354	23.40	31.36	-0.08	7.58
42.383	23.40	31.37	-0.08	7.58
42.413	23.40	31.37	0.00	7.66
42.443	23.40	31.37	0.00	7.66
42.473	23.40	31.37	0.00	7.66
42.503	23.40	31.37	-0.11	7.54
42.532	23.40	31.37	-0.11	7.54
42.562	23.39	31.36	-0.11	7.54
42.592	23.39	31.36	-0.01	7.64
42.622	23.39	31.36	-0.01	7.64
42.651	23.41	31.38	-0.01	7.64
42.681	23.41	31.38	-0.08	7.58
42.711	23.41	31.38	-0.08	7.58
42.741	23.40	31.37	-0.08	7.58
42.770	23.40	31.37	-0.08	7.58
42.800	23.40	31.37	-0.08	7.58
42.830	23.39	31.35	-0.08	7.58
42.860	23.39	31.35	0.00	7.66
42.889	23.39	31.35	0.00	7.66
42.919	23.39	31.36	0.00	7.66
42.949	23.39	31.36	-0.11	7.54
42.979	23.39	31.36	-0.11	7.54
43.008	23.40	31.37	-0.11	7.54
43.038	23.40	31.37	-0.01	7.64
43.068	23.40	31.37	-0.01	7.64
43.098	23.41	31.38	-0.01	7.64
43.128	23.41	31.38	-0.08	7.58
43.157	23.41	31.38	-0.08	7.58
43.187	23.41	31.38	-0.08	7.58
43.217	23.41	31.38	-0.08	7.57
43.247	23.41	31.38	-0.08	7.57
43.276	23.41	31.38	-0.08	7.57
43.306	23.41	31.38	0.00	7.66
43.336	23.41	31.38	0.00	7.66
43.366	23.42	31.39	0.00	7.66
43.395	23.42	31.39	-0.11	7.54
43.425	23.42	31.39	-0.11	7.54
43.455	23.41	31.38	-0.11	7.54
43.485	23.41	31.38	-0.02	7.64
43.514	23.41	31.38	-0.02	7.64
43.544	23.41	31.38	-0.02	7.64
43.574	23.41	31.38	-0.08	7.58
43.604	23.41	31.38	-0.08	7.58
43.633	23.43	31.39	-0.08	7.58
43.663	23.43	31.39	-0.09	7.57
43.693	23.43	31.39	-0.09	7.57
43.723	23.42	31.39	-0.09	7.57
43.752	23.42	31.39	0.00	7.66
43.782	23.42	31.39	0.00	7.66
43.812	23.42	31.39	0.00	7.66
43.842	23.42	31.39	-0.11	7.54
43.872	23.42	31.39	-0.11	7.54
43.901	23.41	31.37	-0.11	7.54
43.931	23.41	31.37	-0.01	7.64
43.961	23.41	31.37	-0.01	7.64
43.991	23.42	31.39	-0.01	7.64
44.020	23.42	31.39	-0.07	7.58
44.050	23.42	31.39	-0.07	7.58
44.080	23.42	31.38	-0.07	7.58
44.110	23.42	31.38	-0.09	7.56
44.139	23.42	31.38	-0.09	7.56
44.169	23.42	31.39	-0.09	7.56
44.199	23.42	31.39	0.00	7.66
44.229	23.42	31.39	0.00	7.66
44.258	23.42	31.39	0.00	7.66
44.288	23.42	31.39	-0.11	7.54
44.318	23.42	31.39	-0.11	7.54
44.348	23.41	31.38	-0.11	7.54
44.377	23.41	31.38	-0.01	7.64
44.407	23.41	31.38	-0.01	7.64
44.437	23.42	31.39	-0.01	7.64
44.467	23.42	31.39	-0.07	7.59
44.496	23.42	31.39	-0.07	7.59
44.526	23.41	31.38	-0.07	7.59
44.556	23.41	31.38	-0.10	7.56
44.586	23.41	31.38	-0.10	7.56
44.615	23.41	31.38	-0.10	7.56
44.645	23.41	31.38	0.00	7.66
44.675	23.41	31.38	0.00	7.66
44.705	23.41	31.37	0.00	7.66
44.735	23.41	31.37	-0.11	7.54
44.764	23.41	31.37	-0.11	7.54
44.794	23.40	31.37	-0.11	7.54
44.824	23.40	31.37	-0.02	7.64
44.854	23.40	31.37	-0.02	7.64
44.883	23.41	31.38	-0.02	7.64
44.913	23.41	31.38	-0.06	7.59
44.943	23.41	31.38	-0.06	7.59
44.973	23.40	31.37	-0.06	7.59
45.002	23.40	31.37	-0.10	7.56
45.032	23.40	31.37	-0.10	7.56
45.062	23.39	31.35	-0.10	7.56
45.092	23.39	31.35	0.00	7.66
45.121	23.39	31.35	0.00	7.66
45.151	23.40	31.37	0.00	7.66
45.181	23.40	31.37	-0.11	7.54
45.211	23.40	31.37	-0.11	7.54
45.240	23.40	31.37	-0.11	7.54
45.270	23.40	31.37	-0.02	7.63
45.300	23.40	31.37	-0.02	7.63
45.330	23.42	31.38	-0.02	7.63
45.360	23.42	31.38	-0.06	7.59
45.389	23.42	31.38	-0.06	7.59
45.419	23.43	31.39	-0.06	7.59
45.449	23.43	31.39	-0.10	7.55
45.479	23.43	31.39	-0.10	7.55
45.508	23.44	31.40	-0.10	7.55
45.538	23.44	31.40	0.01	7.66
45.568	23.44	31.40	0.01	7.66
45.598	23.43	31.39	0.01	7.66
45.627	23.43	31.39	-0.11	7.55
45.657	23.43	31.39	-0.11	7.55
45.687	23.42	31.39	-0.11	7.55
45.717	23.42	31.39	-0.02	7.64
45.746	23.42	31.39	-0.02	7.64
45.776	23.44	31.41	-0.02	7.64
45.806	23.44	31.41	-0.05	7.60
45.836	23.44	31.41	-0.05	7.60
45.865	23.45	31.41	-0.05	7.60
45.895	23.45	31.41	-0.11	7.55
45.925	23.45	31.41	-0.11	7.55
45.955	23.44	31.41	-0.11	7.55
45.984	23.44	31.41	0.00	7.66
46.014	23.44	31.41	0.00	7.66
46.044	23.45	31.41	0.00	7.66
46.074	23.45	31.41	-0.11	7.55
46.104	23.45	31.41	-0.11	7.55
46.133	23.45	31.42	-0.11	7.55
46.163	23.45	31.42	-0.02	7.64
46.193	23.45	31.42	-0.02	7.64
46.223	23.45	31.42	-0.02	7.64
46.252	23.45	31.42	-0.05	7.60
46.282	23.45	31.42	-0.05	7.60
46.312	23.46	31.43	-0.05	7.60
46.342	23.46	31.43	-0.11	7.55
46.371	23.46	31.43	-0.11	7.55
46.401	23.45	31.42	-0.11	7.55
46.431	23.45	31.42	0.00	7.66
46.461	23.45	31.42	0.00	7.66
46.490	23.45	31.42	0.00	7.66
46.520	23.45	31.42	-0.10	7.55
46.550	23.45	31.42	-0.10	7.55
46.580	23.44	31.41	-0.10	7.55
46.609	23.44	31.41	-0.03	7.63
46.639	23.44	31.41	-0.03	7.63
46.669	23.46	31.43	-0.03	7.63
46.699	23.46	31.43	-0.04	7.61
46.729	23.46	31.43	-0.04	7.61
46.758	23.45	31.42	-0.04	7.61
46.788	23.45	31.42	-0.11	7.54
46.818	23.45	31.42	-0.11	7.54
46.848	23.44	31.41	-0.11	7.54
46.877	23.44	31.41	0.00	7.66
46.907	23.44	31.41	0.00	7.66
46.937	23.45	31.42	0.00	7.66
46.967	23.45	31.42	-0.10	7.55
46.996	23.45	31.42	-0.10	7.55
47.026	23.46	31.43	-0.10	7.55
47.056	23.46	31.43	-0.03	7.63
47.086	23.46	31.43	-0.03	7.63
47.115	23.47	31.43	-0.03	7.63
47.145	23.47	31.43	-0.04	7.62
47.175	23.47	31.43	-0.04	7.62
47.205	23.49	31.46	-0.04	7.62
47.234	23.49	31.46	-0.11	7.54
47.264	23.49	31.46	-0.11	7.54
47.294	23.50	31.46	-0.11	7.54
47.324	23.50	31.46	0.00	7.66
47.353	23.50	31.46	0.00	7.66
47.383	23.49	31.45	0.00	7.66
47.413	23.49	31.45	-0.10	7.55
47.443	23.49	31.45	-0.10	7.55
47.473	23.50	31.47	-0.10	7.55
47.502	23.50	31.47	-0.03	7.63
47.532	23.50	31.47	-0.03	7.63
47.562	23.50	31.47	-0.03	7.63
47.592	23.50	31.47	-0.03	7.62
47.621	23.50	31.47	-0.03	7.62
47.651	23.50	31.46	-0.03	7.62
47.681	23.50	31.46	-0.11	7.54
47.711	23.50	31.46	-0.11	7.54
47.740	23.51	31.47	-0.11	7.54
47.770	23.51	31.47	0.01	7.66
47.800	23.51	31.47	0.01	7.66
47.830	23.51	31.48	0.01	7.66
47.859	23.51	31.48	-0.10	7.56
47.889	23.51	31.48	-0.10	7.56
47.919	23.55	31.52	-0.10	7.56
47.949	23.55	31.52	-0.03	7.62
47.979	23.55	31.52	-0.03	7.62
48.008	23.56	31.53	-0.03	7.62
48.038	23.56	31.53	-0.03	7.63
48.068	23.56	31.53	-0.03	7.63
48.098	23.58	31.54	-0.03	7.63
48.127	23.58	31.54	-0.11	7.54
48.157	23.58	31.54	-0.11	7.54
48.187	23.57	31.53	-0.11	7.54
48.217	23.57	31.53	0.00	7.65
48.246	23.57	31.53	0.00	7.65
48.276	23.56	31.53	0.00	7.65
48.306	23.56	31.53	-0.09	7.57
48.336	23.56	31.53	-0.09	7.57
48.365	23.55	31.52	-0.09	7.57
48.395	23.55	31.52	-0.04	7.62
48.425	23.55	31.52	-0.04	7.62
48.455	23.55	31.52	-0.04	7.62
48.484	23.55	31.52	-0.02	7.64
48.514	23.55	31.52	-0.02	7.64
48.544	23.55	31.52	-0.02	7.64
48.574	23.55	31.52	-0.11	7.54
48.603	23.55	31.52	-0.11	7.54
48.633	23.56	31.53	-0.11	7.54
48.663	23.56	31.53	0.00	7.66
48.693	23.56	31.53	0.00	7.66
48.722	23.56	31.53	0.00	7.66
48.752	23.56	31.53	-0.09	7.57
48.782	23.56	31.53	-0.09	7.57
48.812	23.56	31.52	-0.09	7.57
48.841	23.56	31.52	-0.04	7.62
48.871	23.56	31.52	-0.04	7.62
48.901	23.53	31.50	-0.04	7.62
48.931	23.53	31.50	-0.01	7.64
48.961	23.53	31.50	-0.01	7.64
48.990	23.55	31.52	-0.01	7.64
49.020	23.55	31.52	-0.11	7.54
49.050	23.55	31.52	-0.11	7.54
49.080	23.55	31.51	-0.11	7.54
49.109	23.55	31.51	0.00	7.66
49.139	23.55	31.51	0.00	7.66
49.169	23.54	31.50	0.00	7.66
49.199	23.54	31.50	-0.09	7.56
49.228	23.54	31.50	-0.09	7.56
49.258	23.56	31.52	-0.09	7.56
49.288	23.56	31.52	-0.04	7.61
49.318	23.56	31.52	-0.04	7.61
49.347	23.56	31.53	-0.04	7.61
49.377	23.56	31.53	-0.01	7.65
49.407	23.56	31.53	-0.01	7.65
49.437	23.57	31.53	-0.01	7.65
49.466	23.57	31.53	-0.11	7.54
49.496	23.57	31.53	-0.11	7.54
49.526	23.56	31.53	-0.11	7.54
49.556	23.56	31.53	0.00	7.65
49.586	23.56	31.53	0.00	7.65
49.615	23.56	31.53	0.00	7.65
49.645	23.56	31.53	-0.09	7.57
49.675	23.56	31.53	-0.09	7.57
49.704	23.56	31.53	-0.09	7.57
49.734	23.56	31.53	-0.05	7.60
49.764	23.56	31.53	-0.05	7.60
49.794	23.56	31.53	-0.05	7.60
49.824	23.56	31.53	-0.00	7.65
49.853	23.56	31.53	-0.00	7.65
49.883	23.57	31.54	-0.00	7.65
49.913	23.57	31.54	-0.11	7.54
49.943	23.57	31.54	-0.11	7.54
49.972	23.58	31.55	-0.11	7.54
50.002	23.58	31.55	-0.00	7.65
50.032	23.58	31.55	-0.00	7.65
50.062	23.57	31.54	-0.00	7.65
50.091	23.57	31.54	-0.09	7.57
50.121	23.57	31.54	-0.09	7.57
50.151	23.56	31.53	-0.09	7.57
50.181	23.56	31.53	-0.05	7.60
50.210	23.56	31.53	-0.05	7.60
50.240	23.56	31.53	-0.05	7.60
50.270	23.56	31.53	-0.00	7.65
50.300	23.56	31.53	-0.00	7.65
50.329	23.59	31.55	-0.00	7.65
50.359	23.59	31.55	-0.11	7.54
50.389	23.59	31.55	-0.11	7.54
50.419	23.58	31.54	-0.11	7.54
50.449	23.58	31.54	-0.00	7.65
50.478	23.58	31.54	-0.00	7.65
50.508	23.58	31.54	-0.00	7.65
50.538	23.58	31.54	-0.09	7.57
50.568	23.58	31.54	-0.09	7.57
50.597	23.57	31.54	-0.09	7.57
50.627	23.57	31.54	-0.06	7.60
50.657	23.57	31.54	-0.06	7.60
50.687	23.58	31.55	-0.06	7.60
50.716	23.58	31.55	0.00	7.66
50.746	23.58	31.55	0.00	7.66
50.776	23.58	31.55	0.00	7.66
50.806	23.58	31.55	-0.11	7.54
50.835	23.58	31.55	-0.11	7.54
50.865	23.58	31.55	-0.11	7.54
50.895	23.58	31.55	-0.01	7.65
50.925	23.58	31.55	-0.01	7.65
50.954	23.59	31.55	-0.01	7.65
50.984	23.59	31.55	-0.08	7.57
51.014	23.59	31.55	-0.08	7.57
51.044	23.58	31.55	-0.08	7.57
51.073	23.58	31.55	-0.07	7.59
51.103	23.58	31.55	-0.07	7.59
51.133	23.58	31.55	-0.07	7.59
51.163	23.58	31.55	0.00	7.65
51.193	23.58	31.55	0.00	7.65
51.222	23.60	31.57	0.00	7.65
51.252	23.60	31.57	-0.11	7.55
51.282	23.60	31.57	-0.11	7.55
51.311	23.59	31.56	-0.11	7.55
51.341	23.59	31.56	-0.01	7.65
51.371	23.59	31.56	-0.01	7.65
51.401	23.58	31.55	-0.01	7.65
51.431	23.58	31.55	-0.08	7.57
51.460	23.58	31.55	-0.08	7.57
51.490	23.58	31.55	-0.08	7.57
51.520	23.58	31.55	-0.08	7.58
51.550	23.58	31.55	-0.08	7.58
51.579	23.59	31.55	-0.08	7.58
51.609	23.59	31.55	0.00	7.66
51.639	23.59	31.55	0.00	7.66
51.669	23.59	31.55	0.00	7.66
51.698	23.59	31.55	-0.12	7.54
51.728	23.59	31.55	-0.12	7.54
51.758	23.60	31.57	-0.12	7.54
51.788	23.60	31.57	-0.01	7.64
51.817	23.60	31.57	-0.01	7.64
51.847	23.60	31.57	-0.01	7.64
51.877	23.60	31.57	-0.08	7.57
51.907	23.60	31.57	-0.08	7.57
51.936	23.59	31.56	-0.08	7.57
51.966	23.59	31.56	-0.08	7.58
51.996	23.59	31.56	-0.08	7.58
52.026	23.58	31.54	-0.08	7.58
52.055	23.58	31.54	-0.00	7.65
52.085	23.58	31.54	-0.00	7.65
52.115	23.59	31.56	-0.00	7.65
52.145	23.59	31.56	-0.11	7.54
52.175	23.59	31.56	-0.11	7.54
52.204	23.60	31.57	-0.11	7.54
52.234	23.60	31.57	-0.01	7.64
52.264	23.60	31.57	-0.01	7.64
52.294	23.58	31.55	-0.01	7.64
52.323	23.58	31.55	-0.08	7.58
52.353	23.58	31.55	-0.08	7.58
52.383	23.58	31.55	-0.08	7.58
52.413	23.58	31.55	-0.08	7.57
52.442	23.58	31.55	-0.08	7.57
52.472	23.58	31.54	-0.08	7.57
52.502	23.58	31.54	0.01	7.66
52.532	23.58	31.54	0.01	7.66
52.561	23.59	31.55	0.01	7.66
52.591	23.59	31.55	-0.11	7.54
52.621	23.59	31.55	-0.11	7.54
52.651	23.59	31.56	-0.11	7.54
52.680	23.59	31.56	-0.02	7.64
52.710	23.59	31.56	-0.02	7.64
52.740	23.59	31.55	-0.02	7.64
52.770	23.59	31.55	-0.07	7.58
52.800	23.59	31.55	-0.07	7.58
52.829	23.59	31.56	-0.07	7.58
52.859	23.59	31.56	-0.09	7.57
52.889	23.59	31.56	-0.09	7.57
52.919	23.59	31.56	-0.09	7.57
52.948	23.59	31.56	0.00	7.66
52.978	23.59	31.56	0.00	7.66
53.008	23.62	31.59	0.00	7.66
53.038	23.62	31.59	-0.12	7.54
53.067	23.62	31.59	-0.12	7.54
53.097	23.62	31.59	-0.12	7.54
53.127	23.62	31.59	-0.02	7.64
53.157	23.62	31.59	-0.02	7.64
53.186	23.63	31.59	-0.02	7.64
53.216	23.63	31.59	-0.06	7.59
53.246	23.63	31.59	-0.06	7.59
53.276	23.62	31.59	-0.06	7.59
53.305	23.62	31.59	-0.09	7.56
53.335	23.62	31.59	-0.09	7.56
53.365	23.61	31.58	-0.09	7.56
53.395	23.61	31.58	0.01	7.66
53.425	23.61	31.58	0.01	7.66
53.454	23.61	31.58	0.01	7.66
53.484	23.61	31.58	-0.11	7.55
53.514	23.61	31.58	-0.11	7.55
53.544	23.61	31.58	-0.11	7.55
53.573	23.61	31.58	-0.02	7.63
53.603	23.61	31.58	-0.02	7.63
53.633	23.60	31.57	-0.02	7.63
53.663	23.60	31.57	-0.07	7.59
53.692	23.60	31.57	-0.07	7.59
53.722	23.60	31.56	-0.07	7.59
53.752	23.60	31.56	-0.10	7.56
53.782	23.60	31.56	-0.10	7.56
53.811	23.60	31.57	-0.10	7.56
53.841	23.60	31.57	0.00	7.66
53.871	23.60	31.57	0.00	7.66
53.901	23.60	31.57	0.00	7.66
53.930	23.60	31.57	-0.11	7.54
53.960	23.60	31.57	-0.11	7.54
53.990	23.60	31.57	-0.11	7.54
54.020	23.60	31.57	-0.02	7.64
54.050	23.60	31.57	-0.02	7.64
54.079	23.60	31.57	-0.02	7.64
54.109	23.60	31.57	-0.07	7.59
54.139	23.60	31.57	-0.07	7.59
54.169	23.58	31.55	-0.07	7.59
54.198	23.58	31.55	-0.10	7.55
54.228	23.58	31.55	-0.10	7.55
54.258	23.59	31.55	-0.10	7.55
54.288	23.59	31.55	0.01	7.67
54.317	23.59	31.55	0.01	7.67
54.347	23.59	31.56	0.01	7.67
54.377	23.59	31.56	-0.11	7.55
54.407	23.59	31.56	-0.11	7.55
54.436	23.60	31.57	-0.11	7.55
54.466	23.60	31.57	-0.02	7.64
54.496	23.60	31.57	-0.02	7.64
54.526	23.59	31.56	-0.02	7.64
54.555	23.59	31.56	-0.06	7.60
54.585	23.59	31.56	-0.06	7.60
54.615	23.60	31.57	-0.06	7.60
54.645	23.60	31.57	-0.11	7.55
54.674	23.60	31.57	-0.11	7.55
54.704	23.60	31.57	-0.11	7.55
54.734	23.60	31.57	0.00	7.66
54.764	23.60	31.57	0.00	7.66
54.794	23.60	31.57	0.00	7.66
54.823	23.60	31.57	-0.11	7.55
54.853	23.60	31.57	-0.11	7.55
54.883	23.60	31.57	-0.11	7.55
54.913	23.60	31.57	-0.02	7.63
54.942	23.60	31.57	-0.02	7.63
54.972	23.61	31.57	-0.02	7.63
55.002	23.61	31.57	-0.05	7.60
55.032	23.61	31.57	-0.05	7.60
55.061	23.61	31.58	-0.05	7.60
55.091	23.61	31.58	-0.11	7.55
55.121	23.61	31.58	-0.11	7.55
55.151	23.63	31.59	-0.11	7.55
55.180	23.63	31.59	0.01	7.66
55.210	23.63	31.59	0.01	7.66
55.240	23.62	31.59	0.01	7.66
55.270	23.62	31.59	-0.10	7.55
55.300	23.62	31.59	-0.10	7.55
55.329	23.65	31.62	-0.10	7.55
55.359	23.65	31.62	-0.02	7.63
55.389	23.65	31.62	-0.02	7.63
55.419	23.65	31.62	-0.02	7.63
55.448	23.65	31.62	-0.05	7.60
55.478	23.65	31.62	-0.05	7.60
55.508	23.65	31.61	-0.05	7.60
55.538	23.65	31.61	-0.11	7.54
55.567	23.65	31.61	-0.11	7.54
55.597	23.64	31.61	-0.11	7.54
55.627	23.64	31.61	0.01	7.66
55.657	23.64	31.61	0.01	7.66
55.686	23.64	31.60	0.01	7.66
55.716	23.64	31.60	-0.10	7.55
55.746	23.64	31.60	-0.10	7.55
55.776	23.65	31.62	-0.10	7.55
55.805	23.65	31.62	-0.02	7.63
55.835	23.65	31.62	-0.02	7.63
55.865	23.65	31.62	-0.02	7.63
55.895	23.65	31.62	-0.05	7.60
55.924	23.65	31.62	-0.05	7.60
55.954	23.64	31.61	-0.05	7.60
55.984	23.64	31.61	-0.11	7.54
56.014	23.64	31.61	-0.11	7.54
56.043	23.66	31.63	-0.11	7.54
56.073	23.66	31.63	0.01	7.66
56.103	23.66	31.63	0.01	7.66
56.133	23.65	31.62	0.01	7.66
56.162	23.65	31.62	-0.10	7.55
56.192	23.65	31.62	-0.10	7.55
56.222	23.68	31.65	-0.10	7.55
56.252	23.68	31.65	-0.03	7.63
56.282	23.68	31.65	-0.03	7.63
56.311	23.68	31.65	-0.03	7.63
56.341	23.68	31.65	-0.04	7.62
56.371	23.68	31.65	-0.04	7.62
56.401	23.68	31.65	-0.04	7.62
56.430	23.68	31.65	-0.11	7.54
56.460	23.68	31.65	-0.11	7.54
56.490	23.69	31.65	-0.11	7.54
56.520	23.69	31.65	0.00	7.66
56.549	23.69	31.65	0.00	7.66
56.579	23.68	31.65	0.00	7.66
56.609	23.68	31.65	-0.10	7.55
56.639	23.68	31.65	-0.10	7.55
56.668	23.69	31.66	-0.10	7.55
56.698	23.69	31.66	-0.03	7.63
56.728	23.69	31.66	-0.03	7.63
56.758	23.67	31.64	-0.03	7.63
56.787	23.67	31.64	-0.04	7.62
56.817	23.67	31.64	-0.04	7.62
56.847	23.40	31.37	-0.04	7.62
56.877	23.40	31.37	-0.11	7.55
56.907	23.40	31.37	-0.11	7.55
56.936	23.33	31.30	-0.11	7.55
56.966	23.33	31.30	0.00	7.66
56.996	23.33	31.30	0.00	7.66
57.026	23.32	31.29	0.00	7.66
57.055	23.32	31.29	-0.10	7.55
57.085	23.32	31.29	-0.10	7.55
57.115	23.32	31.29	-0.10	7.55
57.145	23.32	31.29	-0.03	7.63
57.174	23.32	31.29	-0.03	7.63
57.204	23.33	31.30	-0.03	7.63
57.234	23.33	31.30	-0.04	7.61
57.264	23.33	31.30	-0.04	7.61
57.293	23.32	31.28	-0.04	7.61
57.323	23.32	31.28	-0.11	7.54
57.353	23.32	31.28	-0.11	7.54
57.383	23.32	31.28	-0.11	7.54
57.412	23.32	31.28	0.00	7.66
57.442	23.32	31.28	0.00	7.66
57.472	23.32	31.29	0.00	7.66
57.502	23.32	31.29	-0.10	7.56
57.532	23.32	31.29	-0.10	7.56
57.561	23.34	31.31	-0.10	7.56
57.591	23.34	31.31	-0.02	7.63
57.621	23.34	31.31	-0.02	7.63
57.651	23.34	31.31	-0.02	7.63
57.680	23.34	31.31	-0.04	7.62
57.710	23.34	31.31	-0.04	7.62
57.740	23.33	31.30	-0.04	7.62
57.770	23.33	31.30	-0.11	7.54
57.799	23.33	31.30	-0.11	7.54
57.829	23.33	31.30	-0.11	7.54
57.859	23.33	31.30	0.01	7.66
57.889	23.33	31.30	0.01	7.66
57.918	23.33	31.29	0.01	7.66
57.948	23.33	31.29	-0.10	7.56
57.978	23.33	31.29	-0.10	7.56
58.008	23.33	31.29	-0.10	7.56
58.037	23.33	31.29	-0.03	7.63
58.067	23.33	31.29	-0.03	7.63
58.097	23.36	31.32	-0.03	7.63
58.127	23.36	31.32	-0.04	7.62
58.157	23.36	31.32	-0.04	7.62
58.186	23.36	31.33	-0.04	7.62
58.216	23.36	31.33	-0.11	7.54
58.246	23.36	31.33	-0.11	7.54
58.276	23.36	31.33	-0.11	7.54
58.305	23.36	31.33	0.00	7.66
58.335	23.36	31.33	0.00	7.66
58.365	23.36	31.33	0.00	7.66
58.395	23.36	31.33	-0.10	7.55
58.424	23.36	31.33	-0.10	7.55
58.454	23.34	31.31	-0.10	7.55
58.484	23.34	31.31	-0.03	7.62
58.514	23.34	31.31	-0.03	7.62
58.543	23.35	31.31	-0.03	7.62
58.573	23.35	31.31	-0.03	7.62
58.603	23.35	31.31	-0.03	7.62
58.633	23.30	31.27	-0.03	7.62
58.662	23.30	31.27	-0.11	7.54
58.692	23.30	31.27	-0.11	7.54
58.722	23.30	31.27	-0.11	7.54
58.752	23.30	31.27	0.00	7.66
58.782	23.30	31.27	0.00	7.66
58.811	23.32	31.28	0.00	7.66
58.841	23.32	31.28	-0.10	7.56
58.871	23.32	31.28	-0.10	7.56
58.901	23.33	31.30	-0.10	7.56
58.930	23.33	31.30	-0.03	7.63
58.960	23.33	31.30	-0.03	7.63
58.990	23.33	31.29	-0.03	7.63
59.020	23.33	31.29	-0.03	7.62
59.049	23.33	31.29	-0.03	7.62
59.079	23.33	31.30	-0.03	7.62
59.109	23.33	31.30	-0.11	7.54
59.139	23.33	31.30	-0.11	7.54
59.168	23.32	31.29	-0.11	7.54
59.198	23.32	31.29	0.01	7.66
59.228	23.32	31.29	0.01	7.66
59.258	23.32	31.28	0.01	7.66
59.287	23.32	31.28	-0.10	7.55
59.317	23.32	31.28	-0.10	7.55
59.347	23.34	31.31	-0.10	7.55
59.377	23.34	31.31	-0.03	7.62
59.407	23.34	31.31	-0.03	7.62
59.436	23.33	31.30	-0.03	7.62
59.466	23.33	31.30	-0.04	7.62
59.496	23.33	31.30	-0.04	7.62
59.526	23.33	31.30	-0.04	7.62
59.555	23.33	31.30	-0.11	7.54
59.585	23.33	31.30	-0.11	7.54
59.615	23.32	31.29	-0.11	7.54
59.645	23.32	31.29	0.00	7.66
59.674	23.32	31.29	0.00	7.66
59.704	23.33	31.29	0.00	7.66
59.734	23.33	31.29	-0.10	7.56
59.764	23.33	31.29	-0.10	7.56
59.793	23.34	31.31	-0.10	7.56
59.823	23.34	31.31	-0.03	7.63
59.853	23.34	31.31	-0.03	7.63
59.883	23.36	31.32	-0.03	7.63
59.912	23.36	31.32	-0.03	7.62
59.942	23.36	31.32	-0.03	7.62
59.972	23.36	31.33	-0.03	7.62
60.002	23.36	31.33	-0.11	7.54
60.031	23.36	31.33	-0.11	7.54
60.061	23.36	31.33	-0.11	7.54
60.091	23.36	31.33	0.00	7.66
60.121	23.36	31.33	0.00	7.66
60.151	23.38	31.35	0.00	7.66
60.180	23.38	31.35	-0.10	7.55
60.210	23.38	31.35	-0.10	7.55
60.240	23.43	31.40	-0.10	7.55
60.270	23.43	31.40	-0.03	7.62
60.299	23.43	31.40	-0.03	7.62
60.329	23.49	31.45	-0.03	7.62
60.359	23.49	31.45	-0.03	7.62
60.389	23.49	31.45	-0.03	7.62
60.418	23.57	31.54	-0.03	7.62
60.448	23.57	31.54	-0.11	7.54
60.478	23.57	31.54	-0.11	7.54
60.508	23.59	31.56	-0.11	7.54
60.537	23.59	31.56	0.00	7.66
60.567	23.59	31.56	0.00	7.66
60.597	23.60	31.56	0.00	7.66
60.627	23.60	31.56	-0.10	7.55
60.656	23.60	31.56	-0.10	7.55
60.686	23.61	31.58	-0.10	7.55
60.716	23.61	31.58	-0.03	7.63
60.746	23.61	31.58	-0.03	7.63
60.776	23.62	31.59	-0.03	7.63
60.805	23.62	31.59	-0.04	7.62
60.835	23.62	31.59	-0.04	7.62
60.865	23.62	31.58	-0.04	7.62
60.895	23.62	31.58	-0.11	7.54
60.924	23.62	31.58	-0.11	7.54
60.954	23.61	31.58	-0.11	7.54
60.984	23.61	31.58	0.00	7.66
61.014	23.61	31.58	0.00	7.66
61.043	23.61	31.58	0.00	7.66
61.073	23.61	31.58	-0.10	7.56
61.103	23.61	31.58	-0.10	7.56
61.133	23.62	31.59	-0.10	7.56
61.162	23.62	31.59	-0.02	7.63
61.192	23.62	31.59	-0.02	7.63
61.222	23.62	31.59	-0.02	7.63
61.252	23.62	31.59	-0.04	7.62
61.281	23.62	31.59	-0.04	7.62
61.311	23.59	31.56	-0.04	7.62
61.341	23.59	31.56	-0.11	7.55
61.371	23.59	31.56	-0.11	7.55
61.401	23.61	31.57	-0.11	7.55
61.430	23.61	31.57	0.00	7.66
61.460	23.61	31.57	0.00	7.66
61.490	23.61	31.58	0.00	7.66
61.520	23.61	31.58	-0.10	7.55
61.549	23.61	31.58	-0.10	7.55
61.579	23.62	31.59	-0.10	7.55
61.609	23.62	31.59	-0.03	7.63
61.639	23.62	31.59	-0.03	7.63
61.668	23.63	31.60	-0.03	7.63
61.698	23.63	31.60	-0.04	7.62
61.728	23.63	31.60	-0.04	7.62
61.758	23.62	31.59	-0.04	7.62
61.787	23.62	31.59	-0.11	7.55
61.817	23.62	31.59	-0.11	7.55
61.847	23.62	31.59	-0.11	7.55
61.877	23.62	31.59	0.00	7.66
61.906	23.62	31.59	0.00	7.66
61.936	23.63	31.60	0.00	7.66
61.966	23.63	31.60	-0.10	7.56
61.996	23.63	31.60	-0.10	7.56
62.026	23.62	31.59	-0.10	7.56
62.055	23.62	31.59	-0.03	7.63
62.085	23.62	31.59	-0.03	7.63
62.115	23.63	31.60	-0.03	7.63
62.145	23.63	31.60	-0.04	7.62
62.174	23.63	31.60	-0.04	7.62
62.204	23.61	31.58	-0.04	7.62
62.234	23.61	31.58	-0.11	7.54
62.264	23.61	31.58	-0.11	7.54
62.293	23.61	31.58	-0.11	7.54
62.323	23.61	31.58	0.00	7.66
62.353	23.61	31.58	0.00	7.66
62.383	23.63	31.59	0.00	7.66
62.412	23.63	31.59	-0.10	7.56
62.442	23.63	31.59	-0.10	7.56
62.472	23.61	31.58	-0.10	7.56
62.502	23.61	31.58	-0.02	7.63
62.531	23.61	31.58	-0.02	7.63
62.561	23.62	31.58	-0.02	7.63
62.591	23.62	31.58	-0.04	7.62
62.621	23.62	31.58	-0.04	7.62
62.651	23.63	31.60	-0.04	7.62
62.680	23.63	31.60	-0.11	7.54
62.710	23.63	31.60	-0.11	7.54
62.740	23.62	31.58	-0.11	7.54
62.770	23.62	31.58	0.00	7.66
62.799	23.62	31.58	0.00	7.66
62.829	23.63	31.60	0.00	7.66
62.859	23.63	31.60	-0.10	7.55
62.889	23.63	31.60	-0.10	7.55
62.918	23.62	31.59	-0.10	7.55
62.948	23.62	31.59	-0.02	7.63
62.978	23.62	31.59	-0.02	7.63
63.008	23.62	31.59	-0.02	7.63
63.037	23.62	31.59	-0.04	7.61
63.067	23.62	31.59	-0.04	7.61
63.097	23.61	31.58	-0.04	7.61
63.127	23.61	31.58	-0.11	7.54
63.156	23.61	31.58	-0.11	7.54
63.186	23.61	31.58	-0.11	7.54
63.216	23.61	31.58	0.00	7.65
63.246	23.61	31.58	0.00	7.65
63.275	23.61	31.58	0.00	7.65
63.305	23.61	31.58	-0.10	7.55
63.335	23.61	31.58	-0.10	7.55
63.365	23.61	31.58	-0.10	7.55
63.394	23.61	31.58	-0.03	7.63
63.424	23.61	31.58	-0.03	7.63
63.454	23.61	31.58	-0.03	7.63
63.484	23.61	31.58	-0.04	7.61
63.513	23.61	31.58	-0.04	7.61
63.543	23.61	31.58	-0.04	7.61
63.573	23.61	31.58	-0.11	7.54
63.603	23.61	31.58	-0.11	7.54
63.633	21.58	29.55	-0.11	7.54
63.662	21.58	29.55	-0.00	7.65
63.692	21.58	29.55	-0.00	7.65
63.722	4.10	12.07	-0.00	7.65
63.752	4.10	12.07	-0.10	7.55
63.781	4.10	12.07	-0.10	7.55
63.811	-4.91	3.06	-0.10	7.55
63.841	-4.91	3.06	-0.03	7.63
63.871	-4.91	3.06	-0.03	7.63
63.900	-1.90	6.07	-0.03	7.63
63.930	-1.90	6.07	-0.05	7.60
63.960	-1.90	6.07	-0.05	7.60
63.990	1.64	9.61	-0.05	7.60
64.020	1.64	9.61	-0.11	7.54
64.049	1.64	9.61	-0.11	7.54
64.079	3.94	11.90	-0.11	7.54
64.109	3.94	11.90	0.00	7.66
64.139	3.94	11.90	0.00	7.66
64.168	2.14	10.10	0.00	7.66
64.198	2.14	10.10	-0.10	7.55
64.228	2.14	10.10	-0.10	7.55
64.258	0.01	7.98	-0.10	7.55
64.287	0.01	7.98	-0.02	7.63
64.317	0.01	7.98	-0.02	7.63
64.347	0.25	8.22	-0.02	7.63
64.377	0.25	8.22	-0.05	7.60
64.407	0.25	8.22	-0.05	7.60
64.436	1.14	9.10	-0.05	7.60
64.466	1.14	9.10	-0.11	7.55
64.496	1.14	9.10	-0.11	7.55
64.526	1.56	9.52	-0.11	7.55
64.555	1.56	9.52	0.00	7.66
64.585	1.56	9.52	0.00	7.66
64.615	1.51	9.48	0.00	7.66
64.645	1.51	9.48	-0.11	7.55
64.675	1.51	9.48	-0.11	7.55
64.704	1.31	9.27	-0.11	7.55
64.734	1.31	9.27	-0.03	7.63
64.764	1.31	9.27	-0.03	7.63
64.794	1.29	9.26	-0.03	7.63
64.823	1.29	9.26	-0.05	7.60
64.853	1.29	9.26	-0.05	7.60
64.883	1.31	9.28	-0.05	7.60
64.913	1.31	9.28	-0.11	7.54
64.943	1.31	9.28	-0.11	7.54
64.972	1.30	9.27	-0.11	7.54
65.002	1.30	9.27	0.00	7.66
65.032	1.30	9.27	0.00	7.66
65.062	1.28	9.25	0.00	7.66
65.091	1.28	9.25	-0.11	7.55
65.121	1.28	9.25	-0.11	7.55
65.151	1.28	9.25	-0.11	7.55
65.181	1.28	9.25	-0.03	7.63
65.211	1.28	9.25	-0.03	7.63
65.240	1.29	9.25	-0.03	7.63
65.270	1.29	9.25	-0.05	7.60
65.300	1.29	9.25	-0.05	7.60
65.330	1.28	9.25	-0.05	7.60
65.359	1.28	9.25	-0.11	7.54
65.389	1.28	9.25	-0.11	7.54
65.419	1.29	9.26	-0.11	7.54
65.449	1.29	9.26	0.00	7.66
65.479	1.29	9.26	0.00	7.66
65.508	1.30	9.27	0.00	7.66
65.538	1.30	9.27	-0.11	7.55
65.568	1.30	9.27	-0.11	7.55
65.598	1.30	9.27	-0.11	7.55
65.627	1.30	9.27	-0.02	7.63
65.657	1.30	9.27	-0.02	7.63
65.687	1.31	9.28	-0.02	7.63
65.717	1.31	9.28	-0.06	7.59
65.747	1.31	9.28	-0.06	7.59
65.776	1.31	9.28	-0.06	7.59
65.806	1.31	9.28	-0.11	7.55
65.836	1.31	9.28	-0.11	7.55
65.866	1.32	9.28	-0.11	7.55
65.895	1.32	9.28	0.00	7.66
65.925	1.32	9.28	0.00	7.66
65.955	1.31	9.28	0.00	7.66
65.985	1.31	9.28	-0.11	7.54
66.015	1.31	9.28	-0.11	7.54
66.044	1.32	9.29	-0.11	7.54
66.074	1.32	9.29	-0.02	7.64
66.104	1.32	9.29	-0.02	7.64
66.134	1.33	9.29	-0.02	7.64
66.163	1.33	9.29	-0.06	7.59
66.193	1.33	9.29	-0.06	7.59
66.223	1.32	9.29	-0.06	7.59
66.253	1.32	9.29	-0.10	7.55
66.283	1.32	9.29	-0.10	7.55
66.312	1.32	9.29	-0.10	7.55
66.342	1.32	9.29	0.00	7.66
66.372	1.32	9.29	0.00	7.66
66.402	1.33	9.29	0.00	7.66
66.431	1.33	9.29	-0.11	7.54
66.461	1.33	9.29	-0.11	7.54
66.491	1.33	9.29	-0.11	7.54
66.521	1.33	9.29	-0.02	7.64
66.551	1.33	9.29	-0.02	7.64
66.580	1.33	9.30	-0.02	7.64
66.610	1.33	9.30	-0.06	7.59
66.640	1.33	9.30	-0.06	7.59
66.670	1.33	9.30	-0.06	7.59
66.699	1.33	9.30	-0.10	7.55
66.729	1.33	9.30	-0.10	7.55
66.759	1.34	9.30	-0.10	7.55
66.789	1.34	9.30	0.01	7.66
66.818	1.34	9.30	0.01	7.66
66.848	1.34	9.31	0.01	7.66
66.878	1.34	9.31	-0.11	7.55
66.908	1.34	9.31	-0.11	7.55
66.938	1.35	9.31	-0.11	7.55
66.967	1.35	9.31	-0.02	7.63
66.997	1.35	9.31	-0.02	7.63
67.027	1.35	9.32	-0.02	7.63
67.057	1.35	9.32	-0.07	7.59
67.086	1.35	9.32	-0.07	7.59
67.116	1.35	9.32	-0.07	7.59
67.146	1.35	9.32	-0.10	7.55
67.176	1.35	9.32	-0.10	7.55
67.206	1.35	9.32	-0.10	7.55
67.235	1.35	9.32	0.00	7.65
67.265	1.35	9.32	0.00	7.65
67.295	1.35	9.32	0.00	7.65
67.325	1.35	9.32	-0.11	7.55
67.354	1.35	9.32	-0.11	7.55
67.384	1.35	9.32	-0.11	7.55
67.414	1.35	9.32	-0.02	7.64
67.444	1.35	9.32	-0.02	7.64
67.473	1.36	9.32	-0.02	7.64
67.503	1.36	9.32	-0.07	7.59
67.533	1.36	9.32	-0.07	7.59
67.563	1.36	9.32	-0.07	7.59
67.593	1.36	9.32	-0.10	7.56
67.622	1.36	9.32	-0.10	7.56
67.652	1.36	9.33	-0.10	7.56
67.682	1.36	9.33	0.00	7.66
67.712	1.36	9.33	0.00	7.66
67.741	1.37	9.33	0.00	7.66
67.771	1.37	9.33	-0.11	7.54
67.801	1.37	9.33	-0.11	7.54
