Tempo(s)    P0(KPa) P0+Coluna(KPa)  P1(KPa) P1+Coluna(KPa)  Vazao(L/min)    Pulsos
0.000	-0.00	2.68	0.00	7.65	0.000	0
0.032	-0.00	2.69	0.00	7.65	0.000	0
0.064	-0.00	2.68	-0.00	7.64	0.000	0
0.096	-0.01	2.68	-0.00	7.64	0.000	0
0.128	-0.01	2.68	-0.00	7.64	0.000	0
0.160	-0.00	2.68	0.00	7.64	0.000	0
0.192	-0.00	2.68	-0.00	7.64	0.000	0
0.224	-0.00	2.68	-0.00	7.64	0.000	0
0.256	-0.00	2.68	-0.00	7.64	0.000	0
0.288	-0.01	2.68	-0.00	7.64	0.000	0
0.320	-0.00	2.68	0.00	7.64	0.000	0
0.352	-0.00	2.68	-0.00	7.64	0.000	0
0.384	-0.01	2.68	-0.00	7.64	0.000	0
0.416	-0.00	2.68	-0.00	7.64	0.000	0
0.448	-0.01	2.68	0.00	7.64	0.000	0
0.480	-0.00	2.68	0.00	7.65	0.000	0
0.512	-0.00	2.68	0.00	7.65	0.000	0
0.544	-0.01	2.68	-0.00	7.64	0.000	0
0.576	-0.01	2.68	-0.00	7.64	0.000	0
0.608	-0.00	2.68	-0.00	7.64	0.000	0
0.640	-0.01	2.68	-0.00	7.64	0.000	0
0.672	-0.01	2.68	-0.00	7.64	0.000	0
0.704	-0.00	2.68	0.00	7.65	0.000	0
0.736	-0.01	2.68	-0.00	7.64	0.000	0
0.768	-0.01	2.68	0.00	7.64	0.000	0
0.800	-0.01	2.68	0.00	7.65	0.000	0
0.832	-0.00	2.68	0.00	7.65	0.000	0
0.864	-0.01	2.68	-0.00	7.64	0.000	0
0.896	-0.01	2.68	-0.00	7.64	0.000	0
0.928	-0.01	2.68	-0.00	7.64	0.000	0
0.960	-0.01	2.68	0.00	7.64	0.000	0
0.992	-0.01	2.68	0.00	7.64	0.000	0
1.024	-0.01	2.68	0.00	7.65	0.000	0
1.056	-0.01	2.68	-0.00	7.64	0.000	0
1.088	-0.01	2.68	0.00	7.64	0.000	0
1.120	-0.01	2.68	0.00	7.64	0.000	0
1.152	-0.01	2.68	0.00	7.64	0.000	0
1.184	-0.01	2.68	0.00	7.64	0.000	0
1.216	-0.01	2.68	-0.00	7.64	0.000	0
1.248	-0.01	2.68	0.00	7.64	0.000	0
1.280	-0.01	2.68	-0.00	7.64	0.000	0
1.312	-0.01	2.68	0.00	7.64	0.000	0
1.344	-0.01	2.68	-0.00	7.64	0.000	0
1.376	-0.01	2.68	0.00	7.64	0.000	0
1.408	-0.01	2.68	-0.00	7.64	0.000	0
1.440	-0.01	2.68	-0.00	7.64	0.000	0
1.472	-0.01	2.68	0.00	7.65	0.000	0
1.504	-0.01	2.68	-0.00	7.64	0.000	0
1.536	-0.01	2.68	-0.00	7.64	0.000	0
1.568	-0.01	2.68	-0.00	7.64	0.000	0
1.600	-0.01	2.68	0.00	7.64	0.000	0
1.632	-0.01	2.68	0.00	7.65	0.000	0
1.664	-0.01	2.68	-0.00	7.64	0.000	0
1.696	-0.01	2.68	-0.00	7.64	0.000	0
1.728	-0.01	2.68	0.00	7.65	0.000	0
1.760	-0.01	2.68	-0.00	7.64	0.000	0
1.792	-0.01	2.68	0.00	7.64	0.000	0
1.824	-0.01	2.68	0.00	7.64	0.000	0
1.856	-0.01	2.68	-0.00	7.64	0.000	0
1.888	-0.01	2.68	0.00	7.64	0.000	0
1.920	-0.01	2.68	0.00	7.65	0.000	0
1.952	-0.01	2.68	0.00	7.65	0.000	0
1.984	-0.01	2.68	-0.00	7.64	0.000	0
2.016	-0.01	2.68	0.00	7.65	0.000	0
2.048	-0.01	2.68	-0.00	7.64	0.000	0
2.080	-0.01	2.68	0.00	7.64	0.000	0
2.112	-0.01	2.68	0.00	7.65	0.000	0
2.144	-0.01	2.68	-0.00	7.64	0.000	0
2.176	-0.01	2.68	-0.00	7.64	0.000	0
2.208	-0.01	2.68	-0.00	7.64	0.000	0
2.240	-0.01	2.68	0.00	7.65	0.000	0
2.272	-0.01	2.68	0.00	7.64	0.000	0
2.304	-0.01	2.68	0.00	7.64	0.000	0
2.336	-0.01	2.68	-0.00	7.64	0.000	0
2.368	-0.01	2.68	0.00	7.64	0.000	0
2.400	-0.01	2.68	0.00	7.65	0.000	0
2.432	-0.01	2.68	0.00	7.64	0.000	0
2.464	-0.01	2.68	0.00	7.64	0.000	0
2.496	-0.01	2.68	-0.01	7.64	0.000	0
2.528	-0.01	2.68	-0.00	7.64	0.000	0
2.560	-0.01	2.68	0.00	7.65	0.000	0
2.592	-0.01	2.68	0.00	7.64	0.000	0
2.624	-0.01	2.68	-0.00	7.64	0.000	0
2.656	-0.01	2.67	0.00	7.64	0.000	0
2.688	-0.01	2.68	0.00	7.65	0.000	0
2.720	-0.01	2.68	0.00	7.64	0.000	0
2.752	-0.01	2.68	0.00	7.65	0.000	0
2.784	-0.01	2.68	-0.00	7.64	0.000	0
2.816	0.22	2.90	-0.00	7.64	0.000	0
2.848	1.63	4.32	-0.01	7.64	0.000	0
2.880	3.73	6.42	0.00	7.65	0.000	0
2.912	6.02	8.71	-0.00	7.64	0.000	0
2.944	8.25	10.94	0.00	7.65	0.000	0
2.976	10.30	12.99	-0.00	7.64	0.000	0
3.008	12.17	14.86	0.00	7.64	0.000	0
3.040	13.83	16.52	0.00	7.64	0.000	0
3.072	15.28	17.97	0.00	7.65	0.000	0
3.104	16.54	19.23	0.00	7.64	0.647	141
3.136	17.62	20.31	-0.00	7.64	0.647	141
3.168	18.53	21.22	0.00	7.65	0.647	141
3.200	19.27	21.95	0.00	7.64	0.647	141
3.232	19.85	22.54	0.00	7.64	0.647	141
3.264	20.30	22.98	0.00	7.64	0.647	141
3.296	20.65	23.33	-0.00	7.64	0.647	141
3.328	20.92	23.61	0.00	7.64	0.647	141
3.360	21.16	23.85	0.00	7.65	0.647	141
3.392	21.33	24.02	0.00	7.65	0.647	141
3.424	21.46	24.15	-0.00	7.64	0.647	141
3.456	21.54	24.23	-0.00	7.64	0.647	141
3.488	21.60	24.29	-0.00	7.64	0.647	141
3.520	21.64	24.33	0.00	7.64	0.647	141
3.552	21.68	24.37	0.00	7.64	0.647	141
3.584	21.70	24.38	0.00	7.64	1.211	264
3.616	21.72	24.41	0.00	7.65	1.211	264
3.648	21.75	24.44	0.00	7.64	1.211	264
3.680	21.77	24.45	0.00	7.64	1.211	264
3.712	21.80	24.49	0.00	7.64	1.211	264
3.744	21.82	24.51	0.00	7.64	1.211	264
3.776	21.85	24.53	0.00	7.64	1.211	264
3.808	21.88	24.57	0.00	7.65	1.211	264
3.840	21.91	24.60	-0.00	7.64	1.211	264
3.872	21.93	24.62	0.00	7.65	1.211	264
3.904	21.93	24.62	0.00	7.65	1.211	264
3.936	21.93	24.62	-0.00	7.64	1.211	264
3.968	21.93	24.62	-0.00	7.64	1.211	264
4.000	21.91	24.60	0.00	7.65	1.211	264
4.032	21.89	24.57	-0.00	7.64	1.243	271
4.064	21.87	24.56	-0.00	7.64	1.243	271
4.096	21.86	24.55	0.00	7.64	1.243	271
4.128	21.87	24.56	0.00	7.65	1.243	271
4.160	21.87	24.55	0.00	7.65	1.243	271
4.192	21.87	24.56	0.00	7.65	1.243	271
4.224	21.88	24.57	0.00	7.65	1.243	271
4.256	21.88	24.57	0.00	7.64	1.243	271
4.288	21.89	24.57	0.00	7.64	1.243	271
4.320	21.89	24.58	0.00	7.64	1.243	271
4.352	21.89	24.58	-0.00	7.64	1.243	271
4.384	21.89	24.58	-0.00	7.64	1.243	271
4.416	21.89	24.57	0.00	7.64	1.243	271
4.448	21.89	24.57	0.00	7.64	1.243	271
4.480	21.89	24.58	0.00	7.65	1.243	271
4.512	21.88	24.57	0.00	7.64	1.248	272
4.544	21.86	24.55	0.00	7.65	1.248	272
4.576	21.86	24.54	-0.00	7.64	1.248	272
4.608	21.86	24.55	0.00	7.64	1.248	272
4.640	21.87	24.56	0.00	7.65	1.248	272
4.672	21.86	24.55	0.00	7.64	1.248	272
4.704	21.86	24.55	0.00	7.65	1.248	272
4.736	21.87	24.56	0.00	7.65	1.248	272
4.768	21.88	24.57	0.00	7.64	1.248	272
4.800	21.90	24.59	0.00	7.65	1.248	272
4.832	21.91	24.60	0.00	7.65	1.248	272
4.864	21.93	24.61	0.00	7.64	1.248	272
4.896	21.94	24.62	-0.00	7.64	1.248	272
4.928	21.93	24.62	0.00	7.64	1.248	272
4.960	21.91	24.60	0.00	7.65	1.248	272
4.992	21.90	24.59	0.00	7.64	1.243	271
5.024	21.90	24.58	0.00	7.64	1.243	271
5.056	21.89	24.58	-0.00	7.64	1.243	271
5.088	21.90	24.58	0.00	7.64	1.243	271
5.120	21.90	24.59	0.00	7.65	1.243	271
5.152	21.91	24.60	0.00	7.65	1.243	271
5.184	21.93	24.61	-0.00	7.64	1.243	271
5.216	21.95	24.64	0.00	7.64	1.243	271
5.248	21.97	24.66	0.00	7.65	1.243	271
5.280	21.98	24.67	0.00	7.64	1.243	271
5.312	22.00	24.69	0.00	7.65	1.243	271
5.344	22.01	24.70	-0.00	7.64	1.243	271
5.376	22.00	24.69	-0.00	7.64	1.243	271
5.408	21.98	24.67	-0.00	7.64	1.243	271
5.440	21.96	24.64	0.00	7.65	1.248	272
5.472	21.91	24.60	0.00	7.65	1.248	272
5.504	21.88	24.56	0.00	7.64	1.248	272
5.536	21.85	24.54	-0.00	7.64	1.248	272
5.568	21.84	24.52	0.00	7.64	1.248	272
5.600	21.81	24.50	0.00	7.65	1.248	272
5.632	21.79	24.48	0.00	7.65	1.248	272
5.664	21.68	24.36	0.00	7.64	1.248	272
5.696	21.64	24.33	0.00	7.65	1.248	272
5.728	21.80	24.49	0.00	7.64	1.248	272
5.760	21.82	24.51	0.00	7.65	1.248	272
5.792	21.86	24.54	0.00	7.64	1.248	272
5.824	21.89	24.58	-0.00	7.64	1.248	272
5.856	21.89	24.58	0.00	7.65	1.248	272
5.888	21.90	24.59	-0.00	7.64	1.248	272
5.920	21.90	24.59	0.00	7.65	1.248	272
5.952	21.88	24.57	0.00	7.64	1.248	272
5.984	21.85	24.54	0.00	7.64	1.248	272
6.016	21.84	24.53	0.00	7.64	1.248	272
6.048	21.83	24.52	0.00	7.65	1.248	272
6.080	21.82	24.51	0.00	7.65	1.248	272
6.112	21.81	24.50	0.00	7.65	1.248	272
6.144	21.82	24.51	0.00	7.65	1.248	272
6.176	21.84	24.53	-0.00	7.64	1.248	272
6.208	21.85	24.54	0.00	7.64	1.248	272
6.240	21.88	24.57	0.00	7.65	1.248	272
6.272	21.89	24.58	0.00	7.65	1.248	272
6.304	21.90	24.59	0.00	7.64	1.248	272
6.336	21.92	24.61	0.00	7.64	1.248	272
6.368	21.93	24.61	-0.00	7.64	1.248	272
6.400	21.92	24.61	0.00	7.64	1.243	271
6.432	21.89	24.57	0.00	7.64	1.243	271
6.464	21.85	24.54	0.00	7.64	1.243	271
6.496	21.84	24.53	0.00	7.65	1.243	271
6.528	21.83	24.52	-0.00	7.64	1.243	271
6.560	21.82	24.51	0.01	7.65	1.243	271
6.592	21.83	24.52	0.00	7.65	1.243	271
6.624	21.84	24.52	0.00	7.64	1.243	271
6.656	21.85	24.54	0.00	7.64	1.243	271
6.688	21.87	24.56	0.00	7.64	1.243	271
6.720	21.89	24.57	0.00	7.64	1.243	271
6.752	21.89	24.58	-0.00	7.64	1.243	271
6.784	21.90	24.59	0.00	7.64	1.243	271
6.816	21.91	24.60	-0.00	7.64	1.243	271
6.848	21.93	24.62	0.00	7.65	1.248	272
6.880	21.94	24.63	0.00	7.64	1.248	272
6.912	21.93	24.61	0.00	7.64	1.248	272
6.944	21.91	24.60	-0.00	7.64	1.248	272
6.976	21.90	24.58	-0.00	7.64	1.248	272
7.008	21.88	24.57	0.00	7.64	1.248	272
7.040	21.87	24.55	0.00	7.65	1.248	272
7.072	21.86	24.55	0.00	7.64	1.248	272
7.104	21.88	24.56	0.00	7.64	1.248	272
7.136	21.90	24.59	0.00	7.64	1.248	272
7.168	21.92	24.60	0.00	7.64	1.248	272
7.200	21.93	24.62	-0.00	7.64	1.248	272
7.232	21.94	24.63	-0.00	7.64	1.248	272
7.264	21.95	24.64	-0.00	7.64	1.248	272
7.296	21.95	24.64	0.00	7.64	1.248	272
7.328	21.96	24.64	-0.00	7.64	1.248	272
7.360	21.96	24.65	0.00	7.65	1.248	272
7.392	21.95	24.63	0.00	7.64	1.248	272
7.424	21.93	24.62	-0.00	7.64	1.248	272
7.456	21.93	24.61	-0.00	7.64	1.248	272
7.488	21.91	24.60	0.00	7.65	1.248	272
7.520	21.90	24.59	0.00	7.65	1.248	272
7.552	21.90	24.59	0.00	7.64	1.248	272
7.584	21.90	24.59	-0.00	7.64	1.248	272
7.616	21.92	24.61	0.00	7.64	1.248	272
7.648	21.94	24.63	-0.00	7.64	1.248	272
7.680	21.97	24.66	0.00	7.65	1.248	272
7.712	21.98	24.67	0.00	7.64	1.248	272
7.744	21.98	24.66	0.00	7.64	1.248	272
7.776	21.97	24.65	0.00	7.65	1.248	272
7.808	21.96	24.65	-0.00	7.64	1.248	272
7.840	21.95	24.64	0.00	7.65	1.248	272
7.872	21.92	24.60	-0.00	7.64	1.248	272
7.904	21.90	24.59	-0.00	7.64	1.248	272
7.936	21.89	24.58	-0.00	7.64	1.248	272
7.968	21.90	24.58	0.00	7.65	1.248	272
8.000	21.90	24.59	0.00	7.65	1.248	272
8.032	21.91	24.60	-0.00	7.64	1.248	272
8.064	21.92	24.61	0.00	7.65	1.248	272
8.096	21.94	24.63	-0.00	7.64	1.248	272
8.128	21.96	24.64	-0.00	7.64	1.248	272
8.160	21.97	24.66	0.00	7.64	1.248	272
8.192	21.98	24.67	-0.00	7.64	1.248	272
8.224	21.98	24.67	-0.00	7.64	1.248	272
8.256	21.97	24.66	-0.00	7.64	1.248	272
8.288	21.96	24.65	-0.00	7.64	1.248	272
8.320	21.96	24.65	0.00	7.64	1.248	272
8.352	21.94	24.63	-0.00	7.64	1.248	272
8.384	21.93	24.62	-0.00	7.64	1.248	272
8.416	21.92	24.60	0.00	7.65	1.248	272
8.448	21.91	24.60	0.00	7.65	1.248	272
8.480	21.90	24.59	0.00	7.64	1.248	272
8.512	21.91	24.59	0.00	7.64	1.248	272
8.544	21.93	24.62	0.00	7.64	1.248	272
8.576	21.95	24.64	-0.00	7.64	1.248	272
8.608	21.97	24.66	0.00	7.64	1.248	272
8.640	21.98	24.67	0.00	7.65	1.248	272
8.672	22.00	24.68	-0.00	7.64	1.248	272
8.704	22.00	24.68	0.00	7.65	1.248	272
8.736	22.00	24.68	-0.00	7.64	1.248	272
8.768	21.98	24.67	-0.00	7.64	1.248	272
8.800	21.96	24.65	0.00	7.65	1.248	272
8.832	21.93	24.62	-0.00	7.64	1.248	272
8.864	21.91	24.60	-0.00	7.64	1.248	272
8.896	21.90	24.59	-0.00	7.64	1.248	272
8.928	21.90	24.59	0.00	7.64	1.248	272
8.960	21.90	24.59	0.00	7.65	1.248	272
8.992	21.90	24.58	0.00	7.64	1.248	272
9.024	21.90	24.59	0.00	7.65	1.248	272
9.056	21.90	24.59	-0.00	7.64	1.248	272
9.088	21.92	24.61	-0.00	7.64	1.248	272
9.120	21.93	24.62	-0.00	7.64	1.248	272
9.152	21.94	24.63	-0.00	7.64	1.248	272
9.184	21.93	24.62	0.00	7.64	1.252	273
9.216	21.94	24.63	-0.00	7.64	1.252	273
9.248	21.94	24.63	-0.00	7.64	1.252	273
9.280	21.95	24.64	0.00	7.65	1.252	273
9.312	21.95	24.64	-0.00	7.64	1.252	273
9.344	21.95	24.64	0.00	7.64	1.252	273
9.376	21.95	24.64	0.00	7.64	1.252	273
9.408	21.96	24.64	-0.00	7.64	1.252	273
9.440	21.95	24.64	0.00	7.64	1.252	273
9.472	21.96	24.65	0.00	7.65	1.252	273
9.504	21.96	24.64	0.00	7.64	1.252	273
9.536	21.94	24.63	-0.00	7.64	1.252	273
9.568	21.95	24.64	0.00	7.65	1.252	273
9.600	21.96	24.64	0.00	7.65	1.252	273
9.632	21.98	24.67	0.00	7.65	1.252	273
9.664	21.99	24.68	-0.00	7.64	1.248	272
9.696	22.00	24.69	-0.00	7.64	1.248	272
9.728	22.01	24.70	-0.00	7.64	1.248	272
9.760	22.00	24.69	0.00	7.65	1.248	272
9.792	21.99	24.68	0.00	7.64	1.248	272
9.824	22.00	24.69	-0.00	7.64	1.248	272
9.856	22.00	24.69	0.00	7.64	1.248	272
9.888	22.00	24.69	0.00	7.64	1.248	272
9.920	22.01	24.70	0.01	7.65	1.248	272
9.952	22.02	24.71	-0.00	7.64	1.248	272
9.984	22.04	24.73	-0.00	7.64	1.248	272
10.016	22.04	24.73	-0.00	7.64	1.248	272
10.048	22.06	24.74	0.00	7.64	1.248	272
10.080	22.05	24.74	0.00	7.65	1.248	272
10.112	22.05	24.74	-0.00	7.64	1.248	272
10.144	22.03	24.72	-0.00	7.64	1.248	272
10.176	22.02	24.71	-0.00	7.64	1.248	272
10.208	22.01	24.70	0.00	7.64	1.248	272
10.240	22.01	24.70	0.00	7.65	1.248	272
10.272	22.00	24.69	-0.00	7.64	1.248	272
10.304	21.99	24.67	0.00	7.64	1.248	272
10.336	22.00	24.68	-0.00	7.64	1.248	272
10.368	22.01	24.70	-0.00	7.64	1.248	272
10.400	22.02	24.71	0.00	7.65	1.248	272
10.432	22.02	24.71	-0.00	7.64	1.248	272
10.464	22.03	24.72	-0.00	7.64	1.248	272
10.496	22.04	24.73	0.00	7.64	1.248	272
10.528	22.07	24.76	-0.00	7.64	1.248	272
10.560	22.09	24.78	0.00	7.65	1.248	272
10.592	22.09	24.78	-0.00	7.64	1.252	273
10.624	22.08	24.77	-0.00	7.64	1.252	273
10.656	22.08	24.77	0.00	7.64	1.252	273
10.688	22.08	24.77	-0.00	7.64	1.252	273
10.720	22.05	24.74	0.00	7.64	1.252	273
10.752	22.02	24.71	-0.00	7.64	1.252	273
10.784	22.00	24.69	-0.00	7.64	1.252	273
10.816	21.99	24.68	0.00	7.64	1.252	273
10.848	21.99	24.68	-0.00	7.64	1.252	273
10.880	21.99	24.68	0.00	7.65	1.252	273
10.912	21.98	24.67	0.00	7.64	1.252	273
10.944	22.00	24.69	-0.00	7.64	1.252	273
10.976	22.01	24.70	0.00	7.64	1.252	273
11.008	22.04	24.73	0.00	7.65	1.252	273
11.040	22.04	24.73	0.00	7.64	1.252	273
11.072	22.05	24.74	0.00	7.64	1.252	273
11.104	22.06	24.74	-0.00	7.64	1.252	273
11.136	22.05	24.74	-0.00	7.64	1.252	273
11.168	22.05	24.74	-0.00	7.64	1.252	273
11.200	22.04	24.73	0.00	7.64	1.252	273
11.232	22.02	24.71	0.00	7.65	1.252	273
11.264	22.01	24.69	0.00	7.64	1.252	273
11.296	22.00	24.69	0.00	7.64	1.252	273
11.328	22.00	24.69	-0.00	7.64	1.252	273
11.360	22.01	24.70	0.00	7.65	1.252	273
11.392	22.03	24.72	0.00	7.65	1.252	273
11.424	22.06	24.75	0.00	7.64	1.252	273
11.456	22.08	24.77	0.00	7.64	1.252	273
11.488	22.08	24.77	-0.00	7.64	1.252	273
11.520	22.08	24.77	0.00	7.64	1.252	273
11.552	22.06	24.75	0.00	7.64	1.252	273
11.584	22.04	24.73	-0.00	7.64	1.252	273
11.616	22.02	24.70	-0.00	7.64	1.252	273
11.648	21.99	24.67	0.00	7.64	1.252	273
11.680	21.93	24.62	-0.00	7.64	1.252	273
11.712	21.89	24.57	0.00	7.64	1.252	273
11.744	21.86	24.55	-0.00	7.64	1.252	273
11.776	21.88	24.56	-0.00	7.64	1.252	273
11.808	21.89	24.58	0.00	7.65	1.252	273
11.840	21.91	24.60	0.00	7.64	1.252	273
11.872	21.91	24.60	0.00	7.64	1.252	273
11.904	21.91	24.60	0.00	7.64	1.252	273
11.936	21.90	24.59	-0.00	7.64	1.252	273
11.968	21.90	24.59	-0.00	7.64	1.252	273
12.000	21.90	24.59	0.00	7.65	1.252	273
12.032	21.90	24.59	0.00	7.64	1.252	273
12.064	21.89	24.58	-0.00	7.64	1.252	273
12.096	21.89	24.58	-0.00	7.64	1.252	273
12.128	21.89	24.58	0.00	7.65	1.252	273
12.160	21.88	24.57	0.00	7.65	1.252	273
12.192	21.87	24.55	-0.00	7.64	1.252	273
12.224	21.87	24.56	0.00	7.64	1.252	273
12.256	21.87	24.56	0.00	7.65	1.252	273
12.288	21.86	24.55	0.00	7.64	1.252	273
12.320	21.88	24.57	0.00	7.65	1.252	273
12.352	21.93	24.62	-0.00	7.64	1.252	273
12.384	21.98	24.67	0.00	7.64	1.252	273
12.416	22.00	24.69	0.00	7.64	1.252	273
12.448	22.01	24.70	0.00	7.65	1.252	273
12.480	22.02	24.71	0.00	7.65	1.248	272
12.512	22.03	24.71	0.00	7.64	1.248	272
12.544	22.01	24.70	-0.00	7.64	1.248	272
12.576	21.99	24.68	-0.00	7.64	1.248	272
12.608	21.97	24.65	-0.00	7.64	1.248	272
12.640	21.94	24.62	0.00	7.65	1.248	272
12.672	21.90	24.59	0.00	7.65	1.248	272
12.704	21.90	24.58	-0.00	7.64	1.248	272
12.736	21.90	24.59	0.00	7.64	1.248	272
12.768	21.91	24.60	0.00	7.64	1.248	272
12.800	21.92	24.61	0.00	7.64	1.248	272
12.832	21.94	24.63	0.00	7.64	1.248	272
12.864	21.97	24.66	-0.00	7.64	1.248	272
12.896	21.98	24.66	0.00	7.64	1.248	272
12.928	21.98	24.67	0.00	7.64	1.252	273
12.960	21.99	24.68	0.00	7.65	1.252	273
12.992	22.00	24.69	0.00	7.64	1.252	273
13.024	22.01	24.70	-0.00	7.64	1.252	273
13.056	22.03	24.71	0.00	7.65	1.252	273
13.088	22.03	24.72	-0.00	7.64	1.252	273
13.120	22.01	24.70	0.00	7.64	1.252	273
13.152	21.99	24.68	0.01	7.65	1.252	273
13.184	21.98	24.67	-0.00	7.64	1.252	273
13.216	21.97	24.66	-0.00	7.64	1.252	273
13.248	21.96	24.64	0.00	7.64	1.252	273
13.280	21.95	24.64	0.00	7.64	1.252	273
13.312	21.97	24.65	0.00	7.64	1.252	273
13.344	21.98	24.67	0.00	7.64	1.252	273
13.376	21.98	24.67	-0.00	7.64	1.252	273
13.408	22.00	24.69	0.00	7.64	1.252	273
13.440	22.01	24.70	0.00	7.64	1.252	273
13.472	22.03	24.71	0.00	7.65	1.252	273
13.504	22.03	24.72	-0.00	7.64	1.252	273
13.536	22.04	24.73	-0.00	7.64	1.252	273
13.568	22.05	24.74	-0.00	7.64	1.252	273
13.600	22.05	24.74	-0.00	7.64	1.252	273
13.632	22.04	24.73	0.00	7.65	1.252	273
13.664	22.04	24.72	-0.00	7.64	1.252	273
13.696	22.03	24.71	-0.00	7.64	1.252	273
13.728	22.02	24.70	-0.00	7.64	1.252	273
13.760	22.01	24.70	0.00	7.64	1.252	273
13.792	22.00	24.69	0.00	7.64	1.252	273
13.824	22.01	24.70	-0.00	7.64	1.252	273
13.856	22.01	24.70	-0.00	7.64	1.252	273
13.888	22.03	24.72	0.00	7.65	1.252	273
13.920	22.03	24.72	0.00	7.65	1.252	273
13.952	22.01	24.70	0.00	7.65	1.252	273
13.984	22.00	24.69	-0.00	7.64	1.252	273
14.016	22.00	24.69	-0.01	7.64	1.252	273
14.048	22.00	24.69	-0.00	7.64	1.252	273
14.080	21.98	24.67	0.00	7.64	1.252	273
14.112	21.96	24.65	-0.00	7.64	1.252	273
14.144	21.96	24.65	0.00	7.65	1.252	273
14.176	21.97	24.66	-0.00	7.64	1.252	273
14.208	21.98	24.67	-0.00	7.64	1.252	273
14.240	21.99	24.68	-0.00	7.64	1.252	273
14.272	22.01	24.69	0.00	7.65	1.252	273
14.304	22.02	24.71	-0.00	7.64	1.252	273
14.336	22.04	24.73	-0.00	7.64	1.252	273
14.368	22.05	24.74	0.00	7.64	1.252	273
14.400	22.05	24.74	0.00	7.64	1.252	273
14.432	22.04	24.73	0.00	7.65	1.252	273
14.464	22.03	24.71	-0.00	7.64	1.252	273
14.496	22.00	24.69	-0.00	7.64	1.252	273
14.528	21.97	24.65	0.00	7.64	1.252	273
14.560	21.92	24.60	0.00	7.65	1.252	273
14.592	21.89	24.58	0.00	7.64	1.252	273
14.624	21.89	24.57	-0.00	7.64	1.252	273
14.656	21.91	24.60	-0.00	7.64	1.252	273
14.688	21.94	24.63	0.00	7.65	1.252	273
14.720	21.97	24.65	-0.00	7.64	1.252	273
14.752	21.99	24.68	0.00	7.65	1.252	273
14.784	22.01	24.70	-0.00	7.64	1.252	273
14.816	22.04	24.73	0.00	7.65	1.252	273
14.848	22.06	24.75	0.00	7.64	1.252	273
14.880	22.08	24.77	-0.00	7.64	1.252	273
14.912	22.08	24.77	-0.00	7.64	1.252	273
14.944	22.07	24.76	-0.00	7.64	1.252	273
14.976	22.07	24.75	-0.01	7.64	1.252	273
15.008	22.06	24.75	0.00	7.64	1.252	273
15.040	22.04	24.73	-0.00	7.64	1.252	273
15.072	22.04	24.72	-0.00	7.64	1.252	273
15.104	22.03	24.72	0.00	7.64	1.252	273
15.136	22.03	24.72	-0.00	7.64	1.252	273
15.168	22.04	24.72	0.00	7.64	1.252	273
15.200	22.04	24.73	-0.00	7.64	1.252	273
15.232	22.04	24.73	0.00	7.65	1.252	273
15.264	22.04	24.73	0.00	7.64	1.252	273
15.296	22.05	24.74	-0.00	7.64	1.252	273
15.328	22.06	24.75	0.00	7.64	1.252	273
15.360	22.06	24.75	0.00	7.64	1.252	273
15.392	22.06	24.75	0.00	7.64	1.252	273
15.424	22.06	24.75	-0.00	7.64	1.252	273
15.456	22.06	24.75	0.00	7.64	1.252	273
15.488	22.05	24.74	0.00	7.64	1.252	273
15.520	22.04	24.73	-0.00	7.64	1.252	273
15.552	22.04	24.72	0.00	7.64	1.252	273
15.584	22.03	24.72	-0.00	7.64	1.252	273
15.616	22.01	24.70	-0.00	7.64	1.252	273
15.648	22.01	24.70	0.00	7.64	1.252	273
15.680	22.02	24.71	-0.00	7.64	1.252	273
15.712	22.03	24.72	0.00	7.64	1.252	273
15.744	22.04	24.73	-0.00	7.64	1.248	272
15.776	22.06	24.75	-0.00	7.64	1.248	272
15.808	22.09	24.78	-0.00	7.64	1.248	272
15.840	22.10	24.79	0.00	7.65	1.248	272
15.872	22.13	24.82	0.00	7.65	1.248	272
15.904	22.14	24.83	-0.00	7.64	1.248	272
15.936	22.14	24.83	0.00	7.64	1.248	272
15.968	22.13	24.82	0.00	7.65	1.248	272
16.000	22.09	24.78	-0.00	7.64	1.248	272
16.032	22.08	24.77	-0.00	7.64	1.248	272
16.064	22.06	24.74	0.00	7.64	1.248	272
16.096	22.03	24.72	0.00	7.64	1.248	272
16.128	22.02	24.71	0.00	7.64	1.248	272
16.160	22.02	24.70	0.00	7.64	1.248	272
16.192	22.03	24.72	0.00	7.65	1.248	272
16.224	22.05	24.74	0.00	7.64	1.257	274
16.256	22.08	24.77	0.00	7.64	1.257	274
16.288	22.09	24.78	-0.00	7.64	1.257	274
16.320	22.10	24.79	0.00	7.65	1.257	274
16.352	22.11	24.80	0.00	7.64	1.257	274
16.384	22.11	24.80	-0.00	7.64	1.257	274
16.416	22.12	24.81	-0.00	7.64	1.257	274
16.448	22.12	24.80	-0.00	7.64	1.257	274
16.480	22.09	24.78	-0.00	7.64	1.257	274
16.512	22.08	24.77	0.00	7.65	1.257	274
16.544	22.07	24.76	-0.00	7.64	1.257	274
16.576	22.06	24.75	-0.00	7.64	1.257	274
16.608	22.05	24.74	-0.00	7.64	1.257	274
16.640	22.05	24.74	0.00	7.64	1.257	274
16.672	22.05	24.74	0.00	7.64	1.252	273
16.704	22.04	24.73	-0.00	7.64	1.252	273
16.736	22.04	24.73	-0.00	7.64	1.252	273
16.768	22.05	24.74	-0.00	7.64	1.252	273
16.800	22.04	24.73	-0.00	7.64	1.252	273
16.832	22.04	24.72	0.00	7.64	1.252	273
16.864	22.04	24.72	-0.00	7.64	1.252	273
16.896	22.04	24.73	-0.00	7.64	1.252	273
16.928	22.04	24.72	0.00	7.65	1.252	273
16.960	22.03	24.72	0.00	7.64	1.252	273
16.992	22.05	24.73	0.00	7.65	1.252	273
17.024	22.07	24.76	-0.00	7.64	1.252	273
17.056	22.08	24.77	-0.00	7.64	1.252	273
17.088	22.09	24.78	-0.00	7.64	1.252	273
17.120	22.10	24.78	-0.00	7.64	1.252	273
17.152	22.10	24.78	0.00	7.65	1.252	273
17.184	22.08	24.77	0.00	7.65	1.252	273
17.216	22.09	24.78	-0.00	7.64	1.252	273
17.248	22.08	24.77	0.00	7.64	1.252	273
17.280	22.08	24.77	-0.00	7.64	1.252	273
17.312	22.07	24.76	0.00	7.65	1.252	273
17.344	22.07	24.76	-0.00	7.64	1.252	273
17.376	22.07	24.76	-0.00	7.64	1.252	273
17.408	22.06	24.74	-0.00	7.64	1.252	273
17.440	22.03	24.72	0.00	7.64	1.252	273
17.472	22.03	24.72	0.00	7.64	1.252	273
17.504	22.02	24.71	-0.00	7.64	1.252	273
17.536	22.01	24.70	-0.00	7.64	1.252	273
17.568	22.01	24.70	0.00	7.64	1.252	273
17.600	22.01	24.70	0.00	7.64	1.252	273
17.632	22.04	24.73	-0.00	7.64	1.257	274
17.664	22.06	24.74	-0.00	7.64	1.257	274
17.696	22.08	24.77	-0.00	7.64	1.257	274
17.728	22.09	24.78	0.00	7.64	1.257	274
17.760	22.11	24.80	-0.00	7.64	1.257	274
17.792	22.13	24.81	0.00	7.64	1.257	274
17.824	22.13	24.82	0.00	7.64	1.257	274
17.856	22.13	24.82	0.00	7.64	1.257	274
17.888	22.12	24.81	0.00	7.64	1.257	274
17.920	22.10	24.79	0.00	7.64	1.257	274
17.952	22.09	24.78	0.00	7.65	1.257	274
17.984	22.07	24.76	0.00	7.65	1.257	274
18.016	22.06	24.75	-0.00	7.64	1.257	274
18.048	22.05	24.74	-0.00	7.64	1.257	274
18.080	22.04	24.73	0.00	7.64	1.252	273
18.112	22.04	24.73	0.00	7.65	1.252	273
18.144	22.04	24.73	-0.00	7.64	1.252	273
18.176	22.06	24.74	0.00	7.65	1.252	273
18.208	22.07	24.76	-0.00	7.64	1.252	273
18.240	22.07	24.76	0.00	7.64	1.252	273
18.272	22.08	24.76	0.00	7.64	1.252	273
18.304	22.09	24.78	-0.00	7.64	1.252	273
18.336	22.11	24.80	-0.00	7.64	1.252	273
18.368	22.12	24.81	0.00	7.64	1.252	273
18.400	22.14	24.83	-0.00	7.64	1.252	273
18.432	22.17	24.85	0.00	7.65	1.252	273
18.464	22.18	24.86	0.00	7.64	1.252	273
18.496	22.16	24.85	0.00	7.64	1.252	273
18.528	22.15	24.83	-0.00	7.64	1.252	273
18.560	22.14	24.83	-0.00	7.64	1.257	274
18.592	22.14	24.83	0.00	7.64	1.257	274
18.624	22.15	24.84	0.00	7.64	1.257	274
18.656	22.16	24.85	-0.00	7.64	1.257	274
18.688	22.18	24.86	-0.00	7.64	1.257	274
18.720	22.18	24.86	-0.00	7.64	1.257	274
18.752	22.17	24.85	0.00	7.65	1.257	274
18.784	22.15	24.84	0.00	7.64	1.257	274
18.816	22.16	24.85	-0.00	7.64	1.257	274
18.848	22.14	24.83	0.00	7.64	1.257	274
18.880	22.13	24.81	-0.00	7.64	1.257	274
18.912	22.11	24.80	0.00	7.65	1.257	274
18.944	22.10	24.79	0.00	7.64	1.257	274
18.976	22.09	24.78	0.00	7.64	1.257	274
19.008	22.08	24.77	0.00	7.64	1.257	274
19.040	22.09	24.78	0.00	7.64	1.257	274
19.072	22.09	24.77	0.00	7.65	1.257	274
19.104	22.11	24.80	0.00	7.65	1.257	274
19.136	22.14	24.83	-0.00	7.64	1.257	274
19.168	22.16	24.85	-0.00	7.64	1.257	274
19.200	22.18	24.86	0.00	7.64	1.257	274
19.232	22.17	24.85	0.00	7.65	1.257	274
19.264	22.17	24.86	0.00	7.65	1.257	274
19.296	22.16	24.85	-0.00	7.64	1.257	274
19.328	22.14	24.83	-0.00	7.64	1.257	274
19.360	22.12	24.81	-0.00	7.64	1.257	274
19.392	22.11	24.79	0.00	7.65	1.257	274
19.424	22.10	24.79	-0.00	7.64	1.257	274
19.456	22.11	24.80	0.00	7.64	1.257	274
19.488	22.12	24.81	0.00	7.65	1.257	274
19.520	22.14	24.83	-0.00	7.64	1.257	274
19.552	22.15	24.84	0.00	7.65	1.257	274
19.584	22.17	24.86	0.00	7.65	1.257	274
19.616	22.19	24.88	0.00	7.64	1.257	274
19.648	22.19	24.88	0.00	7.65	1.257	274
19.680	22.20	24.88	0.00	7.65	1.257	274
19.712	22.19	24.88	0.00	7.64	1.257	274
19.744	22.20	24.89	0.00	7.64	1.257	274
19.776	22.19	24.88	0.00	7.64	1.257	274
19.808	22.15	24.83	0.00	7.64	1.257	274
19.840	22.11	24.80	0.00	7.64	1.257	274
19.872	22.09	24.78	0.00	7.64	1.257	274
19.904	22.09	24.78	0.00	7.64	1.257	274
19.936	22.09	24.78	0.00	7.64	1.257	274
19.968	22.12	24.81	0.00	7.65	1.257	274
20.000	22.14	24.83	-0.00	7.64	1.257	274
20.032	22.15	24.84	0.00	7.65	1.257	274
20.064	22.17	24.86	0.00	7.64	1.257	274
20.096	22.18	24.87	0.00	7.65	1.257	274
20.128	22.17	24.86	-0.00	7.64	1.257	274
20.160	22.16	24.85	0.00	7.65	1.257	274
20.192	22.17	24.85	0.00	7.65	1.257	274
20.224	22.18	24.87	0.00	7.65	1.257	274
20.256	22.18	24.87	-0.00	7.64	1.257	274
20.288	22.17	24.85	0.00	7.64	1.257	274
20.320	22.15	24.84	-0.00	7.64	1.257	274
20.352	22.14	24.83	0.00	7.64	1.257	274
20.384	22.15	24.84	0.00	7.65	1.257	274
20.416	22.15	24.84	0.00	7.64	1.257	274
20.448	22.16	24.85	0.00	7.64	1.257	274
20.480	22.19	24.88	-0.00	7.64	1.257	274
20.512	22.22	24.90	0.00	7.64	1.257	274
20.544	22.24	24.93	0.00	7.65	1.257	274
20.576	22.25	24.94	0.00	7.64	1.257	274
20.608	22.24	24.93	0.00	7.64	1.257	274
20.640	22.22	24.91	-0.00	7.64	1.257	274
20.672	22.20	24.89	0.00	7.64	1.257	274
20.704	22.19	24.88	0.00	7.65	1.257	274
20.736	22.16	24.84	0.00	7.64	1.257	274
20.768	22.13	24.82	-0.00	7.64	1.257	274
20.800	22.12	24.81	-0.00	7.64	1.257	274
20.832	22.12	24.81	0.00	7.65	1.257	274
20.864	22.12	24.81	0.00	7.65	1.257	274
20.896	22.12	24.81	-0.00	7.64	1.261	275
20.928	22.13	24.82	-0.00	7.64	1.261	275
20.960	22.15	24.84	0.00	7.64	1.261	275
20.992	22.18	24.87	-0.00	7.64	1.261	275
21.024	22.20	24.89	0.00	7.65	1.261	275
21.056	22.23	24.91	0.00	7.64	1.261	275
21.088	22.24	24.93	-0.00	7.64	1.261	275
21.120	22.25	24.93	0.00	7.64	1.261	275
21.152	22.26	24.95	0.00	7.64	1.261	275
21.184	22.27	24.95	0.00	7.64	1.261	275
21.216	22.25	24.94	0.00	7.64	1.261	275
21.248	22.25	24.94	0.00	7.64	1.261	275
21.280	22.25	24.94	0.00	7.64	1.261	275
21.312	22.24	24.93	0.00	7.64	1.261	275
21.344	22.22	24.91	0.00	7.65	1.261	275
21.376	22.19	24.88	-0.00	7.64	1.257	274
21.408	22.17	24.86	0.00	7.64	1.257	274
21.440	22.15	24.84	-0.00	7.64	1.257	274
21.472	22.16	24.84	0.00	7.65	1.257	274
21.504	22.17	24.86	0.00	7.64	1.257	274
21.536	22.15	24.84	0.00	7.64	1.257	274
21.568	22.14	24.83	-0.00	7.64	1.257	274
21.600	22.14	24.82	0.00	7.64	1.257	274
21.632	22.13	24.82	0.00	7.65	1.257	274
21.664	22.12	24.81	0.00	7.65	1.257	274
21.696	22.11	24.80	0.00	7.64	1.257	274
21.728	22.09	24.78	-0.00	7.64	1.257	274
21.760	22.10	24.79	0.00	7.65	1.257	274
21.792	22.11	24.80	0.00	7.65	1.257	274
21.824	22.13	24.82	0.00	7.65	1.257	274
21.856	22.15	24.84	-0.00	7.64	1.257	274
21.888	22.18	24.87	-0.00	7.64	1.257	274
21.920	22.20	24.89	-0.00	7.64	1.257	274
21.952	22.23	24.91	0.00	7.64	1.257	274
21.984	22.24	24.93	0.00	7.65	1.257	274
22.016	22.24	24.93	0.00	7.65	1.257	274
22.048	22.23	24.92	0.00	7.64	1.257	274
22.080	22.24	24.92	-0.00	7.64	1.257	274
22.112	22.24	24.93	0.00	7.65	1.257	274
22.144	22.22	24.90	0.00	7.65	1.257	274
22.176	22.19	24.88	-0.00	7.64	1.257	274
22.208	22.17	24.86	-0.00	7.64	1.257	274
22.240	22.16	24.85	-0.00	7.64	1.257	274
22.272	22.14	24.83	-0.00	7.64	1.257	274
22.304	22.12	24.80	-0.00	7.64	1.257	274
22.336	22.10	24.79	0.00	7.64	1.257	274
22.368	22.10	24.79	-0.00	7.64	1.257	274
22.400	22.10	24.79	0.00	7.64	1.257	274
22.432	22.10	24.79	0.00	7.64	1.257	274
22.464	22.09	24.77	0.00	7.64	1.257	274
22.496	22.07	24.76	0.00	7.65	1.257	274
22.528	22.06	24.75	-0.00	7.64	1.257	274
22.560	22.06	24.75	-0.00	7.64	1.257	274
22.592	22.07	24.76	-0.00	7.64	1.257	274
22.624	22.06	24.75	0.01	7.65	1.257	274
22.656	22.05	24.74	0.00	7.64	1.257	274
22.688	22.05	24.74	0.00	7.64	1.257	274
22.720	22.06	24.74	-0.00	7.64	1.257	274
22.752	22.05	24.74	0.00	7.65	1.257	274
22.784	22.06	24.75	0.00	7.65	1.257	274
22.816	22.08	24.77	0.00	7.65	1.257	274
22.848	22.11	24.80	0.00	7.64	1.257	274
22.880	22.12	24.81	-0.00	7.64	1.257	274
22.912	22.15	24.84	0.00	7.64	1.257	274
22.944	22.17	24.86	0.00	7.65	1.257	274
22.976	22.18	24.87	0.00	7.64	1.257	274
23.008	22.18	24.86	-0.00	7.64	1.257	274
23.040	22.18	24.87	0.00	7.65	1.257	274
23.072	22.17	24.86	0.00	7.64	1.257	274
23.104	22.15	24.84	0.00	7.65	1.257	274
23.136	22.12	24.80	0.00	7.65	1.257	274
23.168	22.09	24.78	-0.00	7.64	1.257	274
23.200	22.08	24.77	0.00	7.65	1.257	274
23.232	22.08	24.77	0.00	7.65	1.257	274
23.264	22.10	24.78	-0.00	7.64	1.257	274
23.296	22.13	24.82	0.00	7.65	1.257	274
23.328	22.15	24.84	-0.00	7.64	1.257	274
23.360	22.17	24.86	0.00	7.64	1.257	274
23.392	22.20	24.88	0.00	7.65	1.257	274
23.424	22.22	24.91	0.00	7.65	1.257	274
23.456	22.22	24.91	0.00	7.65	1.257	274
23.488	22.21	24.90	-0.00	7.64	1.257	274
23.520	22.20	24.89	0.00	7.64	1.257	274
23.552	22.18	24.87	-0.00	7.64	1.257	274
23.584	22.15	24.84	0.00	7.65	1.257	274
23.616	22.13	24.82	-0.00	7.64	1.257	274
23.648	22.11	24.80	0.00	7.64	1.257	274
23.680	22.11	24.80	0.00	7.64	1.257	274
23.712	22.13	24.82	0.00	7.65	1.261	275
23.744	22.15	24.84	0.00	7.64	1.261	275
23.776	22.17	24.85	-0.00	7.64	1.261	275
23.808	22.19	24.88	0.00	7.64	1.261	275
23.840	22.20	24.89	0.00	7.64	1.261	275
23.872	22.21	24.90	-0.01	7.64	1.261	275
23.904	22.21	24.89	0.00	7.65	1.261	275
23.936	22.19	24.88	0.00	7.65	1.261	275
23.968	22.18	24.87	0.00	7.64	1.261	275
24.000	22.17	24.86	-0.00	7.64	1.261	275
24.032	22.17	24.86	-0.00	7.64	1.261	275
24.064	22.17	24.85	0.00	7.65	1.261	275
24.096	22.15	24.84	0.00	7.65	1.261	275
24.128	22.16	24.85	-0.00	7.64	1.261	275
24.160	22.17	24.86	0.00	7.64	1.257	274
24.192	22.18	24.87	0.00	7.64	1.257	274
24.224	22.17	24.86	0.00	7.65	1.257	274
24.256	22.17	24.86	0.00	7.65	1.257	274
24.288	22.18	24.86	-0.00	7.64	1.257	274
24.320	22.18	24.87	-0.00	7.64	1.257	274
24.352	22.19	24.88	-0.00	7.64	1.257	274
24.384	22.18	24.87	0.00	7.65	1.257	274
24.416	22.17	24.85	0.00	7.65	1.257	274
24.448	22.16	24.84	-0.00	7.64	1.257	274
24.480	22.16	24.85	-0.00	7.64	1.257	274
24.512	22.17	24.85	0.00	7.65	1.257	274
24.544	22.15	24.83	0.00	7.65	1.257	274
24.576	22.12	24.81	0.00	7.64	1.257	274
24.608	22.11	24.79	-0.00	7.64	1.257	274
24.640	22.09	24.78	0.00	7.64	1.252	273
24.672	22.08	24.77	0.00	7.64	1.252	273
24.704	22.08	24.77	0.00	7.65	1.252	273
24.736	22.12	24.80	0.00	7.64	1.252	273
24.768	22.15	24.84	0.00	7.65	1.252	273
24.800	22.19	24.88	-0.00	7.64	1.252	273
24.832	22.23	24.92	0.00	7.64	1.252	273
24.864	22.24	24.93	0.01	7.65	1.252	273
24.896	22.24	24.93	0.00	7.64	1.252	273
24.928	22.24	24.92	-0.00	7.64	1.252	273
24.960	22.23	24.92	-0.00	7.64	1.252	273
24.992	22.22	24.90	0.00	7.64	1.252	273
25.024	22.18	24.87	0.00	7.65	1.252	273
25.056	22.15	24.84	0.00	7.64	1.252	273
25.088	22.13	24.81	-0.00	7.64	1.252	273
25.120	22.10	24.79	-0.00	7.64	1.252	273
25.152	22.09	24.78	0.00	7.64	1.252	273
25.184	22.08	24.77	0.00	7.64	1.252	273
25.216	22.09	24.77	0.00	7.65	1.252	273
25.248	22.07	24.76	-0.00	7.64	1.252	273
25.280	22.08	24.77	0.00	7.64	1.252	273
25.312	22.09	24.78	-0.00	7.64	1.252	273
25.344	22.10	24.79	-0.00	7.64	1.252	273
25.376	22.11	24.80	-0.00	7.64	1.252	273
25.408	22.12	24.81	-0.00	7.64	1.252	273
25.440	22.12	24.81	0.00	7.64	1.252	273
25.472	22.12	24.81	0.00	7.64	1.252	273
25.504	22.11	24.79	0.00	7.65	1.252	273
25.536	22.11	24.80	0.00	7.65	1.252	273
25.568	22.11	24.80	0.00	7.64	1.252	273
25.600	22.10	24.78	0.00	7.65	1.252	273
25.632	22.09	24.78	0.00	7.64	1.252	273
25.664	22.10	24.78	-0.00	7.64	1.252	273
25.696	22.11	24.79	-0.00	7.64	1.252	273
25.728	22.11	24.80	0.00	7.64	1.252	273
25.760	22.13	24.81	0.00	7.64	1.252	273
25.792	22.15	24.84	-0.00	7.64	1.252	273
25.824	22.16	24.85	0.00	7.65	1.252	273
25.856	22.18	24.86	0.00	7.65	1.252	273
25.888	22.19	24.87	-0.00	7.64	1.252	273
25.920	22.19	24.88	-0.00	7.64	1.252	273
25.952	22.18	24.87	-0.00	7.64	1.252	273
25.984	22.16	24.85	0.00	7.65	1.252	273
26.016	22.16	24.84	-0.00	7.64	1.252	273
26.048	22.16	24.85	0.00	7.64	1.257	274
26.080	22.16	24.85	-0.00	7.64	1.257	274
26.112	22.16	24.85	-0.00	7.64	1.257	274
26.144	22.16	24.85	0.00	7.65	1.257	274
26.176	22.16	24.85	0.00	7.65	1.257	274
26.208	22.16	24.85	-0.00	7.64	1.257	274
26.240	22.18	24.86	0.00	7.65	1.257	274
26.272	22.19	24.88	0.00	7.64	1.257	274
26.304	22.20	24.89	0.00	7.65	1.257	274
26.336	22.21	24.89	0.00	7.65	1.257	274
26.368	22.21	24.90	0.00	7.65	1.257	274
26.400	22.22	24.91	-0.00	7.64	1.257	274
26.432	22.22	24.91	0.00	7.64	1.257	274
26.464	22.20	24.89	0.00	7.65	1.257	274
26.496	22.19	24.88	0.00	7.64	1.257	274
26.528	22.20	24.88	0.00	7.64	1.257	274
26.560	22.19	24.88	-0.00	7.64	1.257	274
26.592	22.20	24.89	-0.00	7.64	1.257	274
26.624	22.21	24.90	0.00	7.64	1.257	274
26.656	22.23	24.92	0.00	7.65	1.257	274
26.688	22.24	24.92	-0.00	7.64	1.257	274
26.720	22.25	24.94	-0.01	7.64	1.257	274
26.752	22.27	24.96	0.00	7.64	1.257	274
26.784	22.28	24.97	0.00	7.64	1.257	274
26.816	22.26	24.95	0.01	7.65	1.257	274
26.848	22.24	24.93	0.00	7.64	1.257	274
26.880	22.23	24.91	-0.00	7.64	1.257	274
26.912	22.20	24.89	0.00	7.64	1.257	274
26.944	22.18	24.86	0.00	7.64	1.257	274
26.976	22.17	24.85	0.00	7.64	1.261	275
27.008	22.18	24.87	-0.00	7.64	1.261	275
27.040	22.19	24.88	-0.00	7.64	1.261	275
27.072	22.21	24.90	0.00	7.65	1.261	275
27.104	22.22	24.91	0.00	7.65	1.261	275
27.136	22.23	24.92	0.00	7.64	1.261	275
27.168	22.24	24.93	-0.00	7.64	1.261	275
27.200	22.25	24.94	0.00	7.64	1.261	275
27.232	22.26	24.95	-0.00	7.64	1.261	275
27.264	22.26	24.95	0.00	7.64	1.261	275
27.296	22.26	24.95	0.00	7.64	1.261	275
27.328	22.25	24.94	-0.00	7.64	1.261	275
27.360	22.22	24.91	0.00	7.65	1.261	275
27.392	22.19	24.88	0.00	7.64	1.261	275
27.424	22.18	24.87	-0.00	7.64	1.261	275
27.456	22.17	24.85	0.00	7.65	1.261	275
27.488	22.17	24.85	0.00	7.65	1.261	275
27.520	22.16	24.85	-0.00	7.64	1.261	275
27.552	22.16	24.85	0.00	7.64	1.261	275
27.584	22.17	24.86	0.00	7.64	1.261	275
27.616	22.17	24.86	0.00	7.64	1.261	275
27.648	22.18	24.87	-0.00	7.64	1.261	275
27.680	22.20	24.89	-0.00	7.64	1.261	275
27.712	22.22	24.91	0.00	7.64	1.261	275
27.744	22.24	24.92	0.00	7.65	1.261	275
27.776	22.24	24.93	0.00	7.65	1.261	275
27.808	22.24	24.93	-0.00	7.64	1.261	275
27.840	22.23	24.91	0.00	7.64	1.261	275
27.872	22.19	24.88	0.00	7.64	1.261	275
27.904	22.16	24.85	0.00	7.65	1.257	274
27.936	22.15	24.84	0.00	7.65	1.257	274
27.968	22.14	24.83	0.00	7.64	1.257	274
28.000	22.15	24.83	0.00	7.65	1.257	274
28.032	22.16	24.85	0.00	7.64	1.257	274
28.064	22.18	24.87	0.00	7.65	1.257	274
28.096	22.19	24.88	0.01	7.65	1.257	274
28.128	22.23	24.92	0.00	7.64	1.257	274
28.160	22.26	24.95	-0.00	7.64	1.257	274
28.192	22.29	24.97	-0.00	7.64	1.257	274
28.224	22.29	24.98	0.00	7.64	1.257	274
28.256	22.28	24.97	0.00	7.64	1.257	274
28.288	22.26	24.95	0.00	7.64	1.257	274
28.320	22.24	24.93	0.00	7.64	1.257	274
28.352	22.21	24.90	-0.00	7.64	1.257	274
28.384	22.18	24.86	0.00	7.65	1.261	275
28.416	22.16	24.84	0.00	7.65	1.261	275
28.448	22.15	24.84	-0.00	7.64	1.261	275
28.480	22.16	24.84	0.00	7.65	1.261	275
28.512	22.16	24.85	0.00	7.65	1.261	275
28.544	22.17	24.86	0.00	7.65	1.261	275
28.576	22.17	24.86	0.00	7.65	1.261	275
28.608	22.17	24.86	0.00	7.64	1.261	275
28.640	22.19	24.87	0.00	7.64	1.261	275
28.672	22.19	24.88	0.00	7.64	1.261	275
28.704	22.20	24.89	0.00	7.65	1.261	275
28.736	22.22	24.91	0.00	7.65	1.261	275
28.768	22.25	24.94	-0.00	7.64	1.261	275
28.800	22.26	24.95	-0.00	7.64	1.261	275
28.832	22.25	24.94	0.00	7.64	1.261	275
28.864	22.25	24.94	0.00	7.64	1.261	275
28.896	22.23	24.92	0.00	7.65	1.261	275
28.928	22.21	24.90	0.00	7.64	1.261	275
28.960	22.19	24.88	-0.00	7.64	1.261	275
28.992	22.19	24.88	0.00	7.64	1.261	275
29.024	22.19	24.88	0.00	7.65	1.261	275
29.056	22.19	24.88	0.00	7.65	1.261	275
29.088	22.20	24.89	-0.00	7.64	1.261	275
29.120	22.19	24.88	0.00	7.64	1.261	275
29.152	22.18	24.86	0.00	7.64	1.261	275
29.184	22.16	24.85	0.00	7.65	1.261	275
29.216	22.16	24.85	0.00	7.65	1.261	275
29.248	22.16	24.85	0.00	7.64	1.261	275
29.280	22.17	24.86	0.00	7.64	1.261	275
29.312	22.19	24.88	0.00	7.64	1.257	274
29.344	22.21	24.90	0.00	7.64	1.257	274
29.376	22.24	24.93	0.00	7.64	1.257	274
29.408	22.26	24.95	0.00	7.65	1.257	274
29.440	22.29	24.98	-0.00	7.64	1.257	274
29.472	22.31	25.00	0.00	7.64	1.257	274
29.504	22.32	25.01	0.00	7.64	1.257	274
29.536	22.31	25.00	0.00	7.65	1.257	274
29.568	22.31	25.00	-0.00	7.64	1.257	274
29.600	22.31	25.00	-0.00	7.64	1.257	274
29.632	22.30	24.98	-0.00	7.64	1.257	274
29.664	22.28	24.97	0.00	7.64	1.257	274
29.696	22.26	24.95	0.00	7.65	1.257	274
29.728	22.25	24.94	0.00	7.64	1.257	274
29.760	22.24	24.92	-0.00	7.64	1.257	274
29.792	22.23	24.92	-0.00	7.64	1.261	275
29.824	22.23	24.92	-0.00	7.64	1.261	275
29.856	22.22	24.91	0.00	7.65	1.261	275
29.888	22.22	24.91	0.00	7.64	1.261	275
29.920	22.22	24.91	-0.00	7.64	1.261	275
29.952	22.23	24.92	0.00	7.64	1.261	275
29.984	22.24	24.93	0.00	7.65	1.261	275
30.016	22.24	24.93	0.00	7.65	1.261	275
30.048	22.26	24.94	0.00	7.65	1.261	275
30.080	22.26	24.95	0.00	7.64	1.261	275
30.112	22.26	24.95	0.00	7.64	1.261	275
30.144	22.27	24.96	0.00	7.64	1.261	275
30.176	22.27	24.96	0.00	7.65	1.261	275
30.208	22.26	24.95	0.00	7.65	1.261	275
30.240	22.24	24.93	0.00	7.64	1.261	275
30.272	22.23	24.92	-0.00	7.64	1.261	275
30.304	22.21	24.90	0.00	7.64	1.261	275
30.336	22.21	24.90	0.00	7.64	1.261	275
30.368	22.20	24.89	-0.00	7.64	1.261	275
30.400	22.20	24.89	0.00	7.64	1.261	275
30.432	22.18	24.87	-0.00	7.64	1.261	275
30.464	22.16	24.85	0.00	7.64	1.261	275
30.496	22.16	24.85	0.00	7.65	1.261	275
30.528	22.16	24.85	0.00	7.65	1.261	275
30.560	22.16	24.84	0.00	7.65	1.261	275
30.592	22.16	24.85	0.00	7.65	1.261	275
30.624	22.16	24.85	0.00	7.65	1.261	275
30.656	22.17	24.86	0.00	7.65	1.261	275
30.688	22.17	24.86	0.00	7.64	1.261	275
30.720	22.15	24.84	-0.00	7.64	1.261	275
30.752	22.13	24.82	-0.00	7.64	1.261	275
30.784	22.13	24.82	0.00	7.64	1.261	275
30.816	22.13	24.82	0.00	7.65	1.261	275
30.848	22.15	24.83	0.00	7.65	1.261	275
30.880	22.16	24.85	-0.00	7.64	1.261	275
30.912	22.18	24.87	0.00	7.64	1.261	275
30.944	22.18	24.87	-0.00	7.64	1.261	275
30.976	22.21	24.89	0.00	7.65	1.261	275
31.008	22.22	24.90	-0.00	7.64	1.261	275
31.040	22.22	24.90	0.00	7.64	1.261	275
31.072	22.21	24.90	0.00	7.64	1.261	275
31.104	22.22	24.91	-0.00	7.64	1.261	275
31.136	22.21	24.90	0.00	7.65	1.261	275
31.168	22.18	24.87	0.00	7.64	1.261	275
31.200	22.15	24.84	-0.00	7.64	1.257	274
31.232	22.15	24.84	0.00	7.65	1.257	274
31.264	22.15	24.84	-0.00	7.64	1.257	274
31.296	22.16	24.85	0.00	7.65	1.257	274
31.328	22.15	24.84	0.00	7.64	1.257	274
31.360	22.15	24.84	0.00	7.64	1.257	274
31.392	22.15	24.84	0.00	7.64	1.257	274
31.424	22.16	24.85	0.00	7.64	1.257	274
31.456	22.19	24.88	0.00	7.64	1.257	274
31.488	22.21	24.89	-0.00	7.64	1.257	274
31.520	22.22	24.91	-0.00	7.64	1.257	274
31.552	22.23	24.92	0.00	7.64	1.257	274
31.584	22.25	24.94	0.00	7.65	1.257	274
31.616	22.25	24.94	0.00	7.64	1.257	274
31.648	22.25	24.93	0.00	7.64	1.257	274
31.680	22.24	24.92	-0.00	7.64	1.261	275
31.712	22.22	24.91	-0.00	7.64	1.261	275
31.744	22.21	24.89	-0.00	7.64	1.261	275
31.776	22.19	24.88	0.00	7.64	1.261	275
31.808	22.18	24.87	0.00	7.64	1.261	275
31.840	22.18	24.87	0.00	7.64	1.261	275
31.872	22.17	24.86	-0.00	7.64	1.261	275
31.904	22.17	24.86	-0.00	7.64	1.261	275
31.936	22.17	24.86	0.00	7.64	1.261	275
31.968	22.17	24.86	0.00	7.64	1.261	275
32.000	22.16	24.85	0.00	7.64	1.261	275
32.032	22.17	24.85	-0.00	7.64	1.261	275
32.064	22.18	24.87	0.00	7.64	1.261	275
32.096	22.20	24.89	0.00	7.65	1.261	275
32.128	22.21	24.90	0.00	7.64	1.261	275
32.160	22.24	24.93	0.00	7.65	1.261	275
32.192	22.28	24.96	-0.00	7.64	1.261	275
32.224	22.29	24.98	-0.00	7.64	1.261	275
32.256	22.30	24.99	0.00	7.64	1.261	275
32.288	22.31	24.99	-0.00	7.64	1.261	275
32.320	22.30	24.99	0.00	7.64	1.261	275
32.352	22.28	24.97	-0.00	7.64	1.261	275
32.384	22.27	24.95	0.00	7.65	1.261	275
32.416	22.26	24.95	0.00	7.64	1.261	275
32.448	22.26	24.95	0.00	7.65	1.261	275
32.480	22.26	24.95	0.00	7.64	1.261	275
32.512	22.26	24.95	0.00	7.64	1.261	275
32.544	22.27	24.96	0.00	7.64	1.261	275
32.576	22.28	24.96	0.00	7.64	1.261	275
32.608	22.26	24.95	-0.00	7.64	1.261	275
32.640	22.25	24.94	-0.00	7.64	1.261	275
32.672	22.25	24.94	-0.00	7.64	1.261	275
32.704	22.27	24.96	0.00	7.64	1.261	275
32.736	22.29	24.98	0.00	7.65	1.261	275
32.768	22.29	24.98	-0.00	7.64	1.261	275
32.800	22.28	24.96	-0.00	7.64	1.261	275
32.832	22.24	24.93	-0.00	7.64	1.261	275
32.864	22.23	24.91	0.00	7.65	1.261	275
32.896	22.21	24.90	0.00	7.64	1.261	275
32.928	22.19	24.88	0.00	7.64	1.261	275
32.960	22.18	24.87	0.00	7.65	1.261	275
32.992	22.19	24.88	-0.00	7.64	1.261	275
33.024	22.19	24.88	0.00	7.64	1.261	275
33.056	22.21	24.90	0.00	7.64	1.261	275
33.088	22.20	24.88	0.00	7.64	1.261	275
33.120	22.20	24.89	-0.00	7.64	1.261	275
33.152	22.19	24.88	-0.00	7.64	1.261	275
33.184	22.18	24.87	0.00	7.64	1.261	275
33.216	22.18	24.87	0.00	7.65	1.261	275
33.248	22.18	24.86	0.00	7.64	1.261	275
33.280	22.17	24.86	-0.00	7.64	1.261	275
33.312	22.18	24.87	0.00	7.65	1.261	275
33.344	22.19	24.88	0.00	7.64	1.261	275
33.376	22.21	24.90	0.00	7.64	1.261	275
33.408	22.24	24.93	0.00	7.65	1.261	275
33.440	22.25	24.94	0.00	7.64	1.261	275
33.472	22.26	24.94	0.00	7.65	1.261	275
33.504	22.27	24.95	0.00	7.64	1.261	275
33.536	22.26	24.95	0.00	7.65	1.261	275
33.568	22.25	24.93	0.00	7.65	1.261	275
33.600	22.23	24.92	0.00	7.64	1.261	275
33.632	22.21	24.89	-0.00	7.64	1.261	275
33.664	22.18	24.87	-0.00	7.64	1.261	275
33.696	22.18	24.86	0.00	7.65	1.261	275
33.728	22.18	24.86	0.00	7.65	1.261	275
33.760	22.18	24.87	0.00	7.64	1.261	275
33.792	22.18	24.87	0.00	7.64	1.261	275
33.824	22.20	24.89	-0.00	7.64	1.261	275
33.856	22.21	24.90	0.00	7.64	1.261	275
33.888	22.22	24.91	0.00	7.65	1.261	275
33.920	22.22	24.91	-0.00	7.64	1.261	275
33.952	22.23	24.91	0.00	7.65	1.261	275
33.984	22.24	24.93	0.00	7.65	1.261	275
34.016	22.24	24.92	0.00	7.65	1.261	275
34.048	22.23	24.92	0.00	7.65	1.261	275
34.080	22.24	24.93	-0.00	7.64	1.261	275
34.112	22.24	24.93	0.00	7.64	1.261	275
34.144	22.24	24.93	-0.01	7.64	1.261	275
34.176	22.24	24.93	0.00	7.65	1.261	275
34.208	22.25	24.94	0.00	7.65	1.261	275
34.240	22.25	24.94	-0.00	7.64	1.261	275
34.272	22.26	24.94	-0.00	7.64	1.261	275
34.304	22.28	24.97	-0.00	7.64	1.261	275
34.336	22.30	24.99	0.00	7.64	1.261	275
34.368	22.32	25.01	-0.00	7.64	1.261	275
34.400	22.33	25.02	0.00	7.64	1.261	275
34.432	22.35	25.03	-0.00	7.64	1.261	275
34.464	22.35	25.04	-0.00	7.64	1.261	275
34.496	22.35	25.04	0.00	7.65	1.261	275
34.528	22.34	25.03	0.00	7.65	1.261	275
34.560	22.33	25.02	0.00	7.65	1.261	275
34.592	22.31	25.00	-0.00	7.64	1.261	275
34.624	22.29	24.98	-0.00	7.64	1.261	275
34.656	22.26	24.95	0.00	7.64	1.261	275
34.688	22.24	24.93	-0.00	7.64	1.261	275
34.720	22.21	24.90	0.00	7.65	1.261	275
34.752	22.20	24.89	0.00	7.64	1.261	275
34.784	22.22	24.91	-0.00	7.64	1.261	275
34.816	22.25	24.94	-0.00	7.64	1.261	275
34.848	22.27	24.96	0.00	7.65	1.261	275
34.880	22.30	24.99	-0.00	7.64	1.261	275
34.912	22.31	25.00	-0.00	7.64	1.261	275
34.944	22.30	24.99	-0.00	7.64	1.261	275
34.976	22.28	24.97	0.00	7.64	1.261	275
35.008	22.26	24.95	0.00	7.64	1.261	275
35.040	22.27	24.96	0.00	7.64	1.261	275
35.072	22.27	24.96	0.00	7.65	1.261	275
35.104	22.28	24.97	0.00	7.64	1.261	275
35.136	22.30	24.98	0.00	7.65	1.261	275
35.168	22.30	24.99	-0.00	7.64	1.261	275
35.200	22.30	24.99	-0.00	7.64	1.261	275
35.232	22.31	25.00	-0.00	7.64	1.261	275
35.264	22.32	25.00	0.00	7.64	1.261	275
35.296	22.32	25.01	-0.00	7.64	1.261	275
35.328	22.33	25.02	0.00	7.65	1.261	275
35.360	22.33	25.02	0.00	7.65	1.261	275
35.392	22.32	25.01	-0.00	7.64	1.261	275
35.424	22.32	25.01	-0.00	7.64	1.261	275
35.456	22.31	25.00	0.00	7.64	1.261	275
35.488	22.29	24.98	0.00	7.65	1.261	275
35.520	22.29	24.98	0.00	7.65	1.261	275
35.552	22.29	24.98	0.00	7.64	1.261	275
35.584	22.30	24.99	-0.00	7.64	1.261	275
35.616	22.29	24.98	-0.00	7.64	1.261	275
35.648	22.30	24.99	0.00	7.65	1.261	275
35.680	22.30	24.99	-0.00	7.64	1.261	275
35.712	22.30	24.98	0.00	7.64	1.261	275
35.744	22.31	24.99	-0.00	7.64	1.261	275
35.776	22.31	24.99	-0.00	7.64	1.261	275
35.808	22.32	25.00	0.00	7.64	1.261	275
35.840	22.33	25.02	-0.00	7.64	1.261	275
35.872	22.33	25.01	0.00	7.64	1.266	276
35.904	22.29	24.98	-0.00	7.64	1.266	276
35.936	22.26	24.95	0.00	7.64	1.266	276
35.968	22.25	24.94	0.00	7.65	1.266	276
36.000	22.24	24.93	-0.00	7.64	1.266	276
36.032	22.23	24.92	-0.00	7.64	1.266	276
36.064	22.23	24.92	0.00	7.64	1.266	276
36.096	22.24	24.93	0.00	7.64	1.266	276
36.128	22.25	24.94	0.00	7.64	1.266	276
36.160	22.25	24.94	0.00	7.65	1.266	276
36.192	22.27	24.95	-0.00	7.64	1.266	276
36.224	22.29	24.97	-0.00	7.64	1.266	276
36.256	22.31	25.00	-0.00	7.64	1.266	276
36.288	22.33	25.01	-0.00	7.64	1.266	276
36.320	22.33	25.02	0.00	7.64	1.266	276
36.352	22.33	25.02	0.00	7.64	1.261	275
36.384	22.32	25.01	0.00	7.64	1.261	275
36.416	22.31	25.00	0.00	7.64	1.261	275
36.448	22.31	25.00	0.00	7.65	1.261	275
36.480	22.31	25.00	0.00	7.65	1.261	275
36.512	22.32	25.01	-0.00	7.64	1.261	275
36.544	22.32	25.01	0.00	7.64	1.261	275
36.576	22.31	25.00	0.00	7.64	1.261	275
36.608	22.29	24.97	0.00	7.64	1.261	275
36.640	22.26	24.94	0.00	7.65	1.261	275
36.672	22.24	24.93	-0.00	7.64	1.261	275
36.704	22.23	24.92	-0.00	7.64	1.261	275
36.736	22.23	24.92	-0.00	7.64	1.261	275
36.768	22.23	24.92	0.00	7.65	1.261	275
36.800	22.25	24.93	0.00	7.65	1.261	275
36.832	22.25	24.94	0.00	7.65	1.261	275
36.864	22.23	24.92	-0.00	7.64	1.261	275
36.896	22.21	24.90	-0.00	7.64	1.261	275
36.928	22.22	24.91	0.00	7.64	1.261	275
36.960	22.23	24.92	0.00	7.64	1.261	275
36.992	22.25	24.94	-0.00	7.64	1.261	275
37.024	22.25	24.94	-0.00	7.64	1.261	275
37.056	22.26	24.95	0.00	7.64	1.261	275
37.088	22.24	24.92	0.00	7.65	1.261	275
37.120	22.23	24.92	0.00	7.64	1.261	275
37.152	22.24	24.93	0.00	7.64	1.261	275
37.184	22.26	24.95	-0.00	7.64	1.261	275
37.216	22.28	24.97	0.00	7.64	1.261	275
37.248	22.30	24.99	0.00	7.65	1.261	275
37.280	22.33	25.01	0.00	7.65	1.261	275
37.312	22.34	25.03	0.00	7.64	1.261	275
37.344	22.33	25.02	-0.00	7.64	1.261	275
37.376	22.32	25.01	0.00	7.65	1.261	275
37.408	22.33	25.02	0.00	7.64	1.261	275
37.440	22.33	25.01	0.00	7.65	1.261	275
37.472	22.31	25.00	0.00	7.65	1.261	275
37.504	22.29	24.97	-0.00	7.64	1.261	275
37.536	22.26	24.95	-0.00	7.64	1.261	275
37.568	22.24	24.92	0.00	7.64	1.261	275
37.600	22.21	24.90	0.00	7.64	1.261	275
37.632	22.20	24.89	0.00	7.65	1.261	275
37.664	22.20	24.89	-0.00	7.64	1.261	275
37.696	22.21	24.90	-0.00	7.64	1.261	275
37.728	22.23	24.92	-0.00	7.64	1.261	275
37.760	22.25	24.94	0.00	7.64	1.266	276
37.792	22.26	24.95	0.00	7.64	1.266	276
37.824	22.26	24.95	0.00	7.65	1.266	276
37.856	22.26	24.95	0.00	7.64	1.266	276
37.888	22.26	24.95	0.00	7.65	1.266	276
37.920	22.26	24.94	0.00	7.64	1.266	276
37.952	22.25	24.93	0.00	7.64	1.266	276
37.984	22.25	24.94	-0.00	7.64	1.266	276
38.016	22.27	24.96	0.00	7.65	1.266	276
38.048	22.29	24.97	0.00	7.64	1.266	276
38.080	22.30	24.99	0.00	7.65	1.266	276
38.112	22.32	25.00	-0.00	7.64	1.266	276
38.144	22.32	25.01	0.00	7.64	1.266	276
38.176	22.33	25.01	0.00	7.65	1.266	276
38.208	22.34	25.02	0.00	7.64	1.261	275
38.240	22.33	25.02	0.00	7.64	1.261	275
38.272	22.29	24.98	-0.00	7.64	1.261	275
38.304	22.25	24.94	-0.00	7.64	1.261	275
38.336	22.24	24.93	0.00	7.65	1.261	275
38.368	22.23	24.92	0.00	7.64	1.261	275
38.400	22.22	24.91	-0.00	7.64	1.261	275
38.432	22.21	24.90	-0.00	7.64	1.261	275
38.464	22.21	24.90	0.00	7.64	1.261	275
38.496	22.23	24.92	-0.00	7.64	1.261	275
38.528	22.24	24.93	0.00	7.65	1.261	275
38.560	22.26	24.95	0.00	7.65	1.261	275
38.592	22.26	24.95	0.00	7.64	1.261	275
38.624	22.26	24.95	0.00	7.64	1.261	275
38.656	22.28	24.97	-0.00	7.64	1.261	275
38.688	22.28	24.96	0.00	7.65	1.261	275
38.720	22.26	24.95	0.00	7.64	1.261	275
38.752	22.24	24.93	0.00	7.64	1.261	275
38.784	22.23	24.92	0.00	7.64	1.261	275
38.816	22.23	24.92	0.00	7.65	1.261	275
38.848	22.24	24.92	-0.00	7.64	1.261	275
38.880	22.25	24.94	0.00	7.65	1.261	275
38.912	22.25	24.94	0.00	7.64	1.261	275
38.944	22.25	24.93	0.00	7.64	1.261	275
38.976	22.23	24.92	-0.00	7.64	1.261	275
39.008	22.23	24.92	0.00	7.64	1.261	275
39.040	22.24	24.93	0.00	7.65	1.261	275
39.072	22.25	24.94	0.00	7.64	1.261	275
39.104	22.26	24.95	-0.00	7.64	1.261	275
39.136	22.27	24.95	0.00	7.65	1.261	275
39.168	22.27	24.96	-0.00	7.64	1.266	276
39.200	22.29	24.98	0.01	7.65	1.266	276
39.232	22.29	24.97	0.00	7.65	1.266	276
39.264	22.29	24.98	0.00	7.65	1.266	276
39.296	22.30	24.99	0.00	7.64	1.266	276
39.328	22.32	25.00	0.00	7.65	1.266	276
39.360	22.32	25.01	0.01	7.65	1.266	276
39.392	22.33	25.02	0.00	7.64	1.266	276
39.424	22.34	25.03	0.00	7.65	1.266	276
39.456	22.33	25.02	0.00	7.64	1.266	276
39.488	22.33	25.02	0.00	7.64	1.266	276
39.520	22.33	25.02	0.00	7.65	1.266	276
39.552	22.33	25.02	0.00	7.65	1.266	276
39.584	22.33	25.02	0.00	7.65	1.266	276
39.616	22.33	25.01	0.00	7.64	1.266	276
39.648	22.31	25.00	0.00	7.64	1.266	276
39.680	22.29	24.97	0.00	7.65	1.266	276
39.712	22.25	24.94	0.01	7.65	1.266	276
39.744	22.23	24.92	0.00	7.65	1.266	276
39.776	22.23	24.92	0.00	7.64	1.266	276
39.808	22.24	24.92	0.00	7.64	1.266	276
39.840	22.23	24.92	0.00	7.65	1.266	276
39.872	22.23	24.92	0.01	7.65	1.266	276
39.904	22.23	24.92	0.00	7.65	1.266	276
39.936	22.22	24.91	-0.00	7.64	1.266	276
39.968	22.24	24.93	0.00	7.64	1.266	276
40.000	22.26	24.95	0.00	7.65	1.266	276
40.032	22.27	24.96	0.00	7.64	1.266	276
40.064	22.28	24.97	0.00	7.64	1.266	276
40.096	22.29	24.97	0.00	7.64	1.261	275
40.128	22.30	24.99	-0.00	7.64	1.261	275
40.160	22.30	24.98	0.00	7.65	1.261	275
40.192	22.27	24.96	0.00	7.65	1.261	275
40.224	22.24	24.93	0.00	7.64	1.261	275
40.256	22.22	24.90	-0.00	7.64	1.261	275
40.288	22.19	24.88	0.00	7.65	1.261	275
40.320	22.18	24.87	0.00	7.65	1.261	275
40.352	22.17	24.85	0.00	7.65	1.261	275
40.384	22.15	24.84	0.00	7.64	1.261	275
40.416	22.14	24.83	-0.00	7.64	1.261	275
40.448	22.15	24.84	0.00	7.64	1.261	275
40.480	22.17	24.86	0.00	7.65	1.261	275
40.512	22.19	24.88	0.00	7.65	1.261	275
40.544	22.21	24.90	0.00	7.65	1.261	275
40.576	22.24	24.93	0.00	7.64	1.261	275
40.608	22.27	24.95	0.00	7.65	1.261	275
40.640	22.28	24.96	0.00	7.64	1.261	275
40.672	22.27	24.96	0.00	7.65	1.261	275
40.704	22.27	24.96	-0.00	7.64	1.261	275
40.736	22.29	24.98	0.00	7.64	1.261	275
40.768	22.31	25.00	0.00	7.65	1.261	275
40.800	22.33	25.02	0.00	7.65	1.261	275
40.832	22.33	25.02	-0.00	7.64	1.261	275
40.864	22.33	25.01	0.00	7.64	1.261	275
40.896	22.31	25.00	-0.00	7.64	1.261	275
40.928	22.30	24.99	0.00	7.64	1.261	275
40.960	22.30	24.99	0.00	7.65	1.261	275
40.992	22.30	24.99	-0.00	7.64	1.261	275
41.024	22.29	24.98	0.00	7.64	1.266	276
41.056	22.29	24.98	0.00	7.65	1.266	276
41.088	22.30	24.99	-0.00	7.64	1.266	276
41.120	22.30	24.98	0.00	7.64	1.266	276
41.152	22.30	24.99	0.00	7.64	1.266	276
41.184	22.30	24.98	-0.00	7.64	1.266	276
41.216	22.29	24.97	0.00	7.64	1.266	276
41.248	22.27	24.95	0.00	7.64	1.266	276
41.280	22.25	24.94	0.00	7.65	1.266	276
41.312	22.24	24.93	0.00	7.64	1.266	276
41.344	22.23	24.92	-0.00	7.64	1.266	276
41.376	22.20	24.89	0.00	7.64	1.266	276
41.408	22.20	24.89	0.00	7.65	1.266	276
41.440	22.20	24.89	0.00	7.64	1.266	276
41.472	22.21	24.90	0.00	7.65	1.266	276
41.504	22.22	24.90	0.00	7.64	1.266	276
41.536	22.23	24.92	-0.00	7.64	1.266	276
41.568	22.22	24.90	0.00	7.65	1.266	276
41.600	22.19	24.87	0.00	7.65	1.266	276
41.632	22.16	24.85	0.00	7.65	1.266	276
41.664	22.15	24.84	0.00	7.64	1.266	276
41.696	22.14	24.83	0.00	7.64	1.266	276
41.728	22.13	24.81	0.00	7.64	1.266	276
41.760	22.11	24.80	0.00	7.65	1.266	276
41.792	22.12	24.81	0.00	7.65	1.266	276
41.824	22.11	24.80	-0.00	7.64	1.266	276
41.856	22.12	24.81	0.00	7.65	1.266	276
41.888	22.16	24.85	0.00	7.64	1.266	276
41.920	22.18	24.87	0.00	7.65	1.266	276
41.952	22.20	24.89	0.00	7.65	1.261	275
41.984	22.23	24.92	0.00	7.64	1.261	275
42.016	22.25	24.94	-0.00	7.64	1.261	275
42.048	22.24	24.93	0.00	7.65	1.261	275
42.080	22.23	24.92	0.00	7.65	1.261	275
42.112	22.21	24.90	0.00	7.65	1.261	275
42.144	22.20	24.89	-0.00	7.64	1.261	275
42.176	22.20	24.88	0.00	7.65	1.261	275
42.208	22.20	24.88	-0.00	7.64	1.261	275
42.240	22.20	24.89	-0.00	7.64	1.261	275
42.272	22.21	24.89	0.00	7.65	1.261	275
42.304	22.20	24.89	0.00	7.65	1.261	275
42.336	22.22	24.90	-0.00	7.64	1.261	275
42.368	22.22	24.90	0.00	7.64	1.261	275
42.400	22.21	24.90	0.00	7.64	1.261	275
42.432	22.21	24.89	0.00	7.65	1.261	275
42.464	22.22	24.90	0.00	7.65	1.261	275
42.496	22.23	24.92	-0.00	7.64	1.261	275
42.528	22.25	24.94	0.00	7.65	1.261	275
42.560	22.27	24.96	0.00	7.65	1.261	275
42.592	22.28	24.97	0.00	7.64	1.261	275
42.624	22.29	24.97	0.00	7.65	1.261	275
42.656	22.26	24.95	0.00	7.64	1.261	275
42.688	22.24	24.93	-0.00	7.64	1.261	275
42.720	22.24	24.93	0.00	7.64	1.261	275
42.752	22.23	24.92	0.00	7.65	1.261	275
42.784	22.21	24.90	-0.00	7.64	1.261	275
42.816	22.21	24.90	0.00	7.64	1.261	275
42.848	22.21	24.90	0.00	7.65	1.261	275
42.880	22.22	24.91	-0.00	7.64	1.261	275
42.912	22.24	24.93	0.01	7.65	1.266	276
42.944	22.24	24.93	0.00	7.64	1.266	276
42.976	22.24	24.93	-0.00	7.64	1.266	276
43.008	22.23	24.92	0.00	7.64	1.266	276
43.040	22.20	24.89	-0.00	7.64	1.266	276
43.072	22.18	24.87	0.00	7.65	1.266	276
43.104	22.17	24.86	0.00	7.64	1.266	276
43.136	22.18	24.86	0.00	7.65	1.266	276
43.168	22.18	24.86	0.00	7.64	1.266	276
43.200	22.17	24.85	0.00	7.64	1.266	276
43.232	22.17	24.86	0.00	7.65	1.266	276
43.264	22.18	24.87	0.00	7.65	1.266	276
43.296	22.20	24.89	-0.00	7.64	1.266	276
43.328	22.22	24.91	0.00	7.65	1.266	276
43.360	22.23	24.92	0.00	7.65	1.261	275
43.392	22.22	24.91	0.00	7.65	1.261	275
43.424	22.23	24.92	-0.00	7.64	1.261	275
43.456	22.23	24.92	0.00	7.65	1.261	275
43.488	22.23	24.91	0.00	7.64	1.261	275
43.520	22.22	24.91	0.00	7.65	1.261	275
43.552	22.22	24.91	0.01	7.65	1.261	275
43.584	22.23	24.92	-0.00	7.64	1.261	275
43.616	22.24	24.93	-0.00	7.64	1.261	275
43.648	22.23	24.92	0.00	7.65	1.261	275
43.680	22.21	24.90	0.00	7.65	1.261	275
43.712	22.20	24.89	0.00	7.65	1.261	275
43.744	22.20	24.88	0.00	7.64	1.261	275
43.776	22.19	24.88	0.00	7.65	1.261	275
43.808	22.19	24.88	0.00	7.64	1.261	275
43.840	22.20	24.89	0.00	7.65	1.266	276
43.872	22.21	24.89	0.00	7.65	1.266	276
43.904	22.21	24.90	0.00	7.64	1.266	276
43.936	22.22	24.91	0.00	7.64	1.266	276
43.968	22.21	24.90	0.00	7.65	1.266	276
44.000	22.20	24.89	0.00	7.65	1.266	276
44.032	22.20	24.89	0.01	7.65	1.266	276
44.064	22.19	24.88	0.00	7.64	1.266	276
44.096	22.19	24.88	-0.00	7.64	1.266	276
44.128	22.18	24.87	0.00	7.65	1.266	276
44.160	22.18	24.87	0.00	7.64	1.266	276
44.192	22.17	24.86	0.00	7.65	1.266	276
44.224	22.19	24.88	0.00	7.64	1.266	276
44.256	22.24	24.93	0.00	7.64	1.266	276
44.288	22.29	24.97	0.00	7.65	1.261	275
44.320	22.33	25.02	0.00	7.65	1.261	275
44.352	22.36	25.05	0.00	7.65	1.261	275
44.384	22.38	25.07	0.00	7.65	1.261	275
44.416	22.36	25.05	-0.00	7.64	1.261	275
44.448	22.34	25.03	0.00	7.65	1.261	275
44.480	22.32	25.00	0.00	7.64	1.261	275
44.512	22.29	24.98	0.00	7.65	1.261	275
44.544	22.26	24.95	0.00	7.65	1.261	275
44.576	22.23	24.92	0.00	7.65	1.261	275
44.608	22.21	24.90	0.00	7.64	1.261	275
44.640	22.21	24.90	0.00	7.64	1.261	275
44.672	22.20	24.89	0.01	7.65	1.261	275
44.704	22.21	24.89	0.00	7.65	1.261	275
44.736	22.20	24.89	0.00	7.65	1.261	275
44.768	22.19	24.88	0.00	7.64	1.261	275
44.800	22.18	24.86	0.00	7.65	1.261	275
44.832	22.16	24.85	0.00	7.65	1.261	275
44.864	22.16	24.85	0.00	7.65	1.261	275
44.896	22.15	24.84	0.00	7.64	1.261	275
44.928	22.15	24.83	0.00	7.65	1.261	275
44.960	22.13	24.82	0.00	7.64	1.261	275
44.992	22.14	24.82	0.00	7.65	1.261	275
45.024	22.14	24.82	0.00	7.65	1.261	275
45.056	22.14	24.83	0.00	7.65	1.261	275
45.088	22.13	24.82	0.00	7.65	1.261	275
45.120	22.11	24.80	0.00	7.64	1.261	275
45.152	22.11	24.79	0.00	7.65	1.261	275
45.184	22.11	24.80	0.00	7.64	1.261	275
45.216	22.14	24.83	-0.00	7.64	1.261	275
45.248	22.15	24.84	0.00	7.64	1.261	275
45.280	22.18	24.87	0.00	7.65	1.261	275
45.312	22.19	24.88	0.01	7.65	1.261	275
45.344	22.20	24.89	0.00	7.65	1.261	275
45.376	22.20	24.88	-0.00	7.64	1.261	275
45.408	22.19	24.88	-0.00	7.64	1.261	275
45.440	22.18	24.87	-0.00	7.64	1.261	275
45.472	22.16	24.85	0.01	7.65	1.261	275
45.504	22.16	24.85	0.00	7.65	1.261	275
45.536	22.16	24.85	0.00	7.64	1.261	275
45.568	22.16	24.85	-0.00	7.64	1.261	275
45.600	22.16	24.84	-0.00	7.64	1.261	275
45.632	22.17	24.86	0.00	7.65	1.261	275
45.664	22.19	24.88	0.01	7.65	1.261	275
45.696	22.21	24.90	0.00	7.64	1.266	276
45.728	22.22	24.91	0.00	7.64	1.266	276
45.760	22.23	24.92	0.00	7.64	1.266	276
45.792	22.23	24.92	0.00	7.65	1.266	276
45.824	22.23	24.92	0.01	7.65	1.266	276
45.856	22.20	24.89	0.00	7.64	1.266	276
45.888	22.19	24.88	0.00	7.65	1.266	276
45.920	22.17	24.86	0.00	7.64	1.266	276
45.952	22.15	24.84	0.00	7.64	1.266	276
45.984	22.15	24.83	0.00	7.64	1.266	276
46.016	22.16	24.85	-0.00	7.64	1.266	276
46.048	22.17	24.86	0.00	7.64	1.266	276
46.080	22.17	24.86	-0.00	7.64	1.266	276
46.112	22.17	24.86	0.00	7.65	1.266	276
46.144	22.17	24.86	0.00	7.65	1.266	276
46.176	22.16	24.85	0.00	7.64	1.261	275
46.208	22.17	24.86	-0.00	7.64	1.261	275
46.240	22.17	24.86	0.00	7.64	1.261	275
46.272	22.17	24.86	0.00	7.65	1.261	275
46.304	22.17	24.86	0.00	7.64	1.261	275
46.336	22.16	24.85	-0.00	7.64	1.261	275
46.368	22.15	24.84	0.00	7.64	1.261	275
46.400	22.13	24.82	0.00	7.64	1.261	275
46.432	22.11	24.80	-0.00	7.64	1.261	275
46.464	22.10	24.79	-0.00	7.64	1.261	275
46.496	22.09	24.78	0.00	7.64	1.261	275
46.528	22.10	24.79	-0.00	7.64	1.261	275
46.560	22.09	24.78	0.00	7.65	1.261	275
46.592	22.10	24.79	0.00	7.65	1.261	275
46.624	22.11	24.80	0.00	7.65	1.261	275
46.656	22.15	24.83	-0.00	7.64	1.257	274
46.688	22.17	24.86	0.00	7.65	1.257	274
46.720	22.19	24.88	0.00	7.64	1.257	274
46.752	22.20	24.89	0.00	7.65	1.257	274
46.784	22.20	24.89	0.00	7.65	1.257	274
46.816	22.17	24.86	0.00	7.64	1.257	274
46.848	22.15	24.84	-0.00	7.64	1.257	274
46.880	22.13	24.82	0.00	7.65	1.257	274
46.912	22.13	24.82	0.00	7.65	1.257	274
46.944	22.12	24.80	0.00	7.65	1.257	274
46.976	22.10	24.79	-0.00	7.64	1.257	274
47.008	22.10	24.78	-0.00	7.64	1.257	274
47.040	22.09	24.78	0.00	7.65	1.257	274
47.072	22.11	24.79	0.00	7.65	1.257	274
47.104	22.13	24.82	0.00	7.65	1.257	274
47.136	22.15	24.84	0.00	7.65	1.257	274
47.168	22.16	24.85	0.00	7.64	1.257	274
47.200	22.18	24.86	0.00	7.65	1.257	274
47.232	22.20	24.88	0.00	7.65	1.257	274
47.264	22.21	24.90	0.00	7.65	1.257	274
47.296	22.20	24.89	0.00	7.64	1.257	274
47.328	22.17	24.86	0.00	7.64	1.257	274
47.360	22.15	24.84	0.00	7.64	1.257	274
47.392	22.13	24.82	0.00	7.65	1.257	274
47.424	22.11	24.79	0.00	7.65	1.257	274
47.456	22.09	24.78	0.00	7.64	1.257	274
47.488	22.08	24.77	0.00	7.64	1.257	274
47.520	22.07	24.76	0.00	7.64	1.257	274
47.552	22.08	24.77	0.00	7.65	1.257	274
47.584	22.10	24.79	0.00	7.65	1.261	275
47.616	22.12	24.81	0.00	7.64	1.261	275
47.648	22.15	24.84	0.00	7.64	1.261	275
47.680	22.18	24.87	0.00	7.64	1.261	275
47.712	22.22	24.91	0.01	7.65	1.261	275
47.744	22.25	24.94	0.00	7.64	1.261	275
47.776	22.25	24.94	0.00	7.65	1.261	275
47.808	22.26	24.95	0.00	7.64	1.261	275
47.840	22.27	24.95	0.00	7.64	1.261	275
47.872	22.27	24.96	0.00	7.65	1.261	275
47.904	22.27	24.95	0.00	7.65	1.261	275
47.936	22.26	24.94	-0.00	7.64	1.261	275
47.968	22.25	24.94	0.00	7.64	1.261	275
48.000	22.23	24.92	-0.00	7.64	1.261	275
48.032	22.22	24.90	0.00	7.65	1.261	275
48.064	22.22	24.90	0.00	7.65	1.257	274
48.096	22.21	24.90	0.00	7.64	1.257	274
48.128	22.22	24.90	-0.00	7.64	1.257	274
48.160	22.22	24.91	0.00	7.64	1.257	274
48.192	22.22	24.91	0.00	7.64	1.257	274
48.224	22.19	24.88	0.00	7.65	1.257	274
48.256	22.17	24.86	-0.00	7.64	1.257	274
48.288	22.15	24.84	-0.00	7.64	1.257	274
48.320	22.13	24.82	0.00	7.64	1.257	274
48.352	22.11	24.80	0.01	7.65	1.257	274
48.384	22.12	24.80	0.00	7.64	1.257	274
48.416	22.14	24.83	0.00	7.65	1.257	274
48.448	22.15	24.84	-0.00	7.64	1.257	274
48.480	22.17	24.86	0.00	7.65	1.257	274
48.512	22.20	24.88	-0.00	7.64	1.261	275
48.544	22.22	24.91	0.00	7.65	1.261	275
48.576	22.24	24.93	0.00	7.64	1.261	275
48.608	22.24	24.93	0.00	7.64	1.261	275
48.640	22.26	24.94	0.00	7.64	1.261	275
48.672	22.26	24.94	-0.00	7.64	1.261	275
48.704	22.24	24.93	0.00	7.65	1.261	275
48.736	22.24	24.93	-0.00	7.64	1.261	275
48.768	22.24	24.93	-0.00	7.64	1.261	275
48.800	22.25	24.94	0.00	7.65	1.261	275
48.832	22.25	24.94	0.00	7.64	1.261	275
48.864	22.25	24.94	0.00	7.65	1.261	275
48.896	22.25	24.94	0.00	7.65	1.261	275
48.928	22.25	24.94	0.00	7.64	1.261	275
48.960	22.25	24.93	-0.00	7.64	1.261	275
48.992	22.25	24.94	0.00	7.65	1.266	276
49.024	22.26	24.95	0.00	7.64	1.266	276
49.056	22.27	24.96	0.00	7.64	1.266	276
49.088	22.29	24.98	-0.00	7.64	1.266	276
49.120	22.31	25.00	-0.00	7.64	1.266	276
49.152	22.32	25.00	0.00	7.65	1.266	276
49.184	22.30	24.99	0.00	7.65	1.266	276
49.216	22.29	24.98	-0.00	7.64	1.266	276
49.248	22.29	24.98	-0.00	7.64	1.266	276
49.280	22.29	24.97	0.00	7.64	1.266	276
49.312	22.28	24.97	0.00	7.64	1.266	276
49.344	22.28	24.97	0.00	7.65	1.266	276
49.376	22.29	24.97	0.00	7.64	1.266	276
49.408	22.28	24.97	-0.00	7.64	1.266	276
49.440	22.28	24.97	0.00	7.64	1.261	275
49.472	22.29	24.98	0.00	7.64	1.261	275
49.504	22.31	25.00	-0.00	7.64	1.261	275
49.536	22.33	25.02	0.00	7.64	1.261	275
49.568	22.34	25.02	-0.00	7.64	1.261	275
49.600	22.33	25.02	-0.00	7.64	1.261	275
49.632	22.32	25.01	0.00	7.64	1.261	275
49.664	22.29	24.98	0.00	7.65	1.261	275
49.696	22.29	24.98	0.00	7.64	1.261	275
49.728	22.29	24.98	-0.00	7.64	1.261	275
49.760	22.29	24.98	-0.00	7.64	1.261	275
49.792	22.28	24.97	0.00	7.64	1.261	275
49.824	22.28	24.97	0.00	7.65	1.261	275
49.856	22.26	24.95	0.00	7.64	1.261	275
49.888	22.25	24.94	0.00	7.64	1.261	275
49.920	22.25	24.94	-0.00	7.64	1.266	276
49.952	22.25	24.94	0.00	7.65	1.266	276
49.984	22.25	24.93	0.00	7.65	1.266	276
50.016	22.24	24.93	0.00	7.65	1.266	276
50.048	22.26	24.95	-0.00	7.64	1.266	276
50.080	22.29	24.97	0.00	7.64	1.266	276
50.112	22.30	24.99	0.00	7.64	1.266	276
50.144	22.31	24.99	0.00	7.65	1.266	276
50.176	22.30	24.99	0.00	7.64	1.266	276
50.208	22.30	24.99	0.00	7.65	1.266	276
50.240	22.29	24.97	0.00	7.65	1.266	276
50.272	22.26	24.95	0.00	7.65	1.266	276
50.304	22.25	24.93	0.00	7.65	1.266	276
50.336	22.24	24.93	-0.00	7.64	1.266	276
50.368	22.22	24.91	-0.00	7.64	1.266	276
50.400	22.22	24.91	-0.00	7.64	1.261	275
50.432	22.23	24.92	0.00	7.64	1.261	275
50.464	22.25	24.94	0.00	7.65	1.261	275
50.496	22.26	24.95	-0.00	7.64	1.261	275
50.528	22.27	24.96	0.00	7.64	1.261	275
50.560	22.27	24.96	0.00	7.64	1.261	275
50.592	22.25	24.94	0.00	7.64	1.261	275
50.624	22.25	24.94	0.00	7.65	1.261	275
50.656	22.25	24.94	0.00	7.64	1.261	275
50.688	22.23	24.92	0.00	7.64	1.261	275
50.720	22.23	24.91	0.00	7.64	1.261	275
50.752	22.22	24.91	0.00	7.64	1.261	275
50.784	22.21	24.90	0.00	7.65	1.261	275
50.816	22.21	24.90	0.00	7.64	1.261	275
50.848	22.21	24.90	-0.00	7.64	1.266	276
50.880	22.23	24.92	0.00	7.64	1.266	276
50.912	22.23	24.92	0.00	7.64	1.266	276
50.944	22.23	24.92	-0.00	7.64	1.266	276
50.976	22.22	24.91	-0.00	7.64	1.266	276
51.008	22.22	24.91	0.00	7.64	1.266	276
51.040	22.20	24.89	0.00	7.65	1.266	276
51.072	22.17	24.86	0.00	7.65	1.266	276
51.104	22.16	24.85	-0.00	7.64	1.266	276
51.136	22.15	24.84	0.00	7.64	1.266	276
51.168	22.14	24.83	0.00	7.64	1.266	276
51.200	22.14	24.82	0.00	7.65	1.266	276
51.232	22.14	24.83	-0.00	7.64	1.266	276
51.264	22.15	24.84	0.00	7.64	1.266	276
51.296	22.14	24.83	-0.00	7.64	1.266	276
51.328	22.15	24.84	-0.00	7.64	1.257	274
51.360	22.17	24.85	0.00	7.64	1.257	274
51.392	22.17	24.86	0.00	7.64	1.257	274
51.424	22.19	24.87	-0.00	7.64	1.257	274
51.456	22.22	24.91	-0.00	7.64	1.257	274
51.488	22.25	24.94	-0.00	7.64	1.257	274
51.520	22.26	24.94	-0.00	7.64	1.257	274
51.552	22.25	24.94	0.00	7.64	1.257	274
51.584	22.25	24.93	0.00	7.64	1.257	274
51.616	22.23	24.92	0.00	7.64	1.257	274
51.648	22.19	24.88	-0.00	7.64	1.257	274
51.680	22.17	24.85	0.00	7.64	1.257	274
51.712	22.13	24.82	0.00	7.64	1.257	274
51.744	22.10	24.79	0.00	7.65	1.257	274
51.776	22.08	24.77	-0.00	7.64	1.257	274
51.808	22.07	24.76	0.00	7.65	1.261	275
51.840	22.06	24.75	0.00	7.64	1.261	275
51.872	22.06	24.75	0.00	7.65	1.261	275
51.904	22.08	24.77	0.00	7.65	1.261	275
51.936	22.10	24.79	0.00	7.64	1.261	275
51.968	22.13	24.82	-0.00	7.64	1.261	275
52.000	22.13	24.82	0.00	7.64	1.261	275
52.032	22.10	24.79	-0.00	7.64	1.261	275
52.064	22.09	24.78	0.00	7.65	1.261	275
52.096	22.07	24.76	-0.00	7.64	1.261	275
52.128	22.05	24.74	-0.00	7.64	1.261	275
52.160	22.05	24.74	-0.00	7.64	1.261	275
52.192	22.07	24.75	0.00	7.65	1.261	275
52.224	22.09	24.77	0.00	7.65	1.261	275
52.256	22.08	24.77	0.00	7.64	1.257	274
52.288	22.09	24.78	0.00	7.64	1.257	274
52.320	22.09	24.78	0.00	7.64	1.257	274
52.352	22.06	24.75	0.00	7.64	1.257	274
52.384	22.05	24.74	0.00	7.65	1.257	274
52.416	22.04	24.73	0.00	7.64	1.257	274
52.448	22.03	24.72	0.00	7.64	1.257	274
52.480	22.01	24.70	-0.00	7.64	1.257	274
52.512	22.01	24.70	-0.00	7.64	1.257	274
52.544	22.01	24.70	0.00	7.65	1.257	274
52.576	22.01	24.69	0.00	7.65	1.257	274
52.608	21.99	24.67	-0.00	7.64	1.257	274
52.640	21.97	24.66	-0.00	7.64	1.257	274
52.672	21.96	24.65	0.00	7.65	1.257	274
52.704	21.96	24.65	0.00	7.65	1.257	274
52.736	21.95	24.64	0.00	7.64	1.257	274
52.768	21.98	24.66	0.00	7.64	1.257	274
52.800	22.01	24.70	0.00	7.64	1.257	274
52.832	22.04	24.72	-0.00	7.64	1.257	274
52.864	22.07	24.75	0.00	7.65	1.257	274
52.896	22.10	24.78	-0.00	7.64	1.257	274
52.928	22.13	24.82	0.00	7.64	1.257	274
52.960	22.13	24.81	-0.00	7.64	1.257	274
52.992	22.12	24.81	-0.00	7.64	1.257	274
53.024	22.11	24.80	0.00	7.65	1.257	274
53.056	22.10	24.79	-0.00	7.64	1.257	274
53.088	22.10	24.78	-0.00	7.64	1.257	274
53.120	22.08	24.77	-0.00	7.64	1.257	274
53.152	22.06	24.75	-0.00	7.64	1.257	274
53.184	22.06	24.75	0.00	7.65	1.261	275
53.216	22.06	24.75	0.00	7.65	1.261	275
53.248	22.07	24.76	-0.00	7.64	1.261	275
53.280	22.08	24.77	0.00	7.64	1.261	275
53.312	22.08	24.77	0.00	7.64	1.261	275
53.344	22.08	24.77	0.00	7.65	1.261	275
53.376	22.09	24.78	0.00	7.65	1.261	275
53.408	22.11	24.80	-0.00	7.64	1.261	275
53.440	22.13	24.81	0.00	7.64	1.261	275
53.472	22.13	24.82	0.00	7.65	1.261	275
53.504	22.11	24.80	0.00	7.65	1.261	275
53.536	22.11	24.80	0.00	7.64	1.261	275
53.568	22.10	24.79	-0.00	7.64	1.261	275
53.600	22.09	24.78	-0.00	7.64	1.261	275
53.632	22.09	24.78	-0.00	7.64	1.261	275
53.664	22.10	24.79	0.00	7.65	1.257	274
53.696	22.12	24.81	0.00	7.64	1.257	274
53.728	22.14	24.83	-0.00	7.64	1.257	274
53.760	22.17	24.86	-0.00	7.64	1.257	274
53.792	22.19	24.88	0.00	7.64	1.257	274
53.824	22.21	24.89	0.00	7.64	1.257	274
53.856	22.21	24.90	-0.00	7.64	1.257	274
53.888	22.19	24.88	-0.00	7.64	1.257	274
53.920	22.17	24.86	-0.00	7.64	1.257	274
53.952	22.14	24.82	0.00	7.65	1.257	274
53.984	22.10	24.79	0.00	7.65	1.257	274
54.016	22.08	24.77	-0.00	7.64	1.257	274
54.048	22.06	24.74	0.00	7.64	1.257	274
54.080	22.04	24.73	-0.00	7.64	1.257	274
54.112	22.03	24.72	0.00	7.65	1.257	274
54.144	22.01	24.70	0.00	7.65	1.257	274
54.176	22.00	24.69	0.00	7.64	1.257	274
54.208	21.99	24.68	-0.00	7.64	1.257	274
54.240	21.99	24.68	0.00	7.64	1.257	274
54.272	21.99	24.68	0.00	7.64	1.257	274
54.304	22.01	24.70	0.00	7.65	1.257	274
54.336	22.03	24.72	0.00	7.64	1.257	274
54.368	22.04	24.73	-0.01	7.64	1.257	274
54.400	22.03	24.72	0.00	7.64	1.257	274
54.432	22.04	24.72	0.00	7.65	1.257	274
54.464	22.04	24.73	0.00	7.65	1.257	274
54.496	22.05	24.74	0.00	7.65	1.257	274
54.528	22.07	24.76	0.00	7.64	1.257	274
54.560	22.09	24.78	0.00	7.65	1.257	274
54.592	22.12	24.81	0.00	7.65	1.261	275
54.624	22.15	24.84	0.00	7.65	1.261	275
54.656	22.19	24.88	-0.00	7.64	1.261	275
54.688	22.23	24.92	-0.00	7.64	1.261	275
54.720	22.25	24.93	0.00	7.64	1.261	275
54.752	22.24	24.92	-0.00	7.64	1.261	275
54.784	22.21	24.90	0.00	7.65	1.261	275
54.816	22.19	24.88	0.00	7.65	1.261	275
54.848	22.19	24.87	-0.00	7.64	1.261	275
54.880	22.17	24.86	-0.00	7.64	1.261	275
54.912	22.17	24.86	0.00	7.64	1.261	275
54.944	22.17	24.86	0.01	7.65	1.261	275
54.976	22.18	24.87	0.00	7.65	1.261	275
55.008	22.18	24.86	0.00	7.65	1.261	275
55.040	22.17	24.86	0.00	7.64	1.261	275
55.072	22.18	24.86	0.00	7.65	1.261	275
55.104	22.18	24.87	0.00	7.65	1.261	275
55.136	22.20	24.89	-0.00	7.64	1.261	275
55.168	22.23	24.92	-0.00	7.64	1.261	275
55.200	22.25	24.94	0.00	7.64	1.261	275
55.232	22.26	24.95	0.00	7.64	1.261	275
55.264	22.26	24.95	0.00	7.65	1.261	275
55.296	22.26	24.94	0.00	7.64	1.261	275
55.328	22.23	24.92	-0.00	7.64	1.261	275
55.360	22.19	24.88	0.00	7.64	1.261	275
55.392	22.17	24.85	0.00	7.65	1.261	275
55.424	22.16	24.85	0.00	7.65	1.261	275
55.456	22.15	24.83	-0.00	7.64	1.261	275
55.488	22.13	24.82	-0.00	7.64	1.261	275
55.520	22.12	24.81	-0.01	7.64	1.261	275
55.552	22.13	24.82	-0.00	7.64	1.261	275
55.584	22.13	24.82	0.00	7.65	1.261	275
55.616	22.14	24.83	-0.00	7.64	1.261	275
55.648	22.15	24.84	0.00	7.65	1.261	275
55.680	22.15	24.84	-0.00	7.64	1.261	275
55.712	22.15	24.84	-0.00	7.64	1.261	275
55.744	22.16	24.85	0.00	7.65	1.261	275
55.776	22.17	24.85	0.00	7.65	1.261	275
55.808	22.15	24.84	0.00	7.64	1.261	275
55.840	22.13	24.81	-0.00	7.64	1.261	275
55.872	22.10	24.79	0.00	7.64	1.261	275
55.904	22.07	24.76	0.00	7.64	1.261	275
55.936	22.06	24.75	0.00	7.64	1.261	275
55.968	22.05	24.74	0.00	7.64	1.261	275
56.000	22.05	24.74	-0.00	7.64	1.257	274
56.032	22.06	24.75	0.00	7.64	1.257	274
56.064	22.05	24.73	0.00	7.65	1.257	274
56.096	22.05	24.73	0.00	7.64	1.257	274
56.128	22.06	24.75	0.00	7.64	1.257	274
56.160	22.07	24.75	0.00	7.65	1.257	274
56.192	22.09	24.77	-0.00	7.64	1.257	274
56.224	22.10	24.78	0.00	7.65	1.257	274
56.256	22.11	24.80	0.00	7.65	1.257	274
56.288	22.11	24.80	-0.00	7.64	1.257	274
56.320	22.11	24.80	0.00	7.65	1.257	274
56.352	22.10	24.79	0.00	7.64	1.257	274
56.384	22.09	24.78	0.00	7.65	1.257	274
56.416	22.06	24.75	0.00	7.65	1.257	274
56.448	22.05	24.74	0.00	7.64	1.257	274
56.480	22.05	24.74	-0.00	7.64	1.257	274
56.512	22.06	24.75	-0.00	7.64	1.257	274
56.544	22.06	24.75	-0.00	7.64	1.257	274
56.576	22.07	24.76	-0.00	7.64	1.257	274
56.608	22.07	24.76	0.00	7.64	1.257	274
56.640	22.08	24.77	-0.00	7.64	1.257	274
56.672	22.09	24.77	-0.00	7.64	1.257	274
56.704	22.09	24.78	0.00	7.64	1.257	274
56.736	22.09	24.78	-0.00	7.64	1.257	274
56.768	22.09	24.78	0.00	7.64	1.257	274
56.800	22.07	24.75	0.00	7.65	1.257	274
56.832	22.06	24.74	-0.00	7.64	1.257	274
56.864	22.04	24.72	0.00	7.65	1.257	274
56.896	22.01	24.70	0.00	7.64	1.257	274
56.928	22.00	24.69	-0.00	7.64	1.261	275
56.960	22.01	24.69	0.00	7.64	1.261	275
56.992	22.03	24.72	0.00	7.64	1.261	275
57.024	22.04	24.73	0.00	7.64	1.261	275
57.056	22.06	24.75	0.00	7.64	1.261	275
57.088	22.08	24.77	-0.00	7.64	1.261	275
57.120	22.08	24.77	-0.00	7.64	1.261	275
57.152	22.07	24.76	-0.00	7.64	1.261	275
57.184	22.07	24.75	0.00	7.65	1.261	275
57.216	22.07	24.76	0.00	7.64	1.261	275
57.248	22.06	24.74	-0.00	7.64	1.261	275
57.280	22.05	24.74	-0.00	7.64	1.261	275
57.312	22.05	24.74	0.00	7.64	1.261	275
57.344	22.04	24.73	0.00	7.65	1.261	275
57.376	22.04	24.72	0.00	7.65	1.261	275
57.408	22.03	24.72	0.00	7.64	1.257	274
57.440	22.04	24.72	0.00	7.64	1.257	274
57.472	22.03	24.72	-0.00	7.64	1.257	274
57.504	22.04	24.72	0.00	7.65	1.257	274
57.536	22.05	24.74	0.00	7.65	1.257	274
57.568	22.05	24.74	0.00	7.64	1.257	274
57.600	22.06	24.75	-0.00	7.64	1.257	274
57.632	22.07	24.75	-0.00	7.64	1.257	274
57.664	22.07	24.76	0.00	7.65	1.257	274
57.696	22.08	24.77	-0.00	7.64	1.257	274
57.728	22.08	24.77	-0.00	7.64	1.257	274
57.760	22.07	24.76	0.00	7.64	1.257	274
57.792	22.06	24.75	0.00	7.65	1.257	274
57.824	22.05	24.73	0.01	7.65	1.257	274
57.856	22.03	24.72	0.00	7.65	1.257	274
57.888	22.03	24.72	-0.00	7.64	1.257	274
57.920	22.02	24.71	-0.00	7.64	1.257	274
57.952	22.00	24.69	-0.00	7.64	1.257	274
57.984	22.00	24.68	0.00	7.65	1.257	274
58.016	22.00	24.69	0.00	7.64	1.257	274
58.048	22.01	24.70	0.00	7.64	1.257	274
58.080	22.02	24.71	0.00	7.65	1.257	274
58.112	22.04	24.72	-0.00	7.64	1.257	274
58.144	22.06	24.74	0.00	7.64	1.257	274
58.176	22.09	24.78	0.00	7.65	1.257	274
58.208	22.09	24.78	-0.00	7.64	1.257	274
58.240	22.09	24.78	-0.00	7.64	1.257	274
58.272	22.10	24.79	0.00	7.64	1.257	274
58.304	22.10	24.79	0.00	7.65	1.257	274
58.336	22.08	24.77	-0.01	7.64	1.257	274
58.368	22.06	24.75	-0.01	7.64	1.257	274
58.400	22.04	24.73	0.00	7.64	1.257	274
58.432	22.01	24.70	0.00	7.65	1.257	274
58.464	21.99	24.68	0.00	7.65	1.257	274
58.496	22.00	24.69	0.00	7.65	1.257	274
58.528	22.01	24.69	-0.00	7.64	1.257	274
58.560	22.00	24.69	-0.00	7.64	1.257	274
58.592	21.99	24.67	0.00	7.65	1.257	274
58.624	21.98	24.66	0.00	7.65	1.257	274
58.656	21.98	24.66	0.00	7.64	1.257	274
58.688	21.97	24.66	-0.00	7.64	1.257	274
58.720	21.96	24.65	-0.00	7.64	1.257	274
58.752	21.96	24.65	-0.00	7.64	1.257	274
58.784	21.97	24.66	0.01	7.65	1.257	274
58.816	21.97	24.66	0.00	7.64	1.252	273
58.848	21.97	24.66	0.00	7.65	1.252	273
58.880	21.98	24.66	-0.00	7.64	1.252	273
58.912	21.96	24.65	0.00	7.64	1.252	273
58.944	21.96	24.65	0.00	7.64	1.252	273
58.976	21.96	24.65	-0.00	7.64	1.252	273
59.008	21.97	24.66	0.00	7.65	1.252	273
59.040	21.98	24.67	0.00	7.64	1.252	273
59.072	21.99	24.68	0.00	7.65	1.252	273
59.104	22.00	24.69	0.00	7.65	1.252	273
59.136	22.02	24.70	0.00	7.65	1.252	273
59.168	22.01	24.70	-0.00	7.64	1.252	273
59.200	22.00	24.69	-0.00	7.64	1.252	273
59.232	21.99	24.68	0.00	7.65	1.252	273
59.264	21.99	24.68	0.00	7.65	1.252	273
59.296	21.98	24.67	0.00	7.64	1.257	274
59.328	21.97	24.66	-0.00	7.64	1.257	274
59.360	21.97	24.65	0.00	7.64	1.257	274
59.392	21.95	24.64	0.00	7.64	1.257	274
59.424	21.94	24.63	0.00	7.65	1.257	274
59.456	21.93	24.62	0.00	7.65	1.257	274
59.488	21.93	24.62	0.00	7.65	1.257	274
59.520	21.95	24.64	0.00	7.65	1.257	274
59.552	21.96	24.65	0.00	7.64	1.257	274
59.584	21.96	24.65	0.00	7.64	1.257	274
59.616	21.96	24.65	-0.00	7.64	1.257	274
59.648	21.95	24.64	0.00	7.64	1.257	274
59.680	21.94	24.63	-0.00	7.64	1.257	274
59.712	21.94	24.63	0.00	7.64	1.257	274
59.744	21.95	24.63	0.00	7.64	1.257	274
59.776	21.94	24.63	0.00	7.65	1.257	274
59.808	21.95	24.64	-0.00	7.64	1.257	274
59.840	21.96	24.65	0.00	7.64	1.257	274
59.872	21.95	24.63	-0.00	7.64	1.257	274
59.904	21.96	24.65	-0.00	7.64	1.257	274
59.936	21.98	24.67	0.00	7.65	1.257	274
59.968	21.98	24.67	0.00	7.64	1.257	274
60.000	21.98	24.67	0.00	7.65	1.257	274
60.032	21.98	24.67	0.00	7.65	1.257	274
60.064	21.98	24.67	0.00	7.64	1.257	274
60.096	22.00	24.68	0.00	7.65	1.257	274
60.128	21.99	24.68	0.00	7.65	1.257	274
60.160	21.98	24.67	0.00	7.64	1.257	274
60.192	21.97	24.66	0.00	7.64	1.257	274
60.224	21.95	24.64	0.00	7.64	1.252	273
60.256	21.94	24.63	0.00	7.64	1.252	273
60.288	21.95	24.63	-0.00	7.64	1.252	273
60.320	21.94	24.63	0.00	7.65	1.252	273
60.352	21.94	24.63	-0.00	7.64	1.252	273
60.384	21.95	24.64	0.00	7.64	1.252	273
60.416	21.95	24.64	0.00	7.65	1.252	273
60.448	21.94	24.63	-0.00	7.64	1.252	273
60.480	21.94	24.63	-0.00	7.64	1.252	273
60.512	21.95	24.64	0.00	7.65	1.252	273
60.544	21.94	24.63	0.00	7.65	1.252	273
60.576	21.93	24.62	0.00	7.65	1.252	273
60.608	21.93	24.61	0.00	7.65	1.252	273
60.640	21.92	24.60	0.00	7.64	1.252	273
60.672	21.92	24.61	0.00	7.65	1.252	273
60.704	21.91	24.60	0.00	7.65	1.252	273
60.736	21.89	24.58	0.00	7.64	1.252	273
60.768	21.89	24.57	-0.00	7.64	1.252	273
60.800	21.92	24.60	-0.00	7.64	1.252	273
60.832	21.95	24.63	0.00	7.65	1.252	273
60.864	22.00	24.69	0.00	7.65	1.252	273
60.896	22.04	24.73	0.00	7.65	1.252	273
60.928	22.06	24.74	0.00	7.64	1.252	273
60.960	22.05	24.74	0.00	7.64	1.252	273
60.992	22.04	24.72	-0.00	7.64	1.252	273
61.024	22.02	24.71	0.00	7.64	1.252	273
61.056	22.00	24.69	0.00	7.65	1.252	273
61.088	21.98	24.67	0.00	7.65	1.252	273
61.120	21.97	24.66	-0.00	7.64	1.252	273
61.152	21.97	24.65	0.00	7.64	1.257	274
61.184	21.97	24.66	0.00	7.64	1.257	274
61.216	21.99	24.68	0.00	7.64	1.257	274
61.248	22.01	24.69	0.00	7.64	1.257	274
61.280	22.02	24.70	-0.00	7.64	1.257	274
61.312	22.03	24.71	-0.00	7.64	1.257	274
61.344	22.03	24.72	0.00	7.64	1.257	274
61.376	22.04	24.73	0.00	7.65	1.257	274
61.408	21.68	24.37	0.00	7.65	1.257	274
61.440	19.26	21.94	0.00	7.64	1.257	274
61.472	16.09	18.78	-0.00	7.64	1.257	274
61.504	12.77	15.46	-0.00	7.64	1.257	274
61.536	10.01	12.70	0.00	7.65	1.257	274
61.568	7.62	10.31	-0.00	7.64	1.257	274
61.600	5.63	8.32	-0.00	7.64	1.257	274
61.632	4.03	6.72	0.00	7.64	0.821	179
61.664	2.76	5.45	-0.00	7.64	0.821	179
61.696	1.76	4.45	-0.00	7.64	0.821	179
61.728	0.99	3.68	-0.00	7.64	0.821	179
61.760	0.41	3.10	0.00	7.64	0.821	179
61.792	0.01	2.70	0.00	7.64	0.821	179
61.824	-0.26	2.43	0.00	7.65	0.821	179
61.856	-0.43	2.26	0.00	7.64	0.821	179
61.888	-0.50	2.18	0.00	7.64	0.821	179
61.920	-0.52	2.17	0.00	7.64	0.821	179
61.952	-0.48	2.21	0.00	7.64	0.821	179
61.984	-0.41	2.28	-0.00	7.64	0.821	179
62.016	-0.32	2.37	0.00	7.65	0.821	179
62.048	-0.22	2.46	0.00	7.64	0.821	179
62.080	-0.13	2.56	-0.00	7.64	0.018	4
62.112	-0.04	2.65	0.00	7.65	0.018	4
62.144	0.04	2.73	0.00	7.65	0.018	4
62.176	0.10	2.79	0.00	7.65	0.018	4
62.208	0.15	2.83	0.00	7.64	0.018	4
62.240	0.18	2.86	0.00	7.65	0.018	4
62.272	0.19	2.88	0.00	7.64	0.018	4
62.304	0.19	2.88	0.01	7.65	0.018	4
62.336	0.18	2.87	0.00	7.65	0.018	4
62.368	0.16	2.85	0.00	7.64	0.018	4
62.400	0.13	2.82	-0.00	7.64	0.018	4
62.432	0.11	2.80	0.00	7.64	0.018	4
62.464	0.08	2.76	0.00	7.65	0.018	4
62.496	0.05	2.73	0.00	7.65	0.018	4
62.528	0.02	2.71	0.00	7.64	0.018	4
62.560	0.00	2.69	-0.00	7.64	0.000	0
62.592	-0.01	2.68	-0.00	7.64	0.000	0
62.624	-0.03	2.66	0.00	7.65	0.000	0
62.656	-0.04	2.65	0.00	7.65	0.000	0
62.688	-0.04	2.65	0.00	7.64	0.000	0
62.720	-0.07	2.61	-0.00	7.64	0.000	0
62.752	-0.07	2.62	0.00	7.65	0.000	0
62.784	-0.05	2.64	0.00	7.64	0.000	0
62.816	-0.05	2.64	0.00	7.64	0.000	0
62.848	-0.04	2.65	0.00	7.64	0.000	0
62.880	-0.04	2.64	0.00	7.64	0.000	0
62.912	-0.04	2.65	-0.00	7.64	0.000	0
62.944	0.00	2.69	-0.00	7.64	0.000	0
62.976	0.05	2.74	0.00	7.65	0.000	0
63.008	0.11	2.80	-0.00	7.64	0.000	0
63.040	0.14	2.83	0.00	7.64	0.000	0
63.072	0.18	2.87	0.00	7.64	0.000	0
63.104	0.17	2.86	0.00	7.64	0.000	0
63.136	0.13	2.82	0.00	7.65	0.000	0
63.168	0.09	2.78	0.00	7.64	0.000	0
63.200	0.06	2.75	-0.01	7.64	0.000	0
63.232	0.04	2.72	0.00	7.64	0.000	0
