Tempo(s)    P0(KPa) P0+Coluna(KPa)  P1(KPa) P1+Coluna(KPa)  Vazao(L/min)    Pulsos
0.000	-0.00	2.60	0.00	7.65	0.000	0
0.032	-0.00	2.60	-0.00	7.64	0.000	0
0.064	-0.00	2.60	-0.00	7.64	0.000	0
0.096	-0.00	2.60	0.00	7.65	0.000	0
0.128	-0.00	2.60	-0.00	7.64	0.000	0
0.160	-0.00	2.60	-0.01	7.64	0.000	0
0.192	-0.00	2.60	-0.00	7.64	0.000	0
0.224	-0.01	2.60	-0.00	7.64	0.000	0
0.256	-0.00	2.60	-0.00	7.64	0.000	0
0.288	-0.00	2.60	-0.00	7.64	0.000	0
0.320	-0.00	2.60	-0.00	7.64	0.000	0
0.352	-0.00	2.60	-0.00	7.64	0.000	0
0.384	-0.01	2.60	-0.00	7.64	0.000	0
0.416	-0.01	2.60	0.00	7.65	0.000	0
0.448	-0.00	2.60	0.00	7.65	0.000	0
0.480	-0.01	2.60	-0.00	7.64	0.000	0
0.512	-0.00	2.60	-0.00	7.64	0.000	0
0.544	-0.01	2.60	-0.00	7.64	0.000	0
0.576	-0.01	2.60	-0.00	7.64	0.000	0
0.608	-0.01	2.60	-0.00	7.64	0.000	0
0.640	-0.00	2.60	-0.01	7.64	0.000	0
0.672	-0.00	2.60	0.00	7.65	0.000	0
0.704	-0.00	2.60	-0.00	7.64	0.000	0
0.736	-0.00	2.60	0.00	7.65	0.000	0
0.768	-0.01	2.60	-0.00	7.64	0.000	0
0.800	-0.00	2.60	-0.01	7.64	0.000	0
0.832	-0.00	2.60	-0.00	7.64	0.000	0
0.864	-0.00	2.60	-0.00	7.64	0.000	0
0.896	-0.00	2.60	-0.00	7.64	0.000	0
0.928	-0.01	2.60	-0.00	7.64	0.000	0
0.960	-0.00	2.60	-0.00	7.64	0.000	0
0.992	-0.01	2.60	-0.00	7.64	0.000	0
1.024	-0.01	2.60	0.00	7.65	0.000	0
1.056	-0.01	2.60	-0.00	7.64	0.000	0
1.088	-0.01	2.60	-0.00	7.64	0.000	0
1.120	-0.01	2.60	-0.00	7.64	0.000	0
1.152	-0.01	2.60	-0.00	7.64	0.000	0
1.184	-0.01	2.60	0.00	7.65	0.000	0
1.216	-0.01	2.60	-0.00	7.64	0.000	0
1.248	-0.00	2.60	-0.00	7.64	0.000	0
1.280	-0.01	2.60	-0.00	7.64	0.000	0
1.312	-0.00	2.60	-0.00	7.64	0.000	0
1.344	-0.01	2.60	-0.00	7.64	0.000	0
1.376	-0.01	2.60	0.00	7.65	0.000	0
1.408	-0.00	2.60	-0.00	7.64	0.000	0
1.440	-0.00	2.60	-0.00	7.64	0.000	0
1.472	-0.01	2.60	0.00	7.65	0.000	0
1.504	-0.01	2.60	-0.00	7.64	0.000	0
1.536	-0.01	2.60	-0.00	7.64	0.000	0
1.568	-0.01	2.60	-0.00	7.64	0.000	0
1.600	-0.01	2.60	-0.00	7.64	0.000	0
1.632	-0.01	2.60	-0.00	7.64	0.000	0
1.664	-0.01	2.60	-0.00	7.64	0.000	0
1.696	-0.01	2.60	0.00	7.65	0.000	0
1.728	-0.01	2.60	-0.00	7.64	0.000	0
1.760	0.29	2.89	-0.00	7.64	0.000	0
1.792	1.56	4.17	-0.00	7.64	0.000	0
1.824	3.46	6.06	-0.00	7.64	0.000	0
1.856	5.54	8.14	-0.00	7.64	0.000	0
1.888	7.56	10.16	-0.00	7.64	0.000	0
1.920	9.42	12.03	-0.00	7.64	0.000	0
1.952	11.12	13.73	-0.00	7.64	0.000	0
1.984	12.64	15.24	-0.00	7.64	0.000	0
2.016	13.97	16.58	0.00	7.65	0.000	0
2.048	15.12	17.73	0.00	7.65	0.000	0
2.080	16.10	18.71	-0.00	7.64	0.000	0
2.112	16.92	19.52	0.00	7.65	0.000	0
2.144	17.59	20.19	-0.00	7.64	0.000	0
2.176	18.13	20.74	-0.00	7.64	0.954	208
2.208	18.57	21.18	-0.00	7.64	0.954	208
2.240	18.92	21.52	-0.00	7.64	0.954	208
2.272	19.18	21.79	-0.00	7.64	0.954	208
2.304	19.37	21.98	-0.00	7.64	0.954	208
2.336	19.51	22.11	-0.00	7.64	0.954	208
2.368	19.60	22.21	-0.00	7.64	0.954	208
2.400	19.67	22.27	0.00	7.65	0.954	208
2.432	19.73	22.33	-0.01	7.64	0.954	208
2.464	19.76	22.36	-0.00	7.64	0.954	208
2.496	19.77	22.37	0.00	7.65	0.954	208
2.528	19.78	22.38	-0.00	7.64	0.954	208
2.560	19.80	22.40	-0.00	7.64	0.954	208
2.592	19.81	22.42	-0.00	7.64	0.954	208
2.624	19.83	22.43	-0.00	7.64	0.954	208
2.656	19.86	22.46	0.00	7.65	1.229	268
2.688	19.87	22.47	-0.00	7.64	1.229	268
2.720	19.87	22.47	-0.00	7.64	1.229	268
2.752	19.87	22.48	-0.00	7.64	1.229	268
2.784	19.87	22.47	-0.00	7.64	1.229	268
2.816	19.86	22.46	0.00	7.65	1.229	268
2.848	19.86	22.46	-0.00	7.64	1.229	268
2.880	19.87	22.47	-0.00	7.64	1.229	268
2.912	19.89	22.50	-0.00	7.64	1.229	268
2.944	19.89	22.50	-0.00	7.64	1.229	268
2.976	19.90	22.50	-0.00	7.64	1.229	268
3.008	19.90	22.50	-0.00	7.64	1.229	268
3.040	19.90	22.51	-0.00	7.64	1.229	268
3.072	19.90	22.50	-0.00	7.64	1.229	268
3.104	19.90	22.51	-0.00	7.64	1.234	269
3.136	19.91	22.51	-0.00	7.64	1.234	269
3.168	19.91	22.51	-0.00	7.64	1.234	269
3.200	19.91	22.51	-0.00	7.64	1.234	269
3.232	19.90	22.51	-0.00	7.64	1.234	269
3.264	19.92	22.52	-0.00	7.64	1.234	269
3.296	19.92	22.53	0.00	7.65	1.234	269
3.328	19.93	22.54	-0.00	7.64	1.234	269
3.360	19.96	22.56	-0.00	7.64	1.234	269
3.392	19.98	22.58	-0.00	7.64	1.234	269
3.424	20.01	22.61	0.00	7.65	1.234	269
3.456	20.04	22.65	-0.00	7.64	1.234	269
3.488	20.07	22.67	-0.00	7.64	1.234	269
3.520	20.09	22.69	-0.00	7.64	1.234	269
3.552	20.09	22.69	-0.00	7.64	1.234	269
3.584	20.10	22.70	-0.00	7.64	1.243	271
3.616	20.11	22.72	-0.00	7.64	1.243	271
3.648	20.11	22.72	-0.00	7.64	1.243	271
3.680	20.10	22.70	-0.00	7.64	1.243	271
3.712	20.09	22.69	-0.01	7.64	1.243	271
3.744	20.08	22.68	-0.00	7.64	1.243	271
3.776	20.06	22.66	-0.00	7.64	1.243	271
3.808	20.03	22.64	-0.00	7.64	1.243	271
3.840	20.02	22.63	-0.00	7.64	1.243	271
3.872	20.02	22.63	-0.00	7.64	1.243	271
3.904	20.03	22.63	-0.00	7.64	1.243	271
3.936	20.04	22.65	-0.00	7.64	1.243	271
3.968	20.06	22.66	-0.00	7.64	1.243	271
4.000	20.07	22.68	-0.00	7.64	1.243	271
4.032	20.07	22.68	-0.00	7.64	1.243	271
4.064	20.09	22.70	-0.00	7.64	1.243	271
4.096	20.11	22.72	0.00	7.65	1.243	271
4.128	20.12	22.72	-0.00	7.64	1.243	271
4.160	20.13	22.74	-0.00	7.64	1.243	271
4.192	20.14	22.75	-0.00	7.64	1.243	271
4.224	20.14	22.75	-0.00	7.64	1.243	271
4.256	20.13	22.74	-0.00	7.64	1.243	271
4.288	20.12	22.72	-0.00	7.64	1.243	271
4.320	20.11	22.71	-0.00	7.64	1.243	271
4.352	20.09	22.70	-0.00	7.64	1.243	271
4.384	20.10	22.71	-0.00	7.64	1.243	271
4.416	20.11	22.72	0.00	7.65	1.243	271
4.448	20.11	22.71	-0.00	7.64	1.243	271
4.480	20.10	22.70	-0.00	7.64	1.243	271
4.512	20.11	22.71	-0.00	7.64	1.243	271
4.544	20.13	22.73	-0.00	7.64	1.243	271
4.576	20.16	22.76	0.00	7.65	1.243	271
4.608	20.18	22.79	-0.00	7.64	1.243	271
4.640	20.21	22.81	-0.00	7.64	1.243	271
4.672	20.24	22.85	-0.00	7.64	1.243	271
4.704	20.27	22.87	-0.00	7.64	1.243	271
4.736	20.28	22.88	-0.00	7.64	1.243	271
4.768	20.28	22.88	-0.00	7.64	1.243	271
4.800	20.28	22.88	-0.00	7.64	1.243	271
4.832	20.28	22.88	-0.00	7.64	1.243	271
4.864	20.27	22.87	-0.00	7.64	1.243	271
4.896	20.26	22.86	-0.00	7.64	1.243	271
4.928	20.24	22.84	-0.00	7.64	1.243	271
4.960	20.22	22.82	-0.01	7.64	1.243	271
4.992	20.20	22.81	-0.00	7.64	1.243	271
5.024	20.18	22.78	-0.00	7.64	1.243	271
5.056	20.16	22.76	-0.00	7.64	1.243	271
5.088	20.15	22.76	-0.00	7.64	1.243	271
5.120	20.15	22.75	-0.00	7.64	1.243	271
5.152	20.14	22.74	-0.00	7.64	1.243	271
5.184	20.12	22.72	-0.01	7.64	1.243	271
5.216	20.09	22.69	-0.00	7.64	1.243	271
5.248	20.07	22.67	-0.00	7.64	1.243	271
5.280	20.07	22.67	-0.00	7.64	1.243	271
5.312	20.08	22.69	-0.00	7.64	1.243	271
5.344	20.08	22.69	-0.00	7.64	1.243	271
5.376	20.09	22.70	-0.00	7.64	1.243	271
5.408	20.11	22.71	-0.00	7.64	1.243	271
5.440	20.13	22.73	-0.00	7.64	1.248	272
5.472	20.14	22.75	-0.00	7.64	1.248	272
5.504	20.17	22.77	-0.00	7.64	1.248	272
5.536	20.18	22.79	-0.00	7.64	1.248	272
5.568	20.18	22.79	-0.00	7.64	1.248	272
5.600	20.17	22.77	-0.01	7.64	1.248	272
5.632	20.15	22.75	-0.00	7.64	1.248	272
5.664	20.14	22.74	-0.00	7.64	1.248	272
5.696	20.11	22.72	-0.00	7.64	1.248	272
5.728	20.09	22.70	0.00	7.65	1.248	272
5.760	20.09	22.69	-0.01	7.64	1.248	272
5.792	20.09	22.69	-0.00	7.64	1.248	272
5.824	20.08	22.68	-0.00	7.64	1.248	272
5.856	20.07	22.67	0.00	7.65	1.248	272
5.888	20.06	22.67	-0.00	7.64	1.248	272
5.920	20.05	22.65	-0.00	7.64	1.243	271
5.952	20.05	22.65	-0.00	7.64	1.243	271
5.984	20.06	22.66	-0.00	7.64	1.243	271
6.016	20.06	22.66	0.00	7.65	1.243	271
6.048	20.07	22.67	-0.00	7.64	1.243	271
6.080	20.08	22.68	-0.00	7.64	1.243	271
6.112	20.08	22.69	0.00	7.65	1.243	271
6.144	20.08	22.68	-0.00	7.64	1.243	271
6.176	20.05	22.66	-0.00	7.64	1.243	271
6.208	20.03	22.63	-0.00	7.64	1.243	271
6.240	20.02	22.63	-0.00	7.64	1.243	271
6.272	20.02	22.62	0.00	7.65	1.243	271
6.304	20.01	22.62	0.00	7.65	1.243	271
6.336	20.03	22.63	-0.00	7.64	1.243	271
6.368	20.05	22.65	-0.00	7.64	1.243	271
6.400	20.06	22.67	-0.00	7.64	1.243	271
6.432	20.09	22.69	-0.00	7.64	1.243	271
6.464	20.11	22.72	-0.00	7.64	1.243	271
6.496	20.13	22.73	-0.00	7.64	1.243	271
6.528	20.14	22.74	-0.00	7.64	1.243	271
6.560	20.14	22.74	-0.00	7.64	1.243	271
6.592	20.14	22.75	-0.00	7.64	1.243	271
6.624	20.12	22.73	-0.00	7.64	1.243	271
6.656	20.09	22.69	0.00	7.65	1.243	271
6.688	20.06	22.66	0.00	7.65	1.243	271
6.720	20.05	22.65	-0.00	7.64	1.243	271
6.752	20.03	22.64	-0.00	7.64	1.243	271
6.784	20.03	22.63	-0.00	7.64	1.243	271
6.816	20.02	22.63	-0.00	7.64	1.243	271
6.848	20.04	22.64	-0.00	7.64	1.243	271
6.880	20.06	22.66	-0.00	7.64	1.243	271
6.912	20.10	22.70	-0.00	7.64	1.243	271
6.944	20.12	22.72	-0.00	7.64	1.243	271
6.976	20.15	22.75	0.00	7.65	1.243	271
7.008	20.18	22.78	-0.00	7.64	1.243	271
7.040	20.19	22.80	-0.00	7.64	1.243	271
7.072	20.20	22.81	-0.00	7.64	1.243	271
7.104	20.20	22.80	-0.01	7.64	1.243	271
7.136	20.18	22.78	-0.00	7.64	1.243	271
7.168	20.16	22.77	-0.00	7.64	1.243	271
7.200	20.15	22.75	-0.00	7.64	1.243	271
7.232	20.15	22.75	-0.00	7.64	1.243	271
7.264	20.13	22.73	-0.00	7.64	1.243	271
7.296	20.12	22.72	-0.00	7.64	1.243	271
7.328	20.13	22.73	-0.00	7.64	1.239	270
7.360	20.13	22.73	-0.00	7.64	1.239	270
7.392	20.17	22.77	-0.00	7.64	1.239	270
7.424	20.19	22.79	-0.00	7.64	1.239	270
7.456	20.21	22.81	-0.00	7.64	1.239	270
7.488	20.22	22.82	-0.00	7.64	1.239	270
7.520	20.21	22.82	-0.00	7.64	1.239	270
7.552	20.20	22.80	-0.00	7.64	1.239	270
7.584	20.18	22.78	-0.00	7.64	1.239	270
7.616	20.15	22.75	0.00	7.65	1.239	270
7.648	20.13	22.74	-0.00	7.64	1.239	270
7.680	20.12	22.72	-0.00	7.64	1.239	270
7.712	20.10	22.70	-0.00	7.64	1.239	270
7.744	20.08	22.69	-0.00	7.64	1.239	270
7.776	20.07	22.67	0.00	7.65	1.243	271
7.808	20.05	22.65	-0.01	7.64	1.243	271
7.840	20.03	22.64	-0.00	7.64	1.243	271
7.872	20.04	22.64	-0.00	7.64	1.243	271
7.904	20.05	22.66	-0.00	7.64	1.243	271
7.936	20.06	22.67	-0.00	7.64	1.243	271
7.968	20.06	22.67	-0.00	7.64	1.243	271
8.000	20.06	22.67	-0.01	7.64	1.243	271
8.032	20.06	22.67	-0.00	7.64	1.243	271
8.064	20.07	22.67	-0.00	7.64	1.243	271
8.096	20.06	22.66	-0.00	7.64	1.243	271
8.128	20.05	22.65	-0.00	7.64	1.243	271
8.160	20.05	22.66	-0.00	7.64	1.243	271
8.192	20.04	22.65	-0.00	7.64	1.243	271
8.224	20.04	22.64	-0.00	7.64	1.243	271
8.256	20.03	22.63	-0.00	7.64	1.243	271
8.288	20.03	22.64	-0.00	7.64	1.243	271
8.320	20.05	22.65	-0.00	7.64	1.243	271
8.352	20.07	22.68	-0.00	7.64	1.243	271
8.384	20.12	22.72	0.00	7.65	1.243	271
8.416	20.15	22.75	0.00	7.65	1.243	271
8.448	20.18	22.78	-0.00	7.64	1.243	271
8.480	20.20	22.80	-0.01	7.64	1.243	271
8.512	20.21	22.82	-0.00	7.64	1.243	271
8.544	20.21	22.82	-0.00	7.64	1.243	271
8.576	20.19	22.80	-0.00	7.64	1.243	271
8.608	20.19	22.79	-0.00	7.64	1.243	271
8.640	20.19	22.80	-0.00	7.64	1.243	271
8.672	20.17	22.78	-0.00	7.64	1.243	271
8.704	20.16	22.76	0.00	7.65	1.243	271
8.736	20.14	22.75	-0.00	7.64	1.243	271
8.768	20.14	22.74	0.00	7.65	1.243	271
8.800	20.14	22.74	-0.00	7.64	1.243	271
8.832	20.16	22.76	-0.00	7.64	1.243	271
8.864	20.17	22.77	-0.00	7.64	1.243	271
8.896	20.18	22.78	0.00	7.65	1.243	271
8.928	20.19	22.79	-0.00	7.64	1.243	271
8.960	20.20	22.80	-0.01	7.64	1.243	271
8.992	20.21	22.82	-0.00	7.64	1.243	271
9.024	20.22	22.83	-0.00	7.64	1.243	271
9.056	20.23	22.83	-0.00	7.64	1.243	271
9.088	20.22	22.83	-0.00	7.64	1.243	271
9.120	20.21	22.81	-0.00	7.64	1.243	271
9.152	20.18	22.79	-0.00	7.64	1.243	271
9.184	20.17	22.77	-0.00	7.64	1.243	271
9.216	20.16	22.77	0.00	7.65	1.243	271
9.248	20.16	22.77	-0.00	7.64	1.243	271
9.280	20.15	22.76	0.00	7.65	1.243	271
9.312	20.17	22.77	-0.00	7.64	1.243	271
9.344	20.18	22.79	-0.00	7.64	1.243	271
9.376	20.21	22.81	0.00	7.65	1.243	271
9.408	20.22	22.82	-0.00	7.64	1.243	271
9.440	20.22	22.82	-0.00	7.64	1.243	271
9.472	20.21	22.81	-0.00	7.64	1.243	271
9.504	20.20	22.80	0.00	7.65	1.243	271
9.536	20.18	22.78	0.00	7.65	1.243	271
9.568	20.16	22.77	-0.00	7.64	1.243	271
9.600	20.16	22.76	-0.00	7.64	1.243	271
9.632	20.16	22.76	-0.00	7.64	1.243	271
9.664	20.17	22.77	-0.00	7.64	1.248	272
9.696	20.17	22.77	0.00	7.65	1.248	272
9.728	20.16	22.77	0.00	7.65	1.248	272
9.760	20.16	22.76	-0.00	7.64	1.248	272
9.792	20.16	22.76	-0.00	7.64	1.248	272
9.824	20.17	22.77	-0.00	7.64	1.248	272
9.856	20.17	22.77	0.00	7.65	1.248	272
9.888	20.18	22.78	-0.00	7.64	1.248	272
9.920	20.19	22.80	-0.00	7.64	1.248	272
9.952	20.21	22.81	-0.00	7.64	1.248	272
9.984	20.22	22.82	-0.00	7.64	1.248	272
10.016	20.20	22.81	0.00	7.65	1.248	272
10.048	20.18	22.79	-0.00	7.64	1.248	272
10.080	20.16	22.77	-0.00	7.64	1.248	272
10.112	20.16	22.76	-0.00	7.64	1.248	272
10.144	20.14	22.75	-0.00	7.64	1.248	272
10.176	20.14	22.74	0.00	7.65	1.248	272
10.208	20.13	22.74	-0.00	7.64	1.248	272
10.240	20.14	22.74	-0.00	7.64	1.248	272
10.272	20.16	22.77	-0.00	7.64	1.248	272
10.304	20.19	22.79	-0.00	7.64	1.248	272
10.336	20.20	22.80	0.00	7.65	1.248	272
10.368	20.21	22.82	-0.00	7.64	1.248	272
10.400	20.22	22.83	-0.00	7.64	1.248	272
10.432	20.23	22.84	0.00	7.65	1.248	272
10.464	20.22	22.83	-0.00	7.64	1.248	272
10.496	20.21	22.81	0.00	7.65	1.248	272
10.528	20.19	22.79	-0.00	7.64	1.248	272
10.560	20.18	22.79	-0.00	7.64	1.248	272
10.592	20.17	22.78	0.00	7.65	1.248	272
10.624	20.15	22.76	-0.00	7.64	1.248	272
10.656	20.14	22.74	0.00	7.65	1.248	272
10.688	20.13	22.74	-0.00	7.64	1.248	272
10.720	20.14	22.75	-0.00	7.64	1.248	272
10.752	20.14	22.75	-0.00	7.64	1.248	272
10.784	20.16	22.76	-0.00	7.64	1.248	272
10.816	20.17	22.78	-0.00	7.64	1.248	272
10.848	20.19	22.80	-0.00	7.64	1.248	272
10.880	20.22	22.82	-0.00	7.64	1.248	272
10.912	20.24	22.84	-0.00	7.64	1.248	272
10.944	20.23	22.83	-0.00	7.64	1.248	272
10.976	20.23	22.83	-0.00	7.64	1.248	272
11.008	20.22	22.83	-0.00	7.64	1.248	272
11.040	20.22	22.82	-0.00	7.64	1.248	272
11.072	20.21	22.81	-0.00	7.64	1.248	272
11.104	20.20	22.80	-0.00	7.64	1.248	272
11.136	20.21	22.81	-0.00	7.64	1.248	272
11.168	20.21	22.81	-0.00	7.64	1.248	272
11.200	20.22	22.82	-0.00	7.64	1.248	272
11.232	20.22	22.82	-0.00	7.64	1.248	272
11.264	20.22	22.83	0.00	7.65	1.248	272
11.296	20.22	22.83	-0.00	7.64	1.248	272
11.328	20.22	22.83	-0.00	7.64	1.248	272
11.360	20.22	22.82	-0.00	7.64	1.248	272
11.392	20.23	22.83	0.00	7.65	1.248	272
11.424	20.22	22.83	0.00	7.65	1.248	272
11.456	20.22	22.83	-0.00	7.64	1.248	272
11.488	20.22	22.82	-0.00	7.64	1.248	272
11.520	20.22	22.83	-0.00	7.64	1.248	272
11.552	20.22	22.83	-0.00	7.64	1.248	272
11.584	20.24	22.84	-0.00	7.64	1.248	272
11.616	20.26	22.86	-0.00	7.64	1.248	272
11.648	20.27	22.88	-0.00	7.64	1.248	272
11.680	20.29	22.90	-0.00	7.64	1.248	272
11.712	20.31	22.91	-0.00	7.64	1.248	272
11.744	20.32	22.92	-0.00	7.64	1.248	272
11.776	20.33	22.93	-0.00	7.64	1.248	272
11.808	20.32	22.93	-0.00	7.64	1.248	272
11.840	20.32	22.93	-0.00	7.64	1.248	272
11.872	20.32	22.93	-0.00	7.64	1.248	272
11.904	20.32	22.92	0.00	7.65	1.248	272
11.936	20.32	22.92	-0.00	7.64	1.248	272
11.968	20.32	22.93	-0.00	7.64	1.248	272
12.000	20.32	22.93	-0.00	7.64	1.252	273
12.032	20.32	22.92	0.00	7.65	1.252	273
12.064	20.32	22.92	-0.00	7.64	1.252	273
12.096	20.32	22.92	-0.00	7.64	1.252	273
12.128	20.32	22.93	-0.00	7.64	1.252	273
12.160	20.33	22.93	-0.00	7.64	1.252	273
12.192	20.32	22.92	-0.00	7.64	1.252	273
12.224	20.31	22.91	-0.00	7.64	1.252	273
12.256	20.30	22.90	-0.00	7.64	1.252	273
12.288	20.30	22.90	-0.00	7.64	1.252	273
12.320	20.31	22.91	-0.00	7.64	1.252	273
12.352	20.31	22.91	-0.00	7.64	1.252	273
12.384	20.30	22.90	-0.00	7.64	1.252	273
12.416	20.30	22.90	0.00	7.65	1.252	273
12.448	20.32	22.92	-0.00	7.64	1.252	273
12.480	20.31	22.91	-0.00	7.64	1.252	273
12.512	20.29	22.90	-0.00	7.64	1.252	273
12.544	20.30	22.91	-0.00	7.64	1.252	273
12.576	20.32	22.93	-0.00	7.64	1.252	273
12.608	20.33	22.93	-0.00	7.64	1.252	273
12.640	20.34	22.95	0.00	7.65	1.252	273
12.672	20.37	22.97	0.00	7.65	1.252	273
12.704	20.38	22.99	0.00	7.65	1.252	273
12.736	20.41	23.01	0.00	7.65	1.252	273
12.768	20.44	23.04	-0.00	7.64	1.252	273
12.800	20.46	23.06	-0.00	7.64	1.252	273
12.832	20.44	23.05	-0.00	7.64	1.252	273
12.864	20.41	23.02	0.00	7.65	1.252	273
12.896	20.39	22.99	-0.00	7.64	1.252	273
12.928	20.39	22.99	-0.01	7.64	1.252	273
12.960	20.37	22.98	-0.00	7.64	1.252	273
12.992	20.36	22.96	-0.00	7.64	1.252	273
13.024	20.35	22.95	0.00	7.65	1.252	273
13.056	20.33	22.94	0.00	7.65	1.252	273
13.088	20.34	22.94	-0.00	7.64	1.252	273
13.120	20.35	22.95	-0.00	7.64	1.252	273
13.152	20.36	22.97	-0.00	7.64	1.252	273
13.184	20.38	22.98	-0.00	7.64	1.252	273
13.216	20.39	23.00	-0.00	7.64	1.252	273
13.248	20.40	23.00	-0.00	7.64	1.252	273
13.280	20.39	22.99	-0.00	7.64	1.252	273
13.312	20.37	22.98	-0.00	7.64	1.252	273
13.344	20.34	22.94	0.00	7.65	1.252	273
13.376	20.31	22.92	-0.00	7.64	1.252	273
13.408	20.29	22.89	-0.00	7.64	1.252	273
13.440	20.26	22.87	-0.00	7.64	1.252	273
13.472	20.24	22.84	-0.00	7.64	1.252	273
13.504	20.23	22.84	-0.00	7.64	1.252	273
13.536	20.23	22.83	0.00	7.65	1.252	273
13.568	20.22	22.83	-0.00	7.64	1.252	273
13.600	20.23	22.83	-0.00	7.64	1.252	273
13.632	20.24	22.85	-0.00	7.64	1.252	273
13.664	20.26	22.87	0.01	7.65	1.252	273
13.696	20.27	22.87	0.00	7.65	1.252	273
13.728	20.29	22.90	-0.01	7.64	1.252	273
13.760	20.32	22.92	-0.00	7.64	1.252	273
13.792	20.32	22.92	-0.00	7.64	1.252	273
13.824	20.32	22.92	0.00	7.65	1.252	273
13.856	20.33	22.94	-0.00	7.64	1.252	273
13.888	20.36	22.96	-0.00	7.64	1.252	273
13.920	20.37	22.98	-0.00	7.64	1.252	273
13.952	20.38	22.99	-0.00	7.64	1.252	273
13.984	20.39	22.99	0.00	7.65	1.252	273
14.016	20.39	22.99	-0.00	7.64	1.252	273
14.048	20.38	22.98	-0.01	7.64	1.252	273
14.080	20.39	22.99	-0.00	7.64	1.252	273
14.112	20.37	22.97	-0.00	7.64	1.252	273
14.144	20.36	22.96	0.01	7.65	1.252	273
14.176	20.34	22.95	-0.00	7.64	1.252	273
14.208	20.31	22.92	-0.00	7.64	1.252	273
14.240	20.31	22.91	0.00	7.65	1.252	273
14.272	20.30	22.90	-0.00	7.64	1.252	273
14.304	20.30	22.90	-0.00	7.64	1.252	273
14.336	20.31	22.91	-0.00	7.64	1.252	273
14.368	20.34	22.94	0.00	7.65	1.252	273
14.400	20.36	22.97	-0.00	7.64	1.252	273
14.432	20.38	22.99	-0.00	7.64	1.252	273
14.464	20.40	23.00	0.00	7.65	1.252	273
14.496	20.40	23.01	-0.00	7.64	1.252	273
14.528	20.42	23.03	-0.00	7.64	1.252	273
14.560	20.44	23.04	-0.00	7.64	1.252	273
14.592	20.46	23.06	-0.00	7.64	1.252	273
14.624	20.47	23.08	0.00	7.65	1.252	273
14.656	20.48	23.09	-0.00	7.64	1.252	273
14.688	20.48	23.08	-0.00	7.64	1.252	273
14.720	20.49	23.09	-0.00	7.64	1.252	273
14.752	20.47	23.08	0.00	7.65	1.252	273
14.784	20.44	23.05	0.00	7.65	1.252	273
14.816	20.40	23.00	-0.00	7.64	1.257	274
14.848	20.37	22.98	-0.00	7.64	1.257	274
14.880	20.36	22.97	-0.00	7.64	1.257	274
14.912	20.37	22.97	0.00	7.65	1.257	274
14.944	20.37	22.97	0.00	7.65	1.257	274
14.976	20.37	22.97	0.00	7.65	1.257	274
15.008	20.39	23.00	0.00	7.65	1.257	274
15.040	20.41	23.02	-0.01	7.64	1.257	274
15.072	20.42	23.03	-0.00	7.64	1.257	274
15.104	20.42	23.02	0.00	7.65	1.257	274
15.136	20.40	23.00	-0.00	7.64	1.257	274
15.168	20.38	22.98	-0.00	7.64	1.257	274
15.200	20.37	22.97	-0.00	7.64	1.257	274
15.232	20.36	22.97	-0.00	7.64	1.257	274
15.264	20.36	22.97	-0.00	7.64	1.257	274
15.296	20.36	22.96	-0.00	7.64	1.257	274
15.328	20.35	22.96	-0.00	7.64	1.257	274
15.360	20.35	22.95	-0.00	7.64	1.257	274
15.392	20.35	22.95	-0.00	7.64	1.257	274
15.424	20.34	22.94	0.00	7.65	1.257	274
15.456	20.33	22.93	-0.00	7.64	1.257	274
15.488	20.33	22.94	-0.00	7.64	1.257	274
15.520	20.35	22.95	-0.00	7.64	1.257	274
15.552	20.36	22.97	-0.00	7.64	1.257	274
15.584	20.37	22.98	-0.00	7.64	1.257	274
15.616	20.37	22.97	0.00	7.65	1.257	274
15.648	20.38	22.98	-0.00	7.64	1.257	274
15.680	20.38	22.98	-0.00	7.64	1.257	274
15.712	20.38	22.98	-0.00	7.64	1.257	274
15.744	20.37	22.97	0.00	7.65	1.257	274
15.776	20.36	22.96	-0.00	7.64	1.257	274
15.808	20.35	22.95	-0.00	7.64	1.257	274
15.840	20.34	22.94	-0.00	7.64	1.257	274
15.872	20.33	22.93	0.00	7.65	1.257	274
15.904	20.32	22.93	0.00	7.65	1.257	274
15.936	20.33	22.93	-0.00	7.64	1.257	274
15.968	20.35	22.95	-0.00	7.64	1.257	274
16.000	20.38	22.99	0.00	7.65	1.257	274
16.032	20.39	23.00	-0.00	7.64	1.257	274
16.064	20.39	23.00	0.00	7.65	1.257	274
16.096	20.39	22.99	0.00	7.65	1.257	274
16.128	20.39	22.99	-0.00	7.64	1.257	274
16.160	20.38	22.98	-0.00	7.64	1.257	274
16.192	20.36	22.96	-0.00	7.64	1.257	274
16.224	20.36	22.96	0.00	7.65	1.252	273
16.256	20.35	22.96	0.00	7.65	1.252	273
16.288	20.36	22.96	-0.00	7.64	1.252	273
16.320	20.34	22.95	-0.00	7.64	1.252	273
16.352	20.32	22.93	-0.00	7.64	1.252	273
16.384	20.32	22.93	0.00	7.65	1.252	273
16.416	20.32	22.92	-0.00	7.64	1.252	273
16.448	20.32	22.93	-0.00	7.64	1.252	273
16.480	20.34	22.94	-0.00	7.64	1.252	273
16.512	20.36	22.96	-0.00	7.64	1.252	273
16.544	20.38	22.99	-0.00	7.64	1.252	273
16.576	20.39	23.00	0.00	7.65	1.252	273
16.608	20.40	23.00	-0.00	7.64	1.252	273
16.640	20.39	23.00	-0.00	7.64	1.252	273
16.672	20.38	22.99	-0.00	7.64	1.257	274
16.704	20.37	22.98	0.00	7.65	1.257	274
16.736	20.35	22.96	-0.00	7.64	1.257	274
16.768	20.33	22.94	-0.00	7.64	1.257	274
16.800	20.33	22.93	-0.00	7.64	1.257	274
16.832	20.34	22.95	-0.00	7.64	1.257	274
16.864	20.37	22.97	0.00	7.65	1.257	274
16.896	20.39	22.99	0.00	7.65	1.257	274
16.928	20.41	23.01	-0.00	7.64	1.257	274
16.960	20.43	23.04	-0.00	7.64	1.257	274
16.992	20.45	23.05	-0.00	7.64	1.257	274
17.024	20.44	23.05	-0.00	7.64	1.257	274
17.056	20.44	23.04	0.00	7.65	1.257	274
17.088	20.42	23.02	-0.00	7.64	1.257	274
17.120	20.39	22.99	-0.00	7.64	1.257	274
17.152	20.37	22.98	-0.00	7.64	1.257	274
17.184	20.36	22.96	0.00	7.65	1.257	274
17.216	20.37	22.97	-0.00	7.64	1.257	274
17.248	20.38	22.98	-0.00	7.64	1.257	274
17.280	20.38	22.99	-0.00	7.64	1.257	274
17.312	20.38	22.99	0.00	7.65	1.257	274
17.344	20.38	22.98	-0.00	7.64	1.257	274
17.376	20.39	23.00	0.00	7.65	1.257	274
17.408	20.41	23.02	0.00	7.65	1.257	274
17.440	20.43	23.03	-0.00	7.64	1.257	274
17.472	20.42	23.03	-0.00	7.64	1.257	274
17.504	20.42	23.02	0.00	7.65	1.257	274
17.536	20.41	23.01	-0.00	7.64	1.257	274
17.568	20.39	23.00	-0.00	7.64	1.257	274
17.600	20.37	22.97	-0.00	7.64	1.257	274
17.632	20.36	22.97	0.00	7.65	1.252	273
17.664	20.37	22.97	0.00	7.65	1.252	273
17.696	20.37	22.97	-0.00	7.64	1.252	273
17.728	20.37	22.97	-0.00	7.64	1.252	273
17.760	20.37	22.97	-0.00	7.64	1.252	273
17.792	20.37	22.97	-0.00	7.64	1.252	273
17.824	20.38	22.98	0.00	7.65	1.252	273
17.856	20.40	23.00	0.00	7.65	1.252	273
17.888	20.43	23.04	-0.00	7.64	1.252	273
17.920	20.44	23.04	-0.00	7.64	1.252	273
17.952	20.44	23.04	-0.00	7.64	1.252	273
17.984	20.44	23.05	0.00	7.65	1.252	273
18.016	20.44	23.04	-0.00	7.64	1.252	273
18.048	20.44	23.05	0.00	7.65	1.252	273
18.080	20.42	23.03	-0.00	7.64	1.257	274
18.112	20.43	23.03	-0.00	7.64	1.257	274
18.144	20.42	23.03	0.01	7.65	1.257	274
18.176	20.40	23.00	0.00	7.65	1.257	274
18.208	20.37	22.97	0.00	7.65	1.257	274
18.240	20.34	22.94	-0.00	7.64	1.257	274
18.272	20.32	22.92	-0.00	7.64	1.257	274
18.304	20.30	22.90	0.00	7.65	1.257	274
18.336	20.33	22.94	-0.00	7.64	1.257	274
18.368	20.38	22.98	-0.00	7.64	1.257	274
18.400	20.43	23.04	-0.00	7.64	1.257	274
18.432	20.48	23.08	0.00	7.65	1.257	274
18.464	20.51	23.12	0.00	7.65	1.257	274
18.496	20.54	23.14	-0.00	7.64	1.257	274
18.528	20.54	23.15	-0.00	7.64	1.257	274
18.560	20.53	23.14	0.00	7.65	1.257	274
18.592	20.52	23.13	0.00	7.65	1.257	274
18.624	20.51	23.12	0.00	7.65	1.257	274
18.656	20.49	23.10	-0.00	7.64	1.257	274
18.688	20.48	23.08	-0.00	7.64	1.257	274
18.720	20.45	23.05	-0.00	7.64	1.257	274
18.752	20.43	23.04	-0.00	7.64	1.257	274
18.784	20.41	23.02	0.00	7.65	1.257	274
18.816	20.43	23.03	0.00	7.65	1.257	274
18.848	20.45	23.05	-0.00	7.64	1.257	274
18.880	20.47	23.07	-0.00	7.64	1.257	274
18.912	20.48	23.09	0.00	7.65	1.257	274
18.944	20.51	23.11	0.00	7.65	1.257	274
18.976	20.52	23.12	0.00	7.65	1.257	274
19.008	20.51	23.11	-0.00	7.64	1.257	274
19.040	20.47	23.08	-0.00	7.64	1.261	275
19.072	20.43	23.03	-0.00	7.64	1.261	275
19.104	20.40	23.00	0.00	7.65	1.261	275
19.136	20.39	22.99	0.00	7.65	1.261	275
19.168	20.38	22.98	-0.00	7.64	1.261	275
19.200	20.38	22.99	-0.00	7.64	1.261	275
19.232	20.39	22.99	-0.00	7.64	1.261	275
19.264	20.39	22.99	0.00	7.65	1.261	275
19.296	20.41	23.01	0.00	7.65	1.261	275
19.328	20.43	23.03	-0.00	7.64	1.261	275
19.360	20.44	23.05	-0.00	7.64	1.261	275
19.392	20.44	23.04	-0.00	7.64	1.261	275
19.424	20.43	23.04	0.00	7.65	1.261	275
19.456	20.43	23.04	0.00	7.65	1.261	275
19.488	20.42	23.03	0.00	7.65	1.252	273
19.520	20.41	23.01	-0.00	7.64	1.252	273
19.552	20.40	23.00	-0.00	7.64	1.252	273
19.584	20.40	23.01	0.00	7.65	1.252	273
19.616	20.41	23.01	-0.00	7.64	1.252	273
19.648	20.42	23.02	-0.00	7.64	1.252	273
19.680	20.42	23.03	-0.00	7.64	1.252	273
19.712	20.43	23.03	0.01	7.65	1.252	273
19.744	20.42	23.03	0.00	7.65	1.252	273
19.776	20.43	23.03	-0.00	7.64	1.252	273
19.808	20.43	23.04	-0.00	7.64	1.252	273
19.840	20.43	23.03	0.00	7.65	1.252	273
19.872	20.42	23.03	0.00	7.65	1.252	273
19.904	20.41	23.02	0.00	7.65	1.252	273
19.936	20.39	22.99	0.00	7.65	1.252	273
19.968	20.37	22.97	-0.00	7.64	1.257	274
20.000	20.36	22.96	-0.00	7.64	1.257	274
20.032	20.36	22.96	0.00	7.65	1.257	274
20.064	20.36	22.97	0.00	7.65	1.257	274
20.096	20.37	22.97	0.00	7.65	1.257	274
20.128	20.38	22.98	-0.00	7.64	1.257	274
20.160	20.41	23.01	0.00	7.65	1.257	274
20.192	20.41	23.01	0.00	7.65	1.257	274
20.224	20.42	23.02	-0.00	7.64	1.257	274
20.256	20.43	23.03	0.00	7.65	1.257	274
20.288	20.44	23.04	0.00	7.65	1.257	274
20.320	20.45	23.06	-0.00	7.64	1.257	274
20.352	20.46	23.06	-0.00	7.64	1.257	274
20.384	20.44	23.04	0.00	7.65	1.257	274
20.416	20.43	23.03	0.00	7.65	1.261	275
20.448	20.42	23.02	-0.00	7.64	1.261	275
20.480	20.41	23.01	-0.00	7.64	1.261	275
20.512	20.41	23.01	-0.00	7.64	1.261	275
20.544	20.40	23.00	0.00	7.65	1.261	275
20.576	20.37	22.98	-0.00	7.64	1.261	275
20.608	20.35	22.96	0.00	7.65	1.261	275
20.640	20.34	22.95	-0.00	7.64	1.261	275
20.672	20.34	22.95	-0.00	7.64	1.261	275
20.704	20.36	22.96	0.00	7.65	1.261	275
20.736	20.36	22.97	0.00	7.65	1.261	275
20.768	20.37	22.97	-0.00	7.64	1.261	275
20.800	20.36	22.97	-0.00	7.64	1.261	275
20.832	20.36	22.97	0.00	7.65	1.261	275
20.864	20.38	22.98	0.01	7.65	1.261	275
20.896	20.40	23.00	-0.00	7.64	1.257	274
20.928	20.41	23.01	-0.00	7.64	1.257	274
20.960	20.42	23.03	-0.00	7.64	1.257	274
20.992	20.45	23.05	-0.00	7.64	1.257	274
21.024	20.45	23.06	0.00	7.65	1.257	274
21.056	20.45	23.05	-0.00	7.64	1.257	274
21.088	20.44	23.04	0.00	7.65	1.257	274
21.120	20.43	23.03	-0.00	7.64	1.257	274
21.152	20.42	23.03	0.00	7.65	1.257	274
21.184	20.43	23.03	0.00	7.65	1.257	274
21.216	20.42	23.03	0.00	7.65	1.257	274
21.248	20.41	23.01	-0.00	7.64	1.257	274
21.280	20.39	22.99	-0.00	7.64	1.257	274
21.312	20.39	23.00	0.00	7.65	1.257	274
21.344	20.39	22.99	0.00	7.65	1.257	274
21.376	20.39	22.99	0.00	7.65	1.257	274
21.408	20.38	22.98	0.00	7.65	1.257	274
21.440	20.38	22.99	0.00	7.65	1.257	274
21.472	20.39	22.99	0.00	7.65	1.257	274
21.504	20.39	22.99	0.00	7.65	1.257	274
21.536	20.39	23.00	0.00	7.65	1.257	274
21.568	20.41	23.02	-0.00	7.64	1.257	274
21.600	20.43	23.03	0.00	7.65	1.257	274
21.632	20.45	23.05	-0.00	7.64	1.257	274
21.664	20.46	23.07	0.00	7.65	1.257	274
21.696	20.47	23.07	0.00	7.65	1.257	274
21.728	20.46	23.06	-0.00	7.64	1.257	274
21.760	20.45	23.06	0.00	7.65	1.257	274
21.792	20.45	23.05	-0.00	7.64	1.257	274
21.824	20.43	23.03	0.00	7.65	1.261	275
21.856	20.38	22.98	0.00	7.65	1.261	275
21.888	20.32	22.93	0.00	7.65	1.261	275
21.920	20.30	22.90	-0.00	7.64	1.261	275
21.952	20.28	22.88	-0.00	7.64	1.261	275
21.984	20.25	22.85	-0.00	7.64	1.261	275
22.016	20.23	22.83	0.00	7.65	1.261	275
22.048	20.22	22.83	0.00	7.65	1.261	275
22.080	20.23	22.83	0.00	7.65	1.261	275
22.112	20.25	22.85	0.00	7.65	1.261	275
22.144	20.29	22.89	0.00	7.65	1.261	275
22.176	20.31	22.92	0.00	7.65	1.261	275
22.208	20.34	22.94	-0.00	7.64	1.261	275
22.240	20.34	22.95	0.00	7.65	1.261	275
22.272	20.35	22.95	0.00	7.65	1.261	275
22.304	20.37	22.97	0.01	7.65	1.252	273
22.336	20.36	22.96	0.00	7.65	1.252	273
22.368	20.36	22.96	-0.00	7.64	1.252	273
22.400	20.37	22.98	-0.00	7.64	1.252	273
22.432	20.39	22.99	-0.00	7.64	1.252	273
22.464	20.41	23.01	0.00	7.65	1.252	273
22.496	20.41	23.01	-0.00	7.64	1.252	273
22.528	20.41	23.01	-0.00	7.64	1.252	273
22.560	20.41	23.01	-0.00	7.64	1.252	273
22.592	20.42	23.02	-0.00	7.64	1.252	273
22.624	20.44	23.04	0.00	7.65	1.252	273
22.656	20.45	23.05	0.01	7.65	1.252	273
22.688	20.46	23.06	0.00	7.65	1.252	273
22.720	20.48	23.08	0.00	7.65	1.252	273
22.752	20.48	23.09	-0.00	7.64	1.252	273
22.784	20.48	23.08	0.00	7.65	1.261	275
22.816	20.46	23.06	-0.00	7.64	1.261	275
22.848	20.44	23.04	-0.00	7.64	1.261	275
22.880	20.42	23.02	-0.00	7.64	1.261	275
22.912	20.41	23.01	-0.00	7.64	1.261	275
22.944	20.41	23.01	0.00	7.65	1.261	275
22.976	20.41	23.02	0.00	7.65	1.261	275
23.008	20.42	23.02	-0.00	7.64	1.261	275
23.040	20.43	23.03	-0.00	7.64	1.261	275
23.072	20.45	23.05	0.00	7.65	1.261	275
23.104	20.46	23.07	-0.00	7.64	1.261	275
23.136	20.47	23.08	0.00	7.65	1.261	275
23.168	20.48	23.09	0.00	7.65	1.261	275
23.200	20.48	23.08	-0.00	7.64	1.261	275
23.232	20.48	23.09	0.00	7.65	1.261	275
23.264	20.49	23.09	0.01	7.65	1.261	275
23.296	20.49	23.10	0.00	7.65	1.261	275
23.328	20.51	23.12	0.00	7.65	1.261	275
23.360	20.54	23.15	0.00	7.65	1.261	275
23.392	20.57	23.17	0.00	7.65	1.261	275
23.424	20.59	23.19	0.00	7.65	1.261	275
23.456	20.61	23.21	-0.00	7.64	1.261	275
23.488	20.63	23.23	-0.00	7.64	1.261	275
23.520	20.63	23.23	-0.00	7.64	1.261	275
23.552	20.63	23.23	-0.00	7.64	1.261	275
23.584	20.63	23.23	0.00	7.65	1.261	275
23.616	20.62	23.23	-0.00	7.64	1.261	275
23.648	20.61	23.21	-0.00	7.64	1.261	275
23.680	20.60	23.20	-0.00	7.64	1.261	275
23.712	20.58	23.19	-0.00	7.64	1.261	275
23.744	20.56	23.17	0.01	7.65	1.261	275
23.776	20.54	23.15	0.00	7.65	1.261	275
23.808	20.52	23.13	-0.00	7.64	1.261	275
23.840	20.50	23.10	-0.00	7.64	1.261	275
23.872	20.48	23.09	0.00	7.65	1.261	275
23.904	20.46	23.06	0.00	7.65	1.261	275
23.936	20.46	23.06	0.00	7.65	1.261	275
23.968	20.46	23.06	-0.00	7.64	1.261	275
24.000	20.48	23.09	-0.00	7.64	1.261	275
24.032	20.51	23.11	0.00	7.65	1.261	275
24.064	20.54	23.14	-0.00	7.64	1.261	275
24.096	20.56	23.16	-0.00	7.64	1.261	275
24.128	20.58	23.18	-0.00	7.64	1.261	275
24.160	20.59	23.19	-0.00	7.64	1.266	276
24.192	20.58	23.18	0.00	7.65	1.266	276
24.224	20.56	23.16	0.00	7.65	1.266	276
24.256	20.53	23.14	-0.00	7.64	1.266	276
24.288	20.51	23.11	-0.00	7.64	1.266	276
24.320	20.51	23.12	0.00	7.65	1.266	276
24.352	20.51	23.11	0.00	7.65	1.266	276
24.384	20.52	23.12	0.00	7.65	1.266	276
24.416	20.53	23.13	-0.00	7.64	1.266	276
24.448	20.53	23.13	-0.00	7.64	1.266	276
24.480	20.54	23.15	-0.00	7.64	1.266	276
24.512	20.55	23.15	0.00	7.65	1.266	276
24.544	20.54	23.15	0.00	7.65	1.266	276
24.576	20.54	23.14	-0.00	7.64	1.266	276
24.608	20.53	23.14	-0.00	7.64	1.266	276
24.640	20.54	23.15	-0.00	7.64	1.257	274
24.672	20.54	23.15	-0.00	7.64	1.257	274
24.704	20.54	23.14	0.00	7.65	1.257	274
24.736	20.52	23.13	0.00	7.65	1.257	274
24.768	20.52	23.13	-0.00	7.64	1.257	274
24.800	20.52	23.13	0.00	7.65	1.257	274
24.832	20.52	23.12	0.00	7.65	1.257	274
24.864	20.52	23.12	0.00	7.65	1.257	274
24.896	20.51	23.12	0.00	7.65	1.257	274
24.928	20.51	23.11	-0.00	7.64	1.257	274
24.960	20.52	23.12	-0.00	7.64	1.257	274
24.992	20.53	23.13	0.00	7.65	1.257	274
25.024	20.54	23.14	0.00	7.65	1.257	274
25.056	20.55	23.15	-0.00	7.64	1.257	274
25.088	20.56	23.17	-0.00	7.64	1.257	274
25.120	20.58	23.19	0.00	7.65	1.261	275
25.152	20.59	23.19	0.00	7.65	1.261	275
25.184	20.57	23.18	0.00	7.65	1.261	275
25.216	20.56	23.16	-0.00	7.64	1.261	275
25.248	20.54	23.14	-0.00	7.64	1.261	275
25.280	20.52	23.13	-0.00	7.64	1.261	275
25.312	20.51	23.11	-0.00	7.64	1.261	275
25.344	20.50	23.10	0.00	7.65	1.261	275
25.376	20.51	23.11	-0.00	7.64	1.261	275
25.408	20.52	23.12	-0.00	7.64	1.261	275
25.440	20.54	23.15	0.00	7.65	1.261	275
25.472	20.58	23.18	0.00	7.65	1.261	275
25.504	20.61	23.21	0.01	7.65	1.261	275
25.536	20.62	23.22	0.00	7.65	1.261	275
25.568	20.62	23.22	-0.00	7.64	1.266	276
25.600	20.61	23.21	-0.00	7.64	1.266	276
25.632	20.57	23.17	-0.00	7.64	1.266	276
25.664	20.54	23.14	0.00	7.65	1.266	276
25.696	20.51	23.12	-0.00	7.64	1.266	276
25.728	20.51	23.11	-0.00	7.64	1.266	276
25.760	20.51	23.11	-0.00	7.64	1.266	276
25.792	20.50	23.11	0.00	7.65	1.266	276
25.824	20.51	23.11	0.00	7.65	1.266	276
25.856	20.53	23.13	-0.00	7.64	1.266	276
25.888	20.55	23.16	-0.00	7.64	1.266	276
25.920	20.59	23.19	-0.00	7.64	1.266	276
25.952	20.61	23.21	-0.00	7.64	1.266	276
25.984	20.62	23.22	0.00	7.65	1.266	276
26.016	20.62	23.22	0.00	7.65	1.266	276
26.048	20.61	23.21	-0.00	7.64	1.261	275
26.080	20.61	23.21	-0.00	7.64	1.261	275
26.112	20.59	23.19	0.00	7.65	1.261	275
26.144	20.57	23.18	0.00	7.65	1.261	275
26.176	20.57	23.18	-0.00	7.64	1.261	275
26.208	20.58	23.18	0.00	7.65	1.261	275
26.240	20.58	23.18	-0.00	7.64	1.261	275
26.272	20.57	23.17	0.00	7.65	1.261	275
26.304	20.56	23.16	0.00	7.65	1.261	275
26.336	20.54	23.14	-0.00	7.64	1.261	275
26.368	20.54	23.14	-0.00	7.64	1.261	275
26.400	20.55	23.15	0.00	7.65	1.261	275
26.432	20.56	23.16	-0.00	7.64	1.261	275
26.464	20.56	23.16	-0.00	7.64	1.261	275
26.496	20.56	23.16	0.00	7.65	1.261	275
26.528	20.55	23.16	0.00	7.65	1.261	275
26.560	20.54	23.14	-0.00	7.64	1.261	275
26.592	20.53	23.13	0.00	7.65	1.261	275
26.624	20.52	23.12	0.00	7.65	1.261	275
26.656	20.52	23.12	0.00	7.65	1.261	275
26.688	20.52	23.13	0.00	7.65	1.261	275
26.720	20.52	23.13	0.00	7.65	1.261	275
26.752	20.53	23.13	0.00	7.65	1.261	275
26.784	20.53	23.13	-0.00	7.64	1.261	275
26.816	20.52	23.12	-0.00	7.64	1.261	275
26.848	20.51	23.11	0.00	7.65	1.261	275
26.880	20.50	23.11	-0.00	7.64	1.261	275
26.912	20.50	23.10	0.00	7.65	1.261	275
26.944	20.51	23.12	0.01	7.65	1.261	275
26.976	20.52	23.13	-0.00	7.64	1.261	275
27.008	20.53	23.14	-0.00	7.64	1.261	275
27.040	20.54	23.14	-0.00	7.64	1.261	275
27.072	20.54	23.14	-0.00	7.64	1.261	275
27.104	20.53	23.13	0.00	7.65	1.261	275
27.136	20.52	23.12	0.00	7.65	1.261	275
27.168	20.51	23.11	-0.00	7.64	1.261	275
27.200	20.48	23.09	0.00	7.65	1.261	275
27.232	20.46	23.07	-0.00	7.64	1.261	275
27.264	20.47	23.08	0.01	7.65	1.261	275
27.296	20.47	23.07	-0.00	7.64	1.261	275
27.328	20.49	23.09	-0.00	7.64	1.261	275
27.360	20.50	23.11	0.00	7.65	1.261	275
27.392	20.50	23.11	-0.00	7.64	1.261	275
27.424	20.51	23.11	0.00	7.65	1.261	275
27.456	20.53	23.13	0.00	7.65	1.261	275
27.488	20.57	23.17	0.00	7.65	1.261	275
27.520	20.59	23.19	-0.00	7.64	1.261	275
27.552	20.62	23.23	0.01	7.65	1.261	275
27.584	20.67	23.27	-0.00	7.64	1.261	275
27.616	20.69	23.30	-0.00	7.64	1.261	275
27.648	20.70	23.31	-0.00	7.64	1.261	275
27.680	20.70	23.30	-0.00	7.64	1.261	275
27.712	20.70	23.31	-0.00	7.64	1.261	275
27.744	20.68	23.29	0.00	7.65	1.261	275
27.776	20.66	23.26	-0.00	7.64	1.261	275
27.808	20.65	23.25	-0.00	7.64	1.261	275
27.840	20.64	23.24	-0.00	7.64	1.261	275
27.872	20.63	23.24	0.00	7.65	1.261	275
27.904	20.63	23.23	0.00	7.65	1.266	276
27.936	20.62	23.22	0.00	7.65	1.266	276
27.968	20.61	23.21	-0.00	7.64	1.266	276
28.000	20.60	23.20	0.01	7.65	1.266	276
28.032	20.59	23.20	0.00	7.65	1.266	276
28.064	20.60	23.20	0.00	7.65	1.266	276
28.096	20.58	23.19	-0.00	7.64	1.266	276
28.128	20.58	23.18	-0.00	7.64	1.266	276
28.160	20.57	23.18	0.00	7.65	1.266	276
28.192	20.56	23.16	-0.00	7.64	1.266	276
28.224	20.53	23.13	0.00	7.65	1.266	276
28.256	20.52	23.12	-0.00	7.64	1.266	276
28.288	20.51	23.11	-0.00	7.64	1.266	276
28.320	20.52	23.12	-0.00	7.64	1.266	276
28.352	20.52	23.12	0.00	7.65	1.266	276
28.384	20.52	23.13	0.00	7.65	1.266	276
28.416	20.52	23.13	-0.00	7.64	1.266	276
28.448	20.52	23.12	0.00	7.65	1.266	276
28.480	20.51	23.12	-0.00	7.64	1.266	276
28.512	20.51	23.11	0.00	7.65	1.266	276
28.544	20.51	23.11	0.00	7.65	1.266	276
28.576	20.51	23.11	0.00	7.65	1.266	276
28.608	20.51	23.12	-0.00	7.64	1.266	276
28.640	20.51	23.11	-0.00	7.64	1.266	276
28.672	20.50	23.11	0.00	7.65	1.266	276
28.704	20.50	23.10	0.00	7.65	1.266	276
28.736	20.52	23.13	0.00	7.65	1.266	276
28.768	20.55	23.15	-0.00	7.64	1.266	276
28.800	20.56	23.16	0.00	7.65	1.266	276
28.832	20.56	23.16	0.00	7.65	1.266	276
28.864	20.56	23.16	0.00	7.65	1.261	275
28.896	20.56	23.17	-0.00	7.64	1.261	275
28.928	20.56	23.17	-0.00	7.64	1.261	275
28.960	20.55	23.15	0.00	7.65	1.261	275
28.992	20.54	23.14	-0.00	7.64	1.261	275
29.024	20.52	23.13	0.00	7.65	1.261	275
29.056	20.51	23.12	0.00	7.65	1.261	275
29.088	20.51	23.12	-0.00	7.64	1.261	275
29.120	20.51	23.11	-0.00	7.64	1.261	275
29.152	20.52	23.13	0.00	7.65	1.261	275
29.184	20.54	23.14	0.00	7.65	1.261	275
29.216	20.56	23.16	0.00	7.65	1.261	275
29.248	20.58	23.18	0.00	7.65	1.261	275
29.280	20.59	23.19	-0.00	7.64	1.261	275
29.312	20.60	23.20	-0.00	7.64	1.261	275
29.344	20.60	23.20	0.00	7.65	1.261	275
29.376	20.59	23.20	0.00	7.65	1.261	275
29.408	20.57	23.18	0.00	7.65	1.261	275
29.440	20.55	23.16	0.00	7.65	1.261	275
29.472	20.54	23.15	0.00	7.65	1.261	275
29.504	20.53	23.14	0.00	7.65	1.261	275
29.536	20.52	23.13	0.00	7.65	1.261	275
29.568	20.52	23.12	-0.00	7.64	1.261	275
29.600	20.51	23.12	-0.00	7.64	1.261	275
29.632	20.52	23.13	-0.00	7.64	1.261	275
29.664	20.54	23.14	0.01	7.65	1.261	275
29.696	20.57	23.17	0.00	7.65	1.261	275
29.728	20.60	23.20	-0.00	7.64	1.261	275
29.760	20.62	23.22	-0.00	7.64	1.261	275
29.792	20.62	23.23	0.00	7.65	1.261	275
29.824	20.62	23.22	0.00	7.65	1.261	275
29.856	20.62	23.22	-0.00	7.64	1.261	275
29.888	20.62	23.22	0.00	7.65	1.261	275
29.920	20.62	23.23	0.00	7.65	1.261	275
29.952	20.64	23.24	0.01	7.65	1.261	275
29.984	20.64	23.24	0.01	7.65	1.261	275
30.016	20.63	23.23	0.00	7.65	1.261	275
30.048	20.62	23.22	0.00	7.65	1.261	275
30.080	20.61	23.21	-0.00	7.64	1.261	275
30.112	20.62	23.22	-0.00	7.64	1.261	275
30.144	20.63	23.24	0.00	7.65	1.261	275
30.176	20.65	23.25	-0.00	7.64	1.261	275
30.208	20.67	23.28	-0.00	7.64	1.261	275
30.240	20.69	23.30	-0.00	7.64	1.261	275
30.272	20.70	23.31	0.00	7.65	1.271	277
30.304	20.72	23.32	0.00	7.65	1.271	277
30.336	20.72	23.33	-0.00	7.64	1.271	277
30.368	20.70	23.30	0.00	7.65	1.271	277
30.400	20.69	23.29	-0.00	7.64	1.271	277
30.432	20.69	23.30	0.01	7.65	1.271	277
30.464	20.68	23.28	0.00	7.65	1.271	277
30.496	20.66	23.26	-0.00	7.64	1.271	277
30.528	20.65	23.25	-0.00	7.64	1.271	277
30.560	20.63	23.24	-0.00	7.64	1.271	277
30.592	20.61	23.22	-0.00	7.64	1.271	277
30.624	20.59	23.20	0.00	7.65	1.271	277
30.656	20.59	23.20	0.00	7.65	1.271	277
30.688	20.59	23.20	0.00	7.65	1.271	277
30.720	20.59	23.20	-0.00	7.64	1.266	276
30.752	20.58	23.19	-0.00	7.64	1.266	276
30.784	20.58	23.18	0.00	7.65	1.266	276
30.816	20.57	23.18	0.00	7.65	1.266	276
30.848	20.57	23.17	-0.00	7.64	1.266	276
30.880	20.57	23.17	0.00	7.65	1.266	276
30.912	20.57	23.17	-0.00	7.64	1.266	276
30.944	20.59	23.19	0.00	7.65	1.266	276
30.976	20.60	23.20	0.00	7.65	1.266	276
31.008	20.62	23.22	-0.00	7.64	1.266	276
31.040	20.63	23.24	0.00	7.65	1.266	276
31.072	20.63	23.24	0.00	7.65	1.266	276
31.104	20.64	23.25	-0.00	7.64	1.266	276
31.136	20.64	23.24	0.00	7.65	1.266	276
31.168	20.63	23.24	-0.00	7.64	1.266	276
31.200	20.64	23.24	-0.00	7.64	1.266	276
31.232	20.65	23.25	-0.00	7.64	1.266	276
31.264	20.66	23.27	0.00	7.65	1.266	276
31.296	20.67	23.27	-0.00	7.64	1.266	276
31.328	20.66	23.27	0.00	7.65	1.266	276
31.360	20.67	23.27	-0.00	7.64	1.266	276
31.392	20.66	23.26	0.00	7.65	1.266	276
31.424	20.64	23.24	0.00	7.65	1.266	276
31.456	20.63	23.23	0.00	7.65	1.266	276
31.488	20.62	23.23	-0.00	7.64	1.266	276
31.520	20.61	23.22	0.00	7.65	1.266	276
31.552	20.61	23.22	0.00	7.65	1.266	276
31.584	20.63	23.23	0.01	7.65	1.266	276
31.616	20.63	23.24	0.00	7.65	1.266	276
31.648	20.63	23.23	-0.00	7.64	1.266	276
31.680	20.62	23.23	-0.00	7.64	1.266	276
31.712	20.62	23.22	-0.00	7.64	1.266	276
31.744	20.61	23.22	0.00	7.65	1.266	276
31.776	20.60	23.20	0.00	7.65	1.266	276
31.808	20.59	23.19	-0.00	7.64	1.266	276
31.840	20.57	23.18	-0.00	7.64	1.266	276
31.872	20.57	23.17	0.00	7.65	1.266	276
31.904	20.56	23.16	0.00	7.65	1.266	276
31.936	20.57	23.17	0.00	7.65	1.266	276
31.968	20.58	23.19	-0.00	7.64	1.266	276
32.000	20.58	23.19	-0.00	7.64	1.266	276
32.032	20.61	23.22	-0.00	7.64	1.266	276
32.064	20.64	23.25	0.00	7.65	1.266	276
32.096	20.65	23.25	0.00	7.65	1.266	276
32.128	20.65	23.25	-0.00	7.64	1.266	276
32.160	20.65	23.26	0.00	7.65	1.266	276
32.192	20.66	23.27	-0.00	7.64	1.266	276
32.224	20.65	23.25	0.00	7.65	1.266	276
32.256	20.63	23.23	0.00	7.65	1.266	276
32.288	20.61	23.21	-0.00	7.64	1.266	276
32.320	20.60	23.20	-0.00	7.64	1.266	276
32.352	20.59	23.19	0.00	7.65	1.266	276
32.384	20.56	23.17	-0.00	7.64	1.266	276
32.416	20.53	23.14	0.00	7.65	1.266	276
32.448	20.52	23.12	0.00	7.65	1.266	276
32.480	20.50	23.11	0.00	7.65	1.266	276
32.512	20.53	23.13	-0.00	7.64	1.266	276
32.544	20.56	23.16	0.00	7.65	1.266	276
32.576	20.58	23.18	-0.00	7.64	1.266	276
32.608	20.59	23.19	0.00	7.65	1.261	275
32.640	20.58	23.18	-0.00	7.64	1.261	275
32.672	20.56	23.17	-0.00	7.64	1.261	275
32.704	20.53	23.13	-0.00	7.64	1.261	275
32.736	20.50	23.10	0.00	7.65	1.261	275
32.768	20.48	23.08	-0.00	7.64	1.261	275
32.800	20.46	23.07	-0.00	7.64	1.261	275
32.832	20.45	23.05	-0.00	7.64	1.261	275
32.864	20.44	23.04	-0.00	7.64	1.261	275
32.896	20.45	23.05	0.01	7.65	1.261	275
32.928	20.47	23.07	-0.00	7.64	1.261	275
32.960	20.48	23.09	-0.00	7.64	1.261	275
32.992	20.52	23.12	-0.00	7.64	1.261	275
33.024	20.56	23.16	-0.00	7.64	1.261	275
33.056	20.58	23.19	-0.00	7.64	1.266	276
33.088	20.60	23.21	-0.00	7.64	1.266	276
33.120	20.61	23.21	-0.00	7.64	1.266	276
33.152	20.60	23.20	-0.00	7.64	1.266	276
33.184	20.57	23.18	0.00	7.65	1.266	276
33.216	20.55	23.15	-0.00	7.64	1.266	276
33.248	20.54	23.14	-0.00	7.64	1.266	276
33.280	20.54	23.14	-0.00	7.64	1.266	276
33.312	20.54	23.14	0.00	7.65	1.266	276
33.344	20.54	23.14	0.00	7.65	1.266	276
33.376	20.53	23.14	0.00	7.65	1.266	276
33.408	20.52	23.12	0.00	7.65	1.266	276
33.440	20.51	23.11	-0.00	7.64	1.266	276
33.472	20.52	23.12	0.00	7.65	1.266	276
33.504	20.52	23.13	-0.00	7.64	1.266	276
33.536	20.51	23.12	0.00	7.65	1.261	275
33.568	20.51	23.12	-0.00	7.64	1.261	275
33.600	20.51	23.11	-0.00	7.64	1.261	275
33.632	20.50	23.11	-0.00	7.64	1.261	275
33.664	20.48	23.09	0.00	7.65	1.261	275
33.696	20.47	23.07	0.00	7.65	1.261	275
33.728	20.47	23.07	-0.00	7.64	1.261	275
33.760	20.46	23.06	-0.00	7.64	1.261	275
33.792	20.45	23.05	-0.00	7.64	1.261	275
33.824	20.44	23.04	0.00	7.65	1.261	275
33.856	20.44	23.05	-0.00	7.64	1.261	275
33.888	20.44	23.05	-0.00	7.64	1.261	275
33.920	20.46	23.06	-0.00	7.64	1.261	275
33.952	20.48	23.08	-0.00	7.64	1.261	275
33.984	20.49	23.09	0.00	7.65	1.261	275
34.016	20.53	23.13	-0.00	7.64	1.261	275
34.048	20.56	23.17	-0.00	7.64	1.261	275
34.080	20.58	23.19	-0.00	7.64	1.261	275
34.112	20.58	23.19	0.00	7.65	1.261	275
34.144	20.56	23.17	-0.00	7.64	1.261	275
34.176	20.54	23.14	0.00	7.65	1.261	275
34.208	20.51	23.12	0.00	7.65	1.261	275
34.240	20.51	23.11	-0.00	7.64	1.261	275
34.272	20.51	23.11	-0.00	7.64	1.261	275
34.304	20.50	23.10	-0.00	7.64	1.261	275
34.336	20.48	23.09	0.00	7.65	1.261	275
34.368	20.47	23.07	0.00	7.65	1.261	275
34.400	20.48	23.09	-0.00	7.64	1.261	275
34.432	20.49	23.09	-0.00	7.64	1.261	275
34.464	20.50	23.10	-0.00	7.64	1.261	275
34.496	20.51	23.12	0.00	7.65	1.261	275
34.528	20.54	23.14	-0.00	7.64	1.261	275
34.560	20.57	23.18	-0.00	7.64	1.261	275
34.592	20.58	23.18	-0.00	7.64	1.261	275
34.624	20.58	23.19	-0.00	7.64	1.261	275
34.656	20.59	23.20	0.00	7.65	1.261	275
34.688	20.60	23.20	0.00	7.65	1.261	275
34.720	20.59	23.20	-0.00	7.64	1.261	275
34.752	20.58	23.18	-0.00	7.64	1.261	275
34.784	20.57	23.17	-0.00	7.64	1.261	275
34.816	20.56	23.17	0.00	7.65	1.261	275
34.848	20.56	23.17	-0.00	7.64	1.261	275
34.880	20.57	23.18	0.00	7.65	1.261	275
34.912	20.58	23.19	-0.00	7.64	1.261	275
34.944	20.59	23.20	-0.00	7.64	1.266	276
34.976	20.60	23.21	-0.00	7.64	1.266	276
35.008	20.61	23.22	0.00	7.65	1.266	276
35.040	20.62	23.22	-0.00	7.64	1.266	276
35.072	20.62	23.22	-0.00	7.64	1.266	276
35.104	20.62	23.23	-0.00	7.64	1.266	276
35.136	20.64	23.24	-0.00	7.64	1.266	276
35.168	20.65	23.25	-0.00	7.64	1.266	276
35.200	20.65	23.25	-0.00	7.64	1.266	276
35.232	20.64	23.24	0.00	7.65	1.266	276
35.264	20.64	23.24	0.00	7.65	1.266	276
35.296	20.62	23.22	-0.00	7.64	1.266	276
35.328	20.59	23.20	-0.00	7.64	1.266	276
35.360	20.59	23.20	-0.00	7.64	1.266	276
35.392	20.59	23.19	-0.00	7.64	1.266	276
35.424	20.58	23.18	0.00	7.65	1.266	276
35.456	20.58	23.18	-0.00	7.64	1.266	276
35.488	20.58	23.19	0.00	7.65	1.266	276
35.520	20.58	23.19	-0.00	7.64	1.266	276
35.552	20.56	23.16	-0.00	7.64	1.266	276
35.584	20.56	23.16	-0.00	7.64	1.266	276
35.616	20.55	23.15	-0.00	7.64	1.266	276
35.648	20.53	23.13	0.00	7.65	1.266	276
35.680	20.51	23.12	0.00	7.65	1.266	276
35.712	20.51	23.11	-0.00	7.64	1.266	276
35.744	20.52	23.12	-0.00	7.64	1.266	276
35.776	20.53	23.13	-0.00	7.64	1.266	276
35.808	20.56	23.17	0.00	7.65	1.266	276
35.840	20.58	23.19	-0.00	7.64	1.266	276
35.872	20.59	23.19	-0.00	7.64	1.266	276
35.904	20.59	23.20	-0.00	7.64	1.266	276
35.936	20.60	23.20	0.00	7.65	1.266	276
35.968	20.60	23.20	0.00	7.65	1.266	276
36.000	20.59	23.19	-0.00	7.64	1.266	276
36.032	20.58	23.18	-0.00	7.64	1.266	276
36.064	20.57	23.18	-0.00	7.64	1.266	276
36.096	20.56	23.17	0.00	7.65	1.266	276
36.128	20.56	23.16	-0.00	7.64	1.266	276
36.160	20.55	23.15	0.00	7.65	1.266	276
36.192	20.55	23.15	-0.00	7.64	1.266	276
36.224	20.56	23.17	-0.00	7.64	1.266	276
36.256	20.57	23.17	0.00	7.65	1.266	276
36.288	20.58	23.19	0.00	7.65	1.266	276
36.320	20.59	23.20	-0.00	7.64	1.266	276
36.352	20.59	23.19	-0.00	7.64	1.261	275
36.384	20.58	23.18	-0.00	7.64	1.261	275
36.416	20.57	23.18	0.00	7.65	1.261	275
36.448	20.56	23.17	0.00	7.65	1.261	275
36.480	20.55	23.15	0.00	7.65	1.261	275
36.512	20.54	23.15	-0.00	7.64	1.261	275
36.544	20.54	23.14	0.00	7.65	1.261	275
36.576	20.54	23.14	-0.00	7.64	1.261	275
36.608	20.54	23.14	0.00	7.65	1.261	275
36.640	20.54	23.15	0.00	7.65	1.261	275
36.672	20.54	23.14	-0.00	7.64	1.261	275
36.704	20.55	23.15	-0.00	7.64	1.261	275
36.736	20.59	23.19	-0.00	7.64	1.261	275
36.768	20.63	23.23	0.00	7.65	1.261	275
36.800	20.67	23.27	0.00	7.65	1.266	276
36.832	20.69	23.29	-0.00	7.64	1.266	276
36.864	20.69	23.30	-0.00	7.64	1.266	276
36.896	20.68	23.29	-0.00	7.64	1.266	276
36.928	20.66	23.26	0.00	7.65	1.266	276
36.960	20.63	23.23	-0.00	7.64	1.266	276
36.992	20.59	23.20	-0.01	7.64	1.266	276
37.024	20.58	23.18	-0.00	7.64	1.266	276
37.056	20.57	23.17	0.00	7.65	1.266	276
37.088	20.55	23.16	-0.00	7.64	1.266	276
37.120	20.54	23.15	0.00	7.65	1.266	276
37.152	20.54	23.14	-0.00	7.64	1.266	276
37.184	20.55	23.15	0.00	7.65	1.266	276
37.216	20.56	23.17	-0.00	7.64	1.266	276
37.248	20.58	23.18	0.00	7.65	1.266	276
37.280	20.59	23.19	0.00	7.65	1.261	275
37.312	20.59	23.19	-0.00	7.64	1.261	275
37.344	20.60	23.20	0.00	7.65	1.261	275
37.376	20.59	23.20	0.00	7.65	1.261	275
37.408	20.59	23.19	0.00	7.65	1.261	275
37.440	20.57	23.17	-0.00	7.64	1.261	275
37.472	20.56	23.16	-0.00	7.64	1.261	275
37.504	20.55	23.15	-0.00	7.64	1.261	275
37.536	20.54	23.14	-0.00	7.64	1.261	275
37.568	20.52	23.13	-0.00	7.64	1.261	275
37.600	20.51	23.12	-0.00	7.64	1.261	275
37.632	20.51	23.12	0.00	7.65	1.261	275
37.664	20.50	23.10	-0.00	7.64	1.261	275
37.696	20.51	23.11	-0.00	7.64	1.261	275
37.728	20.51	23.11	0.00	7.65	1.261	275
37.760	20.51	23.11	-0.00	7.64	1.266	276
37.792	20.51	23.11	0.00	7.65	1.266	276
37.824	20.51	23.11	-0.00	7.64	1.266	276
37.856	20.51	23.11	-0.00	7.64	1.266	276
37.888	20.50	23.10	-0.00	7.64	1.266	276
37.920	20.48	23.08	-0.00	7.64	1.266	276
37.952	20.47	23.07	-0.00	7.64	1.266	276
37.984	20.46	23.07	-0.00	7.64	1.266	276
38.016	20.47	23.07	-0.00	7.64	1.266	276
38.048	20.45	23.06	-0.00	7.64	1.266	276
38.080	20.46	23.07	0.00	7.65	1.266	276
38.112	20.49	23.09	-0.00	7.64	1.266	276
38.144	20.52	23.12	-0.00	7.64	1.266	276
38.176	20.55	23.16	-0.00	7.64	1.266	276
38.208	20.57	23.18	-0.00	7.64	1.266	276
38.240	20.59	23.19	0.00	7.65	1.266	276
38.272	20.59	23.20	-0.00	7.64	1.266	276
38.304	20.59	23.20	-0.00	7.64	1.266	276
38.336	20.60	23.20	-0.00	7.64	1.266	276
38.368	20.57	23.17	0.00	7.65	1.266	276
38.400	20.54	23.14	0.00	7.65	1.266	276
38.432	20.52	23.12	0.00	7.65	1.266	276
38.464	20.52	23.13	-0.00	7.64	1.266	276
38.496	20.52	23.12	-0.00	7.64	1.266	276
38.528	20.51	23.12	0.00	7.65	1.266	276
38.560	20.52	23.12	-0.00	7.64	1.266	276
38.592	20.54	23.15	-0.00	7.64	1.266	276
38.624	20.57	23.17	-0.00	7.64	1.266	276
38.656	20.59	23.20	-0.00	7.64	1.266	276
38.688	20.61	23.22	-0.00	7.64	1.266	276
38.720	20.62	23.23	0.00	7.65	1.266	276
38.752	20.62	23.23	0.00	7.65	1.266	276
38.784	20.62	23.22	-0.00	7.64	1.266	276
38.816	20.61	23.21	0.00	7.65	1.266	276
38.848	20.58	23.18	-0.00	7.64	1.266	276
38.880	20.55	23.15	0.00	7.65	1.266	276
38.912	20.54	23.15	0.00	7.65	1.266	276
38.944	20.53	23.13	-0.00	7.64	1.266	276
38.976	20.52	23.13	-0.00	7.64	1.266	276
39.008	20.51	23.11	0.00	7.65	1.266	276
39.040	20.51	23.12	-0.00	7.64	1.266	276
39.072	20.53	23.13	-0.00	7.64	1.266	276
39.104	20.55	23.15	-0.00	7.64	1.266	276
39.136	20.58	23.18	-0.00	7.64	1.266	276
39.168	20.61	23.21	-0.00	7.64	1.266	276
39.200	20.61	23.22	-0.00	7.64	1.266	276
39.232	20.63	23.24	-0.00	7.64	1.266	276
39.264	20.64	23.24	-0.00	7.64	1.266	276
39.296	20.64	23.25	-0.00	7.64	1.266	276
39.328	20.62	23.23	-0.00	7.64	1.266	276
39.360	20.61	23.22	0.00	7.65	1.266	276
39.392	20.61	23.21	-0.00	7.64	1.266	276
39.424	20.61	23.22	-0.00	7.64	1.266	276
39.456	20.60	23.20	-0.00	7.64	1.266	276
39.488	20.59	23.20	0.00	7.65	1.266	276
39.520	20.60	23.20	0.00	7.65	1.266	276
39.552	20.59	23.19	-0.00	7.64	1.266	276
39.584	20.58	23.18	-0.00	7.64	1.266	276
39.616	20.57	23.18	-0.00	7.64	1.266	276
39.648	20.57	23.17	0.00	7.65	1.266	276
39.680	20.57	23.17	0.00	7.65	1.266	276
39.712	20.57	23.17	-0.00	7.64	1.266	276
39.744	20.58	23.18	-0.01	7.64	1.266	276
39.776	20.56	23.17	0.00	7.65	1.266	276
39.808	20.54	23.14	0.00	7.65	1.266	276
39.840	20.53	23.13	0.00	7.65	1.266	276
39.872	20.52	23.13	-0.00	7.64	1.266	276
39.904	20.52	23.12	-0.00	7.64	1.266	276
39.936	20.51	23.12	-0.00	7.64	1.266	276
39.968	20.51	23.12	0.00	7.65	1.266	276
40.000	20.52	23.13	-0.00	7.64	1.266	276
40.032	20.54	23.14	-0.00	7.64	1.266	276
40.064	20.57	23.17	-0.01	7.64	1.266	276
40.096	20.58	23.18	-0.00	7.64	1.261	275
40.128	20.58	23.18	-0.00	7.64	1.261	275
40.160	20.57	23.18	-0.00	7.64	1.261	275
40.192	20.58	23.18	-0.00	7.64	1.261	275
40.224	20.57	23.18	-0.00	7.64	1.261	275
40.256	20.56	23.17	0.00	7.65	1.261	275
40.288	20.55	23.15	-0.00	7.64	1.261	275
40.320	20.55	23.15	0.01	7.65	1.261	275
40.352	20.56	23.16	-0.00	7.64	1.261	275
40.384	20.56	23.16	-0.00	7.64	1.261	275
40.416	20.56	23.16	-0.00	7.64	1.261	275
40.448	20.57	23.18	-0.00	7.64	1.261	275
40.480	20.58	23.18	0.00	7.65	1.261	275
40.512	20.57	23.18	0.00	7.65	1.261	275
40.544	20.57	23.17	-0.00	7.64	1.266	276
40.576	20.54	23.15	-0.00	7.64	1.266	276
40.608	20.53	23.14	-0.00	7.64	1.266	276
40.640	20.53	23.13	0.00	7.65	1.266	276
40.672	20.53	23.13	-0.00	7.64	1.266	276
40.704	20.52	23.13	-0.00	7.64	1.266	276
40.736	20.51	23.11	0.00	7.65	1.266	276
40.768	20.49	23.10	0.00	7.65	1.266	276
40.800	20.49	23.10	-0.00	7.64	1.266	276
40.832	20.49	23.10	-0.00	7.64	1.266	276
40.864	20.50	23.10	-0.00	7.64	1.266	276
40.896	20.50	23.10	0.00	7.65	1.266	276
40.928	20.50	23.11	-0.00	7.64	1.266	276
40.960	20.52	23.12	0.01	7.65	1.266	276
40.992	20.53	23.13	-0.00	7.64	1.266	276
41.024	20.55	23.15	-0.00	7.64	1.266	276
41.056	20.55	23.15	-0.00	7.64	1.266	276
41.088	20.56	23.16	-0.00	7.64	1.266	276
41.120	20.56	23.16	0.00	7.65	1.266	276
41.152	20.56	23.17	-0.00	7.64	1.266	276
41.184	20.55	23.16	-0.00	7.64	1.266	276
41.216	20.53	23.13	-0.00	7.64	1.266	276
41.248	20.52	23.13	-0.00	7.64	1.266	276
41.280	20.54	23.15	0.00	7.65	1.266	276
41.312	20.56	23.16	-0.00	7.64	1.266	276
41.344	20.57	23.17	-0.00	7.64	1.266	276
41.376	20.56	23.16	-0.00	7.64	1.266	276
41.408	20.56	23.16	-0.00	7.64	1.266	276
41.440	20.54	23.15	-0.00	7.64	1.266	276
41.472	20.55	23.15	-0.00	7.64	1.266	276
41.504	20.55	23.15	-0.00	7.64	1.266	276
41.536	20.54	23.14	-0.00	7.64	1.266	276
41.568	20.54	23.14	-0.00	7.64	1.266	276
41.600	20.55	23.15	0.00	7.65	1.266	276
41.632	20.56	23.16	-0.00	7.64	1.266	276
41.664	20.56	23.16	-0.00	7.64	1.266	276
41.696	20.54	23.14	0.00	7.65	1.266	276
41.728	20.54	23.14	-0.00	7.64	1.266	276
41.760	20.53	23.14	-0.00	7.64	1.266	276
41.792	20.53	23.14	0.00	7.65	1.266	276
41.824	20.53	23.13	-0.00	7.64	1.266	276
41.856	20.52	23.12	-0.00	7.64	1.266	276
41.888	20.51	23.12	-0.00	7.64	1.266	276
41.920	20.51	23.11	-0.00	7.64	1.266	276
41.952	20.52	23.12	0.00	7.65	1.266	276
41.984	20.53	23.14	-0.00	7.64	1.266	276
42.016	20.56	23.16	-0.00	7.64	1.266	276
42.048	20.57	23.18	-0.00	7.64	1.266	276
42.080	20.57	23.17	-0.00	7.64	1.266	276
42.112	20.58	23.18	-0.00	7.64	1.266	276
42.144	20.57	23.18	-0.00	7.64	1.266	276
42.176	20.55	23.16	-0.00	7.64	1.266	276
42.208	20.54	23.15	-0.00	7.64	1.266	276
42.240	20.55	23.15	-0.00	7.64	1.266	276
42.272	20.54	23.14	0.00	7.65	1.266	276
42.304	20.54	23.14	0.00	7.65	1.266	276
42.336	20.53	23.14	-0.00	7.64	1.266	276
42.368	20.53	23.14	-0.00	7.64	1.266	276
42.400	20.53	23.13	0.00	7.65	1.266	276
42.432	20.53	23.13	-0.00	7.64	1.266	276
42.464	20.53	23.13	-0.00	7.64	1.266	276
42.496	20.53	23.13	-0.00	7.64	1.266	276
42.528	20.53	23.14	-0.00	7.64	1.266	276
42.560	20.54	23.14	0.00	7.65	1.266	276
42.592	20.53	23.14	0.00	7.65	1.266	276
42.624	20.53	23.13	0.00	7.65	1.266	276
42.656	20.52	23.13	0.00	7.65	1.266	276
42.688	20.53	23.14	-0.00	7.64	1.266	276
42.720	20.55	23.15	-0.00	7.64	1.266	276
42.752	20.55	23.16	0.00	7.65	1.266	276
42.784	20.54	23.14	-0.00	7.64	1.266	276
42.816	20.56	23.16	-0.00	7.64	1.266	276
42.848	20.57	23.18	-0.00	7.64	1.266	276
42.880	20.60	23.20	0.00	7.65	1.266	276
42.912	20.61	23.22	-0.00	7.64	1.261	275
42.944	20.62	23.22	0.00	7.65	1.261	275
42.976	20.62	23.22	-0.00	7.64	1.261	275
43.008	20.62	23.22	0.00	7.65	1.261	275
43.040	20.60	23.20	-0.00	7.64	1.261	275
43.072	20.58	23.19	-0.00	7.64	1.261	275
43.104	20.56	23.16	-0.00	7.64	1.261	275
43.136	20.55	23.15	-0.00	7.64	1.261	275
43.168	20.56	23.16	-0.00	7.64	1.261	275
43.200	20.56	23.17	-0.00	7.64	1.261	275
43.232	20.57	23.17	0.00	7.65	1.261	275
43.264	20.58	23.18	-0.00	7.64	1.261	275
43.296	20.60	23.20	-0.00	7.64	1.261	275
43.328	20.59	23.19	-0.01	7.64	1.261	275
43.360	20.58	23.19	-0.00	7.64	1.266	276
43.392	20.59	23.19	0.00	7.65	1.266	276
43.424	20.59	23.20	0.00	7.65	1.266	276
43.456	20.59	23.19	-0.00	7.64	1.266	276
43.488	20.60	23.20	-0.00	7.64	1.266	276
43.520	20.61	23.22	-0.00	7.64	1.266	276
43.552	20.62	23.23	-0.00	7.64	1.266	276
43.584	20.61	23.22	-0.00	7.64	1.266	276
43.616	20.61	23.22	-0.00	7.64	1.266	276
43.648	20.63	23.23	-0.00	7.64	1.266	276
43.680	20.63	23.23	-0.00	7.64	1.266	276
43.712	20.61	23.22	0.00	7.65	1.266	276
43.744	20.60	23.20	0.00	7.65	1.266	276
43.776	20.58	23.18	-0.00	7.64	1.266	276
43.808	20.58	23.18	-0.00	7.64	1.266	276
43.840	20.60	23.20	-0.00	7.64	1.266	276
43.872	20.62	23.23	-0.00	7.64	1.266	276
43.904	20.63	23.24	-0.00	7.64	1.266	276
43.936	20.64	23.25	0.00	7.65	1.266	276
43.968	20.64	23.24	-0.00	7.64	1.266	276
44.000	20.62	23.23	-0.00	7.64	1.266	276
44.032	20.60	23.20	0.00	7.65	1.266	276
44.064	20.57	23.17	-0.00	7.64	1.266	276
44.096	20.54	23.14	-0.00	7.64	1.266	276
44.128	20.52	23.12	-0.00	7.64	1.266	276
44.160	20.51	23.12	0.00	7.65	1.266	276
44.192	20.51	23.11	0.00	7.65	1.266	276
44.224	20.52	23.12	-0.00	7.64	1.266	276
44.256	20.54	23.14	-0.00	7.64	1.266	276
44.288	20.54	23.15	-0.00	7.64	1.271	277
44.320	20.56	23.17	-0.00	7.64	1.271	277
44.352	20.58	23.18	-0.00	7.64	1.271	277
44.384	20.60	23.20	-0.00	7.64	1.271	277
44.416	20.61	23.21	-0.00	7.64	1.271	277
44.448	20.60	23.20	-0.00	7.64	1.271	277
44.480	20.58	23.18	-0.00	7.64	1.271	277
44.512	20.55	23.15	-0.00	7.64	1.271	277
44.544	20.52	23.13	0.00	7.65	1.271	277
44.576	20.52	23.12	-0.00	7.64	1.271	277
44.608	20.52	23.12	-0.00	7.64	1.271	277
44.640	20.51	23.12	-0.00	7.64	1.271	277
44.672	20.50	23.11	-0.00	7.64	1.271	277
44.704	20.50	23.10	-0.00	7.64	1.271	277
44.736	20.50	23.10	0.00	7.65	1.271	277
44.768	20.52	23.12	-0.00	7.64	1.261	275
44.800	20.54	23.15	0.00	7.65	1.261	275
44.832	20.56	23.17	0.00	7.65	1.261	275
44.864	20.57	23.17	0.00	7.65	1.261	275
44.896	20.57	23.17	-0.00	7.64	1.261	275
44.928	20.57	23.17	-0.00	7.64	1.261	275
44.960	20.56	23.16	-0.00	7.64	1.261	275
44.992	20.54	23.14	0.00	7.65	1.261	275
45.024	20.53	23.13	-0.00	7.64	1.261	275
45.056	20.53	23.13	-0.00	7.64	1.261	275
45.088	20.53	23.13	-0.00	7.64	1.261	275
45.120	20.51	23.11	-0.00	7.64	1.261	275
45.152	20.49	23.10	-0.00	7.64	1.261	275
45.184	20.50	23.10	-0.00	7.64	1.261	275
45.216	20.50	23.11	-0.00	7.64	1.261	275
45.248	20.51	23.11	-0.00	7.64	1.266	276
45.280	20.53	23.13	-0.00	7.64	1.266	276
45.312	20.54	23.15	-0.00	7.64	1.266	276
45.344	20.55	23.15	0.00	7.65	1.266	276
45.376	20.57	23.18	-0.00	7.64	1.266	276
45.408	20.57	23.17	0.00	7.65	1.266	276
45.440	20.55	23.15	-0.00	7.64	1.266	276
45.472	20.52	23.12	-0.00	7.64	1.266	276
45.504	20.51	23.11	0.01	7.65	1.266	276
45.536	20.50	23.11	-0.00	7.64	1.266	276
45.568	20.50	23.11	-0.00	7.64	1.266	276
45.600	20.51	23.12	-0.00	7.64	1.266	276
45.632	20.53	23.13	0.00	7.65	1.266	276
45.664	20.54	23.14	0.00	7.65	1.266	276
45.696	20.55	23.16	-0.00	7.64	1.266	276
45.728	20.57	23.18	-0.00	7.64	1.266	276
45.760	20.59	23.20	0.00	7.65	1.266	276
45.792	20.60	23.20	0.00	7.65	1.266	276
45.824	20.61	23.21	0.00	7.65	1.266	276
45.856	20.62	23.22	-0.00	7.64	1.266	276
45.888	20.62	23.23	-0.00	7.64	1.266	276
45.920	20.59	23.20	-0.00	7.64	1.266	276
45.952	20.56	23.16	0.00	7.65	1.266	276
45.984	20.53	23.14	0.00	7.65	1.266	276
46.016	20.53	23.13	-0.00	7.64	1.266	276
46.048	20.52	23.12	-0.00	7.64	1.266	276
46.080	20.52	23.13	-0.00	7.64	1.266	276
46.112	20.52	23.13	-0.00	7.64	1.266	276
46.144	20.53	23.14	0.00	7.65	1.266	276
46.176	20.52	23.13	0.00	7.65	1.266	276
46.208	20.52	23.12	-0.00	7.64	1.266	276
46.240	20.50	23.10	-0.00	7.64	1.266	276
46.272	20.48	23.09	-0.00	7.64	1.266	276
46.304	20.46	23.07	0.00	7.65	1.266	276
46.336	20.44	23.05	-0.00	7.64	1.266	276
46.368	20.43	23.03	-0.00	7.64	1.266	276
46.400	20.43	23.04	0.00	7.65	1.266	276
46.432	20.43	23.03	-0.00	7.64	1.266	276
46.464	20.44	23.05	0.00	7.65	1.266	276
46.496	20.48	23.08	-0.00	7.64	1.266	276
46.528	20.50	23.10	-0.00	7.64	1.266	276
46.560	20.51	23.11	-0.00	7.64	1.266	276
46.592	20.52	23.12	-0.00	7.64	1.266	276
46.624	20.54	23.14	0.00	7.65	1.266	276
46.656	20.57	23.17	0.00	7.65	1.261	275
46.688	20.61	23.21	-0.00	7.64	1.261	275
46.720	20.63	23.23	-0.00	7.64	1.261	275
46.752	20.63	23.23	-0.00	7.64	1.261	275
46.784	20.64	23.24	0.00	7.65	1.261	275
46.816	20.63	23.24	-0.00	7.64	1.261	275
46.848	20.62	23.23	-0.00	7.64	1.261	275
46.880	20.58	23.19	-0.00	7.64	1.261	275
46.912	20.56	23.17	-0.00	7.64	1.261	275
46.944	20.55	23.16	-0.00	7.64	1.261	275
46.976	20.56	23.16	-0.00	7.64	1.261	275
47.008	20.54	23.15	-0.00	7.64	1.261	275
47.040	20.54	23.14	-0.00	7.64	1.261	275
47.072	20.54	23.14	-0.00	7.64	1.261	275
47.104	20.54	23.14	0.00	7.65	1.266	276
47.136	20.56	23.16	-0.00	7.64	1.266	276
47.168	20.58	23.18	-0.00	7.64	1.266	276
47.200	20.59	23.20	-0.00	7.64	1.266	276
47.232	20.59	23.20	-0.00	7.64	1.266	276
47.264	20.58	23.18	-0.00	7.64	1.266	276
47.296	20.56	23.17	0.00	7.65	1.266	276
47.328	20.54	23.15	-0.00	7.64	1.266	276
47.360	20.51	23.12	-0.00	7.64	1.266	276
47.392	20.49	23.09	0.00	7.65	1.266	276
47.424	20.49	23.09	-0.00	7.64	1.266	276
47.456	20.49	23.10	-0.00	7.64	1.266	276
47.488	20.51	23.11	-0.00	7.64	1.266	276
47.520	20.52	23.13	-0.00	7.64	1.266	276
47.552	20.55	23.16	-0.00	7.64	1.266	276
47.584	20.58	23.18	-0.00	7.64	1.266	276
47.616	20.61	23.21	-0.00	7.64	1.266	276
47.648	20.62	23.22	-0.00	7.64	1.266	276
47.680	20.62	23.23	-0.00	7.64	1.266	276
47.712	20.61	23.22	-0.00	7.64	1.266	276
47.744	20.61	23.21	-0.00	7.64	1.266	276
47.776	20.59	23.20	0.00	7.65	1.266	276
47.808	20.59	23.19	-0.00	7.64	1.266	276
47.840	20.58	23.18	-0.00	7.64	1.266	276
47.872	20.57	23.18	-0.00	7.64	1.266	276
47.904	20.59	23.20	-0.00	7.64	1.266	276
47.936	20.61	23.21	-0.00	7.64	1.266	276
47.968	20.62	23.22	-0.00	7.64	1.266	276
48.000	20.64	23.24	-0.00	7.64	1.266	276
48.032	20.64	23.25	-0.00	7.64	1.266	276
48.064	20.63	23.23	0.00	7.65	1.266	276
48.096	20.62	23.23	0.00	7.65	1.266	276
48.128	20.62	23.23	-0.00	7.64	1.266	276
48.160	20.62	23.22	-0.00	7.64	1.266	276
48.192	20.62	23.23	-0.00	7.64	1.266	276
48.224	20.63	23.23	0.00	7.65	1.266	276
48.256	20.62	23.22	0.00	7.65	1.266	276
48.288	20.60	23.20	-0.00	7.64	1.266	276
48.320	20.57	23.18	-0.00	7.64	1.266	276
48.352	20.56	23.16	-0.00	7.64	1.266	276
48.384	20.52	23.13	-0.00	7.64	1.266	276
48.416	20.51	23.11	-0.00	7.64	1.266	276
48.448	20.50	23.11	-0.01	7.64	1.266	276
48.480	20.51	23.12	-0.01	7.64	1.266	276
48.512	20.53	23.13	-0.00	7.64	1.266	276
48.544	20.56	23.16	0.00	7.65	1.266	276
48.576	20.59	23.19	-0.00	7.64	1.266	276
48.608	20.62	23.22	-0.00	7.64	1.266	276
48.640	20.63	23.24	-0.00	7.64	1.266	276
48.672	20.62	23.22	-0.00	7.64	1.266	276
48.704	20.60	23.21	-0.00	7.64	1.266	276
48.736	20.57	23.18	-0.00	7.64	1.266	276
48.768	20.54	23.14	-0.00	7.64	1.266	276
48.800	20.52	23.12	-0.00	7.64	1.266	276
48.832	20.51	23.11	-0.00	7.64	1.266	276
48.864	20.50	23.10	-0.00	7.64	1.266	276
48.896	20.49	23.10	0.00	7.65	1.266	276
48.928	20.50	23.10	-0.00	7.64	1.266	276
48.960	20.53	23.13	-0.00	7.64	1.266	276
48.992	20.55	23.16	-0.00	7.64	1.266	276
49.024	20.58	23.19	-0.00	7.64	1.266	276
49.056	20.60	23.20	0.00	7.65	1.266	276
49.088	20.61	23.22	-0.00	7.64	1.266	276
49.120	20.62	23.22	-0.00	7.64	1.266	276
49.152	20.62	23.22	-0.00	7.64	1.266	276
49.184	20.62	23.22	-0.00	7.64	1.266	276
49.216	20.62	23.22	-0.00	7.64	1.266	276
49.248	20.60	23.21	-0.00	7.64	1.266	276
49.280	20.61	23.21	-0.00	7.64	1.266	276
49.312	20.61	23.21	-0.00	7.64	1.266	276
49.344	20.60	23.21	-0.00	7.64	1.266	276
49.376	20.59	23.19	0.00	7.65	1.266	276
49.408	20.58	23.18	-0.00	7.64	1.266	276
49.440	20.58	23.19	-0.00	7.64	1.266	276
49.472	20.59	23.19	-0.00	7.64	1.266	276
49.504	20.62	23.22	-0.00	7.64	1.266	276
49.536	20.64	23.24	0.00	7.65	1.266	276
49.568	20.64	23.24	-0.00	7.64	1.266	276
49.600	20.64	23.24	-0.00	7.64	1.266	276
49.632	20.64	23.25	-0.00	7.64	1.266	276
49.664	20.64	23.25	-0.00	7.64	1.266	276
49.696	20.63	23.24	-0.00	7.64	1.266	276
49.728	20.61	23.22	-0.00	7.64	1.266	276
49.760	20.61	23.21	-0.00	7.64	1.266	276
49.792	20.62	23.22	-0.00	7.64	1.266	276
49.824	20.61	23.22	-0.00	7.64	1.266	276
49.856	20.62	23.22	-0.00	7.64	1.266	276
49.888	20.63	23.24	-0.00	7.64	1.266	276
49.920	20.64	23.25	-0.00	7.64	1.266	276
49.952	20.64	23.24	-0.00	7.64	1.266	276
49.984	20.67	23.27	-0.00	7.64	1.266	276
50.016	20.68	23.28	0.00	7.65	1.266	276
50.048	20.68	23.28	-0.00	7.64	1.266	276
50.080	20.67	23.27	-0.00	7.64	1.266	276
50.112	20.65	23.26	-0.00	7.64	1.266	276
50.144	20.63	23.24	-0.00	7.64	1.266	276
50.176	20.60	23.21	0.00	7.65	1.266	276
50.208	20.57	23.17	-0.00	7.64	1.266	276
50.240	20.54	23.14	-0.00	7.64	1.266	276
50.272	20.53	23.13	-0.00	7.64	1.266	276
50.304	20.53	23.14	-0.00	7.64	1.266	276
50.336	20.54	23.15	-0.00	7.64	1.266	276
50.368	20.56	23.16	-0.00	7.64	1.266	276
50.400	20.59	23.19	-0.01	7.64	1.266	276
50.432	20.62	23.22	0.00	7.65	1.266	276
50.464	20.65	23.25	-0.00	7.64	1.266	276
50.496	20.68	23.28	0.00	7.65	1.266	276
50.528	20.69	23.29	-0.00	7.64	1.266	276
50.560	20.68	23.29	0.00	7.65	1.266	276
50.592	20.68	23.28	-0.00	7.64	1.266	276
50.624	20.67	23.28	-0.00	7.64	1.266	276
50.656	20.66	23.26	-0.00	7.64	1.266	276
50.688	20.64	23.24	0.00	7.65	1.266	276
50.720	20.63	23.23	-0.00	7.64	1.266	276
50.752	20.64	23.24	-0.00	7.64	1.266	276
50.784	20.64	23.25	-0.00	7.64	1.266	276
50.816	20.64	23.24	0.00	7.65	1.266	276
50.848	20.65	23.25	-0.00	7.64	1.271	277
50.880	20.67	23.27	-0.00	7.64	1.271	277
50.912	20.70	23.30	0.00	7.65	1.271	277
50.944	20.71	23.32	-0.00	7.64	1.271	277
50.976	20.71	23.32	0.00	7.65	1.271	277
51.008	20.71	23.31	0.00	7.65	1.271	277
51.040	20.70	23.30	-0.00	7.64	1.271	277
51.072	20.67	23.27	-0.00	7.64	1.271	277
51.104	20.64	23.25	-0.00	7.64	1.271	277
51.136	20.61	23.22	-0.00	7.64	1.271	277
51.168	20.59	23.19	-0.00	7.64	1.271	277
51.200	20.58	23.19	-0.00	7.64	1.271	277
51.232	20.58	23.18	-0.00	7.64	1.271	277
51.264	20.58	23.19	-0.00	7.64	1.271	277
51.296	20.58	23.18	-0.00	7.64	1.271	277
51.328	20.59	23.19	-0.00	7.64	1.266	276
51.360	20.61	23.21	-0.00	7.64	1.266	276
51.392	20.63	23.24	-0.00	7.64	1.266	276
51.424	20.65	23.25	-0.00	7.64	1.266	276
51.456	20.64	23.25	-0.00	7.64	1.266	276
51.488	20.65	23.25	-0.00	7.64	1.266	276
51.520	20.66	23.26	-0.00	7.64	1.266	276
51.552	20.65	23.26	-0.00	7.64	1.266	276
51.584	20.65	23.25	-0.00	7.64	1.266	276
51.616	20.62	23.23	-0.00	7.64	1.266	276
51.648	20.61	23.22	-0.00	7.64	1.266	276
51.680	20.61	23.21	-0.00	7.64	1.266	276
51.712	20.61	23.22	-0.00	7.64	1.266	276
51.744	20.63	23.24	-0.00	7.64	1.266	276
51.776	20.66	23.26	-0.00	7.64	1.266	276
51.808	20.68	23.28	-0.00	7.64	1.266	276
51.840	20.68	23.28	-0.00	7.64	1.266	276
51.872	20.69	23.29	-0.00	7.64	1.266	276
51.904	20.70	23.30	-0.00	7.64	1.266	276
51.936	20.70	23.30	-0.00	7.64	1.266	276
51.968	20.70	23.30	-0.00	7.64	1.266	276
52.000	20.69	23.29	0.00	7.65	1.266	276
52.032	20.67	23.27	-0.00	7.64	1.266	276
52.064	20.64	23.25	-0.00	7.64	1.266	276
52.096	20.63	23.24	-0.00	7.64	1.266	276
52.128	20.63	23.24	0.00	7.65	1.266	276
52.160	20.62	23.22	-0.00	7.64	1.266	276
52.192	20.62	23.22	-0.00	7.64	1.266	276
52.224	20.62	23.22	0.00	7.65	1.266	276
52.256	20.62	23.22	-0.00	7.64	1.266	276
52.288	20.63	23.24	0.00	7.65	1.266	276
52.320	20.64	23.25	0.00	7.65	1.266	276
52.352	20.66	23.27	-0.00	7.64	1.266	276
52.384	20.68	23.29	-0.00	7.64	1.266	276
52.416	20.70	23.31	0.00	7.65	1.266	276
52.448	20.72	23.32	-0.00	7.64	1.266	276
52.480	20.73	23.33	-0.00	7.64	1.266	276
52.512	20.74	23.35	-0.00	7.64	1.266	276
52.544	20.73	23.33	-0.00	7.64	1.266	276
52.576	20.72	23.33	-0.00	7.64	1.266	276
52.608	20.70	23.30	-0.00	7.64	1.266	276
52.640	20.69	23.29	-0.00	7.64	1.266	276
52.672	20.69	23.29	-0.00	7.64	1.266	276
52.704	20.69	23.29	-0.00	7.64	1.266	276
52.736	20.69	23.29	-0.00	7.64	1.271	277
52.768	20.69	23.30	-0.00	7.64	1.271	277
52.800	20.70	23.30	-0.00	7.64	1.271	277
52.832	20.70	23.30	-0.00	7.64	1.271	277
52.864	20.69	23.29	-0.00	7.64	1.271	277
52.896	20.69	23.29	-0.00	7.64	1.271	277
52.928	20.69	23.29	0.00	7.65	1.271	277
52.960	20.70	23.30	-0.00	7.64	1.271	277
52.992	20.69	23.30	-0.00	7.64	1.271	277
53.024	20.68	23.28	-0.00	7.64	1.271	277
53.056	20.67	23.27	0.00	7.65	1.271	277
53.088	20.67	23.28	0.00	7.65	1.271	277
53.120	20.68	23.28	-0.00	7.64	1.271	277
53.152	20.69	23.30	-0.00	7.64	1.271	277
53.184	20.71	23.31	-0.00	7.64	1.266	276
53.216	20.73	23.33	-0.00	7.64	1.266	276
53.248	20.75	23.35	-0.00	7.64	1.266	276
53.280	20.77	23.38	-0.00	7.64	1.266	276
53.312	20.79	23.39	-0.00	7.64	1.266	276
53.344	20.80	23.40	-0.00	7.64	1.266	276
53.376	20.80	23.40	0.00	7.65	1.266	276
53.408	20.80	23.40	0.00	7.65	1.266	276
53.440	20.79	23.40	-0.00	7.64	1.266	276
53.472	20.76	23.37	-0.00	7.64	1.266	276
53.504	20.73	23.34	-0.00	7.64	1.266	276
53.536	20.72	23.32	-0.00	7.64	1.266	276
53.568	20.71	23.31	0.00	7.65	1.266	276
53.600	20.69	23.29	-0.00	7.64	1.266	276
53.632	20.69	23.29	-0.00	7.64	1.266	276
53.664	20.70	23.30	-0.00	7.64	1.275	278
53.696	20.72	23.32	0.00	7.65	1.275	278
53.728	20.73	23.33	0.00	7.65	1.275	278
53.760	20.73	23.34	-0.00	7.64	1.275	278
53.792	20.72	23.33	-0.00	7.64	1.275	278
53.824	20.71	23.32	-0.00	7.64	1.275	278
53.856	20.70	23.30	-0.00	7.64	1.275	278
53.888	20.69	23.29	0.00	7.65	1.275	278
53.920	20.67	23.28	-0.00	7.64	1.275	278
53.952	20.64	23.24	-0.00	7.64	1.275	278
53.984	20.62	23.22	-0.00	7.64	1.275	278
54.016	20.61	23.21	0.00	7.65	1.275	278
54.048	20.60	23.21	0.00	7.65	1.275	278
54.080	20.60	23.20	-0.00	7.64	1.275	278
54.112	20.59	23.19	-0.00	7.64	1.275	278
54.144	20.61	23.21	-0.00	7.64	1.271	277
54.176	20.63	23.23	0.00	7.65	1.271	277
54.208	20.66	23.27	0.00	7.65	1.271	277
54.240	20.69	23.29	0.00	7.65	1.271	277
54.272	20.70	23.31	0.00	7.65	1.271	277
54.304	20.69	23.30	-0.00	7.64	1.271	277
54.336	20.67	23.28	-0.00	7.64	1.271	277
54.368	20.66	23.26	-0.00	7.64	1.271	277
54.400	20.63	23.23	0.00	7.65	1.271	277
54.432	20.60	23.20	-0.01	7.64	1.271	277
54.464	20.61	23.21	-0.00	7.64	1.271	277
54.496	20.62	23.23	-0.00	7.64	1.271	277
54.528	20.64	23.24	0.00	7.65	1.271	277
54.560	20.66	23.26	-0.00	7.64	1.271	277
54.592	20.67	23.28	-0.00	7.64	1.266	276
54.624	20.69	23.29	-0.00	7.64	1.266	276
54.656	20.69	23.30	0.00	7.65	1.266	276
54.688	20.72	23.32	0.00	7.65	1.266	276
54.720	20.73	23.33	0.00	7.65	1.266	276
54.752	20.72	23.33	-0.00	7.64	1.266	276
54.784	20.71	23.32	-0.00	7.64	1.266	276
54.816	20.70	23.30	-0.00	7.64	1.266	276
54.848	20.68	23.28	0.00	7.65	1.266	276
54.880	20.65	23.25	-0.00	7.64	1.266	276
54.912	20.63	23.23	-0.00	7.64	1.266	276
54.944	20.62	23.23	-0.00	7.64	1.266	276
54.976	20.63	23.23	-0.00	7.64	1.266	276
55.008	20.63	23.24	-0.00	7.64	1.266	276
55.040	20.65	23.25	-0.00	7.64	1.266	276
55.072	20.67	23.27	-0.00	7.64	1.271	277
55.104	20.68	23.29	-0.00	7.64	1.271	277
55.136	20.70	23.31	-0.00	7.64	1.271	277
55.168	20.72	23.32	0.00	7.65	1.271	277
55.200	20.73	23.33	-0.00	7.64	1.271	277
55.232	20.74	23.34	0.00	7.65	1.271	277
55.264	20.73	23.33	-0.00	7.64	1.271	277
55.296	20.71	23.31	0.00	7.65	1.271	277
55.328	20.69	23.29	0.00	7.65	1.271	277
55.360	20.65	23.25	-0.00	7.64	1.271	277
55.392	20.62	23.22	-0.00	7.64	1.271	277
55.424	20.60	23.20	-0.00	7.64	1.271	277
55.456	20.61	23.22	-0.00	7.64	1.271	277
55.488	20.63	23.23	0.00	7.65	1.271	277
55.520	20.64	23.24	-0.00	7.64	1.271	277
55.552	20.65	23.25	-0.00	7.64	1.266	276
55.584	20.65	23.26	-0.00	7.64	1.266	276
55.616	20.67	23.28	-0.00	7.64	1.266	276
55.648	20.69	23.29	-0.00	7.64	1.266	276
55.680	20.68	23.28	-0.00	7.64	1.266	276
55.712	20.67	23.27	-0.00	7.64	1.266	276
55.744	20.65	23.26	-0.00	7.64	1.266	276
55.776	20.65	23.25	-0.00	7.64	1.266	276
55.808	20.64	23.24	-0.00	7.64	1.266	276
55.840	20.62	23.23	-0.00	7.64	1.266	276
55.872	20.62	23.23	-0.00	7.64	1.266	276
55.904	20.62	23.23	-0.00	7.64	1.266	276
55.936	20.62	23.23	-0.00	7.64	1.266	276
55.968	20.62	23.22	0.00	7.65	1.266	276
56.000	20.62	23.22	-0.00	7.64	1.271	277
56.032	20.62	23.23	-0.00	7.64	1.271	277
56.064	20.63	23.24	-0.00	7.64	1.271	277
56.096	20.66	23.27	-0.00	7.64	1.271	277
56.128	20.67	23.28	0.00	7.65	1.271	277
56.160	20.67	23.28	-0.00	7.64	1.271	277
56.192	20.66	23.27	-0.01	7.64	1.271	277
56.224	20.64	23.25	-0.00	7.64	1.271	277
56.256	20.63	23.24	-0.00	7.64	1.271	277
56.288	20.62	23.23	-0.00	7.64	1.271	277
56.320	20.61	23.22	-0.00	7.64	1.271	277
56.352	20.62	23.22	-0.00	7.64	1.271	277
56.384	20.62	23.23	-0.00	7.64	1.271	277
56.416	20.64	23.24	-0.00	7.64	1.271	277
56.448	20.64	23.24	0.00	7.65	1.271	277
56.480	20.66	23.26	-0.00	7.64	1.271	277
56.512	20.67	23.27	-0.00	7.64	1.271	277
56.544	20.68	23.28	-0.00	7.64	1.271	277
56.576	20.69	23.30	-0.00	7.64	1.271	277
56.608	20.70	23.31	0.00	7.65	1.271	277
56.640	20.71	23.31	0.00	7.65	1.271	277
56.672	20.69	23.29	-0.00	7.64	1.271	277
56.704	20.67	23.27	-0.00	7.64	1.271	277
56.736	20.63	23.24	-0.00	7.64	1.271	277
56.768	20.59	23.20	0.00	7.65	1.271	277
56.800	20.56	23.16	-0.00	7.64	1.271	277
56.832	20.56	23.16	-0.00	7.64	1.271	277
56.864	20.57	23.18	-0.00	7.64	1.271	277
56.896	20.59	23.20	-0.00	7.64	1.271	277
56.928	20.62	23.22	0.00	7.65	1.266	276
56.960	20.62	23.23	-0.00	7.64	1.266	276
56.992	20.64	23.25	-0.00	7.64	1.266	276
57.024	20.66	23.26	0.00	7.65	1.266	276
57.056	20.67	23.27	-0.00	7.64	1.266	276
57.088	20.67	23.28	0.00	7.65	1.266	276
57.120	20.68	23.29	-0.00	7.64	1.266	276
57.152	20.69	23.29	-0.00	7.64	1.266	276
57.184	20.68	23.28	-0.00	7.64	1.266	276
57.216	20.66	23.26	0.00	7.65	1.266	276
57.248	20.63	23.23	-0.00	7.64	1.266	276
57.280	20.61	23.22	0.00	7.65	1.266	276
57.312	20.63	23.23	-0.00	7.64	1.266	276
57.344	20.65	23.26	-0.00	7.64	1.266	276
57.376	20.68	23.29	-0.00	7.64	1.266	276
57.408	20.70	23.30	0.00	7.65	1.271	277
57.440	20.71	23.31	-0.00	7.64	1.271	277
57.472	20.70	23.30	-0.01	7.64	1.271	277
57.504	20.70	23.30	-0.00	7.64	1.271	277
57.536	20.70	23.30	-0.00	7.64	1.271	277
57.568	20.71	23.32	0.01	7.65	1.271	277
57.600	20.72	23.33	-0.00	7.64	1.271	277
57.632	20.73	23.33	-0.00	7.64	1.271	277
57.664	20.73	23.33	-0.00	7.64	1.271	277
57.696	20.71	23.32	-0.00	7.64	1.271	277
57.728	20.68	23.29	-0.00	7.64	1.271	277
57.760	20.67	23.27	-0.00	7.64	1.271	277
57.792	20.66	23.26	-0.00	7.64	1.271	277
57.824	20.66	23.27	-0.00	7.64	1.271	277
57.856	20.67	23.27	-0.00	7.64	1.271	277
57.888	20.67	23.28	-0.00	7.64	1.271	277
57.920	20.68	23.29	0.00	7.65	1.271	277
57.952	20.69	23.30	-0.01	7.64	1.271	277
57.984	20.73	23.33	-0.00	7.64	1.271	277
58.016	20.76	23.36	-0.00	7.64	1.271	277
58.048	20.78	23.38	-0.00	7.64	1.271	277
58.080	20.79	23.40	-0.00	7.64	1.271	277
58.112	20.81	23.41	-0.00	7.64	1.271	277
58.144	20.81	23.41	-0.00	7.64	1.271	277
58.176	20.80	23.40	-0.00	7.64	1.271	277
58.208	20.78	23.39	-0.00	7.64	1.271	277
58.240	20.76	23.37	0.00	7.65	1.271	277
58.272	20.76	23.36	-0.00	7.64	1.271	277
58.304	20.74	23.34	-0.00	7.64	1.271	277
58.336	20.75	23.35	-0.00	7.64	1.275	278
58.368	20.77	23.37	-0.00	7.64	1.275	278
58.400	20.79	23.39	-0.00	7.64	1.275	278
58.432	20.80	23.40	-0.01	7.64	1.275	278
58.464	20.80	23.41	-0.00	7.64	1.275	278
58.496	20.81	23.42	-0.00	7.64	1.275	278
58.528	20.82	23.43	-0.00	7.64	1.275	278
58.560	20.82	23.43	-0.01	7.64	1.275	278
58.592	20.82	23.43	-0.00	7.64	1.275	278
58.624	20.82	23.43	-0.00	7.64	1.275	278
58.656	20.80	23.40	-0.00	7.64	1.275	278
58.688	20.78	23.39	-0.00	7.64	1.275	278
58.720	20.79	23.39	-0.00	7.64	1.275	278
58.752	20.81	23.41	-0.00	7.64	1.275	278
58.784	20.82	23.42	-0.00	7.64	1.275	278
58.816	20.83	23.43	-0.00	7.64	1.275	278
58.848	20.84	23.44	-0.00	7.64	1.275	278
58.880	20.85	23.45	-0.00	7.64	1.275	278
58.912	20.85	23.45	-0.00	7.64	1.275	278
58.944	20.85	23.46	-0.00	7.64	1.275	278
58.976	20.85	23.46	-0.00	7.64	1.275	278
59.008	20.86	23.46	0.00	7.65	1.275	278
59.040	20.86	23.46	-0.00	7.64	1.275	278
59.072	20.86	23.46	-0.00	7.64	1.275	278
59.104	20.85	23.46	-0.00	7.64	1.275	278
59.136	20.83	23.43	-0.00	7.64	1.275	278
59.168	20.83	23.44	0.00	7.65	1.275	278
59.200	20.84	23.44	-0.00	7.64	1.275	278
59.232	20.84	23.44	-0.00	7.64	1.275	278
59.264	20.85	23.45	-0.00	7.64	1.275	278
59.296	20.86	23.47	-0.00	7.64	1.275	278
59.328	20.88	23.48	0.00	7.65	1.275	278
59.360	20.88	23.49	-0.00	7.64	1.275	278
59.392	20.89	23.50	-0.00	7.64	1.275	278
59.424	20.90	23.51	-0.00	7.64	1.275	278
59.456	20.89	23.50	0.00	7.65	1.275	278
59.488	20.88	23.48	-0.00	7.64	1.275	278
59.520	20.85	23.45	0.00	7.65	1.275	278
59.552	20.83	23.43	-0.00	7.64	1.275	278
59.584	20.79	23.39	-0.00	7.64	1.275	278
59.616	20.74	23.35	0.00	7.65	1.275	278
59.648	20.72	23.33	-0.00	7.64	1.275	278
59.680	20.71	23.32	-0.00	7.64	1.275	278
59.712	20.72	23.32	-0.00	7.64	1.275	278
59.744	20.73	23.33	-0.00	7.64	1.275	278
59.776	20.75	23.36	-0.00	7.64	1.275	278
59.808	20.77	23.38	0.00	7.65	1.275	278
59.840	20.78	23.39	-0.00	7.64	1.275	278
59.872	20.79	23.40	-0.00	7.64	1.275	278
59.904	20.80	23.40	-0.00	7.64	1.275	278
59.936	20.79	23.39	-0.00	7.64	1.275	278
59.968	20.79	23.39	0.00	7.65	1.275	278
60.000	20.78	23.38	-0.00	7.64	1.275	278
60.032	20.76	23.36	-0.00	7.64	1.275	278
60.064	20.74	23.35	-0.00	7.64	1.275	278
60.096	20.74	23.34	-0.00	7.64	1.275	278
60.128	20.74	23.35	-0.00	7.64	1.275	278
60.160	20.75	23.35	-0.00	7.64	1.275	278
60.192	20.75	23.35	-0.00	7.64	1.275	278
60.224	20.76	23.36	-0.00	7.64	1.275	278
60.256	20.78	23.38	0.00	7.65	1.275	278
60.288	20.79	23.40	-0.00	7.64	1.275	278
60.320	20.81	23.41	-0.00	7.64	1.275	278
60.352	20.81	23.41	-0.00	7.64	1.275	278
60.384	20.79	23.39	-0.00	7.64	1.275	278
60.416	20.77	23.38	0.00	7.65	1.275	278
60.448	20.77	23.37	-0.00	7.64	1.275	278
60.480	20.75	23.35	-0.00	7.64	1.275	278
60.512	20.72	23.33	-0.00	7.64	1.275	278
60.544	20.68	23.29	-0.00	7.64	1.275	278
60.576	20.67	23.28	0.00	7.65	1.275	278
60.608	20.68	23.28	-0.00	7.64	1.275	278
60.640	20.69	23.30	-0.00	7.64	1.275	278
60.672	20.71	23.31	-0.00	7.64	1.271	277
60.704	20.71	23.32	-0.00	7.64	1.271	277
60.736	20.71	23.32	-0.00	7.64	1.271	277
60.768	20.72	23.32	-0.00	7.64	1.271	277
60.800	20.73	23.33	-0.00	7.64	1.271	277
60.832	20.74	23.34	-0.00	7.64	1.271	277
60.864	20.74	23.35	-0.00	7.64	1.271	277
60.896	20.75	23.35	-0.00	7.64	1.271	277
60.928	20.74	23.34	-0.00	7.64	1.271	277
60.960	20.73	23.33	-0.01	7.64	1.271	277
60.992	20.72	23.32	-0.00	7.64	1.271	277
61.024	20.70	23.30	-0.00	7.64	1.271	277
61.056	20.69	23.29	-0.00	7.64	1.271	277
61.088	20.69	23.30	-0.00	7.64	1.271	277
61.120	20.70	23.30	-0.00	7.64	1.271	277
61.152	20.70	23.30	-0.00	7.64	1.271	277
61.184	20.71	23.31	-0.01	7.64	1.271	277
61.216	20.73	23.33	-0.00	7.64	1.271	277
61.248	20.73	23.33	-0.00	7.64	1.271	277
61.280	20.72	23.32	-0.00	7.64	1.271	277
61.312	20.69	23.30	-0.00	7.64	1.271	277
61.344	20.64	23.25	-0.00	7.64	1.271	277
61.376	20.60	23.20	-0.00	7.64	1.271	277
61.408	20.54	23.14	-0.00	7.64	1.271	277
61.440	20.49	23.09	-0.00	7.64	1.271	277
61.472	20.43	23.03	-0.00	7.64	1.271	277
61.504	20.38	22.99	-0.00	7.64	1.271	277
61.536	20.36	22.97	0.00	7.65	1.271	277
61.568	20.37	22.97	-0.00	7.64	1.271	277
61.600	20.38	22.98	-0.00	7.64	1.271	277
61.632	20.38	22.99	-0.00	7.64	1.266	276
61.664	20.40	23.00	-0.00	7.64	1.266	276
61.696	20.40	23.01	-0.00	7.64	1.266	276
61.728	19.90	22.50	-0.00	7.64	1.266	276
61.760	17.62	20.22	-0.00	7.64	1.266	276
61.792	14.56	17.16	-0.00	7.64	1.266	276
61.824	11.62	14.22	-0.01	7.64	1.266	276
61.856	9.15	11.75	0.00	7.65	1.266	276
61.888	7.05	9.65	-0.00	7.64	1.266	276
61.920	5.29	7.90	-0.01	7.64	1.266	276
61.952	3.85	6.45	-0.00	7.64	1.266	276
61.984	2.71	5.31	-0.00	7.64	1.266	276
62.016	1.80	4.40	-0.00	7.64	1.266	276
62.048	1.08	3.68	-0.00	7.64	1.266	276
62.080	0.54	3.14	-0.01	7.64	0.417	91
62.112	0.16	2.76	-0.00	7.64	0.417	91
62.144	-0.11	2.49	0.00	7.65	0.417	91
62.176	-0.28	2.32	-0.00	7.64	0.417	91
62.208	-0.37	2.23	-0.00	7.64	0.417	91
62.240	-0.40	2.20	-0.01	7.64	0.417	91
62.272	-0.38	2.22	-0.00	7.64	0.417	91
62.304	-0.34	2.27	-0.00	7.64	0.417	91
62.336	-0.27	2.33	-0.00	7.64	0.417	91
62.368	-0.19	2.42	-0.00	7.64	0.417	91
62.400	-0.11	2.50	-0.00	7.64	0.417	91
62.432	-0.04	2.56	-0.00	7.64	0.417	91
62.464	0.02	2.62	-0.00	7.64	0.417	91
62.496	0.07	2.68	-0.00	7.64	0.417	91
62.528	0.12	2.72	-0.00	7.64	0.417	91
62.560	0.15	2.75	-0.00	7.64	0.000	0
62.592	0.16	2.76	-0.00	7.64	0.000	0
62.624	0.21	2.82	-0.00	7.64	0.000	0
62.656	0.22	2.82	0.00	7.65	0.000	0
62.688	0.21	2.81	-0.00	7.64	0.000	0
62.720	0.19	2.79	-0.00	7.64	0.000	0
62.752	0.16	2.77	-0.00	7.64	0.000	0
62.784	0.14	2.75	-0.00	7.64	0.000	0
62.816	0.11	2.72	0.00	7.65	0.000	0
62.848	0.07	2.68	-0.01	7.64	0.000	0
62.880	0.04	2.65	-0.00	7.64	0.000	0
62.912	0.01	2.62	-0.01	7.64	0.000	0
62.944	-0.02	2.59	-0.00	7.64	0.000	0
62.976	-0.03	2.57	-0.00	7.64	0.000	0
63.008	-0.06	2.54	-0.00	7.64	0.000	0
63.040	-0.06	2.55	-0.00	7.64	0.000	0
63.072	-0.02	2.59	-0.01	7.64	0.000	0
63.104	0.05	2.66	-0.00	7.64	0.000	0
63.136	0.15	2.76	0.00	7.65	0.000	0
63.168	0.17	2.77	-0.00	7.64	0.000	0
63.200	0.14	2.75	-0.00	7.64	0.000	0
63.232	0.11	2.71	-0.00	7.64	0.000	0
63.264	0.09	2.70	-0.01	7.64	0.000	0
63.296	0.08	2.69	0.00	7.65	0.000	0
63.328	0.04	2.64	-0.00	7.64	0.000	0
63.360	0.02	2.62	-0.00	7.64	0.000	0
63.392	0.01	2.62	-0.00	7.64	0.000	0
63.424	-0.01	2.59	-0.00	7.64	0.000	0
63.456	0.03	2.63	-0.00	7.64	0.000	0
63.488	0.05	2.65	-0.00	7.64	0.000	0
63.520	0.02	2.63	-0.00	7.64	0.000	0
63.552	0.01	2.62	-0.00	7.64	0.000	0
63.584	-0.01	2.59	-0.00	7.64	0.000	0
63.616	-0.07	2.54	-0.00	7.64	0.000	0
63.648	-0.09	2.51	-0.00	7.64	0.000	0
63.680	-0.10	2.50	-0.00	7.64	0.000	0
63.712	-0.11	2.50	-0.00	7.64	0.000	0
