Tempo(s)    P0(KPa) P0+Coluna(KPa)  P1(KPa) P1+Coluna(KPa)  Vazao(L/min)    Pulsos
0.000	-0.01	2.45	0.00	7.64	0.000	0
0.032	-0.00	2.45	-0.01	7.64	0.000	0
0.064	-0.00	2.45	0.00	7.64	0.000	0
0.096	-0.00	2.45	0.00	7.64	0.000	0
0.128	-0.00	2.45	-0.01	7.64	0.000	0
0.160	-0.00	2.45	-0.00	7.64	0.000	0
0.192	-0.00	2.45	-0.00	7.64	0.000	0
0.224	-0.00	2.45	-0.00	7.64	0.000	0
0.256	-0.00	2.45	0.00	7.64	0.000	0
0.288	-0.00	2.45	0.00	7.64	0.000	0
0.320	-0.01	2.45	-0.00	7.64	0.000	0
0.352	-0.00	2.45	-0.00	7.64	0.000	0
0.384	-0.01	2.45	0.00	7.65	0.000	0
0.416	-0.00	2.45	0.00	7.64	0.000	0
0.448	-0.01	2.45	-0.01	7.64	0.000	0
0.480	-0.00	2.45	-0.01	7.64	0.000	0
0.512	-0.01	2.45	-0.00	7.64	0.000	0
0.544	-0.01	2.45	0.00	7.65	0.000	0
0.576	-0.00	2.45	0.00	7.64	0.000	0
0.608	-0.01	2.45	-0.00	7.64	0.000	0
0.640	-0.00	2.45	-0.00	7.64	0.000	0
0.672	-0.01	2.45	-0.00	7.64	0.000	0
0.704	-0.01	2.45	0.00	7.65	0.000	0
0.736	-0.00	2.45	-0.00	7.64	0.000	0
0.768	-0.00	2.45	-0.00	7.64	0.000	0
0.800	-0.01	2.45	0.00	7.64	0.000	0
0.832	-0.00	2.45	-0.00	7.64	0.000	0
0.864	-0.01	2.45	0.00	7.65	0.000	0
0.896	-0.01	2.45	0.00	7.64	0.000	0
0.928	-0.01	2.45	-0.00	7.64	0.000	0
0.960	-0.01	2.45	0.00	7.65	0.000	0
0.992	-0.01	2.45	0.00	7.64	0.000	0
1.024	-0.01	2.45	0.00	7.64	0.000	0
1.056	-0.01	2.45	-0.01	7.64	0.000	0
1.088	-0.01	2.45	-0.01	7.64	0.000	0
1.120	-0.01	2.45	-0.01	7.64	0.000	0
1.152	-0.01	2.45	-0.00	7.64	0.000	0
1.184	-0.01	2.45	0.00	7.65	0.000	0
1.216	-0.01	2.45	-0.00	7.64	0.000	0
1.248	-0.01	2.45	-0.00	7.64	0.000	0
1.280	-0.01	2.45	0.00	7.64	0.000	0
1.312	-0.01	2.45	0.00	7.65	0.000	0
1.344	-0.01	2.45	-0.00	7.64	0.000	0
1.376	-0.01	2.45	-0.00	7.64	0.000	0
1.408	-0.01	2.45	-0.00	7.64	0.000	0
1.440	-0.01	2.45	-0.00	7.64	0.000	0
1.472	-0.01	2.45	0.00	7.64	0.000	0
1.504	-0.01	2.45	0.00	7.65	0.000	0
1.536	-0.01	2.45	-0.00	7.64	0.000	0
1.568	-0.01	2.45	-0.01	7.64	0.000	0
1.600	-0.01	2.45	-0.00	7.64	0.000	0
1.632	-0.01	2.45	-0.00	7.64	0.000	0
1.664	-0.01	2.45	0.00	7.64	0.000	0
1.696	-0.01	2.45	-0.00	7.64	0.000	0
1.728	-0.01	2.45	-0.00	7.64	0.000	0
1.760	-0.01	2.45	-0.00	7.64	0.000	0
1.792	-0.01	2.45	0.00	7.64	0.000	0
1.824	-0.01	2.45	0.00	7.64	0.000	0
1.856	0.26	2.72	-0.00	7.64	0.000	0
1.888	1.49	3.95	-0.00	7.64	0.000	0
1.920	3.31	5.77	0.00	7.64	0.000	0
1.952	5.32	7.78	0.00	7.64	0.000	0
1.984	7.25	9.71	-0.00	7.64	0.000	0
2.016	9.03	11.49	-0.00	7.64	0.000	0
2.048	10.65	13.11	-0.00	7.64	0.000	0
2.080	12.09	14.55	-0.00	7.64	0.000	0
2.112	13.33	15.79	0.00	7.65	0.000	0
2.144	14.42	16.88	-0.00	7.64	0.000	0
2.176	15.35	17.80	-0.00	7.64	0.720	157
2.208	16.12	18.58	-0.00	7.64	0.720	157
2.240	16.76	19.22	0.00	7.64	0.720	157
2.272	17.27	19.73	0.00	7.64	0.720	157
2.304	17.67	20.13	0.00	7.65	0.720	157
2.336	17.97	20.43	-0.00	7.64	0.720	157
2.368	18.19	20.65	0.00	7.64	0.720	157
2.400	18.36	20.82	0.00	7.64	0.720	157
2.432	18.49	20.95	-0.00	7.64	0.720	157
2.464	18.59	21.05	-0.00	7.64	0.720	157
2.496	18.67	21.13	-0.00	7.64	0.720	157
2.528	18.71	21.17	0.00	7.64	0.720	157
2.560	18.73	21.19	-0.01	7.64	0.720	157
2.592	18.74	21.20	-0.00	7.64	0.720	157
2.624	18.75	21.21	0.00	7.65	0.720	157
2.656	18.75	21.21	-0.01	7.64	1.229	268
2.688	18.75	21.21	-0.00	7.64	1.229	268
2.720	18.75	21.21	-0.00	7.64	1.229	268
2.752	18.75	21.21	0.00	7.65	1.229	268
2.784	18.76	21.22	-0.00	7.64	1.229	268
2.816	18.77	21.23	-0.00	7.64	1.229	268
2.848	18.78	21.24	0.00	7.65	1.229	268
2.880	18.80	21.26	-0.00	7.64	1.229	268
2.912	18.83	21.29	0.00	7.64	1.229	268
2.944	18.87	21.33	0.00	7.65	1.229	268
2.976	18.90	21.36	-0.00	7.64	1.229	268
3.008	18.91	21.37	-0.00	7.64	1.229	268
3.040	18.92	21.38	-0.00	7.64	1.229	268
3.072	18.91	21.37	0.00	7.65	1.229	268
3.104	18.90	21.36	-0.00	7.64	1.248	272
3.136	18.88	21.34	-0.00	7.64	1.248	272
3.168	18.87	21.33	-0.00	7.64	1.248	272
3.200	18.87	21.33	-0.01	7.64	1.248	272
3.232	18.87	21.33	0.00	7.65	1.248	272
3.264	18.87	21.33	-0.00	7.64	1.248	272
3.296	18.88	21.34	-0.01	7.64	1.248	272
3.328	18.90	21.36	-0.00	7.64	1.248	272
3.360	18.90	21.35	0.00	7.64	1.248	272
3.392	18.91	21.37	0.00	7.65	1.248	272
3.424	18.94	21.40	-0.00	7.64	1.248	272
3.456	18.96	21.42	-0.00	7.64	1.248	272
3.488	18.97	21.43	-0.00	7.64	1.248	272
3.520	18.97	21.43	-0.00	7.64	1.248	272
3.552	18.97	21.43	0.00	7.65	1.248	272
3.584	18.96	21.42	0.00	7.64	1.252	273
3.616	18.94	21.40	-0.00	7.64	1.252	273
3.648	18.93	21.39	-0.00	7.64	1.252	273
3.680	18.93	21.39	0.00	7.64	1.252	273
3.712	18.92	21.38	0.00	7.64	1.252	273
3.744	18.92	21.38	-0.00	7.64	1.252	273
3.776	18.92	21.38	-0.01	7.64	1.252	273
3.808	18.93	21.39	-0.00	7.64	1.252	273
3.840	18.92	21.38	0.00	7.65	1.252	273
3.872	18.93	21.39	0.00	7.65	1.252	273
3.904	18.92	21.38	-0.01	7.64	1.252	273
3.936	18.92	21.38	-0.01	7.64	1.252	273
3.968	18.91	21.37	-0.00	7.64	1.252	273
4.000	18.88	21.34	-0.00	7.64	1.252	273
4.032	18.86	21.32	-0.00	7.64	1.257	274
4.064	18.83	21.29	-0.00	7.64	1.257	274
4.096	18.82	21.28	0.00	7.64	1.257	274
4.128	18.80	21.26	0.00	7.65	1.257	274
4.160	18.79	21.25	0.00	7.64	1.257	274
4.192	18.78	21.24	-0.00	7.64	1.257	274
4.224	18.78	21.24	0.00	7.64	1.257	274
4.256	18.79	21.25	-0.01	7.64	1.257	274
4.288	18.80	21.26	0.00	7.64	1.257	274
4.320	18.81	21.27	0.00	7.65	1.257	274
4.352	18.82	21.28	-0.00	7.64	1.257	274
4.384	18.84	21.30	-0.00	7.64	1.257	274
4.416	18.85	21.31	-0.00	7.64	1.257	274
4.448	18.86	21.32	-0.00	7.64	1.257	274
4.480	18.87	21.33	-0.00	7.64	1.257	274
4.512	18.90	21.36	0.00	7.64	1.252	273
4.544	18.91	21.37	-0.00	7.64	1.252	273
4.576	18.90	21.36	-0.00	7.64	1.252	273
4.608	18.92	21.38	-0.00	7.64	1.252	273
4.640	18.93	21.39	0.00	7.64	1.252	273
4.672	18.93	21.39	-0.00	7.64	1.252	273
4.704	18.92	21.38	0.00	7.64	1.252	273
4.736	18.92	21.38	-0.00	7.64	1.252	273
4.768	18.92	21.38	0.00	7.64	1.252	273
4.800	18.92	21.38	0.00	7.65	1.252	273
4.832	18.92	21.38	-0.00	7.64	1.252	273
4.864	18.91	21.37	-0.00	7.64	1.252	273
4.896	18.89	21.35	0.00	7.65	1.252	273
4.928	18.87	21.33	-0.00	7.64	1.252	273
4.960	18.87	21.33	0.00	7.65	1.252	273
4.992	18.85	21.31	-0.00	7.64	1.257	274
5.024	18.83	21.29	0.00	7.64	1.257	274
5.056	18.83	21.29	-0.00	7.64	1.257	274
5.088	18.82	21.28	-0.00	7.64	1.257	274
5.120	18.82	21.28	0.00	7.64	1.257	274
5.152	18.82	21.28	-0.00	7.64	1.257	274
5.184	18.83	21.29	-0.00	7.64	1.257	274
5.216	18.86	21.32	-0.01	7.64	1.257	274
5.248	18.88	21.34	-0.00	7.64	1.257	274
5.280	18.92	21.38	0.01	7.65	1.257	274
5.312	18.94	21.40	-0.01	7.64	1.257	274
5.344	18.94	21.40	-0.00	7.64	1.257	274
5.376	18.92	21.38	-0.00	7.64	1.257	274
5.408	18.90	21.35	0.00	7.64	1.257	274
5.440	18.87	21.33	0.00	7.64	1.252	273
5.472	18.83	21.29	-0.01	7.64	1.252	273
5.504	18.81	21.27	-0.00	7.64	1.252	273
5.536	18.80	21.26	-0.00	7.64	1.252	273
5.568	18.81	21.27	-0.00	7.64	1.252	273
5.600	18.82	21.28	0.00	7.64	1.252	273
5.632	18.84	21.30	0.00	7.64	1.252	273
5.664	18.86	21.32	-0.00	7.64	1.252	273
5.696	18.90	21.35	-0.00	7.64	1.252	273
5.728	18.93	21.39	-0.00	7.64	1.252	273
5.760	18.96	21.42	0.00	7.65	1.252	273
5.792	18.98	21.44	-0.00	7.64	1.252	273
5.824	18.98	21.44	-0.01	7.64	1.252	273
5.856	18.98	21.44	-0.00	7.64	1.252	273
5.888	18.98	21.44	0.00	7.64	1.252	273
5.920	18.97	21.43	0.00	7.65	1.257	274
5.952	18.95	21.41	0.00	7.64	1.257	274
5.984	18.93	21.39	-0.00	7.64	1.257	274
6.016	18.92	21.38	0.00	7.64	1.257	274
6.048	18.89	21.35	-0.00	7.64	1.257	274
6.080	18.87	21.33	0.00	7.65	1.257	274
6.112	18.85	21.31	0.00	7.64	1.257	274
6.144	18.84	21.30	-0.00	7.64	1.257	274
6.176	18.85	21.31	-0.00	7.64	1.257	274
6.208	18.85	21.31	0.00	7.64	1.257	274
6.240	18.86	21.32	0.00	7.65	1.257	274
6.272	18.87	21.33	-0.00	7.64	1.257	274
6.304	18.87	21.33	-0.00	7.64	1.257	274
6.336	18.88	21.34	-0.01	7.64	1.257	274
6.368	18.89	21.35	-0.00	7.64	1.257	274
6.400	18.89	21.35	0.00	7.65	1.252	273
6.432	18.87	21.33	-0.00	7.64	1.252	273
6.464	18.86	21.32	-0.00	7.64	1.252	273
6.496	18.86	21.32	0.00	7.64	1.252	273
6.528	18.86	21.32	-0.00	7.64	1.252	273
6.560	18.87	21.33	0.00	7.64	1.252	273
6.592	18.87	21.33	-0.01	7.64	1.252	273
6.624	18.87	21.33	-0.00	7.64	1.252	273
6.656	18.87	21.33	-0.00	7.64	1.252	273
6.688	18.89	21.35	-0.00	7.64	1.252	273
6.720	18.91	21.37	0.00	7.64	1.252	273
6.752	18.91	21.37	0.00	7.64	1.252	273
6.784	18.90	21.36	-0.01	7.64	1.252	273
6.816	18.90	21.36	-0.00	7.64	1.252	273
6.848	18.90	21.35	-0.00	7.64	1.252	273
6.880	18.88	21.34	-0.00	7.64	1.252	273
6.912	18.86	21.32	0.00	7.64	1.252	273
6.944	18.84	21.30	-0.00	7.64	1.252	273
6.976	18.84	21.30	-0.00	7.64	1.252	273
7.008	18.84	21.30	0.00	7.65	1.252	273
7.040	18.82	21.28	-0.00	7.64	1.252	273
7.072	18.82	21.28	-0.00	7.64	1.252	273
7.104	18.82	21.28	-0.00	7.64	1.252	273
7.136	18.82	21.28	0.00	7.64	1.252	273
7.168	18.84	21.30	0.00	7.64	1.252	273
7.200	18.86	21.32	0.00	7.64	1.252	273
7.232	18.87	21.33	-0.00	7.64	1.252	273
7.264	18.90	21.36	-0.00	7.64	1.252	273
7.296	18.91	21.37	0.00	7.65	1.252	273
7.328	18.93	21.39	0.00	7.64	1.252	273
7.360	18.93	21.39	0.00	7.64	1.252	273
7.392	18.91	21.37	-0.00	7.64	1.252	273
7.424	18.90	21.36	-0.00	7.64	1.252	273
7.456	18.91	21.37	-0.01	7.64	1.252	273
7.488	18.92	21.38	-0.00	7.64	1.252	273
7.520	18.92	21.38	-0.00	7.64	1.252	273
7.552	18.90	21.36	-0.00	7.64	1.252	273
7.584	18.90	21.36	-0.00	7.64	1.252	273
7.616	18.90	21.36	-0.00	7.64	1.252	273
7.648	18.91	21.37	0.00	7.65	1.252	273
7.680	18.91	21.37	0.00	7.64	1.252	273
7.712	18.91	21.37	-0.00	7.64	1.252	273
7.744	18.91	21.37	-0.00	7.64	1.252	273
7.776	18.91	21.37	-0.00	7.64	1.252	273
7.808	18.91	21.37	0.00	7.64	1.252	273
7.840	18.92	21.38	-0.00	7.64	1.252	273
7.872	18.91	21.37	-0.00	7.64	1.252	273
7.904	18.91	21.37	-0.00	7.64	1.252	273
7.936	18.91	21.37	-0.00	7.64	1.252	273
7.968	18.91	21.37	0.00	7.64	1.252	273
8.000	18.89	21.35	0.00	7.65	1.252	273
8.032	18.89	21.35	-0.00	7.64	1.252	273
8.064	18.89	21.35	-0.00	7.64	1.252	273
8.096	18.90	21.36	-0.00	7.64	1.252	273
8.128	18.90	21.36	0.00	7.65	1.252	273
8.160	18.90	21.36	-0.00	7.64	1.252	273
8.192	18.91	21.37	-0.00	7.64	1.252	273
8.224	18.92	21.38	0.00	7.65	1.252	273
8.256	18.92	21.38	0.00	7.64	1.252	273
8.288	18.93	21.39	0.00	7.65	1.252	273
8.320	18.92	21.38	0.00	7.65	1.252	273
8.352	18.92	21.38	-0.01	7.64	1.252	273
8.384	18.91	21.37	-0.00	7.64	1.252	273
8.416	18.91	21.37	-0.00	7.64	1.252	273
8.448	18.92	21.38	0.00	7.65	1.252	273
8.480	18.92	21.38	0.00	7.64	1.252	273
8.512	18.93	21.39	-0.00	7.64	1.252	273
8.544	18.93	21.39	0.00	7.65	1.252	273
8.576	18.95	21.41	-0.00	7.64	1.252	273
8.608	18.97	21.43	-0.00	7.64	1.252	273
8.640	18.98	21.44	-0.00	7.64	1.252	273
8.672	18.98	21.44	-0.01	7.64	1.252	273
8.704	18.99	21.45	0.00	7.64	1.252	273
8.736	18.98	21.44	0.00	7.64	1.257	274
8.768	18.97	21.43	0.00	7.65	1.257	274
8.800	18.94	21.40	0.00	7.64	1.257	274
8.832	18.92	21.38	0.00	7.64	1.257	274
8.864	18.92	21.38	0.00	7.64	1.257	274
8.896	18.92	21.38	-0.00	7.64	1.257	274
8.928	18.91	21.37	0.00	7.65	1.257	274
8.960	18.90	21.36	-0.00	7.64	1.257	274
8.992	18.90	21.36	-0.00	7.64	1.257	274
9.024	18.90	21.36	0.00	7.64	1.257	274
9.056	18.92	21.38	-0.00	7.64	1.257	274
9.088	18.94	21.40	0.00	7.65	1.257	274
9.120	18.95	21.40	0.00	7.64	1.257	274
9.152	18.95	21.41	0.00	7.64	1.257	274
9.184	18.96	21.42	0.00	7.64	1.257	274
9.216	18.97	21.43	-0.00	7.64	1.257	274
9.248	18.98	21.44	0.00	7.64	1.257	274
9.280	18.96	21.42	-0.00	7.64	1.257	274
9.312	18.96	21.42	-0.00	7.64	1.257	274
9.344	18.94	21.40	0.00	7.64	1.257	274
9.376	18.92	21.38	-0.00	7.64	1.257	274
9.408	18.90	21.36	0.00	7.65	1.257	274
9.440	18.91	21.37	-0.00	7.64	1.257	274
9.472	18.91	21.37	-0.00	7.64	1.257	274
9.504	18.91	21.37	0.00	7.64	1.257	274
9.536	18.92	21.38	0.00	7.64	1.257	274
9.568	18.95	21.40	0.00	7.64	1.257	274
9.600	18.97	21.43	-0.00	7.64	1.257	274
9.632	18.99	21.45	-0.01	7.64	1.257	274
9.664	19.00	21.46	-0.00	7.64	1.257	274
9.696	19.00	21.46	-0.00	7.64	1.257	274
9.728	19.01	21.47	0.00	7.64	1.257	274
9.760	19.00	21.46	-0.00	7.64	1.257	274
9.792	19.00	21.46	-0.00	7.64	1.257	274
9.824	19.01	21.47	0.00	7.64	1.257	274
9.856	19.02	21.48	-0.00	7.64	1.257	274
9.888	19.04	21.50	0.00	7.65	1.257	274
9.920	19.05	21.51	0.00	7.65	1.257	274
9.952	19.05	21.50	-0.00	7.64	1.257	274
9.984	19.02	21.48	0.00	7.64	1.257	274
10.016	19.01	21.47	0.00	7.65	1.257	274
10.048	19.00	21.46	0.00	7.64	1.257	274
10.080	18.99	21.45	-0.00	7.64	1.257	274
10.112	18.98	21.44	0.00	7.64	1.257	274
10.144	18.99	21.45	-0.00	7.64	1.257	274
10.176	18.99	21.45	-0.00	7.64	1.257	274
10.208	19.00	21.46	-0.00	7.64	1.257	274
10.240	19.01	21.47	0.00	7.65	1.257	274
10.272	19.02	21.48	-0.00	7.64	1.257	274
10.304	19.03	21.49	-0.00	7.64	1.257	274
10.336	19.02	21.48	0.00	7.64	1.257	274
10.368	19.02	21.48	0.00	7.64	1.257	274
10.400	19.01	21.47	-0.00	7.64	1.257	274
10.432	19.00	21.46	-0.00	7.64	1.257	274
10.464	19.00	21.46	-0.00	7.64	1.257	274
10.496	18.99	21.45	0.00	7.64	1.257	274
10.528	19.00	21.45	-0.00	7.64	1.257	274
10.560	19.01	21.47	-0.00	7.64	1.257	274
10.592	19.02	21.48	-0.00	7.64	1.257	274
10.624	19.03	21.49	-0.00	7.64	1.257	274
10.656	19.04	21.50	0.00	7.64	1.257	274
10.688	19.03	21.49	0.00	7.64	1.257	274
10.720	19.00	21.46	-0.00	7.64	1.257	274
10.752	18.98	21.44	-0.00	7.64	1.257	274
10.784	18.96	21.42	-0.01	7.64	1.257	274
10.816	18.95	21.41	0.00	7.64	1.257	274
10.848	18.95	21.40	0.00	7.64	1.257	274
10.880	18.95	21.40	-0.00	7.64	1.257	274
10.912	18.96	21.42	-0.01	7.64	1.257	274
10.944	18.96	21.42	-0.00	7.64	1.257	274
10.976	18.96	21.42	-0.00	7.64	1.257	274
11.008	18.96	21.42	0.00	7.64	1.257	274
11.040	18.97	21.43	-0.00	7.64	1.257	274
11.072	18.96	21.42	-0.00	7.64	1.257	274
11.104	18.96	21.42	-0.00	7.64	1.257	274
11.136	18.97	21.43	0.00	7.64	1.257	274
11.168	18.97	21.43	0.00	7.65	1.257	274
11.200	18.97	21.43	-0.00	7.64	1.257	274
11.232	18.97	21.43	-0.01	7.64	1.257	274
11.264	18.97	21.43	0.00	7.64	1.257	274
11.296	18.97	21.43	0.00	7.64	1.257	274
11.328	18.98	21.44	0.00	7.65	1.257	274
11.360	18.97	21.43	-0.00	7.64	1.257	274
11.392	18.97	21.43	-0.00	7.64	1.257	274
11.424	18.98	21.44	-0.00	7.64	1.257	274
11.456	18.99	21.45	-0.00	7.64	1.257	274
11.488	19.00	21.46	0.00	7.64	1.257	274
11.520	19.01	21.47	0.00	7.64	1.257	274
11.552	19.02	21.48	-0.00	7.64	1.257	274
11.584	19.03	21.49	-0.00	7.64	1.257	274
11.616	19.03	21.49	0.00	7.64	1.257	274
11.648	19.02	21.48	0.01	7.65	1.257	274
11.680	19.01	21.47	-0.00	7.64	1.257	274
11.712	19.01	21.47	-0.00	7.64	1.257	274
11.744	19.00	21.46	-0.00	7.64	1.257	274
11.776	18.99	21.45	0.00	7.64	1.257	274
11.808	18.99	21.45	0.00	7.64	1.257	274
11.840	19.00	21.46	-0.00	7.64	1.257	274
11.872	19.01	21.47	-0.00	7.64	1.257	274
11.904	19.04	21.50	0.00	7.64	1.257	274
11.936	19.06	21.52	0.00	7.65	1.257	274
11.968	19.07	21.53	0.00	7.64	1.257	274
12.000	19.06	21.52	0.00	7.64	1.257	274
12.032	19.07	21.53	-0.00	7.64	1.257	274
12.064	19.06	21.52	-0.00	7.64	1.257	274
12.096	19.04	21.50	-0.00	7.64	1.257	274
12.128	19.01	21.47	0.00	7.64	1.257	274
12.160	19.00	21.46	-0.00	7.64	1.257	274
12.192	19.00	21.46	-0.00	7.64	1.257	274
12.224	18.99	21.45	-0.00	7.64	1.257	274
12.256	19.00	21.45	-0.00	7.64	1.257	274
12.288	19.00	21.46	0.00	7.64	1.257	274
12.320	19.01	21.47	0.00	7.65	1.257	274
12.352	19.00	21.46	-0.00	7.64	1.257	274
12.384	19.00	21.46	-0.00	7.64	1.257	274
12.416	18.99	21.45	0.00	7.64	1.257	274
12.448	18.98	21.44	0.00	7.64	1.257	274
12.480	18.98	21.44	-0.00	7.64	1.261	275
12.512	18.96	21.42	-0.01	7.64	1.261	275
12.544	18.94	21.40	-0.00	7.64	1.261	275
12.576	18.92	21.38	0.00	7.64	1.261	275
12.608	18.89	21.35	-0.00	7.64	1.261	275
12.640	18.89	21.35	-0.00	7.64	1.261	275
12.672	18.91	21.37	-0.01	7.64	1.261	275
12.704	18.92	21.38	0.00	7.64	1.261	275
12.736	18.93	21.39	-0.00	7.64	1.261	275
12.768	18.95	21.41	0.00	7.64	1.261	275
12.800	18.96	21.42	-0.00	7.64	1.261	275
12.832	18.96	21.42	0.00	7.64	1.261	275
12.864	18.98	21.44	-0.00	7.64	1.261	275
12.896	18.99	21.45	0.00	7.64	1.261	275
12.928	19.00	21.46	-0.00	7.64	1.257	274
12.960	19.01	21.47	-0.00	7.64	1.257	274
12.992	19.01	21.47	-0.01	7.64	1.257	274
13.024	19.01	21.47	-0.00	7.64	1.257	274
13.056	18.98	21.44	0.00	7.64	1.257	274
13.088	18.97	21.43	-0.00	7.64	1.257	274
13.120	18.97	21.43	0.00	7.64	1.257	274
13.152	18.99	21.45	-0.00	7.64	1.257	274
13.184	19.01	21.47	-0.00	7.64	1.257	274
13.216	19.03	21.49	0.00	7.64	1.257	274
13.248	19.03	21.49	-0.00	7.64	1.257	274
13.280	19.03	21.49	-0.00	7.64	1.257	274
13.312	19.04	21.50	-0.00	7.64	1.257	274
13.344	19.06	21.52	0.00	7.64	1.257	274
13.376	19.07	21.53	0.00	7.64	1.257	274
13.408	19.06	21.52	0.00	7.64	1.257	274
13.440	19.06	21.52	0.00	7.64	1.257	274
13.472	19.05	21.51	-0.00	7.64	1.257	274
13.504	19.05	21.50	-0.00	7.64	1.257	274
13.536	19.03	21.49	-0.00	7.64	1.257	274
13.568	19.03	21.49	-0.00	7.64	1.257	274
13.600	19.04	21.50	0.00	7.64	1.257	274
13.632	19.06	21.52	-0.00	7.64	1.257	274
13.664	19.08	21.54	-0.00	7.64	1.257	274
13.696	19.08	21.54	-0.00	7.64	1.257	274
13.728	19.09	21.55	0.00	7.65	1.257	274
13.760	19.06	21.52	0.00	7.64	1.257	274
13.792	19.03	21.49	-0.00	7.64	1.257	274
13.824	19.02	21.48	-0.01	7.64	1.257	274
13.856	19.00	21.46	0.00	7.64	1.257	274
13.888	18.99	21.45	0.00	7.65	1.257	274
13.920	18.99	21.45	-0.00	7.64	1.257	274
13.952	18.99	21.45	-0.00	7.64	1.257	274
13.984	19.00	21.45	0.00	7.64	1.257	274
14.016	18.99	21.45	0.00	7.64	1.257	274
14.048	19.00	21.46	-0.00	7.64	1.257	274
14.080	19.01	21.47	-0.01	7.64	1.257	274
14.112	19.01	21.47	-0.00	7.64	1.257	274
14.144	19.04	21.50	-0.00	7.64	1.257	274
14.176	19.06	21.52	0.00	7.65	1.257	274
14.208	19.07	21.53	-0.00	7.64	1.257	274
14.240	19.06	21.52	-0.00	7.64	1.257	274
14.272	19.05	21.51	-0.00	7.64	1.257	274
14.304	19.04	21.50	-0.00	7.64	1.257	274
14.336	19.04	21.50	0.00	7.64	1.257	274
14.368	19.04	21.50	0.00	7.64	1.257	274
14.400	19.03	21.49	-0.00	7.64	1.257	274
14.432	19.04	21.50	0.00	7.64	1.257	274
14.464	19.03	21.49	0.00	7.64	1.257	274
14.496	19.02	21.48	-0.00	7.64	1.257	274
14.528	19.03	21.49	0.00	7.65	1.257	274
14.560	19.05	21.51	-0.00	7.64	1.257	274
14.592	19.05	21.51	-0.00	7.64	1.257	274
14.624	19.05	21.51	-0.00	7.64	1.257	274
14.656	19.04	21.50	-0.00	7.64	1.257	274
14.688	19.03	21.49	0.00	7.65	1.257	274
14.720	19.02	21.48	-0.00	7.64	1.257	274
14.752	19.00	21.46	-0.00	7.64	1.257	274
14.784	19.00	21.46	-0.00	7.64	1.257	274
14.816	18.99	21.45	-0.00	7.64	1.261	275
14.848	18.98	21.44	0.00	7.64	1.261	275
14.880	18.97	21.43	-0.01	7.64	1.261	275
14.912	18.96	21.42	-0.01	7.64	1.261	275
14.944	18.94	21.40	-0.00	7.64	1.261	275
14.976	18.93	21.39	-0.00	7.64	1.261	275
15.008	18.94	21.40	0.00	7.65	1.261	275
15.040	18.96	21.42	-0.00	7.64	1.261	275
15.072	18.97	21.43	-0.00	7.64	1.261	275
15.104	18.99	21.45	-0.00	7.64	1.261	275
15.136	19.01	21.47	-0.00	7.64	1.261	275
15.168	19.01	21.47	0.00	7.64	1.261	275
15.200	19.01	21.47	-0.00	7.64	1.261	275
15.232	19.02	21.48	-0.01	7.64	1.261	275
15.264	19.01	21.47	-0.01	7.64	1.261	275
15.296	19.01	21.47	-0.00	7.64	1.257	274
15.328	19.01	21.47	-0.00	7.64	1.257	274
15.360	19.02	21.48	-0.00	7.64	1.257	274
15.392	19.01	21.47	-0.00	7.64	1.257	274
15.424	19.00	21.46	0.00	7.64	1.257	274
15.456	18.99	21.45	0.00	7.64	1.257	274
15.488	18.96	21.42	0.00	7.64	1.257	274
15.520	18.95	21.41	-0.00	7.64	1.257	274
15.552	18.94	21.40	-0.00	7.64	1.257	274
15.584	18.92	21.38	-0.00	7.64	1.257	274
15.616	18.91	21.37	0.00	7.64	1.257	274
15.648	18.90	21.36	0.00	7.64	1.257	274
15.680	18.90	21.36	0.00	7.64	1.257	274
15.712	18.91	21.37	-0.01	7.64	1.257	274
15.744	18.93	21.39	-0.01	7.64	1.261	275
15.776	18.95	21.41	-0.00	7.64	1.261	275
15.808	18.97	21.43	-0.00	7.64	1.261	275
15.840	19.00	21.46	-0.00	7.64	1.261	275
15.872	19.02	21.48	-0.00	7.64	1.261	275
15.904	19.03	21.49	-0.00	7.64	1.261	275
15.936	19.03	21.49	-0.00	7.64	1.261	275
15.968	19.03	21.49	0.00	7.65	1.261	275
16.000	19.02	21.48	0.00	7.64	1.261	275
16.032	19.01	21.47	0.00	7.64	1.261	275
16.064	19.01	21.47	-0.00	7.64	1.261	275
16.096	19.00	21.46	0.00	7.64	1.261	275
16.128	18.99	21.45	0.00	7.64	1.261	275
16.160	18.99	21.45	-0.00	7.64	1.261	275
16.192	19.00	21.46	0.00	7.64	1.261	275
16.224	19.01	21.47	-0.00	7.64	1.257	274
16.256	19.03	21.49	-0.00	7.64	1.257	274
16.288	19.06	21.52	0.00	7.65	1.257	274
16.320	19.07	21.53	0.00	7.64	1.257	274
16.352	19.07	21.53	-0.00	7.64	1.257	274
16.384	19.05	21.51	-0.00	7.64	1.257	274
16.416	19.03	21.49	-0.00	7.64	1.257	274
16.448	19.02	21.48	0.00	7.64	1.257	274
16.480	19.00	21.46	-0.00	7.64	1.257	274
16.512	18.99	21.45	-0.00	7.64	1.257	274
16.544	18.99	21.45	-0.00	7.64	1.257	274
16.576	18.99	21.45	-0.00	7.64	1.257	274
16.608	19.00	21.46	0.00	7.65	1.257	274
16.640	19.01	21.47	-0.00	7.64	1.257	274
16.672	19.01	21.47	-0.01	7.64	1.257	274
16.704	19.01	21.47	-0.00	7.64	1.257	274
16.736	19.00	21.45	0.00	7.64	1.257	274
16.768	18.98	21.44	0.00	7.64	1.257	274
16.800	18.97	21.43	-0.00	7.64	1.257	274
16.832	18.97	21.43	-0.01	7.64	1.257	274
16.864	18.98	21.44	-0.00	7.64	1.257	274
16.896	18.99	21.45	-0.00	7.64	1.257	274
16.928	19.00	21.46	-0.00	7.64	1.257	274
16.960	19.01	21.47	-0.00	7.64	1.257	274
16.992	19.02	21.48	-0.00	7.64	1.257	274
17.024	19.01	21.47	-0.00	7.64	1.257	274
17.056	19.00	21.46	-0.00	7.64	1.257	274
17.088	18.99	21.45	-0.00	7.64	1.257	274
17.120	18.98	21.44	-0.01	7.64	1.257	274
17.152	18.98	21.44	-0.00	7.64	1.257	274
17.184	18.97	21.43	-0.00	7.64	1.257	274
17.216	18.95	21.41	-0.00	7.64	1.257	274
17.248	18.94	21.40	0.00	7.64	1.257	274
17.280	18.94	21.40	-0.00	7.64	1.257	274
17.312	18.93	21.39	0.00	7.64	1.257	274
17.344	18.92	21.38	-0.00	7.64	1.257	274
17.376	18.92	21.38	-0.00	7.64	1.257	274
17.408	18.93	21.39	0.00	7.64	1.257	274
17.440	18.94	21.40	-0.01	7.64	1.257	274
17.472	18.95	21.41	0.00	7.64	1.257	274
17.504	18.96	21.42	-0.00	7.64	1.257	274
17.536	18.97	21.43	-0.00	7.64	1.257	274
17.568	18.96	21.42	0.00	7.64	1.257	274
17.600	18.96	21.42	0.00	7.64	1.257	274
17.632	18.97	21.43	-0.00	7.64	1.257	274
17.664	18.97	21.43	-0.00	7.64	1.257	274
17.696	18.98	21.44	-0.00	7.64	1.257	274
17.728	18.99	21.45	-0.00	7.64	1.257	274
17.760	18.99	21.45	-0.00	7.64	1.257	274
17.792	18.97	21.43	-0.00	7.64	1.257	274
17.824	18.96	21.42	0.00	7.64	1.257	274
17.856	18.95	21.41	-0.00	7.64	1.257	274
17.888	18.96	21.42	0.00	7.65	1.257	274
17.920	18.96	21.42	0.00	7.64	1.257	274
17.952	18.98	21.44	-0.01	7.64	1.257	274
17.984	18.98	21.44	-0.00	7.64	1.257	274
18.016	18.99	21.45	-0.00	7.64	1.257	274
18.048	18.99	21.45	0.00	7.65	1.257	274
18.080	19.00	21.46	-0.00	7.64	1.257	274
18.112	19.01	21.47	0.00	7.64	1.257	274
18.144	19.01	21.47	-0.00	7.64	1.257	274
18.176	19.02	21.48	-0.00	7.64	1.257	274
18.208	19.02	21.48	-0.00	7.64	1.257	274
18.240	19.02	21.48	0.00	7.65	1.257	274
18.272	19.00	21.46	-0.00	7.64	1.257	274
18.304	18.97	21.43	0.00	7.64	1.257	274
18.336	18.97	21.43	-0.00	7.64	1.257	274
18.368	18.95	21.41	0.00	7.65	1.257	274
18.400	18.95	21.41	0.00	7.64	1.257	274
18.432	18.95	21.41	0.00	7.64	1.257	274
18.464	18.95	21.41	0.00	7.64	1.257	274
18.496	18.94	21.40	-0.00	7.64	1.257	274
18.528	18.92	21.38	0.00	7.64	1.257	274
18.560	18.92	21.38	-0.00	7.64	1.257	274
18.592	18.92	21.38	-0.00	7.64	1.257	274
18.624	18.92	21.38	-0.00	7.64	1.257	274
18.656	18.92	21.38	0.00	7.64	1.257	274
18.688	18.93	21.39	0.00	7.65	1.257	274
18.720	18.94	21.40	-0.00	7.64	1.257	274
18.752	18.95	21.41	0.00	7.65	1.257	274
18.784	18.97	21.43	-0.00	7.64	1.257	274
18.816	18.99	21.45	0.00	7.64	1.257	274
18.848	19.00	21.45	0.00	7.64	1.257	274
18.880	19.00	21.45	0.00	7.65	1.257	274
18.912	19.00	21.45	-0.00	7.64	1.257	274
18.944	19.01	21.47	-0.01	7.64	1.257	274
18.976	19.01	21.47	0.00	7.64	1.257	274
19.008	19.00	21.46	0.00	7.64	1.257	274
19.040	19.00	21.46	0.00	7.64	1.257	274
19.072	18.99	21.45	-0.01	7.64	1.257	274
19.104	18.98	21.44	0.00	7.65	1.257	274
19.136	18.99	21.45	-0.00	7.64	1.257	274
19.168	19.00	21.46	0.00	7.64	1.257	274
19.200	19.00	21.46	-0.00	7.64	1.257	274
19.232	19.00	21.46	0.00	7.64	1.257	274
19.264	19.00	21.46	-0.00	7.64	1.257	274
19.296	19.02	21.48	-0.00	7.64	1.257	274
19.328	19.04	21.50	0.00	7.65	1.257	274
19.360	19.06	21.52	-0.00	7.64	1.257	274
19.392	19.06	21.52	-0.01	7.64	1.257	274
19.424	19.06	21.52	-0.00	7.64	1.257	274
19.456	19.03	21.49	-0.00	7.64	1.257	274
19.488	19.03	21.49	0.00	7.64	1.261	275
19.520	19.03	21.49	-0.00	7.64	1.261	275
19.552	19.03	21.49	-0.01	7.64	1.261	275
19.584	19.03	21.49	-0.00	7.64	1.261	275
19.616	19.04	21.50	-0.00	7.64	1.261	275
19.648	19.05	21.51	0.00	7.64	1.261	275
19.680	19.05	21.51	-0.00	7.64	1.261	275
19.712	19.05	21.51	-0.00	7.64	1.261	275
19.744	19.07	21.53	-0.00	7.64	1.261	275
19.776	19.08	21.54	-0.01	7.64	1.261	275
19.808	19.08	21.54	0.00	7.64	1.261	275
19.840	19.08	21.54	-0.00	7.64	1.261	275
19.872	19.07	21.53	-0.00	7.64	1.261	275
19.904	19.08	21.54	-0.00	7.64	1.261	275
19.936	19.09	21.55	0.00	7.64	1.261	275
19.968	19.10	21.56	-0.00	7.64	1.261	275
20.000	19.09	21.55	-0.00	7.64	1.261	275
20.032	19.08	21.54	-0.00	7.64	1.261	275
20.064	19.07	21.53	0.00	7.64	1.261	275
20.096	19.06	21.52	-0.00	7.64	1.261	275
20.128	19.05	21.51	0.00	7.64	1.261	275
20.160	19.03	21.49	-0.00	7.64	1.261	275
20.192	19.00	21.46	-0.00	7.64	1.261	275
20.224	18.98	21.44	-0.00	7.64	1.261	275
20.256	18.96	21.42	-0.00	7.64	1.261	275
20.288	18.95	21.41	0.00	7.64	1.261	275
20.320	18.96	21.42	-0.00	7.64	1.261	275
20.352	18.96	21.42	-0.00	7.64	1.261	275
20.384	18.96	21.42	-0.00	7.64	1.261	275
20.416	18.96	21.42	-0.00	7.64	1.257	274
20.448	18.97	21.43	0.00	7.64	1.257	274
20.480	18.99	21.45	0.00	7.64	1.257	274
20.512	19.02	21.48	-0.00	7.64	1.257	274
20.544	19.05	21.51	-0.00	7.64	1.257	274
20.576	19.08	21.54	-0.01	7.64	1.257	274
20.608	19.11	21.57	0.00	7.65	1.257	274
20.640	19.10	21.56	0.00	7.64	1.257	274
20.672	19.09	21.55	-0.00	7.64	1.257	274
20.704	19.10	21.56	-0.00	7.64	1.257	274
20.736	19.10	21.55	-0.01	7.64	1.257	274
20.768	19.09	21.55	-0.00	7.64	1.257	274
20.800	19.06	21.52	0.00	7.64	1.257	274
20.832	19.04	21.50	-0.00	7.64	1.257	274
20.864	19.01	21.47	-0.00	7.64	1.257	274
20.896	18.99	21.45	-0.00	7.64	1.261	275
20.928	18.98	21.44	-0.00	7.64	1.261	275
20.960	18.98	21.44	0.00	7.64	1.261	275
20.992	19.00	21.45	-0.00	7.64	1.261	275
21.024	19.01	21.47	-0.00	7.64	1.261	275
21.056	19.03	21.49	-0.00	7.64	1.261	275
21.088	19.06	21.52	-0.00	7.64	1.261	275
21.120	19.05	21.51	0.00	7.64	1.261	275
21.152	19.05	21.51	0.00	7.64	1.261	275
21.184	19.05	21.51	0.00	7.64	1.261	275
21.216	19.05	21.51	-0.00	7.64	1.261	275
21.248	19.04	21.50	0.00	7.65	1.261	275
21.280	19.04	21.50	-0.00	7.64	1.261	275
21.312	19.06	21.52	-0.00	7.64	1.261	275
21.344	19.07	21.53	-0.00	7.64	1.261	275
21.376	19.08	21.54	-0.00	7.64	1.257	274
21.408	19.09	21.55	0.00	7.64	1.257	274
21.440	19.08	21.54	-0.00	7.64	1.257	274
21.472	19.08	21.54	-0.00	7.64	1.257	274
21.504	19.07	21.53	-0.00	7.64	1.257	274
21.536	19.06	21.52	0.00	7.64	1.257	274
21.568	19.05	21.51	0.00	7.65	1.257	274
21.600	19.03	21.49	0.00	7.64	1.257	274
21.632	19.03	21.49	-0.00	7.64	1.257	274
21.664	19.03	21.49	-0.00	7.64	1.257	274
21.696	19.05	21.50	-0.00	7.64	1.257	274
21.728	19.05	21.51	0.00	7.64	1.257	274
21.760	19.05	21.51	0.00	7.64	1.257	274
21.792	19.06	21.52	-0.00	7.64	1.257	274
21.824	19.07	21.53	-0.01	7.64	1.261	275
21.856	19.09	21.55	-0.00	7.64	1.261	275
21.888	19.10	21.55	0.00	7.65	1.261	275
21.920	19.11	21.57	0.00	7.64	1.261	275
21.952	19.12	21.58	0.00	7.64	1.261	275
21.984	19.13	21.59	-0.01	7.64	1.261	275
22.016	19.13	21.59	-0.00	7.64	1.261	275
22.048	19.10	21.56	0.00	7.64	1.261	275
22.080	19.07	21.53	-0.00	7.64	1.261	275
22.112	19.04	21.50	0.00	7.64	1.261	275
22.144	19.02	21.48	-0.00	7.64	1.261	275
22.176	18.99	21.45	-0.00	7.64	1.261	275
22.208	18.98	21.44	-0.00	7.64	1.261	275
22.240	18.98	21.44	0.00	7.65	1.261	275
22.272	19.00	21.45	0.00	7.64	1.261	275
22.304	19.01	21.47	-0.00	7.64	1.261	275
22.336	19.02	21.48	-0.00	7.64	1.261	275
22.368	19.03	21.49	-0.00	7.64	1.261	275
22.400	19.05	21.50	0.00	7.64	1.261	275
22.432	19.04	21.50	0.00	7.64	1.261	275
22.464	19.04	21.50	-0.00	7.64	1.261	275
22.496	19.04	21.50	-0.00	7.64	1.261	275
22.528	19.03	21.49	0.00	7.65	1.261	275
22.560	19.03	21.49	0.00	7.64	1.261	275
22.592	19.04	21.50	-0.00	7.64	1.261	275
22.624	19.05	21.51	-0.00	7.64	1.261	275
22.656	19.05	21.51	-0.00	7.64	1.261	275
22.688	19.06	21.52	-0.00	7.64	1.261	275
22.720	19.06	21.52	-0.00	7.64	1.261	275
22.752	19.07	21.53	-0.00	7.64	1.261	275
22.784	19.09	21.55	-0.00	7.64	1.261	275
22.816	19.11	21.57	-0.00	7.64	1.261	275
22.848	19.12	21.58	-0.00	7.64	1.261	275
22.880	19.11	21.57	-0.00	7.64	1.261	275
22.912	19.11	21.57	-0.00	7.64	1.261	275
22.944	19.10	21.56	-0.00	7.64	1.261	275
22.976	19.08	21.54	-0.00	7.64	1.261	275
23.008	19.06	21.52	-0.00	7.64	1.261	275
23.040	19.04	21.50	0.00	7.65	1.261	275
23.072	19.03	21.49	-0.00	7.64	1.261	275
23.104	19.04	21.50	0.00	7.64	1.261	275
23.136	19.05	21.51	-0.00	7.64	1.261	275
23.168	19.06	21.52	-0.00	7.64	1.261	275
23.200	19.08	21.54	-0.00	7.64	1.261	275
23.232	19.10	21.56	0.00	7.65	1.261	275
23.264	19.12	21.58	-0.00	7.64	1.261	275
23.296	19.12	21.58	-0.01	7.64	1.261	275
23.328	19.11	21.57	-0.00	7.64	1.261	275
23.360	19.10	21.56	0.00	7.65	1.261	275
23.392	19.09	21.55	-0.00	7.64	1.261	275
23.424	19.07	21.53	-0.00	7.64	1.261	275
23.456	19.06	21.52	-0.00	7.64	1.261	275
23.488	19.03	21.49	-0.00	7.64	1.261	275
23.520	19.00	21.46	0.00	7.64	1.261	275
23.552	18.99	21.45	-0.00	7.64	1.261	275
23.584	18.99	21.45	-0.00	7.64	1.261	275
23.616	18.99	21.45	-0.00	7.64	1.261	275
23.648	18.99	21.45	0.00	7.65	1.261	275
23.680	18.99	21.45	0.00	7.64	1.261	275
23.712	18.97	21.43	-0.00	7.64	1.257	274
23.744	18.97	21.43	-0.00	7.64	1.257	274
23.776	18.95	21.41	0.00	7.64	1.257	274
23.808	18.94	21.40	0.00	7.64	1.257	274
23.840	18.93	21.39	0.00	7.64	1.257	274
23.872	18.94	21.40	-0.00	7.64	1.257	274
23.904	18.95	21.41	0.00	7.64	1.257	274
23.936	18.95	21.40	-0.00	7.64	1.257	274
23.968	18.93	21.39	-0.00	7.64	1.257	274
24.000	18.94	21.40	0.00	7.64	1.257	274
24.032	18.94	21.40	-0.00	7.64	1.257	274
24.064	18.96	21.42	-0.00	7.64	1.257	274
24.096	18.97	21.43	-0.00	7.64	1.257	274
24.128	18.99	21.45	-0.00	7.64	1.257	274
24.160	19.02	21.48	0.00	7.65	1.261	275
24.192	19.04	21.50	0.00	7.64	1.261	275
24.224	19.07	21.53	-0.00	7.64	1.261	275
24.256	19.08	21.54	-0.00	7.64	1.261	275
24.288	19.09	21.55	-0.00	7.64	1.261	275
24.320	19.08	21.54	0.00	7.65	1.261	275
24.352	19.05	21.51	-0.00	7.64	1.261	275
24.384	19.03	21.49	-0.00	7.64	1.261	275
24.416	18.99	21.45	-0.00	7.64	1.261	275
24.448	18.96	21.42	0.00	7.65	1.261	275
24.480	18.95	21.40	0.00	7.64	1.261	275
24.512	18.93	21.39	-0.00	7.64	1.261	275
24.544	18.93	21.39	-0.00	7.64	1.261	275
24.576	18.94	21.40	-0.00	7.64	1.261	275
24.608	18.96	21.42	0.00	7.64	1.261	275
24.640	18.98	21.44	0.00	7.65	1.257	274
24.672	18.99	21.45	-0.00	7.64	1.257	274
24.704	19.02	21.48	-0.00	7.64	1.257	274
24.736	19.05	21.51	-0.00	7.64	1.257	274
24.768	19.07	21.53	-0.00	7.64	1.257	274
24.800	19.10	21.55	0.00	7.65	1.257	274
24.832	19.10	21.56	0.00	7.65	1.257	274
24.864	19.09	21.55	-0.00	7.64	1.257	274
24.896	19.07	21.53	-0.00	7.64	1.257	274
24.928	19.05	21.51	0.00	7.64	1.257	274
24.960	19.04	21.50	0.00	7.65	1.257	274
24.992	19.03	21.49	-0.00	7.64	1.257	274
25.024	19.02	21.48	-0.00	7.64	1.257	274
25.056	19.00	21.46	0.00	7.65	1.257	274
25.088	18.99	21.45	-0.00	7.64	1.257	274
25.120	18.98	21.44	-0.00	7.64	1.261	275
25.152	18.99	21.45	0.00	7.64	1.261	275
25.184	19.00	21.46	-0.00	7.64	1.261	275
25.216	19.01	21.47	-0.00	7.64	1.261	275
25.248	19.01	21.47	-0.00	7.64	1.261	275
25.280	19.01	21.47	0.00	7.65	1.261	275
25.312	19.02	21.48	0.00	7.65	1.261	275
25.344	19.02	21.48	-0.01	7.64	1.261	275
25.376	19.01	21.47	-0.00	7.64	1.261	275
25.408	19.00	21.46	-0.00	7.64	1.261	275
25.440	18.99	21.45	-0.00	7.64	1.261	275
25.472	18.99	21.45	-0.00	7.64	1.261	275
25.504	18.99	21.45	0.00	7.64	1.261	275
25.536	18.98	21.44	-0.00	7.64	1.261	275
25.568	18.98	21.44	-0.00	7.64	1.257	274
25.600	18.97	21.43	0.00	7.64	1.257	274
25.632	18.98	21.44	-0.00	7.64	1.257	274
25.664	19.00	21.46	-0.00	7.64	1.257	274
25.696	19.03	21.49	0.00	7.64	1.257	274
25.728	19.06	21.52	0.00	7.64	1.257	274
25.760	19.07	21.53	-0.00	7.64	1.257	274
25.792	19.07	21.53	-0.00	7.64	1.257	274
25.824	19.06	21.52	0.00	7.64	1.257	274
25.856	19.03	21.49	-0.00	7.64	1.257	274
25.888	19.01	21.47	-0.00	7.64	1.257	274
25.920	18.99	21.45	0.00	7.64	1.257	274
25.952	18.99	21.45	-0.00	7.64	1.257	274
25.984	19.00	21.45	-0.00	7.64	1.257	274
26.016	19.00	21.45	0.00	7.64	1.257	274
26.048	19.01	21.47	-0.00	7.64	1.261	275
26.080	19.03	21.49	0.00	7.64	1.261	275
26.112	19.04	21.50	0.00	7.65	1.261	275
26.144	19.05	21.51	-0.00	7.64	1.261	275
26.176	19.04	21.50	-0.00	7.64	1.261	275
26.208	19.04	21.50	0.00	7.65	1.261	275
26.240	19.02	21.48	-0.00	7.64	1.261	275
26.272	19.00	21.46	0.00	7.64	1.261	275
26.304	18.96	21.42	-0.00	7.64	1.261	275
26.336	18.95	21.41	-0.00	7.64	1.261	275
26.368	18.94	21.40	-0.00	7.64	1.261	275
26.400	18.95	21.41	0.00	7.64	1.261	275
26.432	18.95	21.41	-0.00	7.64	1.261	275
26.464	18.95	21.41	-0.00	7.64	1.261	275
26.496	18.95	21.41	-0.00	7.64	1.261	275
26.528	18.96	21.42	0.00	7.64	1.257	274
26.560	18.96	21.42	0.00	7.64	1.257	274
26.592	18.98	21.44	0.00	7.64	1.257	274
26.624	19.00	21.46	-0.00	7.64	1.257	274
26.656	19.02	21.48	-0.00	7.64	1.257	274
26.688	19.04	21.50	-0.00	7.64	1.257	274
26.720	19.05	21.51	0.00	7.64	1.257	274
26.752	19.06	21.52	-0.00	7.64	1.257	274
26.784	19.06	21.52	0.00	7.64	1.257	274
26.816	19.06	21.52	-0.00	7.64	1.257	274
26.848	19.06	21.52	0.00	7.64	1.257	274
26.880	19.06	21.52	-0.00	7.64	1.257	274
26.912	19.05	21.51	-0.00	7.64	1.257	274
26.944	19.05	21.50	-0.00	7.64	1.257	274
26.976	19.05	21.50	0.00	7.64	1.257	274
27.008	19.04	21.50	-0.00	7.64	1.257	274
27.040	19.04	21.50	0.00	7.64	1.257	274
27.072	19.05	21.50	-0.00	7.64	1.257	274
27.104	19.03	21.49	-0.00	7.64	1.257	274
27.136	19.03	21.49	-0.00	7.64	1.257	274
27.168	19.03	21.49	-0.00	7.64	1.257	274
27.200	19.02	21.48	-0.00	7.64	1.257	274
27.232	19.03	21.49	0.00	7.65	1.257	274
27.264	19.01	21.47	-0.00	7.64	1.257	274
27.296	18.99	21.45	-0.00	7.64	1.257	274
27.328	19.00	21.46	-0.00	7.64	1.257	274
27.360	19.01	21.47	0.00	7.65	1.257	274
27.392	19.02	21.48	-0.00	7.64	1.257	274
27.424	19.03	21.49	-0.00	7.64	1.257	274
27.456	19.05	21.51	-0.00	7.64	1.261	275
27.488	19.06	21.52	-0.00	7.64	1.261	275
27.520	19.09	21.55	0.00	7.64	1.261	275
27.552	19.12	21.58	0.00	7.64	1.261	275
27.584	19.14	21.60	0.00	7.64	1.261	275
27.616	19.15	21.61	-0.00	7.64	1.261	275
27.648	19.16	21.62	0.00	7.64	1.261	275
27.680	19.16	21.62	0.00	7.64	1.261	275
27.712	19.15	21.61	0.00	7.65	1.261	275
27.744	19.12	21.58	-0.00	7.64	1.261	275
27.776	19.10	21.56	-0.00	7.64	1.261	275
27.808	19.08	21.54	-0.00	7.64	1.261	275
27.840	19.06	21.52	-0.00	7.64	1.261	275
27.872	19.05	21.51	0.00	7.64	1.261	275
27.904	19.05	21.51	-0.01	7.64	1.257	274
27.936	19.05	21.51	-0.00	7.64	1.257	274
27.968	19.06	21.52	0.00	7.64	1.257	274
28.000	19.08	21.54	-0.00	7.64	1.257	274
28.032	19.10	21.56	-0.00	7.64	1.257	274
28.064	19.11	21.57	-0.00	7.64	1.257	274
28.096	19.12	21.58	-0.00	7.64	1.257	274
28.128	19.12	21.58	-0.00	7.64	1.257	274
28.160	19.11	21.57	0.00	7.64	1.257	274
28.192	19.09	21.55	-0.00	7.64	1.257	274
28.224	19.07	21.53	0.00	7.64	1.257	274
28.256	19.06	21.52	-0.00	7.64	1.257	274
28.288	19.07	21.53	-0.00	7.64	1.257	274
28.320	19.10	21.55	0.00	7.64	1.257	274
28.352	19.11	21.57	0.00	7.64	1.257	274
28.384	19.11	21.57	0.00	7.64	1.266	276
28.416	19.12	21.58	0.00	7.64	1.266	276
28.448	19.14	21.60	0.00	7.64	1.266	276
28.480	19.16	21.62	0.00	7.65	1.266	276
28.512	19.17	21.63	0.00	7.65	1.266	276
28.544	19.18	21.64	0.00	7.65	1.266	276
28.576	19.18	21.64	-0.00	7.64	1.266	276
28.608	19.17	21.63	-0.00	7.64	1.266	276
28.640	19.17	21.63	-0.00	7.64	1.266	276
28.672	19.16	21.62	0.00	7.65	1.266	276
28.704	19.13	21.59	-0.00	7.64	1.266	276
28.736	19.10	21.56	-0.00	7.64	1.266	276
28.768	19.08	21.54	-0.00	7.64	1.266	276
28.800	19.06	21.52	-0.00	7.64	1.266	276
28.832	19.06	21.52	0.00	7.65	1.266	276
28.864	19.05	21.51	0.00	7.64	1.261	275
28.896	19.05	21.51	-0.00	7.64	1.261	275
28.928	19.05	21.51	-0.00	7.64	1.261	275
28.960	19.06	21.52	0.00	7.64	1.261	275
28.992	19.07	21.53	0.00	7.64	1.261	275
29.024	19.09	21.55	0.00	7.64	1.261	275
29.056	19.11	21.57	-0.00	7.64	1.261	275
29.088	19.13	21.59	0.00	7.64	1.261	275
29.120	19.14	21.60	-0.00	7.64	1.261	275
29.152	19.13	21.59	0.00	7.65	1.261	275
29.184	19.10	21.56	0.00	7.65	1.261	275
29.216	19.08	21.54	0.00	7.64	1.261	275
29.248	19.06	21.52	-0.00	7.64	1.261	275
29.280	19.05	21.51	-0.00	7.64	1.261	275
29.312	19.05	21.50	-0.00	7.64	1.261	275
29.344	19.04	21.50	0.00	7.65	1.261	275
29.376	19.04	21.50	-0.00	7.64	1.261	275
29.408	19.05	21.51	-0.00	7.64	1.261	275
29.440	19.08	21.54	-0.00	7.64	1.261	275
29.472	19.09	21.55	-0.00	7.64	1.261	275
29.504	19.10	21.55	0.00	7.65	1.261	275
29.536	19.11	21.57	-0.00	7.64	1.261	275
29.568	19.10	21.56	-0.00	7.64	1.261	275
29.600	19.10	21.56	-0.00	7.64	1.261	275
29.632	19.09	21.55	0.00	7.64	1.261	275
29.664	19.10	21.56	-0.00	7.64	1.261	275
29.696	19.09	21.55	-0.00	7.64	1.261	275
29.728	19.07	21.53	-0.01	7.64	1.261	275
29.760	19.06	21.52	-0.00	7.64	1.261	275
29.792	19.06	21.52	0.00	7.65	1.261	275
29.824	19.06	21.52	-0.00	7.64	1.261	275
29.856	19.06	21.52	-0.00	7.64	1.261	275
29.888	19.06	21.52	0.00	7.64	1.261	275
29.920	19.06	21.52	-0.00	7.64	1.261	275
29.952	19.05	21.50	0.00	7.64	1.261	275
29.984	19.03	21.49	0.00	7.65	1.261	275
30.016	19.03	21.49	-0.00	7.64	1.261	275
30.048	19.04	21.50	-0.00	7.64	1.261	275
30.080	19.05	21.50	0.00	7.64	1.261	275
30.112	19.05	21.51	0.00	7.65	1.261	275
30.144	19.06	21.52	0.00	7.64	1.261	275
30.176	19.07	21.53	-0.00	7.64	1.261	275
30.208	19.07	21.53	-0.00	7.64	1.261	275
30.240	19.06	21.52	-0.00	7.64	1.261	275
30.272	19.06	21.52	0.00	7.64	1.261	275
30.304	19.06	21.52	0.00	7.64	1.261	275
30.336	19.07	21.53	0.00	7.64	1.261	275
30.368	19.08	21.54	-0.00	7.64	1.261	275
30.400	19.09	21.55	-0.00	7.64	1.261	275
30.432	19.10	21.56	0.00	7.65	1.261	275
30.464	19.10	21.56	-0.00	7.64	1.261	275
30.496	19.10	21.56	-0.00	7.64	1.261	275
30.528	19.11	21.57	-0.00	7.64	1.261	275
30.560	19.11	21.57	-0.00	7.64	1.261	275
30.592	19.10	21.56	0.00	7.64	1.261	275
30.624	19.08	21.54	0.00	7.64	1.261	275
30.656	19.07	21.53	-0.00	7.64	1.261	275
30.688	19.06	21.52	0.00	7.64	1.261	275
30.720	19.06	21.52	-0.00	7.64	1.261	275
30.752	19.07	21.53	0.00	7.64	1.261	275
30.784	19.07	21.53	0.00	7.65	1.261	275
30.816	19.07	21.53	-0.00	7.64	1.261	275
30.848	19.08	21.54	-0.00	7.64	1.261	275
30.880	19.09	21.55	-0.00	7.64	1.261	275
30.912	19.10	21.56	0.00	7.65	1.261	275
30.944	19.10	21.56	-0.00	7.64	1.261	275
30.976	19.10	21.56	-0.00	7.64	1.261	275
31.008	19.10	21.56	-0.00	7.64	1.261	275
31.040	19.10	21.56	-0.00	7.64	1.261	275
31.072	19.11	21.57	0.00	7.65	1.261	275
31.104	19.11	21.57	0.00	7.64	1.261	275
31.136	19.12	21.58	0.00	7.65	1.261	275
31.168	19.13	21.59	-0.01	7.64	1.261	275
31.200	19.13	21.59	-0.00	7.64	1.261	275
31.232	19.13	21.59	0.00	7.64	1.261	275
31.264	19.12	21.58	-0.00	7.64	1.261	275
31.296	19.12	21.58	0.00	7.64	1.261	275
31.328	19.12	21.58	-0.00	7.64	1.261	275
31.360	19.13	21.59	0.00	7.64	1.261	275
31.392	19.13	21.59	-0.00	7.64	1.261	275
31.424	19.13	21.59	-0.00	7.64	1.261	275
31.456	19.12	21.58	0.00	7.64	1.261	275
31.488	19.12	21.58	-0.00	7.64	1.261	275
31.520	19.10	21.56	-0.00	7.64	1.261	275
31.552	19.08	21.54	0.00	7.65	1.261	275
31.584	19.08	21.54	0.00	7.65	1.261	275
31.616	19.07	21.53	-0.00	7.64	1.261	275
31.648	19.08	21.54	0.00	7.64	1.261	275
31.680	19.08	21.54	0.00	7.64	1.266	276
31.712	19.10	21.56	-0.00	7.64	1.266	276
31.744	19.12	21.58	0.00	7.65	1.266	276
31.776	19.13	21.59	-0.00	7.64	1.266	276
31.808	19.15	21.61	-0.00	7.64	1.266	276
31.840	19.16	21.62	-0.00	7.64	1.266	276
31.872	19.16	21.62	0.00	7.65	1.266	276
31.904	19.15	21.61	-0.00	7.64	1.266	276
31.936	19.15	21.61	-0.00	7.64	1.266	276
31.968	19.14	21.60	-0.00	7.64	1.266	276
32.000	19.12	21.58	-0.00	7.64	1.266	276
32.032	19.12	21.58	0.01	7.65	1.266	276
32.064	19.11	21.57	0.00	7.64	1.266	276
32.096	19.11	21.57	-0.00	7.64	1.266	276
32.128	19.12	21.58	-0.00	7.64	1.261	275
32.160	19.13	21.59	-0.00	7.64	1.261	275
32.192	19.15	21.61	0.00	7.64	1.261	275
32.224	19.15	21.60	0.00	7.65	1.261	275
32.256	19.15	21.61	0.00	7.64	1.261	275
32.288	19.15	21.61	-0.00	7.64	1.261	275
32.320	19.15	21.61	0.00	7.64	1.261	275
32.352	19.15	21.61	0.00	7.64	1.261	275
32.384	19.14	21.60	-0.00	7.64	1.261	275
32.416	19.13	21.59	-0.00	7.64	1.261	275
32.448	19.11	21.57	-0.00	7.64	1.261	275
32.480	19.10	21.56	0.00	7.64	1.261	275
32.512	19.09	21.55	-0.00	7.64	1.261	275
32.544	19.10	21.55	0.00	7.65	1.261	275
32.576	19.10	21.56	-0.00	7.64	1.261	275
32.608	19.10	21.56	0.00	7.64	1.261	275
32.640	19.10	21.56	0.00	7.65	1.261	275
32.672	19.11	21.57	0.00	7.64	1.261	275
32.704	19.11	21.57	0.00	7.64	1.261	275
32.736	19.11	21.57	0.00	7.64	1.261	275
32.768	19.12	21.58	-0.00	7.64	1.261	275
32.800	19.11	21.57	-0.00	7.64	1.261	275
32.832	19.10	21.56	0.00	7.65	1.261	275
32.864	19.10	21.55	0.00	7.65	1.261	275
32.896	19.11	21.57	-0.01	7.64	1.261	275
32.928	19.11	21.57	-0.00	7.64	1.261	275
32.960	19.11	21.57	-0.00	7.64	1.261	275
32.992	19.10	21.56	0.00	7.64	1.261	275
33.024	19.10	21.56	0.00	7.64	1.261	275
33.056	19.10	21.56	-0.00	7.64	1.266	276
33.088	19.10	21.56	-0.00	7.64	1.266	276
33.120	19.10	21.56	-0.00	7.64	1.266	276
33.152	19.09	21.55	-0.00	7.64	1.266	276
33.184	19.10	21.55	0.00	7.65	1.266	276
33.216	19.10	21.56	0.00	7.64	1.266	276
33.248	19.11	21.57	-0.00	7.64	1.266	276
33.280	19.11	21.57	0.00	7.64	1.266	276
33.312	19.11	21.57	0.00	7.64	1.266	276
33.344	19.11	21.57	0.00	7.64	1.266	276
33.376	19.11	21.57	-0.00	7.64	1.266	276
33.408	19.11	21.57	0.00	7.64	1.266	276
33.440	19.11	21.57	-0.00	7.64	1.266	276
33.472	19.09	21.55	0.00	7.64	1.266	276
33.504	19.07	21.53	0.00	7.64	1.266	276
33.536	19.06	21.52	-0.00	7.64	1.261	275
33.568	19.05	21.51	-0.00	7.64	1.261	275
33.600	19.04	21.50	0.00	7.64	1.261	275
33.632	19.03	21.49	-0.00	7.64	1.261	275
33.664	19.01	21.47	0.00	7.64	1.261	275
33.696	19.01	21.47	-0.00	7.64	1.261	275
33.728	19.01	21.47	0.00	7.64	1.261	275
33.760	19.03	21.49	0.00	7.64	1.261	275
33.792	19.06	21.52	-0.00	7.64	1.261	275
33.824	19.09	21.55	0.00	7.65	1.261	275
33.856	19.10	21.56	0.00	7.65	1.261	275
33.888	19.11	21.57	-0.00	7.64	1.261	275
33.920	19.13	21.59	-0.00	7.64	1.261	275
33.952	19.15	21.61	0.00	7.65	1.261	275
33.984	19.15	21.61	0.00	7.65	1.261	275
34.016	19.15	21.60	0.00	7.64	1.261	275
34.048	19.15	21.60	-0.00	7.64	1.261	275
34.080	19.15	21.61	-0.00	7.64	1.261	275
34.112	19.14	21.60	-0.00	7.64	1.261	275
34.144	19.14	21.60	0.00	7.65	1.261	275
34.176	19.13	21.59	0.00	7.64	1.261	275
34.208	19.12	21.58	0.00	7.64	1.261	275
34.240	19.12	21.58	-0.00	7.64	1.261	275
34.272	19.11	21.57	0.00	7.64	1.261	275
34.304	19.09	21.55	0.00	7.65	1.261	275
34.336	19.07	21.53	0.00	7.65	1.261	275
34.368	19.03	21.49	-0.00	7.64	1.261	275
34.400	19.02	21.48	0.00	7.65	1.261	275
34.432	19.03	21.49	-0.00	7.64	1.261	275
34.464	19.04	21.50	-0.00	7.64	1.266	276
34.496	19.05	21.51	0.00	7.65	1.266	276
34.528	19.06	21.52	0.00	7.64	1.266	276
34.560	19.07	21.53	-0.00	7.64	1.266	276
34.592	19.09	21.55	-0.00	7.64	1.266	276
34.624	19.11	21.57	0.00	7.65	1.266	276
34.656	19.13	21.59	0.00	7.64	1.266	276
34.688	19.15	21.61	-0.00	7.64	1.266	276
34.720	19.16	21.62	-0.00	7.64	1.266	276
34.752	19.16	21.62	0.00	7.64	1.266	276
34.784	19.15	21.61	0.00	7.65	1.266	276
34.816	19.14	21.60	-0.00	7.64	1.266	276
34.848	19.12	21.58	0.00	7.65	1.266	276
34.880	19.12	21.58	0.00	7.64	1.266	276
34.912	19.10	21.56	-0.00	7.64	1.266	276
34.944	19.09	21.55	0.00	7.65	1.261	275
34.976	19.10	21.56	-0.00	7.64	1.261	275
35.008	19.10	21.56	-0.00	7.64	1.261	275
35.040	19.11	21.57	-0.00	7.64	1.261	275
35.072	19.12	21.58	0.00	7.64	1.261	275
35.104	19.14	21.60	0.00	7.65	1.261	275
35.136	19.15	21.61	0.00	7.65	1.261	275
35.168	19.15	21.61	-0.00	7.64	1.261	275
35.200	19.15	21.61	0.00	7.65	1.261	275
35.232	19.14	21.60	0.00	7.64	1.261	275
35.264	19.13	21.59	0.00	7.65	1.261	275
35.296	19.11	21.57	-0.00	7.64	1.261	275
35.328	19.08	21.54	-0.00	7.64	1.261	275
35.360	19.06	21.52	0.00	7.64	1.261	275
35.392	19.05	21.51	-0.00	7.64	1.261	275
35.424	19.06	21.52	0.00	7.64	1.261	275
35.456	19.07	21.53	0.00	7.65	1.261	275
35.488	19.10	21.55	0.00	7.64	1.261	275
35.520	19.11	21.57	-0.00	7.64	1.261	275
35.552	19.13	21.59	0.00	7.64	1.261	275
35.584	19.15	21.61	0.00	7.64	1.261	275
35.616	19.15	21.61	-0.00	7.64	1.261	275
35.648	19.15	21.61	0.00	7.65	1.261	275
35.680	19.15	21.61	0.00	7.64	1.261	275
35.712	19.14	21.60	0.00	7.65	1.261	275
35.744	19.14	21.60	0.00	7.65	1.261	275
35.776	19.13	21.59	0.00	7.65	1.261	275
35.808	19.12	21.58	0.00	7.64	1.261	275
35.840	19.11	21.57	-0.00	7.64	1.261	275
35.872	19.10	21.56	-0.00	7.64	1.266	276
35.904	19.10	21.56	0.00	7.65	1.266	276
35.936	19.09	21.55	0.00	7.65	1.266	276
35.968	19.09	21.55	-0.00	7.64	1.266	276
36.000	19.09	21.55	-0.00	7.64	1.266	276
36.032	19.10	21.56	-0.00	7.64	1.266	276
36.064	19.11	21.57	0.00	7.65	1.266	276
36.096	19.12	21.58	0.00	7.64	1.266	276
36.128	19.13	21.59	0.00	7.64	1.266	276
36.160	19.14	21.60	-0.00	7.64	1.266	276
36.192	19.15	21.61	0.00	7.64	1.266	276
36.224	19.16	21.62	0.01	7.65	1.266	276
36.256	19.14	21.60	-0.00	7.64	1.266	276
36.288	19.13	21.59	-0.00	7.64	1.266	276
36.320	19.12	21.58	-0.00	7.64	1.266	276
36.352	19.11	21.57	-0.00	7.64	1.266	276
36.384	19.10	21.56	-0.00	7.64	1.266	276
36.416	19.09	21.55	0.00	7.64	1.266	276
36.448	19.09	21.55	0.00	7.64	1.266	276
36.480	19.09	21.55	-0.00	7.64	1.266	276
36.512	19.09	21.55	-0.00	7.64	1.266	276
36.544	19.09	21.55	0.00	7.64	1.266	276
36.576	19.08	21.54	0.00	7.65	1.266	276
36.608	19.08	21.54	0.00	7.64	1.266	276
36.640	19.08	21.54	-0.01	7.64	1.266	276
36.672	19.07	21.53	0.00	7.65	1.266	276
36.704	19.07	21.53	-0.00	7.64	1.266	276
36.736	19.05	21.51	-0.00	7.64	1.266	276
36.768	19.05	21.51	0.00	7.64	1.266	276
36.800	19.06	21.52	0.00	7.64	1.261	275
36.832	19.08	21.54	0.00	7.64	1.261	275
36.864	19.10	21.55	-0.00	7.64	1.261	275
36.896	19.12	21.58	0.00	7.64	1.261	275
36.928	19.14	21.60	-0.00	7.64	1.261	275
36.960	19.13	21.59	-0.01	7.64	1.261	275
36.992	19.14	21.60	-0.00	7.64	1.261	275
37.024	19.13	21.59	-0.00	7.64	1.261	275
37.056	19.11	21.57	-0.00	7.64	1.261	275
37.088	19.09	21.55	0.00	7.64	1.261	275
37.120	19.07	21.53	-0.00	7.64	1.261	275
37.152	19.06	21.52	-0.00	7.64	1.261	275
37.184	19.03	21.49	0.00	7.65	1.261	275
37.216	19.01	21.47	-0.00	7.64	1.261	275
37.248	19.00	21.46	-0.00	7.64	1.261	275
37.280	19.00	21.46	0.00	7.64	1.261	275
37.312	18.99	21.45	-0.00	7.64	1.261	275
37.344	18.99	21.45	0.00	7.64	1.261	275
37.376	19.00	21.46	0.00	7.64	1.261	275
37.408	19.02	21.48	-0.00	7.64	1.261	275
37.440	19.03	21.49	-0.00	7.64	1.261	275
37.472	19.06	21.52	0.00	7.64	1.261	275
37.504	19.08	21.54	0.00	7.65	1.261	275
37.536	19.10	21.56	0.01	7.65	1.261	275
37.568	19.11	21.57	-0.00	7.64	1.261	275
37.600	19.11	21.57	-0.00	7.64	1.261	275
37.632	19.13	21.59	0.00	7.64	1.261	275
37.664	19.13	21.59	-0.00	7.64	1.261	275
37.696	19.11	21.57	0.00	7.65	1.261	275
37.728	19.08	21.54	-0.00	7.64	1.261	275
37.760	19.07	21.53	-0.00	7.64	1.261	275
37.792	19.05	21.51	0.00	7.64	1.261	275
37.824	19.03	21.49	0.00	7.64	1.261	275
37.856	19.04	21.50	0.00	7.65	1.261	275
37.888	19.04	21.50	-0.00	7.64	1.261	275
37.920	19.05	21.51	-0.00	7.64	1.261	275
37.952	19.07	21.53	0.00	7.64	1.261	275
37.984	19.08	21.54	0.00	7.64	1.261	275
38.016	19.10	21.56	0.00	7.64	1.261	275
38.048	19.10	21.56	-0.00	7.64	1.261	275
38.080	19.11	21.57	-0.00	7.64	1.261	275
38.112	19.10	21.55	-0.00	7.64	1.261	275
38.144	19.08	21.54	0.00	7.64	1.261	275
38.176	19.07	21.53	0.00	7.65	1.261	275
38.208	19.07	21.53	-0.00	7.64	1.266	276
38.240	19.09	21.55	-0.00	7.64	1.266	276
38.272	19.09	21.55	-0.00	7.64	1.266	276
38.304	19.11	21.57	-0.00	7.64	1.266	276
38.336	19.11	21.57	0.00	7.64	1.266	276
38.368	19.11	21.57	-0.00	7.64	1.266	276
38.400	19.12	21.58	-0.00	7.64	1.266	276
38.432	19.13	21.59	-0.00	7.64	1.266	276
38.464	19.13	21.59	0.00	7.64	1.266	276
38.496	19.12	21.58	-0.00	7.64	1.266	276
38.528	19.11	21.57	-0.00	7.64	1.266	276
38.560	19.09	21.55	0.00	7.64	1.266	276
38.592	19.07	21.53	-0.00	7.64	1.266	276
38.624	19.07	21.53	0.00	7.65	1.266	276
38.656	19.07	21.53	-0.00	7.64	1.266	276
38.688	19.09	21.55	0.00	7.65	1.261	275
38.720	19.10	21.56	-0.00	7.64	1.261	275
38.752	19.12	21.58	0.00	7.64	1.261	275
38.784	19.12	21.58	-0.00	7.64	1.261	275
38.816	19.12	21.58	0.00	7.64	1.261	275
38.848	19.11	21.57	0.00	7.65	1.261	275
38.880	19.12	21.58	-0.00	7.64	1.261	275
38.912	19.13	21.59	-0.00	7.64	1.261	275
38.944	19.14	21.60	-0.00	7.64	1.261	275
38.976	19.14	21.60	0.00	7.65	1.261	275
39.008	19.14	21.60	-0.00	7.64	1.261	275
39.040	19.14	21.60	-0.00	7.64	1.261	275
39.072	19.13	21.59	0.00	7.64	1.261	275
39.104	19.13	21.59	0.00	7.64	1.261	275
39.136	19.14	21.60	0.00	7.65	1.261	275
39.168	19.15	21.61	0.00	7.64	1.266	276
39.200	19.16	21.62	-0.00	7.64	1.266	276
39.232	19.18	21.64	0.00	7.64	1.266	276
39.264	19.19	21.65	-0.00	7.64	1.266	276
39.296	19.20	21.65	0.00	7.64	1.266	276
39.328	19.19	21.65	-0.00	7.64	1.266	276
39.360	19.19	21.65	-0.00	7.64	1.266	276
39.392	19.19	21.65	-0.00	7.64	1.266	276
39.424	19.18	21.64	-0.00	7.64	1.266	276
39.456	19.19	21.65	0.00	7.65	1.266	276
39.488	19.20	21.65	0.00	7.65	1.266	276
39.520	19.20	21.66	-0.00	7.64	1.266	276
39.552	19.18	21.64	-0.00	7.64	1.266	276
39.584	19.18	21.64	0.00	7.64	1.266	276
39.616	19.17	21.63	0.00	7.64	1.266	276
39.648	19.16	21.62	-0.00	7.64	1.266	276
39.680	19.12	21.58	-0.00	7.64	1.266	276
39.712	19.09	21.55	-0.00	7.64	1.266	276
39.744	19.07	21.53	0.00	7.64	1.266	276
39.776	19.05	21.51	0.00	7.65	1.266	276
39.808	19.04	21.50	0.00	7.65	1.266	276
39.840	19.06	21.52	-0.00	7.64	1.266	276
39.872	19.08	21.54	0.00	7.64	1.266	276
39.904	19.10	21.56	0.00	7.64	1.266	276
39.936	19.12	21.58	0.00	7.65	1.266	276
39.968	19.14	21.60	-0.00	7.64	1.266	276
40.000	19.16	21.62	0.00	7.64	1.266	276
40.032	19.16	21.62	-0.00	7.64	1.266	276
40.064	19.16	21.62	-0.00	7.64	1.266	276
40.096	19.17	21.63	-0.00	7.64	1.257	274
40.128	19.17	21.63	-0.00	7.64	1.257	274
40.160	19.18	21.64	-0.00	7.64	1.257	274
40.192	19.19	21.65	0.00	7.64	1.257	274
40.224	19.20	21.66	0.00	7.64	1.257	274
40.256	19.21	21.67	0.00	7.65	1.257	274
40.288	19.21	21.67	0.00	7.64	1.257	274
40.320	19.21	21.67	-0.00	7.64	1.257	274
40.352	19.20	21.65	-0.00	7.64	1.257	274
40.384	19.19	21.65	0.00	7.65	1.257	274
40.416	19.18	21.64	0.00	7.65	1.257	274
40.448	19.17	21.63	-0.00	7.64	1.257	274
40.480	19.16	21.62	-0.00	7.64	1.257	274
40.512	19.14	21.60	-0.00	7.64	1.257	274
40.544	19.11	21.57	-0.00	7.64	1.257	274
40.576	19.10	21.56	0.00	7.65	1.257	274
40.608	19.10	21.56	0.00	7.64	1.257	274
40.640	19.11	21.57	0.00	7.64	1.257	274
40.672	19.12	21.58	0.00	7.64	1.257	274
40.704	19.13	21.59	0.00	7.64	1.257	274
40.736	19.15	21.60	0.00	7.65	1.257	274
40.768	19.17	21.63	0.00	7.64	1.257	274
40.800	19.18	21.64	-0.00	7.64	1.257	274
40.832	19.18	21.64	-0.00	7.64	1.257	274
40.864	19.18	21.64	0.00	7.64	1.257	274
40.896	19.17	21.63	0.00	7.64	1.257	274
40.928	19.18	21.64	-0.00	7.64	1.257	274
40.960	19.16	21.62	0.00	7.64	1.257	274
40.992	19.15	21.61	0.00	7.65	1.257	274
41.024	19.14	21.60	-0.00	7.64	1.261	275
41.056	19.14	21.60	-0.00	7.64	1.261	275
41.088	19.14	21.60	-0.00	7.64	1.261	275
41.120	19.13	21.59	-0.00	7.64	1.261	275
41.152	19.13	21.59	-0.01	7.64	1.261	275
41.184	19.13	21.59	-0.00	7.64	1.261	275
41.216	19.13	21.59	0.00	7.64	1.261	275
41.248	19.14	21.60	0.00	7.64	1.261	275
41.280	19.14	21.60	-0.00	7.64	1.261	275
41.312	19.14	21.60	-0.00	7.64	1.261	275
41.344	19.14	21.60	-0.00	7.64	1.261	275
41.376	19.14	21.60	0.00	7.64	1.261	275
41.408	19.14	21.60	0.00	7.64	1.261	275
41.440	19.14	21.60	0.00	7.64	1.261	275
41.472	19.13	21.59	-0.00	7.64	1.261	275
41.504	19.13	21.59	-0.00	7.64	1.261	275
41.536	19.13	21.59	0.00	7.65	1.261	275
41.568	19.13	21.59	-0.00	7.64	1.261	275
41.600	19.15	21.61	-0.00	7.64	1.261	275
41.632	19.15	21.61	-0.00	7.64	1.261	275
41.664	19.15	21.60	-0.00	7.64	1.261	275
41.696	19.15	21.61	0.00	7.64	1.261	275
41.728	19.14	21.60	-0.00	7.64	1.261	275
41.760	19.16	21.62	0.00	7.65	1.261	275
41.792	19.16	21.62	-0.00	7.64	1.261	275
41.824	19.16	21.62	0.00	7.64	1.261	275
41.856	19.16	21.62	0.01	7.65	1.261	275
41.888	19.16	21.62	0.00	7.64	1.261	275
41.920	19.15	21.61	-0.00	7.64	1.261	275
41.952	19.15	21.61	-0.00	7.64	1.257	274
41.984	19.15	21.61	0.00	7.64	1.257	274
42.016	19.15	21.61	0.00	7.65	1.257	274
42.048	19.15	21.61	0.00	7.64	1.257	274
42.080	19.17	21.63	0.00	7.64	1.257	274
42.112	19.18	21.64	-0.00	7.64	1.257	274
42.144	19.18	21.64	0.00	7.64	1.257	274
42.176	19.18	21.64	0.00	7.65	1.257	274
42.208	19.19	21.65	0.00	7.65	1.257	274
42.240	19.19	21.65	-0.00	7.64	1.257	274
42.272	19.19	21.65	0.00	7.64	1.257	274
42.304	19.18	21.64	0.00	7.64	1.257	274
42.336	19.18	21.64	-0.00	7.64	1.257	274
42.368	19.17	21.63	0.00	7.64	1.257	274
42.400	19.15	21.61	-0.00	7.64	1.257	274
42.432	19.14	21.60	0.00	7.64	1.261	275
42.464	19.15	21.61	0.00	7.64	1.261	275
42.496	19.16	21.62	-0.00	7.64	1.261	275
42.528	19.16	21.62	-0.00	7.64	1.261	275
42.560	19.16	21.62	-0.00	7.64	1.261	275
42.592	19.16	21.62	-0.00	7.64	1.261	275
42.624	19.16	21.62	0.00	7.64	1.261	275
42.656	19.16	21.62	0.00	7.64	1.261	275
42.688	19.17	21.63	-0.00	7.64	1.261	275
42.720	19.17	21.63	-0.00	7.64	1.261	275
42.752	19.18	21.64	-0.00	7.64	1.261	275
42.784	19.18	21.64	0.00	7.64	1.261	275
42.816	19.19	21.65	0.00	7.65	1.261	275
42.848	19.17	21.63	-0.00	7.64	1.261	275
42.880	19.15	21.61	-0.00	7.64	1.261	275
42.912	19.13	21.59	-0.00	7.64	1.261	275
42.944	19.11	21.57	0.00	7.64	1.261	275
42.976	19.09	21.55	0.01	7.65	1.261	275
43.008	19.07	21.53	-0.00	7.64	1.261	275
43.040	19.06	21.52	-0.00	7.64	1.261	275
43.072	19.07	21.53	0.00	7.64	1.261	275
43.104	19.07	21.53	-0.00	7.64	1.261	275
43.136	19.08	21.54	0.00	7.65	1.261	275
43.168	19.10	21.56	-0.01	7.64	1.261	275
43.200	19.11	21.57	-0.00	7.64	1.261	275
43.232	19.13	21.59	-0.00	7.64	1.261	275
43.264	19.14	21.60	0.00	7.65	1.261	275
43.296	19.15	21.61	0.00	7.65	1.261	275
43.328	19.14	21.60	-0.00	7.64	1.261	275
43.360	19.12	21.58	-0.01	7.64	1.257	274
43.392	19.11	21.57	0.00	7.65	1.257	274
43.424	19.09	21.55	0.00	7.64	1.257	274
43.456	19.08	21.54	0.00	7.64	1.257	274
43.488	19.09	21.55	-0.00	7.64	1.257	274
43.520	19.10	21.56	-0.00	7.64	1.257	274
43.552	19.10	21.56	-0.00	7.64	1.257	274
43.584	19.11	21.57	0.00	7.64	1.257	274
43.616	19.12	21.58	0.00	7.64	1.257	274
43.648	19.12	21.58	-0.00	7.64	1.257	274
43.680	19.12	21.58	-0.00	7.64	1.257	274
43.712	19.11	21.57	-0.00	7.64	1.257	274
43.744	19.10	21.56	0.00	7.65	1.257	274
43.776	19.09	21.55	-0.00	7.64	1.257	274
43.808	19.07	21.53	-0.00	7.64	1.257	274
43.840	19.06	21.52	-0.01	7.64	1.257	274
43.872	19.07	21.53	0.00	7.64	1.257	274
43.904	19.07	21.53	-0.00	7.64	1.257	274
43.936	19.08	21.54	-0.00	7.64	1.257	274
43.968	19.08	21.54	-0.00	7.64	1.257	274
44.000	19.09	21.55	0.00	7.64	1.257	274
44.032	19.11	21.57	-0.00	7.64	1.257	274
44.064	19.13	21.59	0.00	7.64	1.257	274
44.096	19.15	21.60	0.00	7.65	1.257	274
44.128	19.14	21.60	0.00	7.64	1.257	274
44.160	19.14	21.60	0.00	7.64	1.257	274
44.192	19.12	21.58	0.00	7.64	1.257	274
44.224	19.12	21.58	0.00	7.64	1.257	274
44.256	19.11	21.57	0.00	7.65	1.257	274
44.288	19.09	21.55	0.00	7.64	1.261	275
44.320	19.07	21.53	-0.00	7.64	1.261	275
44.352	19.07	21.53	-0.00	7.64	1.261	275
44.384	19.08	21.54	0.00	7.65	1.261	275
44.416	19.09	21.55	0.00	7.65	1.261	275
44.448	19.10	21.55	0.00	7.64	1.261	275
44.480	19.11	21.57	0.00	7.64	1.261	275
44.512	19.13	21.59	-0.00	7.64	1.261	275
44.544	19.17	21.63	0.00	7.64	1.261	275
44.576	19.19	21.65	0.00	7.64	1.261	275
44.608	19.21	21.67	0.00	7.65	1.261	275
44.640	19.22	21.68	-0.00	7.64	1.261	275
44.672	19.23	21.69	0.00	7.64	1.261	275
44.704	19.24	21.70	0.00	7.65	1.261	275
44.736	19.23	21.69	0.00	7.65	1.261	275
44.768	19.21	21.67	0.00	7.64	1.257	274
44.800	19.18	21.64	-0.00	7.64	1.257	274
44.832	19.16	21.62	-0.00	7.64	1.257	274
44.864	19.13	21.59	0.00	7.65	1.257	274
44.896	19.12	21.58	0.00	7.64	1.257	274
44.928	19.11	21.57	0.00	7.64	1.257	274
44.960	19.11	21.57	-0.00	7.64	1.257	274
44.992	19.11	21.57	0.00	7.64	1.257	274
45.024	19.12	21.58	0.00	7.64	1.257	274
45.056	19.13	21.59	0.00	7.64	1.257	274
45.088	19.14	21.60	-0.00	7.64	1.257	274
45.120	19.15	21.60	-0.00	7.64	1.257	274
45.152	19.17	21.63	0.00	7.64	1.257	274
45.184	19.18	21.64	-0.00	7.64	1.257	274
45.216	19.17	21.63	0.00	7.64	1.257	274
45.248	19.16	21.62	-0.00	7.64	1.257	274
45.280	19.15	21.61	-0.00	7.64	1.257	274
45.312	19.14	21.60	0.00	7.64	1.257	274
45.344	19.13	21.59	0.00	7.64	1.257	274
45.376	19.12	21.58	0.00	7.65	1.257	274
45.408	19.11	21.57	0.00	7.64	1.257	274
45.440	19.11	21.57	-0.00	7.64	1.257	274
45.472	19.12	21.58	-0.00	7.64	1.257	274
45.504	19.13	21.59	0.00	7.65	1.257	274
45.536	19.12	21.58	0.00	7.64	1.257	274
45.568	19.11	21.57	-0.00	7.64	1.257	274
45.600	19.11	21.57	-0.00	7.64	1.257	274
45.632	19.11	21.57	-0.00	7.64	1.257	274
45.664	19.10	21.55	-0.00	7.64	1.257	274
45.696	19.07	21.53	0.00	7.64	1.257	274
45.728	19.07	21.53	-0.01	7.64	1.257	274
45.760	19.07	21.53	0.00	7.64	1.257	274
45.792	19.09	21.55	-0.00	7.64	1.257	274
45.824	19.10	21.56	0.00	7.65	1.257	274
45.856	19.12	21.58	0.00	7.65	1.257	274
45.888	19.12	21.58	-0.00	7.64	1.257	274
45.920	19.13	21.59	-0.00	7.64	1.257	274
45.952	19.15	21.61	-0.00	7.64	1.257	274
45.984	19.17	21.63	0.00	7.65	1.257	274
46.016	19.16	21.62	-0.00	7.64	1.257	274
46.048	19.15	21.61	0.00	7.64	1.257	274
46.080	19.15	21.61	0.00	7.65	1.257	274
46.112	19.15	21.60	-0.00	7.64	1.257	274
46.144	19.15	21.61	0.00	7.65	1.257	274
46.176	19.15	21.61	0.00	7.64	1.257	274
46.208	19.15	21.61	-0.00	7.64	1.257	274
46.240	19.15	21.61	0.00	7.64	1.257	274
46.272	19.15	21.61	0.00	7.64	1.257	274
46.304	19.16	21.62	0.00	7.65	1.257	274
46.336	19.17	21.63	0.00	7.64	1.257	274
46.368	19.18	21.64	0.00	7.64	1.257	274
46.400	19.18	21.64	-0.00	7.64	1.257	274
46.432	19.20	21.65	-0.00	7.64	1.257	274
46.464	19.19	21.65	0.00	7.65	1.257	274
46.496	19.18	21.64	-0.01	7.64	1.257	274
46.528	19.16	21.62	-0.00	7.64	1.257	274
46.560	19.17	21.63	0.00	7.64	1.257	274
46.592	19.16	21.62	0.00	7.64	1.257	274
46.624	19.14	21.60	0.00	7.64	1.257	274
46.656	19.12	21.58	0.00	7.64	1.257	274
46.688	19.11	21.57	-0.00	7.64	1.257	274
46.720	19.11	21.57	0.00	7.64	1.257	274
46.752	19.11	21.57	-0.00	7.64	1.257	274
46.784	19.10	21.56	0.00	7.64	1.257	274
46.816	19.11	21.57	-0.00	7.64	1.257	274
46.848	19.13	21.59	0.00	7.64	1.257	274
46.880	19.16	21.62	0.00	7.65	1.257	274
46.912	19.19	21.65	0.00	7.64	1.257	274
46.944	19.21	21.67	-0.00	7.64	1.257	274
46.976	19.22	21.68	0.00	7.65	1.257	274
47.008	19.23	21.69	-0.00	7.64	1.257	274
47.040	19.22	21.68	-0.00	7.64	1.257	274
47.072	19.19	21.65	0.00	7.65	1.257	274
47.104	19.16	21.62	0.00	7.65	1.261	275
47.136	19.14	21.60	0.00	7.65	1.261	275
47.168	19.13	21.59	0.00	7.64	1.261	275
47.200	19.12	21.58	0.00	7.65	1.261	275
47.232	19.13	21.59	0.00	7.64	1.261	275
47.264	19.14	21.60	0.00	7.65	1.261	275
47.296	19.15	21.61	0.00	7.65	1.261	275
47.328	19.16	21.62	0.00	7.64	1.261	275
47.360	19.18	21.64	-0.00	7.64	1.261	275
47.392	19.20	21.66	-0.00	7.64	1.261	275
47.424	19.22	21.68	0.00	7.65	1.261	275
47.456	19.24	21.70	-0.00	7.64	1.261	275
47.488	19.26	21.72	-0.00	7.64	1.261	275
47.520	19.27	21.73	0.00	7.64	1.261	275
47.552	19.27	21.73	0.00	7.65	1.261	275
47.584	19.26	21.72	0.00	7.65	1.261	275
47.616	19.25	21.71	-0.00	7.64	1.261	275
47.648	19.23	21.69	-0.00	7.64	1.261	275
47.680	19.21	21.67	-0.00	7.64	1.261	275
47.712	19.20	21.65	0.00	7.65	1.261	275
47.744	19.18	21.64	0.00	7.65	1.261	275
47.776	19.18	21.64	0.00	7.65	1.261	275
47.808	19.17	21.63	0.00	7.64	1.261	275
47.840	19.17	21.63	0.00	7.64	1.261	275
47.872	19.18	21.64	0.00	7.64	1.261	275
47.904	19.18	21.64	0.00	7.65	1.261	275
47.936	19.18	21.64	0.00	7.65	1.261	275
47.968	19.18	21.64	-0.00	7.64	1.261	275
48.000	19.19	21.65	0.00	7.65	1.261	275
48.032	19.18	21.64	0.00	7.64	1.261	275
48.064	19.15	21.61	0.00	7.65	1.261	275
48.096	19.15	21.60	0.00	7.65	1.261	275
48.128	19.14	21.60	-0.00	7.64	1.261	275
48.160	19.15	21.61	-0.00	7.64	1.261	275
48.192	19.15	21.61	-0.00	7.64	1.261	275
48.224	19.16	21.62	-0.00	7.64	1.261	275
48.256	19.17	21.63	-0.00	7.64	1.261	275
48.288	19.18	21.64	-0.00	7.64	1.261	275
48.320	19.20	21.66	0.00	7.64	1.261	275
48.352	19.21	21.67	-0.00	7.64	1.261	275
48.384	19.20	21.66	0.00	7.65	1.261	275
48.416	19.20	21.66	0.00	7.65	1.261	275
48.448	19.20	21.66	-0.00	7.64	1.261	275
48.480	19.19	21.65	0.00	7.64	1.261	275
48.512	19.16	21.62	-0.00	7.64	1.261	275
48.544	19.13	21.59	0.00	7.65	1.261	275
48.576	19.12	21.58	0.00	7.64	1.261	275
48.608	19.11	21.57	-0.00	7.64	1.261	275
48.640	19.11	21.57	0.00	7.65	1.261	275
48.672	19.13	21.59	0.00	7.65	1.261	275
48.704	19.14	21.60	0.00	7.64	1.261	275
48.736	19.16	21.62	0.00	7.64	1.261	275
48.768	19.17	21.63	-0.00	7.64	1.261	275
48.800	19.19	21.65	0.00	7.65	1.261	275
48.832	19.20	21.66	0.00	7.65	1.261	275
48.864	19.21	21.67	0.00	7.65	1.261	275
48.896	19.20	21.66	-0.00	7.64	1.261	275
48.928	19.20	21.65	-0.00	7.64	1.261	275
48.960	19.18	21.64	0.00	7.64	1.261	275
48.992	19.18	21.64	0.00	7.65	1.261	275
49.024	19.16	21.62	0.00	7.64	1.261	275
49.056	19.16	21.62	0.00	7.64	1.261	275
49.088	19.16	21.62	-0.00	7.64	1.261	275
49.120	19.16	21.62	0.00	7.64	1.261	275
49.152	19.17	21.63	0.00	7.65	1.261	275
49.184	19.18	21.64	0.00	7.65	1.261	275
49.216	19.18	21.64	-0.00	7.64	1.261	275
49.248	19.19	21.65	-0.00	7.64	1.261	275
49.280	19.20	21.66	0.00	7.64	1.261	275
49.312	19.20	21.65	0.01	7.65	1.261	275
49.344	19.18	21.64	0.00	7.65	1.261	275
49.376	19.18	21.64	-0.00	7.64	1.261	275
49.408	19.20	21.65	-0.00	7.64	1.261	275
49.440	19.18	21.64	0.00	7.64	1.261	275
49.472	19.16	21.62	0.00	7.65	1.261	275
49.504	19.14	21.60	0.00	7.65	1.261	275
49.536	19.14	21.60	-0.00	7.64	1.261	275
49.568	19.16	21.62	0.00	7.64	1.261	275
49.600	19.18	21.64	0.00	7.65	1.261	275
49.632	19.20	21.66	0.00	7.65	1.261	275
49.664	19.22	21.68	0.00	7.64	1.261	275
49.696	19.23	21.69	-0.00	7.64	1.261	275
49.728	19.24	21.70	0.00	7.65	1.261	275
49.760	19.24	21.70	0.00	7.64	1.261	275
49.792	19.25	21.70	0.00	7.65	1.261	275
49.824	19.23	21.69	-0.00	7.64	1.261	275
49.856	19.22	21.68	-0.00	7.64	1.261	275
49.888	19.20	21.65	0.00	7.64	1.261	275
49.920	19.17	21.63	-0.00	7.64	1.266	276
49.952	19.15	21.61	0.00	7.65	1.266	276
49.984	19.13	21.59	0.00	7.65	1.266	276
50.016	19.12	21.58	-0.00	7.64	1.266	276
50.048	19.13	21.59	0.00	7.64	1.266	276
50.080	19.14	21.60	0.00	7.64	1.266	276
50.112	19.17	21.63	0.00	7.65	1.266	276
50.144	19.19	21.65	0.00	7.65	1.266	276
50.176	19.21	21.67	-0.00	7.64	1.266	276
50.208	19.24	21.70	-0.00	7.64	1.266	276
50.240	19.25	21.70	-0.00	7.64	1.266	276
50.272	19.26	21.72	0.00	7.64	1.266	276
50.304	19.26	21.72	-0.00	7.64	1.266	276
50.336	19.25	21.71	0.00	7.64	1.266	276
50.368	19.23	21.69	-0.00	7.64	1.266	276
50.400	19.21	21.67	0.00	7.65	1.261	275
50.432	19.20	21.65	0.00	7.65	1.261	275
50.464	19.18	21.64	0.00	7.64	1.261	275
50.496	19.17	21.63	-0.00	7.64	1.261	275
50.528	19.17	21.63	0.00	7.64	1.261	275
50.560	19.18	21.64	-0.00	7.64	1.261	275
50.592	19.20	21.66	0.00	7.64	1.261	275
50.624	19.22	21.68	-0.00	7.64	1.261	275
50.656	19.25	21.71	-0.00	7.64	1.261	275
50.688	19.26	21.72	0.00	7.65	1.261	275
50.720	19.27	21.73	0.00	7.65	1.261	275
50.752	19.26	21.72	0.00	7.64	1.261	275
50.784	19.25	21.71	0.00	7.64	1.261	275
50.816	19.23	21.69	-0.00	7.64	1.261	275
50.848	19.21	21.67	0.00	7.64	1.261	275
50.880	19.18	21.64	0.00	7.65	1.261	275
50.912	19.15	21.61	0.00	7.64	1.261	275
50.944	19.13	21.59	-0.00	7.64	1.261	275
50.976	19.13	21.59	-0.00	7.64	1.261	275
51.008	19.15	21.61	-0.00	7.64	1.261	275
51.040	19.16	21.62	-0.00	7.64	1.261	275
51.072	19.17	21.63	-0.00	7.64	1.261	275
51.104	19.17	21.63	-0.00	7.64	1.261	275
51.136	19.17	21.63	0.00	7.65	1.261	275
51.168	19.17	21.63	0.00	7.64	1.261	275
51.200	19.17	21.63	0.00	7.65	1.261	275
51.232	19.19	21.65	-0.00	7.64	1.261	275
51.264	19.19	21.65	-0.01	7.64	1.261	275
51.296	19.18	21.64	-0.00	7.64	1.261	275
51.328	19.18	21.64	-0.00	7.64	1.257	274
51.360	19.17	21.63	0.00	7.65	1.257	274
51.392	19.15	21.61	0.00	7.64	1.257	274
51.424	19.14	21.60	0.00	7.64	1.257	274
51.456	19.14	21.60	-0.00	7.64	1.257	274
51.488	19.13	21.59	0.00	7.65	1.257	274
51.520	19.14	21.60	0.00	7.65	1.257	274
51.552	19.15	21.61	0.00	7.65	1.257	274
51.584	19.15	21.61	0.00	7.64	1.257	274
51.616	19.17	21.63	-0.00	7.64	1.257	274
51.648	19.18	21.64	0.00	7.64	1.257	274
51.680	19.19	21.65	0.00	7.65	1.257	274
51.712	19.21	21.67	0.00	7.64	1.257	274
51.744	19.20	21.66	-0.00	7.64	1.257	274
51.776	19.20	21.66	0.00	7.64	1.257	274
51.808	19.19	21.65	0.00	7.64	1.261	275
51.840	19.18	21.64	0.00	7.65	1.261	275
51.872	19.19	21.65	-0.00	7.64	1.261	275
51.904	19.19	21.65	0.00	7.65	1.261	275
51.936	19.19	21.65	-0.00	7.64	1.261	275
51.968	19.21	21.67	0.00	7.64	1.261	275
52.000	19.21	21.67	0.00	7.65	1.261	275
52.032	19.22	21.68	-0.00	7.64	1.261	275
52.064	19.21	21.67	-0.00	7.64	1.261	275
52.096	19.22	21.68	-0.00	7.64	1.261	275
52.128	19.23	21.69	0.00	7.65	1.261	275
52.160	19.23	21.69	0.00	7.64	1.261	275
52.192	19.23	21.69	0.00	7.64	1.261	275
52.224	19.21	21.67	-0.00	7.64	1.261	275
52.256	19.20	21.66	0.00	7.64	1.261	275
52.288	19.18	21.64	-0.00	7.64	1.261	275
52.320	19.16	21.62	0.00	7.64	1.261	275
52.352	19.15	21.61	-0.00	7.64	1.261	275
52.384	19.16	21.62	0.00	7.64	1.261	275
52.416	19.17	21.63	0.00	7.64	1.261	275
52.448	19.18	21.64	0.00	7.64	1.261	275
52.480	19.20	21.65	0.00	7.65	1.261	275
52.512	19.21	21.67	-0.00	7.64	1.261	275
52.544	19.22	21.68	0.00	7.64	1.261	275
52.576	19.24	21.70	-0.00	7.64	1.261	275
52.608	19.26	21.72	0.00	7.65	1.261	275
52.640	19.25	21.71	0.00	7.65	1.261	275
52.672	19.23	21.69	-0.00	7.64	1.261	275
52.704	19.21	21.67	-0.00	7.64	1.261	275
52.736	19.18	21.64	0.00	7.64	1.261	275
52.768	19.15	21.61	-0.00	7.64	1.261	275
52.800	19.13	21.59	0.00	7.65	1.261	275
52.832	19.13	21.59	0.00	7.65	1.261	275
52.864	19.13	21.59	0.00	7.64	1.261	275
52.896	19.16	21.62	-0.00	7.64	1.261	275
52.928	19.19	21.65	0.00	7.65	1.261	275
52.960	19.21	21.67	0.00	7.64	1.261	275
52.992	19.23	21.69	-0.00	7.64	1.261	275
53.024	19.27	21.73	0.00	7.64	1.261	275
53.056	19.29	21.75	0.00	7.64	1.261	275
53.088	19.29	21.75	0.00	7.64	1.261	275
53.120	19.27	21.73	0.00	7.65	1.261	275
53.152	19.25	21.71	-0.00	7.64	1.261	275
53.184	19.23	21.69	0.00	7.64	1.261	275
53.216	19.22	21.68	-0.00	7.64	1.261	275
53.248	19.19	21.65	0.00	7.64	1.261	275
53.280	19.18	21.64	-0.00	7.64	1.261	275
53.312	19.17	21.63	0.00	7.64	1.261	275
53.344	19.18	21.64	-0.00	7.64	1.261	275
53.376	19.21	21.67	0.00	7.65	1.261	275
53.408	19.22	21.68	-0.00	7.64	1.261	275
53.440	19.25	21.70	0.00	7.64	1.261	275
53.472	19.26	21.72	0.00	7.64	1.261	275
53.504	19.28	21.74	0.00	7.64	1.261	275
53.536	19.28	21.74	-0.00	7.64	1.261	275
53.568	19.28	21.74	0.00	7.65	1.261	275
53.600	19.27	21.73	-0.00	7.64	1.261	275
53.632	19.26	21.72	-0.00	7.64	1.261	275
53.664	19.24	21.70	0.00	7.65	1.266	276
53.696	19.21	21.67	-0.00	7.64	1.266	276
53.728	19.17	21.63	0.00	7.64	1.266	276
53.760	19.15	21.61	0.00	7.65	1.266	276
53.792	19.14	21.60	-0.00	7.64	1.266	276
53.824	19.15	21.60	-0.00	7.64	1.266	276
53.856	19.15	21.60	0.00	7.64	1.266	276
53.888	19.15	21.61	0.00	7.65	1.266	276
53.920	19.16	21.62	0.00	7.64	1.266	276
53.952	19.16	21.62	-0.00	7.64	1.266	276
53.984	19.17	21.63	-0.01	7.64	1.266	276
54.016	19.15	21.61	0.00	7.64	1.266	276
54.048	19.15	21.60	0.00	7.65	1.266	276
54.080	19.14	21.60	0.00	7.65	1.266	276
54.112	19.13	21.59	0.00	7.64	1.266	276
54.144	19.12	21.58	0.00	7.64	1.261	275
54.176	19.11	21.57	-0.00	7.64	1.261	275
54.208	19.10	21.56	0.00	7.65	1.261	275
54.240	19.10	21.55	0.00	7.64	1.261	275
54.272	19.11	21.57	-0.00	7.64	1.261	275
54.304	19.12	21.58	-0.00	7.64	1.261	275
54.336	19.13	21.59	0.00	7.64	1.261	275
54.368	19.13	21.59	0.00	7.65	1.261	275
54.400	19.15	21.61	-0.00	7.64	1.261	275
54.432	19.16	21.62	-0.00	7.64	1.261	275
54.464	19.17	21.63	0.00	7.65	1.261	275
54.496	19.18	21.64	0.00	7.64	1.261	275
54.528	19.18	21.64	0.00	7.65	1.261	275
54.560	19.18	21.64	0.00	7.65	1.261	275
54.592	19.19	21.65	-0.00	7.64	1.261	275
54.624	19.20	21.66	0.00	7.64	1.261	275
54.656	19.19	21.65	-0.00	7.64	1.261	275
54.688	19.18	21.64	0.00	7.64	1.261	275
54.720	19.18	21.64	0.00	7.65	1.261	275
54.752	19.19	21.65	-0.00	7.64	1.261	275
54.784	19.19	21.65	0.00	7.64	1.261	275
54.816	19.18	21.64	-0.00	7.64	1.261	275
54.848	19.18	21.64	-0.00	7.64	1.261	275
54.880	19.18	21.64	-0.00	7.64	1.261	275
54.912	19.18	21.64	-0.00	7.64	1.261	275
54.944	19.20	21.66	-0.01	7.64	1.261	275
54.976	19.21	21.67	0.00	7.65	1.261	275
55.008	19.22	21.68	-0.00	7.64	1.261	275
55.040	19.22	21.68	-0.00	7.64	1.261	275
55.072	19.22	21.68	0.00	7.64	1.261	275
55.104	19.23	21.69	-0.00	7.64	1.261	275
55.136	19.22	21.68	0.00	7.64	1.261	275
55.168	19.21	21.67	0.00	7.64	1.261	275
55.200	19.21	21.67	-0.00	7.64	1.261	275
55.232	19.21	21.67	-0.01	7.64	1.261	275
55.264	19.19	21.65	0.00	7.64	1.261	275
55.296	19.19	21.65	0.00	7.64	1.261	275
55.328	19.20	21.66	0.00	7.64	1.261	275
55.360	19.22	21.68	-0.01	7.64	1.261	275
55.392	19.25	21.71	-0.00	7.64	1.261	275
55.424	19.27	21.73	-0.00	7.64	1.261	275
55.456	19.28	21.74	0.00	7.65	1.261	275
55.488	19.28	21.74	-0.00	7.64	1.261	275
55.520	19.28	21.74	0.00	7.64	1.261	275
55.552	19.27	21.73	-0.00	7.64	1.266	276
55.584	19.27	21.73	-0.00	7.64	1.266	276
55.616	19.24	21.70	0.00	7.65	1.266	276
55.648	19.22	21.68	-0.00	7.64	1.266	276
55.680	19.20	21.66	0.00	7.64	1.266	276
55.712	19.19	21.65	-0.00	7.64	1.266	276
55.744	19.19	21.65	-0.00	7.64	1.266	276
55.776	19.20	21.65	0.00	7.65	1.266	276
55.808	19.20	21.66	-0.00	7.64	1.266	276
55.840	19.20	21.65	-0.00	7.64	1.266	276
55.872	19.20	21.66	-0.00	7.64	1.266	276
55.904	19.22	21.68	-0.00	7.64	1.266	276
55.936	19.23	21.69	0.00	7.64	1.266	276
55.968	19.23	21.69	-0.00	7.64	1.266	276
56.000	19.23	21.69	0.00	7.64	1.261	275
56.032	19.21	21.67	-0.00	7.64	1.261	275
56.064	19.21	21.67	-0.00	7.64	1.261	275
56.096	19.19	21.65	0.00	7.65	1.261	275
56.128	19.17	21.63	0.00	7.65	1.261	275
56.160	19.17	21.63	-0.00	7.64	1.261	275
56.192	19.17	21.63	-0.00	7.64	1.261	275
56.224	19.16	21.62	0.00	7.64	1.261	275
56.256	19.17	21.63	0.00	7.65	1.261	275
56.288	19.18	21.64	-0.00	7.64	1.261	275
56.320	19.19	21.65	-0.00	7.64	1.261	275
56.352	19.22	21.68	0.00	7.64	1.261	275
56.384	19.23	21.69	-0.00	7.64	1.261	275
56.416	19.24	21.70	0.00	7.65	1.261	275
56.448	19.24	21.70	-0.00	7.64	1.261	275
56.480	19.23	21.69	-0.01	7.64	1.261	275
56.512	19.21	21.67	0.00	7.64	1.261	275
56.544	19.17	21.63	0.00	7.65	1.261	275
56.576	19.15	21.61	0.00	7.64	1.261	275
56.608	19.14	21.60	0.00	7.64	1.261	275
56.640	19.14	21.60	-0.00	7.64	1.261	275
56.672	19.15	21.61	0.00	7.65	1.261	275
56.704	19.16	21.62	0.00	7.64	1.261	275
56.736	19.18	21.64	0.00	7.65	1.261	275
56.768	19.20	21.66	0.00	7.64	1.261	275
56.800	19.23	21.69	-0.00	7.64	1.261	275
56.832	19.25	21.70	0.00	7.64	1.261	275
56.864	19.27	21.73	-0.00	7.64	1.261	275
56.896	19.29	21.75	0.00	7.64	1.261	275
56.928	19.29	21.75	0.00	7.64	1.266	276
56.960	19.29	21.75	-0.00	7.64	1.266	276
56.992	19.27	21.73	-0.00	7.64	1.266	276
57.024	19.24	21.70	-0.00	7.64	1.266	276
57.056	19.21	21.67	-0.00	7.64	1.266	276
57.088	19.20	21.66	-0.00	7.64	1.266	276
57.120	19.20	21.66	-0.00	7.64	1.266	276
57.152	19.20	21.66	0.00	7.64	1.266	276
57.184	19.20	21.66	0.00	7.65	1.266	276
57.216	19.20	21.66	-0.00	7.64	1.266	276
57.248	19.20	21.66	-0.00	7.64	1.266	276
57.280	19.22	21.68	-0.00	7.64	1.266	276
57.312	19.23	21.69	-0.00	7.64	1.266	276
57.344	19.24	21.70	0.00	7.64	1.266	276
57.376	19.24	21.70	0.00	7.64	1.266	276
57.408	19.24	21.70	-0.00	7.64	1.266	276
57.440	19.24	21.70	-0.00	7.64	1.266	276
57.472	19.24	21.70	0.00	7.64	1.266	276
57.504	19.21	21.67	0.00	7.65	1.266	276
57.536	19.19	21.65	0.00	7.65	1.266	276
57.568	19.19	21.65	0.00	7.64	1.266	276
57.600	19.19	21.65	-0.00	7.64	1.266	276
57.632	19.19	21.65	0.00	7.65	1.266	276
57.664	19.18	21.64	0.01	7.65	1.266	276
57.696	19.20	21.66	-0.00	7.64	1.266	276
57.728	19.21	21.67	0.00	7.64	1.266	276
57.760	19.22	21.68	0.00	7.64	1.266	276
57.792	19.24	21.70	0.00	7.64	1.266	276
57.824	19.25	21.71	0.00	7.65	1.266	276
57.856	19.25	21.71	0.00	7.65	1.266	276
57.888	19.24	21.70	0.00	7.64	1.261	275
57.920	19.22	21.68	-0.00	7.64	1.261	275
57.952	19.21	21.67	0.00	7.65	1.261	275
57.984	19.21	21.67	0.00	7.65	1.261	275
58.016	19.21	21.67	0.00	7.65	1.261	275
58.048	19.22	21.68	-0.00	7.64	1.261	275
58.080	19.23	21.69	-0.00	7.64	1.261	275
58.112	19.25	21.71	-0.00	7.64	1.261	275
58.144	19.26	21.72	-0.00	7.64	1.261	275
58.176	19.27	21.73	-0.00	7.64	1.261	275
58.208	19.27	21.73	-0.00	7.64	1.261	275
58.240	19.28	21.74	-0.00	7.64	1.261	275
58.272	19.28	21.74	0.00	7.64	1.261	275
58.304	19.28	21.74	0.00	7.65	1.261	275
58.336	19.29	21.75	0.00	7.65	1.266	276
58.368	19.28	21.74	-0.00	7.64	1.266	276
58.400	19.27	21.73	0.00	7.64	1.266	276
58.432	19.24	21.70	-0.00	7.64	1.266	276
58.464	19.24	21.70	0.00	7.65	1.266	276
58.496	19.26	21.72	-0.00	7.64	1.266	276
58.528	19.28	21.74	-0.00	7.64	1.266	276
58.560	19.30	21.75	-0.00	7.64	1.266	276
58.592	19.30	21.76	0.00	7.64	1.266	276
58.624	19.32	21.78	0.00	7.65	1.266	276
58.656	19.33	21.79	0.00	7.64	1.266	276
58.688	19.35	21.81	-0.00	7.64	1.266	276
58.720	19.35	21.81	-0.00	7.64	1.266	276
58.752	19.35	21.80	-0.00	7.64	1.266	276
58.784	19.35	21.80	0.00	7.65	1.266	276
58.816	19.34	21.80	0.00	7.64	1.271	277
58.848	19.33	21.79	-0.00	7.64	1.271	277
58.880	19.32	21.78	0.00	7.64	1.271	277
58.912	19.30	21.75	0.00	7.64	1.271	277
58.944	19.26	21.72	0.00	7.65	1.271	277
58.976	19.25	21.71	-0.00	7.64	1.271	277
59.008	19.25	21.71	-0.00	7.64	1.271	277
59.040	19.26	21.72	-0.00	7.64	1.271	277
59.072	19.26	21.72	0.00	7.64	1.271	277
59.104	19.28	21.74	0.00	7.65	1.271	277
59.136	19.28	21.74	0.00	7.64	1.271	277
59.168	19.29	21.75	0.00	7.65	1.271	277
59.200	19.30	21.76	0.00	7.64	1.271	277
59.232	19.29	21.75	-0.00	7.64	1.271	277
59.264	19.28	21.74	0.00	7.65	1.271	277
59.296	19.27	21.73	0.00	7.65	1.261	275
59.328	19.25	21.71	0.00	7.64	1.261	275
59.360	19.23	21.69	-0.00	7.64	1.261	275
59.392	19.21	21.67	0.00	7.64	1.261	275
59.424	19.20	21.66	0.00	7.65	1.261	275
59.456	19.20	21.65	0.00	7.65	1.261	275
59.488	19.20	21.66	0.00	7.64	1.261	275
59.520	19.20	21.65	-0.00	7.64	1.261	275
59.552	19.21	21.67	0.00	7.65	1.261	275
59.584	19.23	21.69	-0.00	7.64	1.261	275
59.616	19.24	21.70	-0.00	7.64	1.261	275
59.648	19.25	21.71	-0.00	7.64	1.261	275
59.680	19.25	21.71	-0.00	7.64	1.261	275
59.712	19.25	21.71	0.00	7.65	1.261	275
59.744	19.24	21.70	0.00	7.65	1.266	276
59.776	19.24	21.70	0.00	7.64	1.266	276
59.808	19.24	21.70	-0.00	7.64	1.266	276
59.840	19.24	21.70	0.00	7.64	1.266	276
59.872	19.25	21.70	0.00	7.65	1.266	276
59.904	19.26	21.72	0.00	7.64	1.266	276
59.936	19.28	21.74	-0.01	7.64	1.266	276
59.968	19.30	21.75	0.00	7.64	1.266	276
60.000	19.31	21.77	0.00	7.64	1.266	276
60.032	19.35	21.80	0.01	7.65	1.266	276
60.064	19.36	21.82	0.00	7.64	1.266	276
60.096	19.38	21.84	0.00	7.65	1.266	276
60.128	19.40	21.86	-0.00	7.64	1.266	276
60.160	19.41	21.87	0.00	7.65	1.266	276
60.192	19.42	21.88	0.00	7.64	1.266	276
60.224	19.42	21.88	0.00	7.64	1.271	277
60.256	19.44	21.90	0.00	7.64	1.271	277
60.288	19.44	21.90	0.00	7.64	1.271	277
60.320	19.42	21.88	0.00	7.64	1.271	277
60.352	19.40	21.86	0.00	7.65	1.271	277
60.384	19.39	21.85	0.00	7.64	1.271	277
60.416	19.39	21.85	-0.00	7.64	1.271	277
60.448	19.38	21.84	-0.00	7.64	1.271	277
60.480	19.38	21.84	0.00	7.64	1.271	277
60.512	19.38	21.84	0.00	7.65	1.271	277
60.544	19.38	21.84	0.00	7.64	1.271	277
60.576	19.40	21.85	-0.00	7.64	1.271	277
60.608	19.39	21.85	-0.01	7.64	1.271	277
60.640	19.38	21.84	0.00	7.64	1.271	277
60.672	19.36	21.82	0.00	7.64	1.271	277
60.704	19.34	21.80	0.00	7.65	1.271	277
60.736	19.32	21.78	-0.00	7.64	1.271	277
60.768	19.31	21.77	0.00	7.64	1.271	277
60.800	19.26	21.72	0.00	7.64	1.271	277
60.832	19.24	21.70	0.00	7.64	1.271	277
60.864	19.24	21.70	0.00	7.65	1.271	277
60.896	19.25	21.71	-0.00	7.64	1.271	277
60.928	19.26	21.72	-0.00	7.64	1.271	277
60.960	19.27	21.73	-0.00	7.64	1.271	277
60.992	19.28	21.74	0.00	7.65	1.271	277
61.024	19.30	21.75	0.00	7.64	1.271	277
61.056	19.31	21.77	-0.00	7.64	1.271	277
61.088	19.30	21.76	0.00	7.64	1.271	277
61.120	19.29	21.75	0.00	7.65	1.271	277
61.152	19.28	21.74	0.00	7.65	1.261	275
61.184	19.27	21.73	0.01	7.65	1.261	275
61.216	19.26	21.72	-0.00	7.64	1.261	275
61.248	19.24	21.70	-0.00	7.64	1.261	275
61.280	19.23	21.69	0.00	7.64	1.261	275
61.312	19.23	21.69	-0.00	7.64	1.261	275
61.344	19.26	21.72	-0.00	7.64	1.261	275
61.376	19.29	21.75	-0.00	7.64	1.261	275
61.408	19.31	21.77	-0.00	7.64	1.261	275
61.440	19.34	21.80	0.00	7.64	1.261	275
61.472	19.36	21.82	0.00	7.65	1.261	275
61.504	19.37	21.83	0.00	7.65	1.261	275
61.536	19.38	21.84	-0.00	7.64	1.261	275
61.568	19.38	21.84	0.00	7.64	1.261	275
61.600	19.37	21.83	-0.00	7.64	1.261	275
61.632	19.34	21.80	0.00	7.64	1.271	277
61.664	19.32	21.78	0.00	7.65	1.271	277
61.696	19.29	21.75	-0.00	7.64	1.271	277
61.728	19.27	21.73	-0.00	7.64	1.271	277
61.760	19.26	21.72	-0.00	7.64	1.271	277
61.792	19.25	21.71	0.00	7.64	1.271	277
61.824	19.26	21.72	0.00	7.65	1.271	277
61.856	19.27	21.73	-0.00	7.64	1.271	277
61.888	19.29	21.75	0.00	7.64	1.271	277
61.920	19.32	21.78	0.00	7.65	1.271	277
61.952	19.35	21.81	0.00	7.64	1.271	277
61.984	19.37	21.83	0.00	7.65	1.271	277
62.016	19.40	21.86	0.00	7.64	1.271	277
62.048	19.40	21.86	0.00	7.65	1.271	277
62.080	19.39	21.85	0.00	7.65	1.271	277
62.112	19.37	21.83	-0.00	7.64	1.271	277
62.144	19.34	21.80	-0.00	7.64	1.271	277
62.176	19.32	21.78	-0.00	7.64	1.271	277
62.208	19.30	21.76	0.00	7.65	1.271	277
62.240	19.28	21.74	0.00	7.64	1.271	277
62.272	19.29	21.75	0.00	7.64	1.271	277
62.304	19.30	21.75	0.00	7.65	1.271	277
62.336	19.30	21.76	-0.00	7.64	1.271	277
62.368	19.30	21.76	0.00	7.65	1.271	277
62.400	19.29	21.75	-0.00	7.64	1.271	277
62.432	19.31	21.77	0.00	7.65	1.271	277
62.464	19.31	21.77	0.00	7.64	1.271	277
62.496	19.31	21.77	0.00	7.64	1.271	277
62.528	19.31	21.77	0.00	7.65	1.271	277
62.560	19.31	21.77	-0.00	7.64	1.271	277
62.592	19.30	21.75	0.00	7.65	1.271	277
62.624	19.29	21.75	0.00	7.64	1.271	277
62.656	19.28	21.74	0.00	7.64	1.271	277
62.688	19.27	21.73	0.00	7.65	1.271	277
62.720	19.27	21.73	0.00	7.65	1.271	277
62.752	19.26	21.72	0.00	7.64	1.271	277
62.784	19.24	21.70	-0.00	7.64	1.271	277
62.816	19.24	21.70	-0.00	7.64	1.271	277
62.848	19.25	21.70	-0.00	7.64	1.271	277
62.880	19.27	21.73	0.00	7.64	1.271	277
62.912	19.28	21.74	0.00	7.64	1.271	277
62.944	19.29	21.75	0.00	7.65	1.271	277
62.976	19.30	21.76	0.00	7.64	1.271	277
63.008	19.31	21.77	0.00	7.64	1.271	277
63.040	19.31	21.77	0.00	7.64	1.266	276
63.072	19.31	21.77	0.00	7.65	1.266	276
63.104	19.30	21.76	0.00	7.65	1.266	276
63.136	19.28	21.74	-0.00	7.64	1.266	276
63.168	19.27	21.73	-0.00	7.64	1.266	276
63.200	19.27	21.73	-0.00	7.64	1.266	276
63.232	19.28	21.74	0.00	7.64	1.266	276
63.264	19.30	21.76	0.00	7.64	1.266	276
63.296	19.31	21.77	-0.00	7.64	1.266	276
63.328	19.32	21.78	-0.00	7.64	1.266	276
63.360	19.32	21.78	0.00	7.64	1.266	276
63.392	19.33	21.79	0.00	7.65	1.266	276
63.424	19.33	21.79	-0.00	7.64	1.266	276
63.456	19.34	21.80	0.00	7.64	1.266	276
63.488	19.33	21.79	-0.00	7.64	1.271	277
63.520	19.33	21.79	0.00	7.64	1.271	277
63.552	19.33	21.79	0.00	7.65	1.271	277
63.584	19.31	21.77	0.00	7.64	1.271	277
63.616	19.28	21.74	-0.00	7.64	1.271	277
63.648	19.26	21.72	0.00	7.64	1.271	277
63.680	19.25	21.71	0.00	7.64	1.271	277
63.712	19.26	21.72	0.00	7.65	1.271	277
63.744	19.28	21.74	0.00	7.65	1.271	277
63.776	19.31	21.77	0.00	7.64	1.271	277
63.808	19.34	21.80	-0.00	7.64	1.271	277
63.840	19.35	21.80	0.00	7.65	1.271	277
63.872	19.34	21.80	0.01	7.65	1.271	277
63.904	19.33	21.79	0.00	7.64	1.271	277
63.936	19.32	21.78	0.00	7.64	1.271	277
63.968	19.30	21.76	-0.00	7.64	1.271	277
64.000	19.30	21.75	0.00	7.64	1.271	277
64.032	19.29	21.75	0.00	7.64	1.271	277
64.064	19.28	21.74	0.00	7.64	1.271	277
64.096	19.21	21.67	-0.00	7.64	1.271	277
64.128	17.78	20.24	0.00	7.64	1.271	277
64.160	15.12	17.58	0.00	7.64	1.271	277
64.192	12.16	14.62	0.00	7.64	1.271	277
64.224	9.56	12.02	0.00	7.64	1.271	277
64.256	7.38	9.84	-0.00	7.64	1.271	277
64.288	5.56	8.02	-0.00	7.64	1.271	277
64.320	4.05	6.51	0.00	7.64	1.271	277
64.352	2.85	5.31	0.00	7.64	1.271	277
64.384	1.91	4.37	0.00	7.64	1.271	277
64.416	1.17	3.63	-0.01	7.64	1.271	277
64.448	0.61	3.07	0.00	7.64	0.528	115
64.480	0.20	2.66	-0.00	7.64	0.528	115
64.512	-0.07	2.39	-0.00	7.64	0.528	115
64.544	-0.25	2.21	-0.01	7.64	0.528	115
64.576	-0.35	2.11	-0.01	7.64	0.528	115
64.608	-0.37	2.09	-0.00	7.64	0.528	115
64.640	-0.35	2.10	-0.00	7.64	0.528	115
64.672	-0.30	2.16	-0.00	7.64	0.528	115
64.704	-0.23	2.23	-0.01	7.64	0.528	115
64.736	-0.15	2.31	-0.00	7.64	0.528	115
64.768	-0.06	2.40	-0.01	7.64	0.528	115
64.800	0.02	2.48	-0.00	7.64	0.528	115
64.832	0.09	2.55	-0.00	7.64	0.528	115
64.864	0.15	2.60	-0.01	7.64	0.528	115
64.896	0.18	2.64	-0.00	7.64	0.000	0
64.928	0.22	2.68	-0.00	7.64	0.000	0
64.960	0.23	2.69	-0.00	7.64	0.000	0
64.992	0.23	2.69	-0.01	7.64	0.000	0
65.024	0.22	2.68	-0.01	7.64	0.000	0
65.056	0.20	2.66	-0.01	7.64	0.000	0
65.088	0.18	2.64	-0.01	7.64	0.000	0
65.120	0.15	2.61	-0.00	7.64	0.000	0
65.152	0.12	2.58	-0.00	7.64	0.000	0
65.184	0.10	2.56	-0.01	7.64	0.000	0
65.216	0.08	2.54	-0.00	7.64	0.000	0
65.248	0.06	2.52	-0.00	7.64	0.000	0
65.280	0.04	2.50	-0.00	7.64	0.000	0
65.312	0.03	2.49	-0.01	7.64	0.000	0
65.344	0.02	2.48	-0.00	7.64	0.000	0
65.376	0.02	2.48	-0.01	7.63	0.000	0
65.408	0.02	2.48	-0.00	7.64	0.000	0
65.440	0.02	2.48	-0.00	7.64	0.000	0
65.472	0.02	2.48	-0.00	7.64	0.000	0
65.504	0.03	2.49	-0.00	7.64	0.000	0
65.536	0.03	2.49	-0.00	7.64	0.000	0
65.568	0.04	2.50	-0.00	7.64	0.000	0
65.600	0.04	2.50	-0.01	7.64	0.000	0
65.632	0.05	2.51	-0.00	7.64	0.000	0
65.664	0.05	2.51	-0.00	7.64	0.000	0
