tempo(s)    p0  p0Total p1  p1Total
0.000	-0.03	7.58	0.00	7.92
0.032	-0.01	7.59	-0.01	7.91
0.064	-0.01	7.59	-0.04	7.87
0.096	-0.01	7.60	-0.05	7.86
0.128	-0.01	7.59	-0.03	7.88
0.160	-0.02	7.59	0.00	7.92
0.192	-0.02	7.59	-0.01	7.90
0.224	-0.01	7.59	-0.04	7.87
0.256	-0.00	7.60	-0.05	7.86
0.288	-0.01	7.60	-0.03	7.89
0.320	-0.01	7.60	0.00	7.92
0.352	-0.01	7.59	-0.01	7.90
0.384	-0.02	7.59	-0.04	7.87
0.416	-0.02	7.59	-0.05	7.86
0.448	-0.01	7.59	-0.03	7.89
0.480	-0.02	7.59	0.00	7.92
0.512	-0.02	7.59	-0.01	7.90
0.544	-0.02	7.59	-0.04	7.87
0.576	-0.02	7.59	-0.05	7.86
0.608	-0.02	7.59	-0.03	7.88
0.640	-0.02	7.59	0.00	7.92
0.672	-0.01	7.59	-0.01	7.90
0.704	-0.01	7.60	-0.04	7.87
0.736	-0.02	7.59	-0.05	7.86
0.768	-0.02	7.59	-0.03	7.88
0.800	-0.02	7.59	-0.00	7.91
0.832	-0.02	7.59	-0.01	7.90
0.864	-0.01	7.59	-0.04	7.88
0.896	-0.02	7.59	-0.05	7.86
0.928	-0.02	7.59	-0.03	7.88
0.960	-0.02	7.59	0.00	7.92
0.992	-0.02	7.58	-0.01	7.90
1.024	-0.03	7.58	-0.04	7.88
1.056	-0.02	7.58	-0.05	7.86
1.088	-0.02	7.59	-0.03	7.88
1.120	-0.02	7.59	0.00	7.92
1.152	-0.02	7.59	-0.01	7.90
1.184	-0.02	7.58	-0.04	7.88
1.216	5.35	12.95	-0.05	7.86
1.248	15.38	22.99	-0.03	7.89
1.280	20.37	27.98	0.01	7.92
1.312	22.08	29.69	-0.01	7.91
1.344	22.54	30.14	-0.04	7.88
1.376	22.73	30.34	-0.05	7.86
1.408	22.66	30.27	-0.03	7.89
1.440	22.71	30.31	0.00	7.92
1.472	22.80	30.40	-0.01	7.91
1.504	22.86	30.47	-0.03	7.88
1.536	22.80	30.41	-0.05	7.87
1.568	22.75	30.35	-0.03	7.88
1.600	22.82	30.43	0.00	7.92
1.632	22.79	30.40	-0.01	7.90
1.664	22.84	30.45	-0.04	7.88
1.696	22.87	30.47	-0.06	7.86
1.728	22.98	30.58	-0.03	7.88
1.760	22.99	30.60	0.00	7.92
1.792	23.07	30.68	-0.01	7.91
1.824	23.12	30.73	-0.04	7.88
1.856	23.07	30.67	-0.05	7.86
1.888	23.01	30.61	-0.03	7.88
1.920	22.97	30.57	0.00	7.92
1.952	22.99	30.59	-0.01	7.91
1.984	23.02	30.63	-0.04	7.88
2.016	23.11	30.72	-0.06	7.86
2.048	23.06	30.67	-0.03	7.88
2.080	23.08	30.68	0.00	7.92
2.112	23.06	30.67	-0.01	7.90
2.144	23.07	30.68	-0.04	7.88
2.176	23.10	30.70	-0.06	7.85
2.208	23.08	30.69	-0.03	7.88
2.240	23.16	30.76	0.00	7.92
2.272	23.10	30.70	-0.01	7.90
2.304	23.09	30.70	-0.04	7.88
2.336	23.02	30.63	-0.05	7.86
2.368	23.00	30.61	-0.03	7.88
2.400	23.00	30.60	-0.00	7.91
2.432	23.07	30.68	-0.01	7.90
2.464	23.06	30.67	-0.03	7.88
2.496	23.03	30.63	-0.05	7.86
2.528	22.99	30.59	-0.03	7.88
2.560	23.02	30.62	0.00	7.92
2.592	23.10	30.71	-0.01	7.90
2.624	23.10	30.71	-0.03	7.88
2.656	23.23	30.84	-0.06	7.86
2.688	23.30	30.90	-0.04	7.88
2.720	23.23	30.83	-0.00	7.91
2.752	23.12	30.73	-0.01	7.90
2.784	22.88	30.48	-0.04	7.88
2.816	22.78	30.38	-0.06	7.86
2.848	22.62	30.23	-0.03	7.88
2.880	22.63	30.24	-0.00	7.91
2.912	22.65	30.25	-0.01	7.91
2.944	22.68	30.29	-0.04	7.88
2.976	22.68	30.29	-0.06	7.86
3.008	22.71	30.32	-0.04	7.88
3.040	22.83	30.44	0.00	7.92
3.072	22.92	30.53	-0.01	7.91
3.104	23.01	30.61	-0.03	7.88
3.136	22.94	30.55	-0.06	7.86
3.168	22.80	30.40	-0.03	7.88
3.200	22.61	30.21	-0.00	7.91
3.232	22.48	30.09	-0.01	7.90
3.264	22.42	30.03	-0.04	7.88
3.296	22.45	30.05	-0.06	7.86
3.328	22.50	30.11	-0.04	7.88
3.360	22.57	30.17	-0.00	7.91
3.392	22.60	30.21	-0.01	7.91
3.424	22.66	30.27	-0.03	7.88
3.456	22.68	30.29	-0.06	7.86
3.488	22.68	30.29	-0.04	7.88
3.520	22.75	30.35	-0.01	7.91
3.552	22.78	30.39	-0.01	7.90
3.584	22.74	30.34	-0.04	7.88
3.616	22.71	30.32	-0.06	7.85
3.648	22.70	30.30	-0.04	7.88
3.680	22.72	30.32	-0.00	7.91
3.712	22.68	30.28	-0.01	7.91
3.744	22.79	30.40	-0.04	7.88
3.776	22.82	30.43	-0.06	7.85
3.808	22.90	30.50	-0.04	7.88
3.840	22.93	30.54	-0.01	7.91
3.872	23.03	30.64	-0.01	7.90
3.904	23.09	30.69	-0.04	7.88
3.936	23.08	30.69	-0.06	7.86
3.968	23.21	30.81	-0.04	7.87
4.000	23.22	30.82	-0.00	7.91
4.032	23.18	30.79	-0.01	7.91
4.064	23.18	30.79	-0.04	7.88
4.096	23.15	30.75	-0.05	7.86
4.128	23.13	30.74	-0.04	7.88
4.160	23.06	30.67	-0.01	7.91
4.192	23.08	30.68	-0.01	7.90
4.224	23.16	30.77	-0.03	7.88
4.256	23.12	30.72	-0.06	7.85
4.288	23.11	30.72	-0.04	7.87
4.320	23.18	30.79	-0.01	7.91
4.352	23.20	30.80	-0.01	7.90
4.384	23.13	30.73	-0.03	7.88
4.416	23.22	30.82	-0.06	7.85
4.448	23.20	30.80	-0.04	7.87
4.480	23.18	30.79	-0.00	7.91
4.512	23.17	30.78	-0.01	7.91
4.544	23.08	30.69	-0.03	7.88
4.576	23.12	30.72	-0.06	7.85
4.608	23.11	30.71	-0.04	7.87
4.640	23.08	30.69	-0.01	7.91
4.672	23.08	30.69	-0.01	7.91
4.704	23.10	30.70	-0.03	7.88
4.736	23.12	30.73	-0.05	7.86
4.768	23.13	30.73	-0.04	7.87
4.800	23.09	30.70	-0.01	7.90
4.832	23.19	30.79	-0.01	7.91
4.864	23.24	30.84	-0.03	7.88
4.896	23.18	30.78	-0.06	7.86
4.928	23.17	30.77	-0.04	7.87
4.960	23.10	30.70	-0.01	7.91
4.992	23.04	30.64	-0.01	7.91
5.024	22.95	30.55	-0.03	7.88
5.056	23.10	30.70	-0.06	7.86
5.088	23.14	30.75	-0.04	7.87
5.120	23.07	30.67	-0.01	7.90
5.152	23.10	30.70	-0.00	7.91
5.184	23.05	30.66	-0.03	7.88
5.216	23.08	30.68	-0.06	7.86
5.248	23.04	30.64	-0.04	7.87
5.280	23.07	30.68	-0.01	7.90
5.312	23.08	30.68	-0.00	7.91
5.344	23.02	30.63	-0.03	7.88
5.376	23.04	30.65	-0.06	7.85
5.408	23.03	30.64	-0.05	7.87
5.440	23.01	30.61	-0.01	7.90
5.472	22.91	30.51	-0.01	7.91
5.504	22.96	30.56	-0.03	7.88
5.536	22.93	30.54	-0.06	7.86
5.568	23.03	30.64	-0.05	7.87
5.600	23.05	30.65	-0.01	7.90
5.632	23.03	30.64	-0.00	7.91
5.664	23.06	30.67	-0.03	7.88
5.696	23.00	30.60	-0.05	7.86
5.728	23.10	30.70	-0.04	7.87
5.760	23.15	30.75	-0.01	7.90
5.792	23.08	30.69	-0.00	7.91
5.824	23.05	30.66	-0.03	7.89
5.856	22.98	30.59	-0.06	7.86
5.888	22.91	30.52	-0.05	7.87
5.920	22.98	30.59	-0.02	7.90
5.952	23.03	30.64	-0.00	7.91
5.984	23.05	30.65	-0.03	7.89
6.016	23.05	30.66	-0.06	7.86
6.048	23.05	30.66	-0.05	7.87
6.080	23.10	30.71	-0.02	7.90
6.112	23.01	30.62	0.00	7.92
6.144	23.04	30.65	-0.03	7.89
6.176	23.07	30.67	-0.06	7.86
6.208	23.02	30.63	-0.05	7.87
6.240	23.01	30.61	-0.02	7.90
6.272	22.94	30.55	-0.00	7.91
6.304	23.00	30.60	-0.03	7.89
6.336	22.90	30.51	-0.06	7.85
6.368	22.96	30.57	-0.05	7.87
6.400	22.99	30.59	-0.02	7.89
6.432	22.99	30.60	0.00	7.92
6.464	22.99	30.60	-0.02	7.89
6.496	23.01	30.62	-0.06	7.86
6.528	23.02	30.62	-0.05	7.87
6.560	23.07	30.67	-0.02	7.89
6.592	23.18	30.78	-0.00	7.91
6.624	23.16	30.77	-0.02	7.89
6.656	23.06	30.66	-0.05	7.86
6.688	22.94	30.55	-0.05	7.87
6.720	22.92	30.53	-0.02	7.89
6.752	22.88	30.49	-0.00	7.91
6.784	22.92	30.53	-0.02	7.89
6.816	22.97	30.58	-0.06	7.86
6.848	23.01	30.61	-0.05	7.86
6.880	23.02	30.63	-0.02	7.89
6.912	23.03	30.63	0.00	7.92
6.944	23.00	30.61	-0.03	7.89
6.976	22.91	30.51	-0.06	7.86
7.008	22.91	30.52	-0.05	7.87
7.040	23.05	30.66	-0.02	7.89
7.072	23.08	30.68	-0.00	7.91
7.104	23.05	30.65	-0.02	7.89
7.136	22.97	30.58	-0.05	7.86
7.168	22.98	30.59	-0.05	7.86
7.200	23.00	30.61	-0.02	7.89
7.232	23.06	30.66	-0.00	7.91
7.264	23.01	30.62	-0.02	7.89
7.296	23.05	30.66	-0.06	7.86
7.328	23.14	30.75	-0.05	7.86
7.360	23.11	30.72	-0.03	7.89
7.392	23.11	30.72	0.00	7.92
7.424	23.07	30.68	-0.02	7.89
7.456	23.18	30.79	-0.06	7.86
7.488	23.15	30.76	-0.05	7.86
7.520	23.06	30.67	-0.02	7.89
7.552	22.99	30.60	0.00	7.92
7.584	22.99	30.59	-0.02	7.89
7.616	22.96	30.57	-0.05	7.86
7.648	23.00	30.60	-0.05	7.86
7.680	23.06	30.67	-0.02	7.89
7.712	23.01	30.62	-0.00	7.91
7.744	23.02	30.63	-0.02	7.89
7.776	23.05	30.66	-0.05	7.86
7.808	23.11	30.72	-0.05	7.86
7.840	23.10	30.70	-0.02	7.89
7.872	23.02	30.62	0.00	7.92
7.904	23.14	30.74	-0.01	7.90
7.936	23.10	30.71	-0.05	7.87
7.968	23.04	30.64	-0.05	7.86
8.000	22.99	30.60	-0.03	7.89
8.032	22.97	30.57	0.00	7.92
8.064	22.96	30.56	-0.02	7.90
8.096	23.01	30.62	-0.05	7.86
8.128	23.05	30.65	-0.06	7.86
8.160	23.06	30.67	-0.03	7.89
8.192	23.04	30.65	-0.00	7.91
8.224	23.11	30.71	-0.02	7.90
8.256	23.06	30.67	-0.05	7.86
8.288	23.04	30.64	-0.05	7.86
8.320	23.10	30.71	-0.02	7.89
8.352	23.19	30.80	-0.00	7.91
8.384	23.17	30.77	-0.02	7.90
8.416	23.09	30.69	-0.05	7.86
8.448	23.02	30.63	-0.06	7.86
8.480	23.04	30.65	-0.03	7.89
8.512	22.94	30.55	0.00	7.92
8.544	23.01	30.61	-0.02	7.90
8.576	23.07	30.67	-0.05	7.86
8.608	23.00	30.60	-0.05	7.86
8.640	23.02	30.62	-0.03	7.89
8.672	22.98	30.59	-0.00	7.91
8.704	23.03	30.64	-0.02	7.90
8.736	23.00	30.61	-0.05	7.86
8.768	23.10	30.70	-0.06	7.86
8.800	23.20	30.81	-0.03	7.89
8.832	23.16	30.76	0.00	7.92
8.864	23.03	30.64	-0.02	7.90
8.896	22.99	30.60	-0.05	7.86
8.928	22.98	30.59	-0.05	7.86
8.960	23.01	30.61	-0.03	7.88
8.992	23.08	30.69	0.00	7.92
9.024	22.98	30.59	-0.01	7.90
9.056	22.97	30.57	-0.05	7.87
9.088	23.06	30.66	-0.06	7.86
9.120	23.10	30.70	-0.03	7.89
9.152	23.13	30.74	-0.00	7.91
9.184	23.10	30.70	-0.02	7.90
9.216	23.09	30.69	-0.05	7.86
9.248	23.15	30.75	-0.05	7.86
9.280	23.07	30.68	-0.03	7.88
9.312	23.01	30.62	-0.00	7.91
9.344	22.93	30.54	-0.02	7.90
9.376	22.95	30.55	-0.05	7.87
9.408	22.98	30.59	-0.05	7.86
9.440	23.01	30.62	-0.03	7.89
9.472	23.01	30.62	0.00	7.92
9.504	23.04	30.64	-0.02	7.90
9.536	23.12	30.73	-0.05	7.87
9.568	23.09	30.70	-0.05	7.86
9.600	23.11	30.72	-0.03	7.88
9.632	23.13	30.73	0.00	7.92
9.664	23.11	30.72	-0.01	7.90
9.696	23.10	30.70	-0.05	7.87
9.728	23.03	30.64	-0.05	7.86
9.760	23.01	30.62	-0.03	7.89
9.792	22.95	30.56	0.00	7.92
9.824	22.96	30.56	-0.01	7.90
9.856	23.00	30.60	-0.05	7.87
9.888	23.01	30.61	-0.06	7.86
9.920	22.92	30.53	-0.02	7.89
9.952	22.96	30.57	0.00	7.92
9.984	23.00	30.61	-0.02	7.90
10.016	23.02	30.62	-0.05	7.87
10.048	23.00	30.60	-0.06	7.86
10.080	23.10	30.70	-0.03	7.88
10.112	23.09	30.70	0.00	7.92
10.144	23.08	30.69	-0.01	7.90
10.176	23.06	30.67	-0.05	7.87
10.208	23.00	30.60	-0.06	7.86
10.240	22.99	30.59	-0.03	7.89
10.272	23.01	30.61	0.00	7.92
10.304	22.97	30.58	-0.02	7.90
10.336	22.96	30.57	-0.04	7.87
10.368	22.97	30.58	-0.05	7.86
10.400	23.04	30.65	-0.03	7.88
10.432	23.03	30.63	0.00	7.92
10.464	22.96	30.57	-0.01	7.90
10.496	23.06	30.67	-0.04	7.87
10.528	23.05	30.66	-0.06	7.86
10.560	23.15	30.76	-0.03	7.88
10.592	23.06	30.67	0.00	7.92
10.624	23.07	30.68	-0.01	7.90
10.656	23.03	30.63	-0.04	7.87
10.688	22.92	30.53	-0.06	7.86
10.720	22.95	30.56	-0.03	7.88
10.752	23.02	30.62	0.00	7.92
10.784	22.98	30.58	-0.01	7.90
10.816	22.99	30.60	-0.04	7.87
10.848	23.06	30.66	-0.06	7.86
10.880	23.01	30.62	-0.03	7.88
10.912	22.97	30.58	0.00	7.92
10.944	23.09	30.70	-0.01	7.90
10.976	23.15	30.76	-0.04	7.88
11.008	23.04	30.65	-0.06	7.86
11.040	23.03	30.64	-0.03	7.89
11.072	23.06	30.66	0.00	7.92
11.104	22.96	30.56	-0.01	7.90
11.136	22.95	30.56	-0.04	7.87
11.168	23.00	30.60	-0.06	7.86
11.200	22.99	30.59	-0.03	7.88
11.232	23.03	30.63	-0.00	7.91
11.264	23.05	30.66	-0.01	7.90
11.296	22.94	30.55	-0.05	7.87
11.328	22.92	30.52	-0.06	7.86
11.360	22.99	30.59	-0.03	7.88
11.392	23.09	30.69	0.00	7.92
11.424	23.12	30.72	-0.01	7.90
11.456	23.06	30.66	-0.04	7.87
11.488	22.99	30.59	-0.06	7.86
11.520	22.98	30.58	-0.03	7.88
11.552	22.97	30.58	0.00	7.92
11.584	23.00	30.60	-0.01	7.90
11.616	23.00	30.61	-0.04	7.87
11.648	22.94	30.54	-0.06	7.86
11.680	22.95	30.55	-0.04	7.88
11.712	23.01	30.62	-0.00	7.91
11.744	23.05	30.65	-0.01	7.90
11.776	22.98	30.59	-0.04	7.88
11.808	23.00	30.60	-0.06	7.86
11.840	23.04	30.64	-0.04	7.88
11.872	23.06	30.66	0.00	7.92
11.904	23.00	30.61	-0.01	7.90
11.936	22.95	30.55	-0.04	7.87
11.968	22.92	30.52	-0.06	7.86
12.000	22.92	30.53	-0.03	7.88
12.032	22.96	30.57	-0.00	7.91
12.064	23.03	30.63	-0.01	7.90
12.096	22.97	30.58	-0.04	7.88
12.128	22.96	30.57	-0.06	7.86
12.160	23.04	30.64	-0.04	7.88
12.192	23.02	30.62	-0.00	7.91
12.224	22.96	30.57	-0.01	7.90
12.256	23.07	30.67	-0.04	7.88
12.288	23.11	30.72	-0.06	7.86
12.320	23.05	30.65	-0.03	7.88
12.352	22.94	30.55	-0.00	7.91
12.384	22.86	30.46	-0.01	7.90
12.416	22.85	30.46	-0.04	7.88
12.448	22.91	30.51	-0.06	7.86
12.480	22.99	30.60	-0.03	7.88
12.512	22.97	30.57	-0.00	7.91
12.544	22.96	30.57	-0.01	7.90
12.576	22.92	30.53	-0.04	7.87
12.608	22.95	30.55	-0.06	7.85
12.640	22.97	30.58	-0.03	7.88
12.672	23.05	30.65	-0.00	7.91
12.704	23.12	30.72	-0.01	7.90
12.736	23.08	30.69	-0.04	7.88
12.768	22.96	30.56	-0.06	7.86
12.800	22.94	30.55	-0.04	7.88
12.832	22.91	30.51	-0.00	7.91
12.864	22.92	30.52	-0.01	7.90
12.896	22.92	30.53	-0.04	7.88
12.928	23.00	30.60	-0.06	7.86
12.960	22.96	30.57	-0.03	7.88
12.992	23.00	30.61	0.00	7.92
13.024	22.98	30.58	-0.01	7.90
13.056	22.93	30.54	-0.04	7.87
13.088	22.97	30.57	-0.06	7.86
13.120	23.07	30.67	-0.03	7.88
13.152	23.17	30.77	-0.00	7.91
13.184	23.17	30.78	-0.01	7.90
13.216	23.10	30.71	-0.04	7.88
13.248	22.97	30.57	-0.06	7.86
13.280	22.95	30.55	-0.03	7.88
13.312	22.98	30.58	-0.00	7.91
13.344	22.97	30.58	-0.01	7.90
13.376	23.00	30.61	-0.04	7.87
13.408	22.97	30.58	-0.06	7.85
13.440	23.01	30.62	-0.03	7.88
13.472	23.05	30.66	-0.00	7.91
13.504	23.11	30.72	-0.01	7.90
13.536	23.07	30.67	-0.04	7.88
13.568	23.08	30.69	-0.06	7.86
13.600	23.15	30.75	-0.04	7.88
13.632	23.11	30.71	-0.00	7.91
13.664	23.02	30.62	-0.01	7.91
13.696	23.01	30.62	-0.04	7.88
13.728	22.96	30.57	-0.06	7.86
13.760	22.93	30.53	-0.03	7.88
13.792	22.96	30.56	-0.00	7.91
13.824	23.01	30.62	-0.01	7.90
13.856	23.03	30.64	-0.04	7.87
13.888	22.99	30.59	-0.06	7.86
13.920	23.13	30.73	-0.03	7.88
13.952	23.13	30.74	-0.00	7.91
13.984	23.12	30.73	-0.01	7.90
14.016	23.16	30.77	-0.04	7.88
14.048	23.13	30.74	-0.05	7.86
14.080	23.06	30.66	-0.04	7.88
14.112	22.93	30.54	-0.00	7.91
14.144	22.89	30.50	-0.01	7.90
14.176	22.87	30.47	-0.03	7.88
14.208	22.96	30.57	-0.06	7.86
14.240	23.01	30.62	-0.03	7.88
14.272	23.02	30.63	0.00	7.92
14.304	22.99	30.59	-0.01	7.90
14.336	22.99	30.60	-0.04	7.88
14.368	23.02	30.63	-0.05	7.86
14.400	22.95	30.55	-0.03	7.88
14.432	23.01	30.62	-0.00	7.91
14.464	23.12	30.72	-0.01	7.91
14.496	23.10	30.71	-0.04	7.88
14.528	23.02	30.63	-0.06	7.86
14.560	23.00	30.61	-0.03	7.88
14.592	22.97	30.58	0.00	7.92
14.624	22.98	30.58	-0.01	7.91
14.656	23.03	30.64	-0.04	7.88
14.688	23.01	30.62	-0.06	7.86
14.720	22.99	30.59	-0.03	7.88
14.752	23.01	30.61	0.00	7.92
14.784	23.00	30.61	-0.01	7.90
14.816	23.01	30.62	-0.04	7.87
14.848	23.03	30.64	-0.06	7.86
14.880	23.14	30.75	-0.03	7.88
14.912	23.12	30.73	0.00	7.92
14.944	23.12	30.73	-0.01	7.91
14.976	23.01	30.62	-0.04	7.88
15.008	23.01	30.62	-0.06	7.86
15.040	22.94	30.55	-0.03	7.88
15.072	22.94	30.54	0.00	7.92
15.104	22.97	30.58	-0.01	7.90
15.136	22.96	30.57	-0.04	7.88
15.168	22.95	30.55	-0.05	7.86
15.200	23.06	30.67	-0.03	7.88
15.232	23.09	30.69	0.00	7.92
15.264	23.06	30.67	-0.01	7.91
15.296	23.14	30.74	-0.04	7.88
15.328	23.17	30.77	-0.05	7.86
15.360	23.19	30.79	-0.03	7.89
15.392	23.08	30.69	0.00	7.92
15.424	23.05	30.65	-0.01	7.91
15.456	23.03	30.63	-0.04	7.88
15.488	22.99	30.60	-0.06	7.86
15.520	23.08	30.69	-0.03	7.88
15.552	23.09	30.70	0.00	7.92
15.584	23.12	30.72	-0.01	7.91
15.616	23.11	30.72	-0.04	7.87
15.648	23.09	30.70	-0.05	7.87
15.680	23.09	30.70	-0.03	7.88
15.712	23.10	30.70	0.00	7.92
15.744	23.17	30.77	-0.01	7.90
15.776	23.24	30.85	-0.04	7.88
15.808	23.21	30.82	-0.05	7.86
15.840	23.12	30.73	-0.03	7.89
15.872	23.16	30.76	0.00	7.92
15.904	23.07	30.68	-0.01	7.91
15.936	23.07	30.68	-0.04	7.88
15.968	23.11	30.71	-0.05	7.86
16.000	23.08	30.69	-0.03	7.89
16.032	23.12	30.72	0.00	7.92
16.064	23.05	30.66	-0.01	7.90
16.096	23.05	30.66	-0.04	7.87
16.128	23.13	30.74	-0.05	7.86
16.160	23.15	30.76	-0.03	7.89
16.192	23.30	30.91	0.01	7.92
16.224	23.31	30.92	-0.01	7.90
16.256	23.26	30.87	-0.05	7.87
16.288	23.14	30.75	-0.05	7.86
16.320	23.05	30.65	-0.03	7.89
16.352	23.01	30.62	0.01	7.92
16.384	23.10	30.70	-0.01	7.90
16.416	23.13	30.73	-0.04	7.87
16.448	23.06	30.67	-0.05	7.86
16.480	23.07	30.68	-0.02	7.89
16.512	23.00	30.60	0.00	7.92
16.544	23.06	30.67	-0.01	7.90
16.576	23.12	30.72	-0.04	7.87
16.608	23.17	30.78	-0.05	7.87
16.640	23.24	30.85	-0.02	7.89
16.672	23.17	30.77	0.01	7.92
16.704	23.16	30.77	-0.01	7.90
16.736	23.08	30.69	-0.05	7.87
16.768	23.00	30.61	-0.05	7.87
16.800	22.96	30.57	-0.02	7.89
16.832	23.03	30.64	0.00	7.92
16.864	23.07	30.67	-0.01	7.90
16.896	23.01	30.62	-0.05	7.87
16.928	23.01	30.62	-0.05	7.87
16.960	23.03	30.63	-0.02	7.89
16.992	23.05	30.65	0.00	7.92
17.024	23.00	30.60	-0.01	7.90
17.056	23.13	30.73	-0.05	7.87
17.088	23.20	30.80	-0.05	7.87
17.120	23.17	30.78	-0.02	7.90
17.152	23.09	30.70	0.01	7.92
17.184	23.06	30.67	-0.02	7.90
17.216	22.99	30.59	-0.05	7.87
17.248	23.00	30.61	-0.05	7.87
17.280	23.08	30.68	-0.02	7.89
17.312	23.05	30.65	0.00	7.92
17.344	23.11	30.71	-0.01	7.90
17.376	23.01	30.62	-0.05	7.87
17.408	23.03	30.64	-0.05	7.87
17.440	23.01	30.62	-0.02	7.90
17.472	23.00	30.61	0.01	7.92
17.504	23.05	30.65	-0.01	7.90
17.536	23.07	30.68	-0.05	7.87
17.568	23.02	30.62	-0.05	7.87
17.600	22.98	30.59	-0.01	7.90
17.632	22.99	30.59	0.01	7.92
17.664	22.97	30.57	-0.02	7.90
17.696	23.06	30.66	-0.05	7.87
17.728	23.07	30.68	-0.04	7.87
17.760	23.00	30.60	-0.01	7.90
17.792	22.97	30.58	0.00	7.92
17.824	22.97	30.58	-0.02	7.90
17.856	23.01	30.61	-0.05	7.87
17.888	23.00	30.60	-0.04	7.87
17.920	23.07	30.68	-0.02	7.90
17.952	23.23	30.84	0.00	7.92
17.984	23.16	30.77	-0.02	7.89
18.016	23.08	30.69	-0.05	7.87
18.048	23.02	30.63	-0.04	7.88
18.080	23.01	30.62	-0.01	7.90
18.112	22.98	30.59	0.00	7.92
18.144	23.00	30.61	-0.02	7.89
18.176	23.02	30.63	-0.05	7.87
18.208	23.10	30.71	-0.04	7.88
18.240	23.12	30.72	-0.01	7.90
18.272	23.10	30.71	0.00	7.92
18.304	23.15	30.75	-0.02	7.90
18.336	23.12	30.73	-0.05	7.86
18.368	23.15	30.75	-0.04	7.88
18.400	23.12	30.73	-0.00	7.91
18.432	23.11	30.72	0.00	7.92
18.464	23.07	30.68	-0.02	7.89
18.496	23.05	30.65	-0.05	7.86
18.528	22.96	30.56	-0.04	7.88
18.560	22.95	30.56	-0.00	7.91
18.592	23.04	30.64	0.00	7.92
18.624	23.02	30.63	-0.03	7.89
18.656	23.01	30.61	-0.05	7.86
18.688	22.98	30.58	-0.03	7.88
18.720	23.01	30.61	-0.00	7.91
18.752	23.01	30.62	0.00	7.92
18.784	23.03	30.64	-0.02	7.89
18.816	23.11	30.72	-0.05	7.86
18.848	23.16	30.77	-0.03	7.88
18.880	23.15	30.76	-0.00	7.91
18.912	23.06	30.67	-0.00	7.91
18.944	22.93	30.53	-0.03	7.88
18.976	22.94	30.55	-0.05	7.86
19.008	23.02	30.62	-0.03	7.88
19.040	22.98	30.59	0.00	7.92
19.072	23.01	30.61	-0.00	7.91
19.104	23.06	30.67	-0.03	7.88
19.136	23.01	30.62	-0.05	7.86
19.168	23.11	30.71	-0.03	7.88
19.200	23.01	30.61	0.00	7.92
19.232	23.13	30.74	-0.01	7.91
19.264	23.16	30.77	-0.03	7.88
19.296	23.14	30.75	-0.05	7.86
19.328	23.11	30.72	-0.03	7.88
19.360	23.08	30.68	0.00	7.92
19.392	23.05	30.66	-0.01	7.91
19.424	23.01	30.62	-0.03	7.88
19.456	23.05	30.66	-0.05	7.86
19.488	23.08	30.69	-0.03	7.89
19.520	23.03	30.64	0.00	7.92
19.552	22.94	30.55	-0.01	7.91
19.584	22.96	30.57	-0.04	7.88
19.616	23.02	30.62	-0.05	7.86
19.648	22.99	30.59	-0.03	7.89
19.680	23.14	30.75	0.00	7.92
19.712	23.14	30.75	-0.01	7.91
19.744	23.11	30.71	-0.04	7.88
19.776	23.09	30.69	-0.05	7.86
19.808	23.02	30.63	-0.03	7.89
19.840	23.01	30.62	0.00	7.92
19.872	22.99	30.60	-0.01	7.91
19.904	23.04	30.64	-0.04	7.88
19.936	23.04	30.64	-0.05	7.86
19.968	23.06	30.66	-0.02	7.89
20.000	23.01	30.61	0.01	7.92
20.032	23.01	30.61	-0.01	7.91
20.064	23.02	30.63	-0.04	7.87
20.096	23.02	30.62	-0.05	7.87
20.128	23.13	30.74	-0.02	7.89
20.160	23.10	30.71	0.01	7.92
20.192	23.07	30.68	-0.01	7.90
20.224	22.95	30.55	-0.05	7.87
20.256	22.92	30.53	-0.05	7.87
20.288	22.84	30.44	-0.02	7.90
20.320	22.92	30.53	0.00	7.92
20.352	22.97	30.58	-0.01	7.90
20.384	23.01	30.62	-0.05	7.87
20.416	23.06	30.67	-0.05	7.87
20.448	23.02	30.63	-0.02	7.89
20.480	23.01	30.62	0.00	7.92
20.512	22.99	30.59	-0.01	7.90
20.544	23.06	30.66	-0.05	7.87
20.576	23.06	30.67	-0.04	7.87
20.608	23.06	30.67	-0.02	7.90
20.640	23.02	30.62	0.01	7.92
20.672	22.98	30.58	-0.01	7.90
20.704	22.98	30.59	-0.05	7.87
20.736	22.97	30.57	-0.04	7.87
20.768	23.01	30.62	-0.02	7.90
20.800	23.02	30.63	0.00	7.92
20.832	23.12	30.72	-0.01	7.90
20.864	23.15	30.76	-0.04	7.87
20.896	23.10	30.70	-0.04	7.88
20.928	23.03	30.64	-0.01	7.90
20.960	23.05	30.65	0.00	7.92
20.992	23.08	30.69	-0.02	7.90
21.024	23.06	30.67	-0.05	7.87
21.056	23.04	30.64	-0.04	7.87
21.088	23.00	30.61	-0.01	7.90
21.120	22.94	30.54	0.00	7.92
21.152	22.93	30.54	-0.02	7.89
21.184	23.01	30.62	-0.05	7.87
21.216	23.11	30.71	-0.03	7.88
21.248	23.11	30.72	-0.01	7.91
21.280	23.08	30.68	0.00	7.92
21.312	23.08	30.68	-0.02	7.89
21.344	23.06	30.67	-0.05	7.86
21.376	22.97	30.58	-0.04	7.88
21.408	23.04	30.65	-0.01	7.91
21.440	23.15	30.75	0.00	7.92
21.472	23.18	30.79	-0.03	7.89
21.504	23.12	30.73	-0.05	7.86
21.536	23.03	30.64	-0.04	7.88
21.568	23.01	30.62	-0.00	7.91
21.600	22.95	30.55	0.00	7.92
21.632	23.04	30.65	-0.03	7.88
21.664	23.06	30.66	-0.05	7.86
21.696	23.03	30.63	-0.03	7.88
21.728	23.03	30.64	0.00	7.92
21.760	23.03	30.63	-0.00	7.91
21.792	23.09	30.70	-0.03	7.88
21.824	22.97	30.57	-0.05	7.86
21.856	23.09	30.70	-0.03	7.88
21.888	23.17	30.77	0.00	7.92
21.920	23.19	30.79	-0.01	7.91
21.952	23.12	30.72	-0.03	7.88
21.984	23.09	30.69	-0.05	7.86
22.016	23.00	30.61	-0.03	7.88
22.048	22.93	30.54	0.00	7.92
22.080	22.98	30.59	-0.01	7.91
22.112	23.04	30.65	-0.03	7.88
22.144	23.09	30.69	-0.05	7.86
22.176	23.11	30.72	-0.03	7.88
22.208	23.08	30.68	0.00	7.92
22.240	23.08	30.69	-0.01	7.91
22.272	23.06	30.67	-0.03	7.88
22.304	23.09	30.69	-0.05	7.86
22.336	23.10	30.70	-0.03	7.89
22.368	23.11	30.72	0.00	7.92
22.400	23.00	30.61	-0.01	7.90
22.432	23.00	30.60	-0.04	7.88
22.464	22.97	30.58	-0.05	7.87
22.496	23.06	30.67	-0.03	7.89
22.528	23.03	30.64	0.00	7.92
22.560	23.00	30.61	-0.01	7.91
22.592	23.00	30.61	-0.04	7.87
22.624	23.00	30.60	-0.05	7.87
22.656	23.03	30.64	-0.02	7.89
22.688	22.96	30.57	0.01	7.92
22.720	22.95	30.56	-0.01	7.91
22.752	23.00	30.60	-0.04	7.88
22.784	22.94	30.55	-0.05	7.87
22.816	22.89	30.49	-0.02	7.89
22.848	22.87	30.48	0.01	7.92
22.880	22.90	30.50	-0.01	7.90
22.912	22.82	30.43	-0.05	7.87
22.944	22.95	30.56	-0.05	7.87
22.976	22.99	30.60	-0.02	7.90
23.008	23.01	30.61	0.01	7.92
23.040	23.00	30.60	-0.01	7.90
23.072	23.03	30.64	-0.05	7.87
23.104	23.04	30.64	-0.05	7.87
23.136	22.99	30.60	-0.02	7.90
23.168	23.09	30.70	0.01	7.92
23.200	23.17	30.78	-0.02	7.90
23.232	23.09	30.70	-0.05	7.87
23.264	23.05	30.66	-0.05	7.87
23.296	22.94	30.54	-0.01	7.90
23.328	22.92	30.52	0.00	7.92
23.360	22.87	30.48	-0.02	7.89
23.392	22.98	30.59	-0.05	7.87
23.424	23.07	30.68	-0.04	7.87
23.456	23.08	30.69	-0.01	7.90
23.488	23.08	30.69	0.00	7.92
23.520	23.11	30.72	-0.02	7.90
23.552	23.11	30.71	-0.05	7.87
23.584	23.02	30.63	-0.04	7.88
23.616	23.08	30.68	-0.01	7.90
23.648	23.08	30.69	0.00	7.92
23.680	23.08	30.68	-0.02	7.89
23.712	22.97	30.57	-0.05	7.86
23.744	22.90	30.50	-0.04	7.88
23.776	22.87	30.48	-0.01	7.91
23.808	22.97	30.57	0.00	7.92
23.840	23.12	30.72	-0.02	7.89
23.872	23.13	30.73	-0.05	7.87
23.904	23.10	30.70	-0.03	7.88
23.936	23.13	30.74	-0.00	7.91
23.968	23.15	30.75	0.00	7.92
24.000	23.03	30.63	-0.02	7.89
24.032	23.17	30.78	-0.05	7.87
24.064	23.20	30.80	-0.03	7.88
24.096	23.18	30.79	-0.01	7.91
24.128	23.05	30.65	0.00	7.92
24.160	22.99	30.59	-0.03	7.89
24.192	22.96	30.57	-0.05	7.86
24.224	22.92	30.53	-0.03	7.88
24.256	23.08	30.68	-0.00	7.91
24.288	23.12	30.72	0.00	7.92
24.320	23.12	30.73	-0.03	7.89
24.352	23.12	30.73	-0.05	7.86
24.384	23.16	30.77	-0.03	7.88
24.416	23.17	30.78	0.00	7.92
24.448	23.10	30.70	-0.00	7.91
24.480	23.18	30.78	-0.03	7.88
24.512	23.15	30.76	-0.05	7.86
24.544	23.10	30.70	-0.03	7.88
24.576	23.09	30.69	0.00	7.92
24.608	23.05	30.65	-0.00	7.91
24.640	23.12	30.72	-0.03	7.88
24.672	23.14	30.74	-0.05	7.87
24.704	23.12	30.72	-0.03	7.88
24.736	23.17	30.78	0.00	7.92
24.768	23.24	30.84	-0.01	7.91
24.800	23.25	30.85	-0.03	7.88
24.832	23.27	30.88	-0.05	7.87
24.864	23.32	30.92	-0.03	7.88
24.896	23.33	30.94	0.00	7.92
24.928	23.35	30.96	-0.01	7.91
24.960	23.30	30.91	-0.03	7.88
24.992	23.23	30.84	-0.05	7.86
25.024	23.21	30.82	-0.03	7.88
25.056	23.21	30.81	0.00	7.92
25.088	23.16	30.77	-0.01	7.91
25.120	23.19	30.80	-0.04	7.88
25.152	23.26	30.86	-0.05	7.87
25.184	23.28	30.88	-0.03	7.89
25.216	23.23	30.84	0.00	7.92
25.248	23.23	30.84	-0.01	7.90
25.280	23.14	30.75	-0.04	7.88
25.312	23.08	30.69	-0.05	7.87
25.344	23.14	30.74	-0.02	7.89
25.376	23.22	30.82	0.01	7.92
25.408	23.11	30.72	-0.01	7.91
25.440	23.10	30.70	-0.04	7.87
25.472	23.03	30.63	-0.05	7.87
25.504	23.02	30.63	-0.02	7.89
25.536	22.99	30.60	0.00	7.92
25.568	23.07	30.67	-0.01	7.90
25.600	23.09	30.69	-0.04	7.87
25.632	23.12	30.73	-0.05	7.87
25.664	23.10	30.70	-0.02	7.89
25.696	23.09	30.70	0.01	7.92
25.728	23.11	30.72	-0.01	7.90
25.760	23.11	30.72	-0.05	7.87
25.792	23.19	30.79	-0.05	7.87
25.824	23.24	30.84	-0.02	7.89
25.856	23.19	30.80	0.01	7.92
25.888	23.15	30.75	-0.01	7.90
25.920	23.10	30.70	-0.05	7.87
25.952	23.14	30.74	-0.05	7.87
25.984	23.02	30.62	-0.02	7.90
26.016	23.17	30.78	0.01	7.92
26.048	23.20	30.80	-0.01	7.90
26.080	23.22	30.82	-0.05	7.87
26.112	23.23	30.84	-0.05	7.87
26.144	23.23	30.84	-0.02	7.90
26.176	23.27	30.87	0.00	7.92
26.208	23.23	30.84	-0.01	7.90
26.240	23.28	30.89	-0.05	7.87
26.272	23.25	30.86	-0.04	7.87
26.304	23.20	30.80	-0.01	7.90
26.336	23.16	30.76	0.01	7.92
26.368	23.15	30.75	-0.02	7.90
26.400	23.15	30.75	-0.05	7.87
26.432	23.15	30.75	-0.04	7.87
26.464	23.20	30.80	-0.01	7.90
26.496	23.21	30.81	0.01	7.92
26.528	23.19	30.79	-0.02	7.90
26.560	23.19	30.80	-0.05	7.87
26.592	23.11	30.72	-0.04	7.87
26.624	23.18	30.79	-0.01	7.90
26.656	23.24	30.85	0.01	7.92
26.688	23.28	30.88	-0.02	7.90
26.720	23.28	30.89	-0.05	7.87
26.752	23.15	30.76	-0.04	7.88
26.784	23.20	30.81	-0.00	7.91
26.816	23.09	30.70	0.00	7.92
26.848	23.05	30.66	-0.02	7.89
26.880	23.18	30.79	-0.05	7.86
26.912	23.24	30.85	-0.03	7.88
26.944	23.26	30.86	-0.01	7.91
26.976	23.22	30.82	0.00	7.92
27.008	23.28	30.89	-0.02	7.89
27.040	23.25	30.86	-0.05	7.86
27.072	23.22	30.83	-0.04	7.88
27.104	23.22	30.82	-0.00	7.91
27.136	23.21	30.82	0.00	7.92
27.168	23.28	30.88	-0.02	7.89
27.200	23.25	30.85	-0.05	7.87
27.232	23.17	30.77	-0.03	7.88
27.264	23.16	30.77	0.00	7.92
27.296	23.11	30.72	0.00	7.92
27.328	23.22	30.83	-0.02	7.89
27.360	23.32	30.92	-0.05	7.87
27.392	23.30	30.90	-0.03	7.88
27.424	23.26	30.87	0.00	7.92
27.456	23.24	30.84	0.00	7.92
27.488	23.21	30.81	-0.03	7.89
27.520	23.20	30.81	-0.05	7.87
27.552	23.20	30.80	-0.03	7.88
27.584	23.27	30.88	0.00	7.92
27.616	23.22	30.83	-0.00	7.91
27.648	23.23	30.84	-0.03	7.89
27.680	23.15	30.75	-0.05	7.86
27.712	23.16	30.77	-0.03	7.88
27.744	23.14	30.74	0.00	7.92
27.776	23.25	30.86	-0.00	7.91
27.808	23.30	30.90	-0.03	7.88
27.840	23.26	30.87	-0.05	7.87
27.872	23.23	30.83	-0.03	7.88
27.904	23.28	30.88	0.00	7.92
27.936	23.28	30.89	-0.01	7.91
27.968	23.19	30.80	-0.03	7.88
28.000	23.24	30.84	-0.05	7.87
28.032	23.26	30.87	-0.03	7.88
28.064	23.24	30.84	0.01	7.92
28.096	23.18	30.78	-0.01	7.91
28.128	23.17	30.78	-0.03	7.88
28.160	23.17	30.78	-0.05	7.86
28.192	23.20	30.81	-0.03	7.89
28.224	23.31	30.91	0.00	7.92
28.256	23.30	30.90	-0.00	7.91
28.288	23.27	30.88	-0.03	7.88
28.320	23.25	30.86	-0.05	7.86
28.352	23.24	30.85	-0.03	7.89
28.384	23.19	30.79	0.01	7.92
28.416	23.20	30.81	-0.01	7.91
28.448	23.29	30.89	-0.04	7.88
28.480	23.26	30.86	-0.05	7.86
28.512	23.21	30.82	-0.02	7.89
28.544	23.08	30.69	0.00	7.92
28.576	23.06	30.66	-0.01	7.91
28.608	23.04	30.64	-0.04	7.88
28.640	23.16	30.76	-0.05	7.87
28.672	23.22	30.82	-0.02	7.89
28.704	23.26	30.87	0.00	7.92
28.736	23.22	30.83	-0.01	7.90
28.768	23.22	30.82	-0.04	7.87
28.800	23.22	30.83	-0.05	7.87
28.832	23.11	30.72	-0.02	7.89
28.864	23.26	30.87	0.01	7.92
28.896	23.32	30.92	-0.01	7.91
28.928	23.26	30.87	-0.04	7.88
28.960	23.19	30.80	-0.05	7.87
28.992	23.08	30.69	-0.02	7.89
29.024	23.08	30.69	0.00	7.92
29.056	23.04	30.64	-0.01	7.90
29.088	23.14	30.74	-0.05	7.87
29.120	23.15	30.76	-0.05	7.87
29.152	23.15	30.76	-0.02	7.89
29.184	23.20	30.80	0.00	7.92
29.216	23.15	30.76	-0.01	7.90
29.248	23.25	30.86	-0.04	7.87
29.280	23.17	30.77	-0.04	7.87
29.312	23.22	30.83	-0.02	7.90
29.344	23.25	30.86	0.00	7.92
29.376	23.17	30.77	-0.01	7.90
29.408	23.10	30.71	-0.05	7.87
29.440	23.10	30.71	-0.05	7.87
29.472	23.05	30.65	-0.02	7.90
29.504	23.11	30.71	0.00	7.92
29.536	23.25	30.86	-0.01	7.90
29.568	23.33	30.94	-0.05	7.87
29.600	23.28	30.89	-0.04	7.87
29.632	23.28	30.88	-0.01	7.90
29.664	23.30	30.91	0.01	7.92
29.696	23.26	30.86	-0.01	7.90
29.728	23.17	30.78	-0.05	7.87
29.760	23.25	30.86	-0.04	7.87
29.792	23.29	30.89	-0.01	7.90
29.824	23.19	30.79	0.01	7.92
29.856	23.15	30.76	-0.02	7.90
29.888	23.10	30.71	-0.05	7.87
29.920	23.10	30.70	-0.04	7.87
29.952	23.10	30.70	-0.01	7.90
29.984	23.12	30.73	0.00	7.92
30.016	23.25	30.85	-0.02	7.90
30.048	23.26	30.87	-0.05	7.87
30.080	23.21	30.82	-0.04	7.88
30.112	23.21	30.82	-0.01	7.91
30.144	23.23	30.84	0.00	7.92
30.176	23.28	30.88	-0.02	7.89
30.208	23.28	30.89	-0.05	7.86
30.240	23.31	30.92	-0.03	7.88
30.272	23.27	30.88	-0.01	7.91
30.304	23.19	30.79	-0.00	7.91
30.336	23.11	30.72	-0.02	7.89
30.368	23.09	30.70	-0.05	7.87
30.400	23.15	30.75	-0.04	7.88
30.432	23.27	30.88	-0.00	7.91
30.464	23.30	30.91	0.00	7.92
30.496	23.29	30.89	-0.02	7.89
30.528	23.23	30.84	-0.05	7.86
30.560	23.30	30.90	-0.03	7.88
30.592	23.18	30.79	-0.00	7.91
30.624	23.23	30.84	0.00	7.92
30.656	23.24	30.85	-0.03	7.89
30.688	23.22	30.83	-0.05	7.86
30.720	23.16	30.76	-0.03	7.88
30.752	23.11	30.72	0.00	7.92
30.784	23.15	30.76	-0.00	7.91
30.816	23.08	30.69	-0.03	7.89
30.848	23.25	30.85	-0.05	7.87
30.880	23.28	30.88	-0.03	7.88
30.912	23.27	30.88	0.00	7.92
30.944	23.22	30.82	-0.00	7.91
30.976	23.23	30.83	-0.03	7.88
31.008	23.28	30.89	-0.05	7.86
31.040	23.21	30.81	-0.03	7.88
31.072	23.28	30.89	0.00	7.92
31.104	23.23	30.84	-0.00	7.91
31.136	23.25	30.86	-0.03	7.88
31.168	23.25	30.86	-0.05	7.86
31.200	23.16	30.76	-0.03	7.89
31.232	23.16	30.77	0.00	7.92
31.264	23.08	30.68	-0.00	7.91
31.296	23.19	30.80	-0.03	7.88
31.328	23.25	30.85	-0.05	7.86
31.360	23.23	30.84	-0.03	7.89
31.392	23.18	30.78	0.01	7.92
31.424	23.22	30.83	-0.01	7.91
31.456	23.22	30.82	-0.04	7.88
31.488	23.28	30.88	-0.05	7.86
31.520	23.30	30.91	-0.03	7.89
31.552	23.23	30.84	0.01	7.92
31.584	23.23	30.83	-0.01	7.91
31.616	23.16	30.77	-0.04	7.87
31.648	23.16	30.76	-0.05	7.87
31.680	23.22	30.83	-0.02	7.89
31.712	23.16	30.77	0.01	7.92
31.744	23.19	30.79	-0.01	7.90
31.776	23.21	30.82	-0.04	7.87
31.808	23.21	30.81	-0.05	7.87
31.840	23.22	30.83	-0.02	7.90
31.872	23.25	30.85	0.00	7.92
31.904	23.21	30.82	-0.01	7.90
31.936	23.22	30.83	-0.04	7.87
31.968	23.34	30.95	-0.05	7.87
32.000	23.27	30.88	-0.02	7.89
32.032	23.23	30.84	0.01	7.92
32.064	23.15	30.75	-0.01	7.90
32.096	23.09	30.70	-0.05	7.87
32.128	23.05	30.65	-0.04	7.87
32.160	23.07	30.68	-0.01	7.90
32.192	23.19	30.79	0.01	7.93
32.224	23.18	30.79	-0.02	7.90
32.256	23.17	30.78	-0.04	7.87
32.288	23.20	30.80	-0.04	7.87
32.320	23.17	30.78	-0.01	7.90
32.352	23.23	30.84	0.01	7.92
32.384	23.33	30.93	-0.02	7.90
32.416	23.31	30.92	-0.05	7.87
32.448	23.29	30.89	-0.04	7.88
32.480	23.16	30.76	-0.01	7.91
32.512	23.07	30.68	0.01	7.92
32.544	23.10	30.70	-0.02	7.89
32.576	23.07	30.67	-0.05	7.86
32.608	23.17	30.78	-0.03	7.88
32.640	23.13	30.74	-0.01	7.90
32.672	23.13	30.74	0.00	7.92
32.704	23.08	30.69	-0.02	7.89
32.736	23.14	30.74	-0.05	7.87
32.768	23.22	30.83	-0.03	7.88
32.800	23.21	30.82	-0.00	7.91
32.832	23.27	30.88	0.00	7.92
32.864	23.26	30.87	-0.02	7.89
32.896	23.25	30.86	-0.05	7.86
32.928	23.17	30.78	-0.03	7.88
32.960	23.15	30.75	-0.00	7.91
32.992	23.18	30.79	-0.00	7.91
33.024	23.13	30.74	-0.02	7.89
33.056	23.19	30.80	-0.05	7.87
33.088	23.23	30.84	-0.03	7.88
33.120	23.23	30.83	0.00	7.92
33.152	23.25	30.85	0.00	7.92
33.184	23.22	30.83	-0.03	7.88
33.216	23.17	30.78	-0.05	7.86
33.248	23.14	30.74	-0.03	7.89
33.280	23.19	30.80	0.00	7.92
33.312	23.24	30.85	-0.01	7.91
33.344	23.22	30.83	-0.03	7.88
33.376	23.18	30.78	-0.05	7.87
33.408	23.12	30.72	-0.03	7.89
33.440	23.07	30.68	0.00	7.92
33.472	23.09	30.70	-0.01	7.91
33.504	23.19	30.80	-0.04	7.88
33.536	23.20	30.80	-0.05	7.87
33.568	23.17	30.77	-0.03	7.89
33.600	23.18	30.79	0.01	7.92
33.632	23.22	30.82	-0.01	7.91
33.664	23.19	30.80	-0.04	7.88
33.696	23.22	30.82	-0.05	7.87
33.728	23.30	30.90	-0.02	7.89
33.760	23.24	30.84	0.01	7.92
33.792	23.23	30.83	-0.01	7.91
33.824	23.20	30.81	-0.04	7.88
33.856	23.10	30.70	-0.05	7.87
33.888	23.05	30.66	-0.02	7.90
33.920	23.13	30.74	0.01	7.92
33.952	23.22	30.83	-0.01	7.90
33.984	23.24	30.85	-0.04	7.87
34.016	23.20	30.80	-0.04	7.87
34.048	23.24	30.85	-0.01	7.90
34.080	23.25	30.85	0.01	7.92
34.112	23.25	30.85	-0.01	7.90
34.144	23.36	30.97	-0.05	7.87
34.176	23.35	30.96	-0.04	7.87
34.208	23.35	30.95	-0.01	7.90
34.240	23.22	30.83	0.01	7.93
34.272	23.20	30.81	-0.02	7.90
34.304	23.15	30.75	-0.05	7.87
34.336	23.18	30.78	-0.04	7.87
34.368	23.27	30.88	-0.01	7.90
34.400	23.29	30.90	0.01	7.92
34.432	23.30	30.91	-0.02	7.90
34.464	23.27	30.88	-0.05	7.87
34.496	23.27	30.88	-0.03	7.88
34.528	23.27	30.87	-0.01	7.91
34.560	23.27	30.87	0.00	7.92
34.592	23.32	30.93	-0.02	7.89
34.624	23.39	30.99	-0.05	7.87
34.656	23.31	30.91	-0.03	7.88
34.688	23.23	30.83	0.00	7.92
34.720	23.15	30.76	0.00	7.92
34.752	23.05	30.66	-0.02	7.89
34.784	23.03	30.64	-0.05	7.86
34.816	23.13	30.73	-0.03	7.88
34.848	23.30	30.91	0.01	7.92
34.880	23.36	30.97	0.00	7.92
34.912	23.31	30.92	-0.03	7.88
34.944	23.26	30.87	-0.05	7.86
34.976	23.24	30.85	-0.03	7.88
35.008	23.26	30.86	0.00	7.92
35.040	23.34	30.95	-0.01	7.91
35.072	23.35	30.95	-0.03	7.88
35.104	23.27	30.88	-0.05	7.87
35.136	23.20	30.80	-0.02	7.89
35.168	23.09	30.69	0.01	7.92
35.200	23.08	30.68	-0.01	7.91
35.232	23.07	30.67	-0.04	7.87
35.264	23.17	30.78	-0.05	7.87
35.296	23.20	30.81	-0.02	7.89
35.328	23.18	30.78	0.01	7.92
35.360	23.24	30.85	-0.01	7.90
35.392	23.21	30.82	-0.04	7.87
35.424	23.20	30.81	-0.05	7.87
35.456	23.20	30.80	-0.02	7.90
35.488	23.22	30.82	0.00	7.92
35.520	23.19	30.79	-0.01	7.90
35.552	23.13	30.74	-0.04	7.87
35.584	23.07	30.68	-0.05	7.87
35.616	23.06	30.66	-0.02	7.90
35.648	23.02	30.63	0.01	7.93
35.680	23.06	30.66	-0.02	7.90
35.712	23.18	30.78	-0.05	7.87
35.744	23.27	30.88	-0.04	7.87
35.776	23.30	30.91	-0.01	7.90
35.808	23.25	30.86	0.01	7.92
35.840	23.22	30.83	-0.02	7.89
35.872	23.19	30.80	-0.05	7.87
35.904	23.21	30.81	-0.04	7.88
35.936	23.28	30.89	-0.01	7.91
35.968	23.27	30.87	0.00	7.92
36.000	23.23	30.84	-0.02	7.89
36.032	23.15	30.75	-0.05	7.86
36.064	23.11	30.72	-0.04	7.88
36.096	23.06	30.67	-0.00	7.91
36.128	23.15	30.76	0.00	7.92
36.160	23.27	30.87	-0.03	7.89
36.192	23.30	30.91	-0.05	7.87
36.224	23.27	30.87	-0.03	7.89
36.256	23.23	30.84	0.00	7.92
36.288	23.24	30.84	-0.00	7.91
36.320	23.21	30.82	-0.03	7.88
36.352	23.30	30.90	-0.05	7.87
36.384	23.24	30.84	-0.03	7.88
36.416	23.25	30.85	0.00	7.92
36.448	23.21	30.81	-0.01	7.91
36.480	23.16	30.76	-0.03	7.88
36.512	23.16	30.77	-0.05	7.87
36.544	23.09	30.69	-0.03	7.89
36.576	23.18	30.79	0.01	7.92
36.608	23.22	30.82	-0.01	7.91
36.640	23.24	30.85	-0.04	7.88
36.672	23.30	30.91	-0.05	7.86
36.704	23.32	30.92	-0.03	7.89
36.736	23.23	30.83	0.01	7.92
36.768	23.31	30.92	-0.01	7.91
36.800	23.32	30.92	-0.04	7.87
36.832	23.33	30.93	-0.04	7.87
36.864	23.27	30.87	-0.02	7.90
36.896	23.29	30.90	0.01	7.92
36.928	23.14	30.75	-0.01	7.91
36.960	23.16	30.77	-0.04	7.87
36.992	23.09	30.69	-0.04	7.87
37.024	23.21	30.81	-0.02	7.90
37.056	23.29	30.90	0.01	7.92
37.088	23.23	30.84	-0.01	7.90
37.120	23.21	30.82	-0.05	7.87
37.152	23.26	30.87	-0.04	7.87
37.184	23.32	30.93	-0.01	7.91
37.216	23.34	30.94	0.01	7.92
37.248	23.33	30.93	-0.02	7.90
37.280	23.35	30.95	-0.05	7.87
37.312	23.28	30.88	-0.03	7.88
37.344	23.22	30.83	-0.01	7.91
37.376	23.19	30.80	0.00	7.92
37.408	23.15	30.75	-0.02	7.89
37.440	23.09	30.69	-0.05	7.86
37.472	23.25	30.86	-0.03	7.88
37.504	23.29	30.89	-0.00	7.91
37.536	23.34	30.95	0.00	7.92
37.568	23.34	30.94	-0.03	7.89
37.600	23.25	30.85	-0.05	7.87
37.632	23.23	30.84	-0.03	7.88
37.664	23.27	30.87	-0.00	7.91
37.696	23.28	30.89	-0.00	7.91
37.728	23.31	30.92	-0.03	7.89
37.760	23.31	30.91	-0.05	7.87
37.792	23.28	30.88	-0.03	7.89
37.824	23.21	30.81	0.00	7.92
37.856	23.13	30.74	-0.00	7.91
37.888	23.24	30.84	-0.03	7.88
37.920	23.25	30.85	-0.05	7.87
37.952	23.30	30.91	-0.03	7.89
37.984	23.26	30.87	0.01	7.92
38.016	23.20	30.80	-0.01	7.91
38.048	23.22	30.82	-0.03	7.88
38.080	23.17	30.78	-0.05	7.87
38.112	23.18	30.79	-0.02	7.89
38.144	23.20	30.80	0.01	7.92
38.176	23.23	30.84	-0.01	7.91
38.208	23.23	30.84	-0.04	7.88
38.240	23.17	30.78	-0.05	7.87
38.272	23.10	30.71	-0.02	7.89
38.304	23.07	30.67	0.01	7.92
38.336	23.16	30.77	-0.01	7.91
38.368	23.22	30.83	-0.04	7.88
38.400	23.27	30.87	-0.04	7.87
38.432	23.24	30.84	-0.02	7.90
38.464	23.21	30.81	0.01	7.92
38.496	23.16	30.76	-0.01	7.90
38.528	23.15	30.75	-0.05	7.87
38.560	23.16	30.77	-0.05	7.87
38.592	23.23	30.83	-0.01	7.90
38.624	23.26	30.86	0.01	7.92
38.656	23.16	30.76	-0.01	7.90
38.688	23.05	30.65	-0.05	7.87
38.720	23.08	30.69	-0.04	7.87
38.752	22.98	30.59	-0.01	7.90
38.784	23.18	30.79	0.01	7.92
38.816	23.28	30.88	-0.01	7.90
38.848	23.28	30.89	-0.05	7.87
38.880	23.34	30.94	-0.04	7.88
38.912	23.34	30.94	-0.01	7.90
38.944	23.33	30.94	0.01	7.92
38.976	23.28	30.88	-0.02	7.90
39.008	23.37	30.98	-0.05	7.86
39.040	23.38	30.99	-0.03	7.88
39.072	23.32	30.93	-0.01	7.91
39.104	23.28	30.88	0.00	7.92
39.136	23.24	30.85	-0.03	7.89
39.168	23.22	30.83	-0.05	7.86
39.200	23.18	30.78	-0.03	7.88
39.232	23.25	30.85	0.00	7.92
39.264	23.24	30.85	0.00	7.92
39.296	23.23	30.84	-0.03	7.89
39.328	23.26	30.87	-0.05	7.87
39.360	23.23	30.84	-0.03	7.88
39.392	23.23	30.84	0.00	7.92
39.424	23.20	30.80	-0.00	7.91
39.456	23.25	30.85	-0.03	7.88
39.488	23.34	30.95	-0.05	7.87
39.520	23.27	30.88	-0.03	7.88
39.552	23.23	30.83	0.00	7.92
39.584	23.20	30.80	-0.01	7.91
39.616	23.15	30.76	-0.03	7.88
39.648	23.24	30.84	-0.05	7.87
39.680	23.34	30.94	-0.03	7.89
39.712	23.30	30.90	0.00	7.92
39.744	23.25	30.85	-0.00	7.91
39.776	23.27	30.88	-0.03	7.88
39.808	23.32	30.93	-0.05	7.86
39.840	23.26	30.87	-0.03	7.89
39.872	23.27	30.88	0.00	7.92
39.904	23.28	30.89	-0.01	7.91
39.936	23.25	30.86	-0.04	7.88
39.968	23.16	30.77	-0.05	7.87
40.000	23.11	30.72	-0.02	7.89
40.032	23.07	30.68	0.01	7.92
40.064	23.03	30.64	-0.01	7.91
40.096	23.14	30.75	-0.04	7.88
40.128	23.31	30.92	-0.05	7.87
40.160	23.36	30.97	-0.02	7.90
40.192	23.37	30.97	0.01	7.92
40.224	23.24	30.85	-0.01	7.90
40.256	23.31	30.91	-0.04	7.87
40.288	23.31	30.91	-0.05	7.87
40.320	23.31	30.91	-0.02	7.90
40.352	23.32	30.92	0.01	7.92
40.384	23.21	30.82	-0.01	7.90
40.416	23.15	30.76	-0.04	7.87
40.448	23.17	30.78	-0.04	7.87
40.480	23.19	30.79	-0.01	7.90
40.512	23.10	30.71	0.01	7.92
40.544	23.22	30.82	-0.01	7.90
40.576	23.32	30.93	-0.05	7.87
40.608	23.29	30.90	-0.04	7.87
40.640	23.25	30.86	-0.01	7.90
40.672	23.18	30.79	0.01	7.92
40.704	23.23	30.84	-0.02	7.90
40.736	23.22	30.83	-0.05	7.87
40.768	23.26	30.86	-0.04	7.88
40.800	23.30	30.91	-0.01	7.91
40.832	23.32	30.92	0.01	7.92
40.864	23.23	30.84	-0.02	7.89
40.896	23.18	30.79	-0.05	7.87
40.928	23.15	30.75	-0.03	7.88
40.960	23.10	30.71	-0.00	7.91
40.992	23.21	30.82	0.00	7.92
41.024	23.33	30.94	-0.02	7.89
41.056	23.29	30.90	-0.05	7.86
41.088	23.24	30.85	-0.03	7.88
41.120	23.24	30.84	0.00	7.92
41.152	23.25	30.86	0.00	7.92
41.184	23.22	30.82	-0.03	7.89
41.216	23.32	30.93	-0.05	7.87
41.248	23.34	30.95	-0.03	7.88
41.280	23.23	30.84	0.00	7.92
41.312	23.21	30.82	0.00	7.92
41.344	23.11	30.71	-0.03	7.89
41.376	23.11	30.72	-0.05	7.86
41.408	23.07	30.68	-0.03	7.88
41.440	23.23	30.83	0.00	7.92
41.472	23.30	30.90	-0.00	7.91
41.504	23.29	30.90	-0.03	7.88
41.536	23.32	30.92	-0.05	7.87
41.568	23.27	30.87	-0.03	7.89
41.600	23.27	30.88	0.00	7.92
41.632	23.24	30.85	-0.01	7.91
41.664	23.35	30.95	-0.04	7.88
41.696	23.30	30.90	-0.05	7.86
41.728	23.27	30.87	-0.03	7.89
41.760	23.25	30.86	0.00	7.92
41.792	23.17	30.78	-0.01	7.91
41.824	23.20	30.80	-0.04	7.88
41.856	23.18	30.79	-0.05	7.87
41.888	23.24	30.85	-0.03	7.89
41.920	23.33	30.94	0.01	7.92
41.952	23.31	30.92	-0.01	7.91
41.984	23.29	30.89	-0.04	7.87
42.016	23.27	30.87	-0.05	7.87
42.048	23.26	30.87	-0.02	7.89
42.080	23.29	30.89	0.01	7.92
42.112	23.31	30.91	-0.01	7.91
42.144	23.28	30.89	-0.04	7.88
42.176	23.36	30.97	-0.05	7.87
42.208	23.23	30.84	-0.02	7.89
42.240	23.19	30.80	0.01	7.92
42.272	23.20	30.80	-0.01	7.91
42.304	23.20	30.81	-0.04	7.87
42.336	23.31	30.92	-0.05	7.87
42.368	23.33	30.94	-0.02	7.90
42.400	23.30	30.91	0.01	7.92
42.432	23.30	30.91	-0.01	7.90
42.464	23.28	30.88	-0.04	7.87
42.496	23.24	30.84	-0.04	7.87
42.528	23.24	30.84	-0.02	7.90
42.560	23.30	30.90	0.01	7.92
42.592	23.30	30.90	-0.01	7.90
42.624	23.20	30.80	-0.04	7.87
42.656	23.10	30.70	-0.04	7.87
42.688	23.11	30.72	-0.01	7.90
42.720	23.10	30.71	0.01	7.92
42.752	23.22	30.83	-0.02	7.90
42.784	23.25	30.85	-0.05	7.87
42.816	23.28	30.89	-0.04	7.88
42.848	23.28	30.89	-0.01	7.90
42.880	23.26	30.87	0.00	7.92
42.912	23.26	30.86	-0.02	7.89
42.944	23.20	30.80	-0.05	7.87
42.976	23.24	30.85	-0.04	7.88
43.008	23.28	30.88	-0.01	7.91
43.040	23.27	30.88	0.00	7.92
43.072	23.27	30.87	-0.02	7.89
43.104	23.19	30.80	-0.05	7.86
43.136	23.17	30.78	-0.03	7.88
43.168	23.15	30.76	-0.00	7.91
43.200	23.18	30.78	0.00	7.92
43.232	23.25	30.85	-0.02	7.89
43.264	23.27	30.87	-0.05	7.87
43.296	23.30	30.91	-0.03	7.88
43.328	23.31	30.91	0.00	7.92
43.360	23.28	30.89	0.00	7.92
43.392	23.22	30.82	-0.02	7.89
43.424	23.27	30.87	-0.05	7.87
43.456	23.28	30.88	-0.03	7.88
43.488	23.25	30.86	-0.00	7.91
43.520	23.26	30.87	-0.00	7.91
43.552	23.20	30.81	-0.03	7.89
43.584	23.16	30.76	-0.05	7.86
43.616	23.19	30.80	-0.03	7.89
43.648	23.28	30.88	0.00	7.92
43.680	23.29	30.89	-0.00	7.91
43.712	23.36	30.97	-0.03	7.89
43.744	23.32	30.93	-0.05	7.86
43.776	23.24	30.84	-0.03	7.88
43.808	23.27	30.88	0.00	7.92
43.840	23.25	30.86	-0.00	7.91
43.872	23.33	30.94	-0.03	7.88
43.904	23.31	30.92	-0.05	7.86
43.936	23.30	30.90	-0.03	7.89
43.968	23.24	30.84	0.01	7.92
44.000	23.18	30.78	-0.01	7.91
44.032	23.16	30.76	-0.03	7.88
44.064	23.16	30.77	-0.05	7.87
44.096	23.23	30.84	-0.03	7.89
44.128	23.39	30.99	0.01	7.92
44.160	23.30	30.90	-0.01	7.91
44.192	23.25	30.85	-0.03	7.88
44.224	23.27	30.87	-0.05	7.87
44.256	23.37	30.97	-0.02	7.89
44.288	23.27	30.88	0.00	7.92
44.320	23.39	30.99	-0.01	7.91
44.352	23.31	30.92	-0.04	7.88
44.384	23.27	30.87	-0.05	7.87
44.416	23.20	30.80	-0.02	7.89
44.448	23.15	30.75	0.01	7.92
44.480	23.17	30.77	-0.01	7.90
44.512	23.18	30.78	-0.04	7.87
44.544	23.28	30.88	-0.05	7.87
44.576	23.35	30.95	-0.02	7.90
44.608	23.29	30.89	0.01	7.92
44.640	23.30	30.90	-0.01	7.91
44.672	23.28	30.88	-0.04	7.88
44.704	23.34	30.95	-0.04	7.87
44.736	23.31	30.92	-0.02	7.90
44.768	23.38	30.99	0.01	7.92
44.800	23.40	31.00	-0.01	7.90
44.832	23.33	30.94	-0.04	7.87
44.864	23.26	30.87	-0.04	7.87
44.896	23.19	30.80	-0.01	7.90
44.928	23.12	30.73	0.01	7.92
44.960	23.20	30.80	-0.01	7.90
44.992	23.19	30.79	-0.05	7.87
45.024	23.26	30.87	-0.04	7.87
45.056	23.26	30.87	-0.01	7.90
45.088	23.27	30.88	0.01	7.92
45.120	23.30	30.91	-0.01	7.90
45.152	23.29	30.90	-0.05	7.87
45.184	23.25	30.85	-0.03	7.88
45.216	23.25	30.86	-0.01	7.91
45.248	23.30	30.91	0.00	7.92
45.280	23.21	30.82	-0.02	7.90
45.312	23.17	30.78	-0.05	7.87
45.344	23.11	30.72	-0.03	7.88
45.376	23.07	30.67	-0.00	7.91
45.408	23.20	30.80	0.00	7.92
45.440	23.29	30.90	-0.02	7.89
45.472	23.37	30.97	-0.05	7.87
45.504	23.28	30.89	-0.03	7.88
45.536	23.29	30.89	0.00	7.92
45.568	23.31	30.92	0.00	7.92
45.600	23.24	30.84	-0.02	7.89
45.632	23.24	30.84	-0.05	7.87
45.664	23.25	30.86	-0.03	7.88
45.696	23.25	30.86	0.00	7.92
45.728	23.27	30.87	0.00	7.92
45.760	23.16	30.76	-0.03	7.89
45.792	23.12	30.72	-0.05	7.87
45.824	23.06	30.67	-0.03	7.89
45.856	23.14	30.74	0.00	7.92
45.888	23.25	30.85	-0.00	7.91
45.920	23.28	30.88	-0.03	7.88
45.952	23.28	30.88	-0.05	7.86
45.984	23.25	30.85	-0.03	7.89
46.016	23.30	30.91	0.00	7.92
46.048	23.25	30.85	-0.01	7.91
46.080	23.39	31.00	-0.03	7.88
46.112	23.37	30.97	-0.05	7.87
46.144	23.31	30.92	-0.03	7.89
46.176	23.25	30.85	0.01	7.92
46.208	23.18	30.79	-0.00	7.91
46.240	23.13	30.74	-0.03	7.88
46.272	23.17	30.77	-0.05	7.87
46.304	23.31	30.92	-0.03	7.89
46.336	23.37	30.98	0.01	7.92
46.368	23.36	30.97	-0.01	7.91
46.400	23.37	30.98	-0.03	7.88
46.432	23.27	30.88	-0.04	7.87
46.464	23.25	30.86	-0.02	7.90
46.496	23.21	30.82	0.01	7.93
46.528	23.25	30.86	-0.01	7.91
46.560	23.31	30.92	-0.04	7.87
46.592	23.22	30.82	-0.04	7.87
46.624	23.20	30.80	-0.02	7.89
46.656	23.12	30.73	0.01	7.92
46.688	23.13	30.73	-0.01	7.90
46.720	23.12	30.73	-0.04	7.87
46.752	23.20	30.80	-0.04	7.87
46.784	23.29	30.90	-0.01	7.90
46.816	23.28	30.89	0.01	7.93
46.848	23.30	30.90	-0.01	7.90
46.880	23.30	30.91	-0.05	7.87
46.912	23.38	30.98	-0.04	7.87
46.944	23.33	30.94	-0.01	7.90
46.976	23.36	30.97	0.01	7.93
47.008	23.30	30.90	-0.01	7.90
47.040	23.27	30.88	-0.05	7.87
47.072	23.20	30.81	-0.04	7.88
47.104	23.23	30.84	-0.01	7.90
47.136	23.25	30.85	0.01	7.93
47.168	23.25	30.85	-0.02	7.90
47.200	23.34	30.94	-0.05	7.87
47.232	23.36	30.97	-0.03	7.88
47.264	23.35	30.96	-0.00	7.91
47.296	23.39	31.00	0.01	7.92
47.328	23.30	30.90	-0.02	7.89
47.360	23.29	30.89	-0.05	7.87
47.392	23.30	30.90	-0.03	7.88
47.424	23.37	30.97	0.00	7.92
47.456	23.36	30.97	0.00	7.92
47.488	23.25	30.86	-0.02	7.89
47.520	23.23	30.84	-0.05	7.87
47.552	23.16	30.77	-0.03	7.88
47.584	23.14	30.74	0.00	7.92
47.616	23.20	30.81	0.00	7.92
47.648	23.36	30.97	-0.02	7.89
47.680	23.39	31.00	-0.05	7.87
47.712	23.39	30.99	-0.03	7.89
47.744	23.29	30.89	0.00	7.92
47.776	23.30	30.91	-0.00	7.91
47.808	23.31	30.92	-0.03	7.88
47.840	23.31	30.92	-0.05	7.87
47.872	23.35	30.95	-0.03	7.89
47.904	23.32	30.93	0.00	7.92
47.936	23.22	30.83	-0.00	7.91
47.968	23.19	30.79	-0.03	7.89
48.000	23.19	30.79	-0.05	7.87
48.032	23.13	30.73	-0.03	7.89
48.064	23.21	30.82	0.01	7.92
48.096	23.24	30.85	-0.01	7.91
48.128	23.25	30.85	-0.03	7.88
48.160	23.28	30.89	-0.05	7.87
48.192	23.27	30.87	-0.02	7.89
48.224	23.28	30.88	0.01	7.92
48.256	23.23	30.83	-0.01	7.91
48.288	23.33	30.93	-0.04	7.88
48.320	23.32	30.93	-0.05	7.87
48.352	23.28	30.89	-0.02	7.89
48.384	23.28	30.89	0.01	7.92
48.416	23.18	30.78	-0.01	7.91
48.448	23.16	30.77	-0.04	7.87
48.480	23.11	30.72	-0.04	7.87
48.512	23.17	30.78	-0.02	7.89
48.544	23.27	30.88	0.01	7.92
48.576	23.31	30.91	-0.01	7.90
48.608	23.30	30.90	-0.04	7.87
48.640	23.25	30.86	-0.04	7.87
48.672	23.24	30.85	-0.01	7.90
48.704	23.29	30.90	0.01	7.92
48.736	23.31	30.92	-0.01	7.91
48.768	23.28	30.89	-0.05	7.87
48.800	23.30	30.90	-0.04	7.87
48.832	23.21	30.82	-0.01	7.90
48.864	23.20	30.81	0.01	7.93
48.896	23.26	30.87	-0.01	7.90
48.928	23.16	30.77	-0.05	7.87
48.960	23.19	30.79	-0.04	7.88
48.992	23.23	30.84	-0.00	7.91
49.024	23.31	30.91	0.01	7.92
49.056	23.21	30.81	-0.02	7.89
49.088	23.19	30.79	-0.05	7.87
49.120	23.26	30.86	-0.03	7.88
49.152	23.28	30.89	-0.01	7.91
49.184	23.36	30.97	0.01	7.92
49.216	23.33	30.94	-0.02	7.89
49.248	23.26	30.86	-0.05	7.87
49.280	23.24	30.84	-0.03	7.88
49.312	23.19	30.80	0.00	7.92
49.344	23.18	30.79	0.00	7.92
49.376	23.17	30.77	-0.02	7.89
49.408	23.26	30.87	-0.05	7.87
49.440	23.28	30.89	-0.03	7.88
49.472	23.19	30.80	0.00	7.92
49.504	23.21	30.82	0.00	7.92
49.536	23.20	30.81	-0.03	7.89
49.568	23.29	30.89	-0.05	7.87
49.600	23.27	30.88	-0.03	7.88
49.632	23.31	30.91	0.01	7.92
49.664	23.25	30.85	-0.00	7.91
49.696	23.22	30.83	-0.03	7.88
49.728	23.16	30.76	-0.05	7.87
49.760	23.13	30.74	-0.03	7.89
49.792	23.13	30.74	0.01	7.92
49.824	23.13	30.73	0.00	7.92
49.856	23.23	30.84	-0.03	7.88
49.888	23.26	30.87	-0.05	7.87
49.920	23.24	30.84	-0.03	7.89
49.952	23.27	30.88	0.01	7.92
49.984	23.27	30.88	-0.00	7.91
50.016	23.31	30.92	-0.03	7.88
50.048	23.25	30.86	-0.05	7.87
50.080	23.38	30.99	-0.02	7.89
50.112	23.36	30.97	0.01	7.92
50.144	23.28	30.89	-0.01	7.91
50.176	23.22	30.83	-0.03	7.88
50.208	23.15	30.75	-0.05	7.87
50.240	23.15	30.75	-0.02	7.89
50.272	23.14	30.74	0.01	7.92
50.304	23.31	30.92	-0.00	7.91
50.336	23.26	30.87	-0.04	7.87
50.368	23.30	30.91	-0.05	7.87
50.400	23.30	30.91	-0.02	7.90
50.432	23.34	30.94	0.01	7.92
50.464	23.34	30.94	-0.01	7.91
50.496	23.28	30.89	-0.04	7.88
50.528	23.33	30.94	-0.05	7.87
50.560	23.26	30.87	-0.01	7.90
50.592	23.24	30.84	0.01	7.93
50.624	23.25	30.85	-0.01	7.91
50.656	23.19	30.79	-0.04	7.87
50.688	23.15	30.75	-0.04	7.88
50.720	23.19	30.79	-0.01	7.90
50.752	23.33	30.93	0.01	7.93
50.784	23.28	30.89	-0.01	7.91
50.816	23.24	30.84	-0.04	7.87
50.848	23.23	30.84	-0.04	7.88
50.880	23.22	30.83	-0.01	7.91
50.912	23.18	30.78	0.01	7.92
50.944	23.20	30.81	-0.02	7.90
50.976	23.30	30.90	-0.05	7.87
51.008	23.25	30.86	-0.03	7.88
51.040	23.25	30.86	-0.01	7.90
51.072	23.18	30.79	0.01	7.92
51.104	23.17	30.78	-0.02	7.90
51.136	23.16	30.76	-0.05	7.87
51.168	23.18	30.78	-0.03	7.88
51.200	23.22	30.82	-0.00	7.91
51.232	23.23	30.84	0.00	7.92
51.264	23.25	30.85	-0.02	7.89
51.296	23.26	30.87	-0.05	7.87
51.328	23.24	30.84	-0.03	7.88
51.360	23.25	30.86	0.00	7.92
51.392	23.27	30.88	0.00	7.92
51.424	23.31	30.92	-0.02	7.89
51.456	23.31	30.92	-0.05	7.87
51.488	23.26	30.87	-0.03	7.88
51.520	23.14	30.74	0.00	7.92
51.552	23.13	30.74	0.00	7.92
51.584	23.19	30.79	-0.03	7.89
51.616	23.24	30.85	-0.05	7.87
51.648	23.36	30.97	-0.03	7.89
51.680	23.36	30.97	0.00	7.92
51.712	23.30	30.90	-0.00	7.91
51.744	23.31	30.91	-0.03	7.88
51.776	23.33	30.93	-0.05	7.87
51.808	23.31	30.92	-0.03	7.89
51.840	23.38	30.98	0.01	7.92
51.872	23.40	31.01	-0.00	7.91
51.904	23.27	30.88	-0.03	7.89
51.936	23.21	30.82	-0.05	7.87
51.968	23.20	30.81	-0.03	7.89
52.000	23.23	30.83	0.01	7.92
52.032	23.20	30.81	-0.01	7.91
52.064	23.28	30.88	-0.03	7.88
52.096	23.35	30.95	-0.05	7.87
52.128	23.30	30.90	-0.02	7.89
52.160	23.27	30.88	0.01	7.92
52.192	23.23	30.83	-0.01	7.91
52.224	23.22	30.83	-0.04	7.88
52.256	23.15	30.76	-0.04	7.87
52.288	23.24	30.85	-0.02	7.89
52.320	23.28	30.88	0.01	7.92
52.352	23.32	30.93	-0.00	7.91
52.384	23.22	30.83	-0.04	7.88
52.416	23.18	30.79	-0.04	7.87
52.448	23.12	30.73	-0.02	7.89
52.480	23.12	30.73	0.01	7.92
52.512	23.20	30.80	-0.01	7.91
52.544	23.27	30.87	-0.04	7.88
52.576	23.27	30.87	-0.05	7.87
52.608	23.26	30.87	-0.01	7.90
52.640	23.19	30.80	0.01	7.93
52.672	23.22	30.82	-0.01	7.91
52.704	23.16	30.77	-0.04	7.87
52.736	23.27	30.87	-0.04	7.87
52.768	23.28	30.89	-0.01	7.90
52.800	23.30	30.90	0.01	7.93
52.832	23.30	30.91	-0.01	7.90
52.864	23.16	30.76	-0.04	7.87
52.896	23.17	30.77	-0.04	7.88
52.928	23.22	30.82	-0.01	7.90
52.960	23.34	30.94	0.01	7.92
52.992	23.40	31.01	-0.01	7.90
53.024	23.38	30.99	-0.05	7.87
53.056	23.29	30.90	-0.04	7.88
53.088	23.23	30.84	-0.01	7.91
53.120	23.28	30.88	0.01	7.92
53.152	23.33	30.94	-0.02	7.90
53.184	23.29	30.90	-0.05	7.87
53.216	23.31	30.91	-0.03	7.88
53.248	23.21	30.82	-0.00	7.91
53.280	23.16	30.76	0.00	7.92
53.312	23.11	30.72	-0.02	7.89
53.344	23.02	30.62	-0.05	7.87
53.376	23.22	30.82	-0.03	7.88
53.408	23.31	30.91	-0.00	7.91
53.440	23.32	30.93	0.00	7.92
53.472	23.30	30.91	-0.02	7.89
53.504	23.30	30.90	-0.05	7.87
53.536	23.30	30.90	-0.03	7.88
53.568	23.26	30.87	0.01	7.92
53.600	23.35	30.96	0.00	7.92
53.632	23.32	30.93	-0.02	7.89
53.664	23.25	30.86	-0.05	7.87
53.696	23.16	30.77	-0.03	7.89
53.728	23.12	30.73	0.00	7.92
53.760	23.13	30.73	0.00	7.92
53.792	23.15	30.76	-0.03	7.89
53.824	23.26	30.86	-0.05	7.87
53.856	23.33	30.94	-0.03	7.89
53.888	23.28	30.89	0.01	7.92
53.920	23.30	30.90	-0.00	7.91
53.952	23.25	30.85	-0.03	7.88
53.984	23.28	30.88	-0.05	7.87
54.016	23.28	30.89	-0.03	7.89
54.048	23.30	30.90	0.01	7.93
54.080	23.33	30.94	-0.00	7.91
54.112	23.24	30.85	-0.03	7.88
54.144	23.20	30.80	-0.05	7.87
54.176	23.21	30.81	-0.02	7.89
54.208	23.21	30.82	0.01	7.92
54.240	23.36	30.96	-0.01	7.91
54.272	23.29	30.90	-0.04	7.88
54.304	23.23	30.83	-0.05	7.87
54.336	23.22	30.83	-0.02	7.90
54.368	23.21	30.81	0.01	7.93
54.400	23.21	30.81	-0.01	7.91
54.432	23.14	30.75	-0.04	7.88
54.464	23.18	30.79	-0.05	7.87
54.496	23.24	30.85	-0.02	7.90
54.528	23.21	30.82	0.01	7.93
54.560	23.16	30.76	-0.01	7.91
54.592	23.10	30.70	-0.04	7.87
54.624	23.08	30.69	-0.05	7.87
54.656	23.08	30.68	-0.01	7.90
54.688	23.25	30.85	0.01	7.93
54.720	23.29	30.90	-0.01	7.90
54.752	23.26	30.87	-0.04	7.87
54.784	23.24	30.84	-0.04	7.88
54.816	23.22	30.83	-0.01	7.90
54.848	23.20	30.80	0.01	7.93
54.880	23.16	30.77	-0.01	7.90
54.912	23.24	30.85	-0.04	7.88
54.944	23.23	30.83	-0.04	7.87
54.976	23.22	30.82	-0.01	7.91
55.008	23.20	30.81	0.01	7.92
55.040	23.13	30.74	-0.01	7.90
55.072	23.13	30.73	-0.05	7.87
55.104	23.12	30.72	-0.04	7.88
55.136	23.18	30.78	-0.01	7.91
55.168	23.20	30.80	0.01	7.92
55.200	23.21	30.82	-0.02	7.89
55.232	23.20	30.81	-0.04	7.87
55.264	23.18	30.79	-0.03	7.88
55.296	23.17	30.78	-0.01	7.91
55.328	23.23	30.84	0.01	7.92
55.360	23.27	30.88	-0.02	7.89
55.392	23.33	30.93	-0.05	7.87
55.424	23.25	30.85	-0.03	7.88
55.456	23.23	30.84	-0.00	7.91
55.488	23.10	30.70	0.00	7.92
55.520	23.09	30.70	-0.02	7.90
55.552	23.15	30.75	-0.05	7.87
55.584	23.16	30.77	-0.03	7.89
55.616	23.21	30.82	0.00	7.92
55.648	23.22	30.83	0.01	7.92
55.680	23.24	30.84	-0.02	7.89
55.712	23.23	30.83	-0.04	7.87
55.744	23.16	30.77	-0.03	7.89
55.776	23.24	30.84	0.00	7.92
55.808	23.25	30.86	0.00	7.92
55.840	23.28	30.89	-0.03	7.89
55.872	23.23	30.84	-0.05	7.87
55.904	23.15	30.75	-0.03	7.89
55.936	23.14	30.75	0.01	7.92
55.968	23.12	30.73	-0.00	7.91
56.000	23.18	30.78	-0.03	7.89
56.032	23.23	30.83	-0.05	7.87
56.064	23.24	30.85	-0.03	7.89
56.096	23.21	30.82	0.01	7.92
56.128	23.19	30.80	-0.00	7.91
56.160	23.14	30.75	-0.03	7.88
56.192	23.25	30.85	-0.05	7.87
56.224	23.26	30.87	-0.02	7.89
56.256	23.29	30.89	0.01	7.93
56.288	23.28	30.88	0.00	7.92
56.320	23.21	30.82	-0.03	7.89
56.352	23.10	30.71	-0.05	7.87
56.384	23.06	30.66	-0.02	7.89
56.416	23.10	30.70	0.01	7.93
56.448	23.11	30.72	-0.01	7.91
56.480	23.18	30.79	-0.03	7.88
56.512	23.22	30.82	-0.05	7.87
56.544	23.25	30.85	-0.02	7.90
56.576	23.23	30.84	0.01	7.92
56.608	23.18	30.79	-0.00	7.91
56.640	23.17	30.77	-0.04	7.88
56.672	23.26	30.86	-0.05	7.87
56.704	23.30	30.90	-0.02	7.90
56.736	23.22	30.82	0.01	7.93
56.768	23.17	30.78	-0.00	7.91
56.800	23.08	30.69	-0.04	7.87
56.832	23.01	30.61	-0.04	7.87
56.864	23.04	30.64	-0.02	7.90
56.896	23.18	30.79	0.01	7.92
56.928	23.26	30.86	-0.01	7.91
56.960	23.29	30.89	-0.04	7.87
56.992	23.27	30.88	-0.04	7.87
57.024	23.16	30.76	-0.02	7.90
57.056	23.18	30.78	0.01	7.93
57.088	23.16	30.77	-0.01	7.91
57.120	23.23	30.83	-0.04	7.87
57.152	23.26	30.87	-0.03	7.88
57.184	23.24	30.84	-0.01	7.90
57.216	23.20	30.80	0.01	7.93
57.248	23.16	30.76	-0.01	7.90
57.280	23.09	30.70	-0.04	7.87
57.312	23.11	30.72	-0.04	7.88
57.344	23.28	30.89	-0.01	7.91
57.376	23.33	30.93	0.01	7.93
57.408	23.27	30.87	-0.01	7.90
57.440	23.17	30.78	-0.05	7.87
57.472	23.18	30.78	-0.03	7.88
57.504	23.18	30.79	-0.01	7.91
57.536	23.18	30.78	0.01	7.92
57.568	23.27	30.87	-0.01	7.90
57.600	23.20	30.81	-0.05	7.87
57.632	23.17	30.77	-0.03	7.88
57.664	23.13	30.74	-0.01	7.91
57.696	23.14	30.75	0.01	7.92
57.728	23.16	30.76	-0.02	7.90
57.760	23.12	30.73	-0.05	7.87
57.792	23.20	30.81	-0.03	7.88
57.824	23.32	30.93	-0.00	7.91
57.856	23.31	30.91	0.00	7.92
57.888	23.27	30.88	-0.02	7.89
57.920	23.18	30.78	-0.05	7.87
57.952	23.20	30.81	-0.03	7.88
57.984	23.16	30.76	-0.00	7.91
58.016	23.26	30.87	0.01	7.92
58.048	23.24	30.84	-0.02	7.89
58.080	23.23	30.84	-0.05	7.87
58.112	23.11	30.72	-0.03	7.89
58.144	23.09	30.70	0.00	7.92
58.176	23.15	30.75	0.01	7.92
58.208	23.18	30.79	-0.02	7.89
58.240	23.26	30.87	-0.05	7.87
58.272	23.28	30.88	-0.03	7.89
58.304	23.30	30.90	0.00	7.92
58.336	23.25	30.86	0.00	7.92
58.368	23.18	30.79	-0.02	7.89
58.400	23.14	30.75	-0.05	7.87
58.432	23.16	30.76	-0.03	7.88
58.464	23.26	30.86	0.01	7.92
58.496	23.30	30.90	0.00	7.92
58.528	23.30	30.90	-0.03	7.88
58.560	23.23	30.84	-0.05	7.86
58.592	23.11	30.71	-0.03	7.89
58.624	23.13	30.73	0.01	7.92
58.656	23.13	30.74	0.00	7.92
58.688	23.20	30.80	-0.03	7.89
58.720	23.34	30.94	-0.05	7.87
58.752	23.25	30.85	-0.03	7.89
58.784	23.19	30.80	0.01	7.92
58.816	23.17	30.78	0.00	7.92
58.848	23.17	30.78	-0.03	7.89
58.880	23.12	30.73	-0.05	7.87
58.912	23.14	30.74	-0.03	7.89
58.944	23.21	30.81	0.01	7.92
58.976	23.20	30.80	-0.00	7.91
59.008	23.19	30.80	-0.03	7.88
59.040	23.10	30.71	-0.05	7.87
59.072	23.15	30.75	-0.03	7.89
59.104	23.17	30.77	0.00	7.92
59.136	23.23	30.84	-0.00	7.91
59.168	23.31	30.91	-0.03	7.88
59.200	23.31	30.92	-0.05	7.87
59.232	23.24	30.85	-0.02	7.89
59.264	23.25	30.86	0.01	7.93
59.296	23.25	30.85	-0.01	7.91
59.328	23.23	30.83	-0.03	7.88
59.360	23.23	30.84	-0.05	7.87
59.392	23.19	30.80	-0.02	7.90
59.424	23.18	30.79	0.01	7.92
59.456	23.19	30.80	-0.00	7.91
59.488	23.15	30.75	-0.04	7.88
59.520	23.14	30.75	-0.04	7.87
59.552	23.17	30.78	-0.02	7.89
59.584	23.27	30.88	0.01	7.93
59.616	23.31	30.92	-0.00	7.91
59.648	23.23	30.83	-0.04	7.88
59.680	23.19	30.79	-0.05	7.87
59.712	23.19	30.79	-0.02	7.90
59.744	23.22	30.83	0.01	7.93
59.776	23.22	30.82	-0.01	7.91
59.808	23.31	30.91	-0.04	7.88
59.840	23.25	30.85	-0.04	7.87
59.872	23.19	30.79	-0.02	7.90
59.904	23.10	30.70	0.01	7.93
59.936	23.08	30.69	-0.00	7.91
59.968	23.04	30.64	-0.04	7.87
60.000	23.06	30.66	-0.05	7.87
60.032	23.17	30.78	-0.02	7.90
60.064	23.26	30.87	0.01	7.92
60.096	23.22	30.82	-0.01	7.91
60.128	23.18	30.79	-0.04	7.87
60.160	23.15	30.76	-0.04	7.87
60.192	23.15	30.76	-0.01	7.90
60.224	23.26	30.87	0.01	7.93
60.256	23.35	30.95	-0.01	7.91
60.288	23.29	30.89	-0.04	7.87
60.320	23.16	30.77	-0.04	7.87
60.352	23.13	30.74	-0.01	7.90
60.384	23.12	30.73	0.01	7.93
60.416	23.05	30.65	-0.01	7.90
60.448	23.20	30.80	-0.04	7.87
60.480	23.20	30.81	-0.04	7.88
60.512	23.20	30.80	-0.01	7.91
60.544	23.12	30.73	0.01	7.93
60.576	23.16	30.77	-0.01	7.90
60.608	23.12	30.73	-0.04	7.88
60.640	23.13	30.74	-0.03	7.88
60.672	23.26	30.87	-0.01	7.91
60.704	23.31	30.92	0.01	7.93
60.736	23.31	30.92	-0.01	7.90
60.768	23.22	30.82	-0.04	7.87
60.800	23.12	30.72	-0.04	7.88
60.832	23.10	30.71	-0.01	7.91
60.864	23.07	30.68	0.01	7.93
60.896	23.18	30.78	-0.02	7.90
60.928	23.26	30.87	-0.05	7.87
60.960	23.30	30.90	-0.03	7.88
60.992	23.25	30.85	-0.01	7.91
61.024	23.23	30.84	0.01	7.92
61.056	23.26	30.87	-0.02	7.90
61.088	23.23	30.84	-0.04	7.87
61.120	23.35	30.96	-0.03	7.88
61.152	23.33	30.93	-0.00	7.91
61.184	23.24	30.85	0.01	7.92
61.216	23.21	30.82	-0.02	7.90
61.248	23.13	30.74	-0.05	7.87
61.280	23.12	30.72	-0.03	7.88
61.312	23.05	30.65	-0.00	7.91
61.344	23.14	30.75	0.00	7.92
61.376	23.24	30.85	-0.02	7.89
61.408	23.22	30.83	-0.05	7.87
61.440	23.24	30.85	-0.03	7.88
61.472	23.18	30.79	-0.00	7.91
61.504	23.23	30.84	0.01	7.92
61.536	23.20	30.80	-0.02	7.89
61.568	23.30	30.91	-0.05	7.87
61.600	23.27	30.88	-0.03	7.89
61.632	22.15	29.76	-0.00	7.91
61.664	11.50	19.10	0.00	7.92
61.696	2.39	9.99	-0.03	7.89
61.728	-2.57	5.03	-0.05	7.87
61.760	-3.79	3.82	-0.03	7.88
61.792	-2.59	5.01	0.00	7.92
61.824	-0.21	7.39	-0.00	7.91
61.856	1.50	9.11	-0.02	7.89
61.888	1.77	9.38	-0.05	7.87
61.920	0.88	8.49	-0.03	7.88
61.952	-0.25	7.35	0.00	7.92
61.984	-0.89	6.72	-0.00	7.91
62.016	-0.80	6.80	-0.03	7.88
62.048	-0.23	7.37	-0.05	7.87
62.080	0.36	7.96	-0.03	7.88
62.112	0.57	8.18	0.00	7.92
62.144	0.37	7.98	0.00	7.92
62.176	-0.02	7.59	-0.03	7.89
62.208	-0.32	7.29	-0.05	7.87
62.240	-0.35	7.26	-0.03	7.89
62.272	-0.17	7.43	0.01	7.92
62.304	0.07	7.67	0.00	7.92
62.336	0.22	7.82	-0.03	7.89
62.368	0.17	7.78	-0.05	7.87
62.400	0.02	7.63	-0.03	7.89
62.432	-0.11	7.50	0.01	7.92
62.464	-0.17	7.43	-0.00	7.91
62.496	-0.12	7.48	-0.03	7.88
62.528	-0.02	7.59	-0.05	7.86
62.560	0.06	7.66	-0.03	7.89
62.592	0.06	7.67	0.01	7.92
62.624	0.01	7.61	-0.01	7.91
62.656	-0.05	7.55	-0.03	7.88
62.688	-0.09	7.51	-0.05	7.87
62.720	-0.08	7.53	-0.03	7.89
62.752	-0.05	7.55	0.00	7.92
62.784	-0.00	7.60	-0.01	7.91
62.816	0.01	7.61	-0.03	7.88
62.848	-0.00	7.60	-0.05	7.86
62.880	-0.03	7.57	-0.02	7.89
62.912	-0.06	7.55	0.01	7.92
62.944	-0.07	7.54	-0.01	7.91
62.976	-0.05	7.55	-0.04	7.88
63.008	-0.02	7.59	-0.05	7.87
63.040	-0.02	7.59	-0.02	7.89
63.072	-0.02	7.58	0.01	7.92
63.104	-0.03	7.57	-0.01	7.91
63.136	-0.04	7.57	-0.04	7.88
63.168	-0.05	7.55	-0.05	7.87
63.200	-0.05	7.56	-0.02	7.89
