Tempo(s)    P0(KPa) P0+Coluna(KPa)  P1(KPa) P1+Coluna(KPa)  Vazao(L/min)    Pulsos
0.000	-2.14	6.13	0.05	7.90	0.000	0
0.032	-1.77	6.50	0.02	7.87	0.000	0
0.064	-1.43	6.83	0.06	7.91	0.000	0
0.096	-1.86	6.40	0.07	7.92	0.000	0
0.128	0.17	8.44	0.01	7.87	0.000	0
0.160	0.13	8.39	-0.01	7.84	0.000	0
0.192	-0.02	8.25	0.04	7.89	0.000	0
0.224	-1.82	6.44	0.07	7.92	0.000	0
0.256	-2.27	6.00	0.08	7.93	0.000	0
0.288	-2.13	6.13	0.06	7.91	0.000	0
0.320	-2.22	6.05	0.03	7.88	0.000	0
0.352	-2.23	6.04	0.03	7.88	0.000	0
0.384	-2.10	6.16	0.06	7.91	0.000	0
0.416	-0.75	7.52	0.08	7.93	0.000	0
0.448	-2.17	6.09	0.06	7.91	0.000	0
0.480	-1.99	6.28	0.02	7.87	0.000	0
0.512	-1.98	6.28	0.03	7.88	0.000	0
0.544	-2.26	6.00	0.05	7.90	0.000	0
0.576	-1.99	6.27	0.07	7.92	0.000	0
0.608	-1.90	6.36	0.05	7.90	0.000	0
0.640	-2.12	6.14	0.02	7.87	0.000	0
0.672	-1.92	6.34	0.03	7.88	0.000	0
0.704	-2.08	6.19	0.05	7.90	0.000	0
0.736	-2.02	6.25	0.07	7.92	0.000	0
0.768	-1.96	6.31	0.05	7.90	0.000	0
0.800	-2.01	6.26	0.03	7.88	0.000	0
0.832	-1.91	6.35	0.04	7.89	0.000	0
0.864	-1.89	6.37	0.04	7.89	0.000	0
0.896	-1.94	6.33	0.07	7.92	0.000	0
0.928	-1.82	6.45	0.05	7.90	0.000	0
0.960	-1.78	6.48	0.02	7.87	0.000	0
0.992	-1.76	6.51	0.01	7.87	0.000	0
1.024	-1.65	6.62	0.04	7.89	0.000	0
1.056	-1.64	6.62	0.06	7.91	0.000	0
1.088	-1.61	6.65	0.04	7.89	0.000	0
1.120	-1.54	6.72	0.01	7.86	0.000	0
1.152	-1.55	6.71	0.01	7.86	0.000	0
1.184	-1.54	6.72	0.03	7.88	0.000	0
1.216	-1.49	6.78	0.06	7.91	0.000	0
1.248	-1.51	6.76	0.04	7.89	0.000	0
1.280	-1.51	6.75	0.01	7.86	0.000	0
1.312	-1.54	6.73	0.01	7.86	0.000	0
1.344	-1.48	6.78	0.04	7.89	0.000	0
1.376	-1.40	6.86	0.06	7.91	0.000	0
1.408	-1.48	6.79	0.04	7.89	0.000	0
1.440	-1.50	6.76	0.02	7.87	0.000	0
1.472	-1.50	6.77	0.01	7.87	0.000	0
1.504	-1.53	6.74	0.04	7.89	0.000	0
1.536	-1.50	6.76	0.06	7.92	0.000	0
1.568	-1.52	6.74	0.05	7.90	0.000	0
1.600	-1.55	6.72	0.02	7.87	0.000	0
1.632	-1.58	6.69	0.01	7.87	0.000	0
1.664	-1.50	6.76	0.04	7.89	0.000	0
1.696	-1.52	6.75	0.06	7.91	0.000	0
1.728	-1.45	6.81	0.04	7.89	0.000	0
1.760	-1.38	6.89	0.01	7.86	0.000	0
1.792	-1.46	6.81	0.01	7.86	0.000	0
1.824	-1.45	6.81	0.03	7.88	0.000	0
1.856	-1.44	6.83	0.05	7.90	0.000	0
1.888	-1.00	7.27	0.04	7.89	0.000	0
1.920	4.07	12.34	0.03	7.88	0.000	0
1.952	12.11	20.38	0.02	7.87	0.000	0
1.984	13.92	22.19	0.05	7.90	0.000	0
2.016	13.56	21.83	0.07	7.92	0.000	0
2.048	13.83	22.09	0.05	7.90	0.000	0
2.080	14.20	22.47	0.03	7.88	0.000	0
2.112	14.20	22.47	0.02	7.87	0.390	85
2.144	14.00	22.26	0.05	7.90	0.390	85
2.176	14.32	22.59	0.07	7.92	0.390	85
2.208	14.58	22.84	0.06	7.91	0.390	85
2.240	14.50	22.77	0.03	7.88	0.390	85
2.272	14.50	22.76	0.03	7.88	0.390	85
2.304	14.42	22.68	0.06	7.91	0.390	85
2.336	14.58	22.84	0.08	7.93	0.390	85
2.368	14.53	22.79	0.06	7.92	0.390	85
2.400	14.66	22.93	0.04	7.89	0.390	85
2.432	14.70	22.97	0.03	7.88	0.390	85
2.464	14.73	22.99	0.06	7.91	0.390	85
2.496	15.00	23.27	0.08	7.93	0.390	85
2.528	14.91	23.18	0.06	7.91	0.390	85
2.560	14.87	23.14	0.03	7.88	1.229	268
2.592	14.97	23.23	0.03	7.88	1.229	268
2.624	15.13	23.40	0.05	7.90	1.229	268
2.656	15.12	23.39	0.07	7.92	1.229	268
2.688	15.11	23.37	0.07	7.92	1.229	268
2.720	14.95	23.22	0.04	7.89	1.229	268
2.752	15.11	23.38	0.03	7.88	1.229	268
2.784	15.13	23.39	0.05	7.90	1.229	268
2.816	15.01	23.28	0.08	7.93	1.229	268
2.848	15.15	23.42	0.06	7.91	1.229	268
2.880	15.08	23.34	0.03	7.88	1.229	268
2.912	15.17	23.44	0.03	7.88	1.229	268
2.944	15.49	23.76	0.05	7.90	1.229	268
2.976	15.65	23.92	0.08	7.93	1.229	268
3.008	15.48	23.75	0.06	7.91	1.229	268
3.040	15.48	23.75	0.03	7.88	1.239	270
3.072	15.51	23.78	0.03	7.88	1.239	270
3.104	15.35	23.61	0.05	7.90	1.239	270
3.136	15.40	23.66	0.08	7.93	1.239	270
3.168	15.22	23.48	0.06	7.91	1.239	270
3.200	15.11	23.37	0.03	7.88	1.239	270
3.232	14.97	23.23	0.02	7.87	1.239	270
3.264	14.96	23.23	0.05	7.90	1.239	270
3.296	15.13	23.40	0.08	7.93	1.239	270
3.328	15.23	23.50	0.05	7.90	1.239	270
3.360	14.93	23.20	0.03	7.88	1.239	270
3.392	15.11	23.38	0.02	7.87	1.239	270
3.424	15.32	23.58	0.05	7.90	1.239	270
3.456	15.25	23.52	0.07	7.92	1.239	270
3.488	15.22	23.49	0.06	7.91	1.239	270
3.520	15.08	23.35	0.03	7.88	1.239	270
3.552	15.21	23.47	0.02	7.87	1.239	270
3.584	15.05	23.31	0.04	7.89	1.239	270
3.616	15.06	23.32	0.08	7.93	1.239	270
3.648	15.31	23.58	0.06	7.91	1.239	270
3.680	15.19	23.46	0.03	7.88	1.239	270
3.712	15.16	23.43	0.02	7.87	1.239	270
3.744	15.25	23.51	0.05	7.90	1.239	270
3.776	15.22	23.49	0.08	7.93	1.239	270
3.808	15.01	23.28	0.06	7.91	1.239	270
3.840	15.11	23.38	0.03	7.88	1.239	270
3.872	14.94	23.20	0.03	7.88	1.239	270
3.904	16.11	24.37	0.05	7.90	1.239	270
3.936	15.29	23.55	0.07	7.92	1.239	270
3.968	15.50	23.76	0.05	7.90	1.234	269
4.000	15.16	23.43	0.03	7.88	1.234	269
4.032	15.39	23.65	0.01	7.87	1.234	269
4.064	15.46	23.72	0.04	7.89	1.234	269
4.096	15.63	23.90	0.07	7.92	1.234	269
4.128	15.44	23.70	0.06	7.91	1.234	269
4.160	15.73	23.99	0.03	7.88	1.234	269
4.192	15.38	23.65	0.02	7.87	1.234	269
4.224	15.27	23.54	0.05	7.90	1.234	269
4.256	15.31	23.58	0.08	7.93	1.234	269
4.288	15.63	23.90	0.06	7.91	1.234	269
4.320	15.49	23.76	0.03	7.88	1.234	269
4.352	15.75	24.02	0.03	7.88	1.234	269
4.384	15.72	23.99	0.05	7.90	1.234	269
4.416	15.57	23.83	0.07	7.92	1.234	269
4.448	16.04	24.30	0.06	7.91	1.225	267
4.480	15.40	23.67	0.03	7.88	1.225	267
4.512	15.80	24.07	0.02	7.87	1.225	267
4.544	15.44	23.70	0.05	7.90	1.225	267
4.576	14.86	23.13	0.07	7.92	1.225	267
4.608	15.42	23.69	0.05	7.90	1.225	267
4.640	15.52	23.79	0.03	7.88	1.225	267
4.672	15.32	23.59	0.03	7.88	1.225	267
4.704	15.51	23.77	0.05	7.90	1.225	267
4.736	15.39	23.66	0.07	7.92	1.225	267
4.768	15.53	23.80	0.06	7.91	1.225	267
4.800	15.73	23.99	0.03	7.88	1.225	267
4.832	15.33	23.59	0.02	7.87	1.225	267
4.864	15.40	23.66	0.05	7.90	1.225	267
4.896	15.54	23.80	0.06	7.92	1.229	268
4.928	15.90	24.16	0.05	7.90	1.229	268
4.960	15.91	24.18	0.03	7.88	1.229	268
4.992	16.06	24.33	0.02	7.87	1.229	268
5.024	16.01	24.28	0.05	7.90	1.229	268
5.056	16.02	24.28	0.07	7.92	1.229	268
5.088	16.07	24.33	0.05	7.90	1.229	268
5.120	16.01	24.28	0.02	7.87	1.229	268
5.152	15.96	24.23	0.01	7.87	1.229	268
5.184	15.98	24.24	0.04	7.89	1.229	268
5.216	16.12	24.38	0.07	7.92	1.229	268
5.248	16.10	24.37	0.05	7.90	1.229	268
5.280	16.11	24.37	0.02	7.87	1.229	268
5.312	15.98	24.25	0.02	7.87	1.229	268
5.344	16.06	24.32	0.05	7.90	1.229	268
5.376	16.10	24.37	0.06	7.92	1.234	269
5.408	16.08	24.34	0.05	7.90	1.234	269
5.440	16.34	24.61	0.02	7.87	1.234	269
5.472	16.62	24.89	0.02	7.87	1.234	269
5.504	16.50	24.77	0.04	7.89	1.234	269
5.536	16.13	24.39	0.06	7.92	1.234	269
5.568	16.07	24.33	0.05	7.90	1.234	269
5.600	16.02	24.28	0.02	7.87	1.234	269
5.632	15.99	24.26	0.02	7.87	1.234	269
5.664	15.88	24.15	0.04	7.89	1.234	269
5.696	15.85	24.11	0.06	7.91	1.234	269
5.728	15.82	24.08	0.04	7.89	1.234	269
5.760	15.79	24.06	0.02	7.87	1.234	269
5.792	15.75	24.01	0.02	7.87	1.234	269
5.824	15.77	24.03	0.05	7.90	1.234	269
5.856	15.74	24.01	0.07	7.92	1.234	269
5.888	15.80	24.07	0.05	7.90	1.234	269
5.920	15.76	24.03	0.02	7.87	1.234	269
5.952	15.87	24.14	0.02	7.87	1.234	269
5.984	15.87	24.14	0.04	7.89	1.234	269
6.016	15.83	24.10	0.06	7.91	1.234	269
6.048	15.79	24.06	0.05	7.90	1.234	269
6.080	15.88	24.15	0.02	7.87	1.234	269
6.112	15.46	23.73	0.02	7.87	1.234	269
6.144	15.48	23.74	0.05	7.90	1.234	269
6.176	15.51	23.77	0.06	7.91	1.234	269
6.208	15.54	23.80	0.04	7.89	1.234	269
6.240	15.58	23.84	0.01	7.86	1.234	269
6.272	15.65	23.92	0.02	7.87	1.234	269
6.304	15.79	24.06	0.05	7.90	1.239	270
6.336	16.23	24.50	0.06	7.91	1.239	270
6.368	16.40	24.66	0.04	7.89	1.239	270
6.400	16.02	24.28	0.01	7.86	1.239	270
6.432	15.75	24.02	0.03	7.88	1.239	270
6.464	15.66	23.93	0.05	7.90	1.239	270
6.496	15.66	23.92	0.06	7.91	1.239	270
6.528	15.71	23.97	0.04	7.89	1.239	270
6.560	16.06	24.32	0.01	7.86	1.239	270
6.592	15.86	24.13	0.02	7.87	1.239	270
6.624	15.83	24.10	0.04	7.89	1.239	270
6.656	15.91	24.18	0.06	7.91	1.239	270
6.688	16.00	24.26	0.04	7.89	1.239	270
6.720	15.99	24.25	0.01	7.86	1.239	270
6.752	16.00	24.27	0.02	7.87	1.239	270
6.784	16.06	24.33	0.05	7.90	1.239	270
6.816	16.20	24.47	0.06	7.91	1.239	270
6.848	16.29	24.56	0.04	7.89	1.239	270
6.880	15.96	24.23	0.01	7.86	1.239	270
6.912	16.40	24.67	0.03	7.88	1.239	270
6.944	16.13	24.40	0.05	7.90	1.239	270
6.976	15.98	24.25	0.05	7.90	1.239	270
7.008	15.76	24.03	0.04	7.89	1.239	270
7.040	15.81	24.07	0.01	7.86	1.239	270
7.072	15.81	24.08	0.02	7.87	1.239	270
7.104	15.93	24.19	0.05	7.90	1.239	270
7.136	15.90	24.17	0.05	7.90	1.239	270
7.168	16.18	24.45	0.03	7.88	1.239	270
7.200	16.05	24.32	0.01	7.86	1.239	270
7.232	16.16	24.42	0.02	7.87	1.239	270
7.264	16.41	24.68	0.05	7.90	1.243	271
7.296	16.61	24.87	0.05	7.90	1.243	271
7.328	16.49	24.76	0.03	7.88	1.243	271
7.360	16.75	25.02	0.00	7.85	1.243	271
7.392	16.57	24.84	0.02	7.87	1.243	271
7.424	15.51	23.78	0.04	7.89	1.243	271
7.456	15.52	23.79	0.04	7.89	1.243	271
7.488	15.47	23.74	0.02	7.87	1.243	271
7.520	15.45	23.71	-0.00	7.85	1.243	271
7.552	15.51	23.77	0.02	7.87	1.243	271
7.584	15.45	23.72	0.04	7.89	1.243	271
7.616	15.49	23.76	0.04	7.89	1.243	271
7.648	15.51	23.78	0.02	7.87	1.243	271
7.680	15.62	23.88	0.00	7.85	1.243	271
7.712	15.89	24.15	0.02	7.87	1.248	272
7.744	16.00	24.27	0.04	7.89	1.248	272
7.776	16.06	24.33	0.04	7.89	1.248	272
7.808	16.30	24.56	0.02	7.87	1.248	272
7.840	16.71	24.98	0.00	7.85	1.248	272
7.872	16.76	25.02	0.02	7.87	1.248	272
7.904	15.45	23.72	0.04	7.89	1.248	272
7.936	15.36	23.63	0.04	7.89	1.248	272
7.968	15.39	23.65	0.02	7.87	1.248	272
8.000	15.61	23.88	-0.00	7.85	1.248	272
8.032	16.07	24.34	0.02	7.87	1.248	272
8.064	16.37	24.64	0.05	7.90	1.248	272
8.096	16.82	25.09	0.04	7.89	1.248	272
8.128	16.79	25.06	0.01	7.87	1.248	272
8.160	16.56	24.82	-0.01	7.84	1.248	272
8.192	16.50	24.77	0.02	7.87	1.248	272
8.224	16.30	24.56	0.04	7.89	1.248	272
8.256	16.27	24.54	0.04	7.89	1.248	272
8.288	16.35	24.61	0.01	7.87	1.248	272
8.320	16.49	24.76	-0.00	7.85	1.248	272
8.352	16.48	24.75	0.01	7.87	1.248	272
8.384	16.12	24.39	0.05	7.90	1.248	272
8.416	16.28	24.55	0.04	7.89	1.248	272
8.448	16.33	24.59	0.01	7.86	1.248	272
8.480	16.45	24.72	-0.01	7.84	1.248	272
8.512	15.96	24.23	0.02	7.87	1.248	272
8.544	15.99	24.26	0.05	7.90	1.248	272
8.576	16.14	24.40	0.03	7.88	1.248	272
8.608	16.27	24.54	0.00	7.85	1.248	272
8.640	16.25	24.52	-0.01	7.84	1.243	271
8.672	16.47	24.74	0.02	7.87	1.243	271
8.704	16.38	24.64	0.04	7.89	1.243	271
8.736	16.42	24.69	0.03	7.88	1.243	271
8.768	16.10	24.36	0.00	7.85	1.243	271
8.800	16.00	24.26	-0.00	7.85	1.243	271
8.832	15.95	24.21	0.02	7.87	1.243	271
8.864	15.96	24.23	0.05	7.90	1.243	271
8.896	15.94	24.20	0.03	7.88	1.243	271
8.928	15.88	24.14	0.00	7.85	1.243	271
8.960	15.84	24.11	-0.00	7.85	1.243	271
8.992	15.74	24.01	0.02	7.87	1.243	271
9.024	15.75	24.02	0.05	7.90	1.243	271
9.056	15.73	24.00	0.03	7.88	1.243	271
9.088	15.70	23.96	0.00	7.85	1.243	271
9.120	15.73	23.99	-0.01	7.84	1.248	272
9.152	15.67	23.93	0.02	7.87	1.248	272
9.184	15.70	23.96	0.05	7.90	1.248	272
9.216	15.69	23.96	0.03	7.88	1.248	272
9.248	15.66	23.92	0.00	7.85	1.248	272
9.280	15.66	23.93	-0.01	7.84	1.248	272
9.312	15.62	23.89	0.02	7.87	1.248	272
9.344	15.68	23.95	0.04	7.89	1.248	272
9.376	15.73	23.99	0.03	7.88	1.248	272
9.408	15.67	23.93	0.00	7.85	1.248	272
9.440	15.75	24.02	0.00	7.85	1.248	272
9.472	15.72	23.99	0.02	7.87	1.248	272
9.504	15.75	24.01	0.04	7.89	1.248	272
9.536	15.66	23.92	0.03	7.88	1.248	272
9.568	15.73	24.00	-0.01	7.84	1.248	272
9.600	15.72	23.99	-0.00	7.85	1.248	272
9.632	15.83	24.10	0.02	7.87	1.248	272
9.664	15.81	24.07	0.04	7.89	1.248	272
9.696	15.77	24.04	0.02	7.87	1.248	272
9.728	15.80	24.07	-0.01	7.84	1.248	272
9.760	15.87	24.14	-0.00	7.85	1.248	272
9.792	15.83	24.10	0.02	7.87	1.248	272
9.824	15.96	24.23	0.04	7.89	1.248	272
9.856	15.95	24.21	0.02	7.87	1.248	272
9.888	15.91	24.18	-0.01	7.84	1.248	272
9.920	15.88	24.14	-0.01	7.84	1.248	272
9.952	15.82	24.08	0.02	7.87	1.248	272
9.984	16.14	24.41	0.04	7.89	1.248	272
10.016	15.89	24.15	0.02	7.87	1.248	272
10.048	15.84	24.11	-0.00	7.85	1.252	273
10.080	15.90	24.17	-0.00	7.85	1.252	273
10.112	16.02	24.29	0.03	7.88	1.252	273
10.144	16.02	24.29	0.05	7.90	1.252	273
10.176	15.88	24.15	0.03	7.88	1.252	273
10.208	15.60	23.86	-0.00	7.85	1.252	273
10.240	15.42	23.68	0.00	7.85	1.252	273
10.272	15.35	23.62	0.03	7.88	1.252	273
10.304	15.33	23.60	0.05	7.90	1.252	273
10.336	15.32	23.59	0.03	7.88	1.252	273
10.368	15.17	23.44	-0.01	7.84	1.252	273
10.400	15.18	23.45	0.00	7.85	1.252	273
10.432	15.24	23.50	0.03	7.88	1.252	273
10.464	15.29	23.56	0.05	7.90	1.252	273
10.496	15.41	23.68	0.03	7.88	1.252	273
10.528	15.40	23.66	-0.00	7.85	1.252	273
10.560	15.39	23.66	0.01	7.86	1.252	273
10.592	15.46	23.73	0.03	7.88	1.252	273
10.624	15.43	23.70	0.05	7.90	1.252	273
10.656	15.43	23.70	0.02	7.87	1.252	273
10.688	15.44	23.70	-0.01	7.84	1.252	273
10.720	15.40	23.66	0.01	7.86	1.252	273
10.752	15.44	23.70	0.03	7.88	1.252	273
10.784	15.43	23.70	0.04	7.89	1.252	273
10.816	15.42	23.68	0.02	7.87	1.252	273
10.848	15.45	23.71	-0.01	7.84	1.252	273
10.880	15.42	23.68	0.01	7.86	1.252	273
10.912	15.41	23.68	0.03	7.88	1.252	273
10.944	15.46	23.73	0.04	7.89	1.252	273
10.976	15.43	23.70	0.02	7.87	1.252	273
11.008	15.45	23.71	-0.01	7.84	1.248	272
11.040	14.86	23.13	0.01	7.86	1.248	272
11.072	14.89	23.15	0.03	7.88	1.248	272
11.104	14.95	23.22	0.04	7.89	1.248	272
11.136	14.93	23.20	0.02	7.87	1.248	272
11.168	14.91	23.18	-0.01	7.84	1.248	272
11.200	14.94	23.20	0.01	7.86	1.248	272
11.232	14.98	23.25	0.04	7.89	1.248	272
11.264	14.96	23.23	0.04	7.89	1.248	272
11.296	14.98	23.24	0.02	7.87	1.248	272
11.328	14.95	23.22	-0.01	7.84	1.248	272
11.360	14.95	23.21	0.01	7.86	1.248	272
11.392	15.01	23.28	0.04	7.89	1.248	272
11.424	14.99	23.25	0.04	7.89	1.248	272
11.456	15.12	23.39	0.02	7.87	1.252	273
11.488	15.21	23.47	-0.01	7.84	1.252	273
11.520	15.26	23.52	0.01	7.86	1.252	273
11.552	15.27	23.53	0.03	7.88	1.252	273
11.584	15.30	23.56	0.04	7.89	1.252	273
11.616	15.26	23.52	0.02	7.87	1.252	273
11.648	15.29	23.56	-0.01	7.84	1.252	273
11.680	15.33	23.59	0.01	7.86	1.252	273
11.712	15.32	23.59	0.04	7.89	1.252	273
11.744	15.45	23.72	0.04	7.89	1.252	273
11.776	15.45	23.71	0.02	7.87	1.252	273
11.808	15.40	23.67	-0.01	7.84	1.252	273
11.840	15.51	23.77	0.01	7.86	1.252	273
11.872	15.68	23.95	0.04	7.89	1.252	273
11.904	15.88	24.14	0.04	7.89	1.252	273
11.936	16.13	24.40	0.02	7.87	1.252	273
11.968	16.22	24.48	-0.01	7.84	1.252	273
12.000	16.22	24.48	0.01	7.86	1.252	273
12.032	15.97	24.24	0.04	7.89	1.252	273
12.064	16.19	24.46	0.04	7.89	1.252	273
12.096	16.01	24.28	0.02	7.87	1.252	273
12.128	16.23	24.50	-0.01	7.84	1.252	273
12.160	15.87	24.13	0.01	7.86	1.252	273
12.192	15.85	24.11	0.04	7.89	1.252	273
12.224	15.73	24.00	0.04	7.89	1.252	273
12.256	15.78	24.05	0.01	7.87	1.252	273
12.288	16.02	24.28	-0.01	7.84	1.252	273
12.320	15.94	24.21	0.01	7.86	1.252	273
12.352	15.82	24.08	0.04	7.89	1.252	273
12.384	15.68	23.94	0.04	7.89	1.252	273
12.416	15.61	23.88	0.02	7.87	1.252	273
12.448	15.46	23.73	-0.01	7.84	1.252	273
12.480	15.42	23.69	0.01	7.86	1.252	273
12.512	15.42	23.68	0.04	7.89	1.252	273
12.544	15.43	23.69	0.04	7.89	1.252	273
12.576	15.45	23.72	0.01	7.87	1.252	273
12.608	15.50	23.77	-0.01	7.84	1.252	273
12.640	15.49	23.76	0.01	7.86	1.252	273
12.672	15.48	23.74	0.04	7.89	1.252	273
12.704	15.48	23.75	0.04	7.89	1.252	273
12.736	15.48	23.75	0.01	7.86	1.252	273
12.768	15.45	23.72	-0.01	7.84	1.252	273
12.800	15.49	23.75	0.01	7.86	1.252	273
12.832	15.51	23.78	0.04	7.89	1.252	273
12.864	15.52	23.79	0.04	7.89	1.252	273
12.896	15.50	23.77	0.01	7.86	1.252	273
12.928	15.47	23.74	-0.01	7.84	1.252	273
12.960	15.44	23.71	0.01	7.86	1.252	273
12.992	15.35	23.62	0.04	7.89	1.252	273
13.024	15.32	23.58	0.04	7.89	1.252	273
13.056	15.31	23.57	0.01	7.86	1.252	273
13.088	15.33	23.59	-0.01	7.84	1.252	273
13.120	15.34	23.60	0.01	7.87	1.252	273
13.152	15.38	23.65	0.04	7.89	1.252	273
13.184	15.27	23.54	0.04	7.89	1.252	273
13.216	15.24	23.51	0.01	7.86	1.252	273
13.248	15.26	23.53	-0.01	7.84	1.252	273
13.280	15.30	23.56	0.01	7.86	1.252	273
13.312	15.23	23.49	0.04	7.89	1.252	273
13.344	15.28	23.54	0.03	7.88	1.257	274
13.376	15.33	23.60	0.01	7.86	1.257	274
13.408	15.38	23.64	-0.01	7.84	1.257	274
13.440	15.39	23.65	0.01	7.87	1.257	274
13.472	15.41	23.67	0.04	7.89	1.257	274
13.504	15.44	23.70	0.03	7.88	1.257	274
13.536	15.38	23.65	0.00	7.85	1.257	274
13.568	15.46	23.73	-0.01	7.84	1.257	274
13.600	15.50	23.76	0.01	7.86	1.257	274
13.632	15.45	23.72	0.04	7.89	1.257	274
13.664	15.42	23.69	0.03	7.88	1.257	274
13.696	15.39	23.66	0.01	7.86	1.257	274
13.728	15.35	23.62	-0.01	7.84	1.257	274
13.760	14.89	23.16	0.02	7.87	1.257	274
13.792	14.82	23.08	0.04	7.89	1.252	273
13.824	14.75	23.01	0.03	7.88	1.252	273
13.856	14.73	22.99	0.01	7.86	1.252	273
13.888	14.70	22.96	-0.01	7.84	1.252	273
13.920	14.63	22.89	0.01	7.87	1.252	273
13.952	14.61	22.88	0.04	7.89	1.252	273
13.984	14.68	22.95	0.03	7.88	1.252	273
14.016	14.74	23.00	0.00	7.85	1.252	273
14.048	14.60	22.87	-0.01	7.84	1.252	273
14.080	14.64	22.91	0.01	7.87	1.252	273
14.112	14.67	22.94	0.04	7.89	1.252	273
14.144	14.71	22.98	0.03	7.88	1.252	273
14.176	14.73	22.99	-0.00	7.85	1.252	273
14.208	14.63	22.90	-0.01	7.84	1.252	273
14.240	14.64	22.90	0.01	7.87	1.252	273
14.272	14.65	22.92	0.04	7.89	1.257	274
14.304	14.65	22.91	0.03	7.88	1.257	274
14.336	14.66	22.93	-0.00	7.85	1.257	274
14.368	14.72	22.99	-0.01	7.84	1.257	274
14.400	14.68	22.95	0.02	7.87	1.257	274
14.432	14.60	22.87	0.04	7.89	1.257	274
14.464	14.56	22.83	0.03	7.88	1.257	274
14.496	14.65	22.91	-0.00	7.85	1.257	274
14.528	14.60	22.86	-0.00	7.85	1.257	274
14.560	14.52	22.79	0.02	7.87	1.257	274
14.592	14.62	22.88	0.04	7.89	1.257	274
14.624	14.46	22.73	0.03	7.88	1.257	274
14.656	14.72	22.98	-0.00	7.85	1.257	274
14.688	14.91	23.17	-0.00	7.85	1.257	274
14.720	15.01	23.28	0.02	7.87	1.257	274
14.752	15.00	23.27	0.04	7.89	1.252	273
14.784	15.03	23.29	0.03	7.88	1.252	273
14.816	15.20	23.46	-0.00	7.85	1.252	273
14.848	15.40	23.66	-0.00	7.85	1.252	273
14.880	15.51	23.77	0.02	7.87	1.252	273
14.912	15.57	23.83	0.04	7.89	1.252	273
14.944	15.55	23.82	0.02	7.87	1.252	273
14.976	15.51	23.78	-0.01	7.84	1.252	273
15.008	15.58	23.85	-0.00	7.85	1.252	273
15.040	15.73	23.99	0.02	7.87	1.252	273
15.072	15.85	24.12	0.04	7.89	1.252	273
15.104	16.10	24.37	0.02	7.87	1.252	273
15.136	16.15	24.42	-0.01	7.84	1.252	273
15.168	16.03	24.29	-0.00	7.85	1.252	273
15.200	15.96	24.23	0.02	7.87	1.252	273
15.232	15.90	24.16	0.04	7.89	1.252	273
15.264	16.18	24.44	0.02	7.87	1.252	273
15.296	15.95	24.21	-0.01	7.84	1.252	273
15.328	15.95	24.22	0.00	7.85	1.252	273
15.360	16.10	24.37	0.02	7.87	1.252	273
15.392	16.33	24.60	0.04	7.89	1.252	273
15.424	16.22	24.49	0.03	7.88	1.252	273
15.456	16.06	24.33	-0.01	7.84	1.252	273
15.488	16.08	24.35	0.00	7.85	1.252	273
15.520	15.69	23.96	0.03	7.88	1.252	273
15.552	15.67	23.94	0.04	7.89	1.252	273
15.584	15.77	24.04	0.02	7.87	1.252	273
15.616	15.91	24.17	-0.01	7.84	1.252	273
15.648	15.86	24.13	0.00	7.85	1.252	273
15.680	15.72	23.98	0.03	7.88	1.257	274
15.712	15.44	23.70	0.04	7.89	1.257	274
15.744	15.25	23.51	0.02	7.87	1.257	274
15.776	15.63	23.90	-0.01	7.84	1.257	274
15.808	15.83	24.10	0.00	7.85	1.257	274
15.840	15.22	23.49	0.03	7.88	1.257	274
15.872	15.66	23.92	0.04	7.89	1.257	274
15.904	15.90	24.16	0.02	7.87	1.257	274
15.936	15.84	24.11	-0.01	7.84	1.257	274
15.968	15.29	23.55	0.00	7.85	1.257	274
16.000	15.31	23.57	0.03	7.88	1.257	274
16.032	15.34	23.61	0.04	7.89	1.257	274
16.064	15.79	24.06	0.01	7.87	1.257	274
16.096	15.84	24.10	-0.01	7.84	1.257	274
16.128	15.44	23.71	0.00	7.85	1.252	273
16.160	15.27	23.54	0.03	7.88	1.252	273
16.192	15.10	23.36	0.04	7.89	1.252	273
16.224	15.17	23.44	0.02	7.87	1.252	273
16.256	15.22	23.49	-0.01	7.84	1.252	273
16.288	15.12	23.38	0.00	7.85	1.252	273
16.320	15.10	23.36	0.03	7.88	1.252	273
16.352	14.89	23.15	0.04	7.89	1.252	273
16.384	14.86	23.13	0.02	7.87	1.252	273
16.416	14.92	23.19	-0.01	7.84	1.252	273
16.448	14.95	23.22	0.00	7.85	1.252	273
16.480	14.91	23.18	0.03	7.88	1.252	273
16.512	15.02	23.29	0.04	7.89	1.252	273
16.544	15.12	23.39	0.01	7.86	1.252	273
16.576	15.06	23.32	-0.01	7.84	1.252	273
16.608	15.11	23.38	0.01	7.86	1.257	274
16.640	15.15	23.42	0.03	7.88	1.257	274
16.672	15.23	23.50	0.04	7.89	1.257	274
16.704	15.34	23.61	0.01	7.86	1.257	274
16.736	15.28	23.55	-0.01	7.84	1.257	274
16.768	15.26	23.52	0.01	7.86	1.257	274
16.800	15.44	23.70	0.03	7.88	1.257	274
16.832	15.28	23.54	0.04	7.89	1.257	274
16.864	15.04	23.30	0.01	7.86	1.257	274
16.896	15.06	23.32	-0.01	7.84	1.257	274
16.928	15.14	23.41	0.01	7.86	1.257	274
16.960	15.37	23.64	0.03	7.88	1.257	274
16.992	15.76	24.02	0.03	7.88	1.257	274
17.024	16.26	24.52	0.01	7.86	1.257	274
17.056	15.46	23.72	-0.01	7.84	1.257	274
17.088	15.33	23.59	0.01	7.86	1.257	274
17.120	15.35	23.62	0.03	7.88	1.257	274
17.152	15.57	23.84	0.03	7.88	1.257	274
17.184	15.41	23.68	0.01	7.86	1.257	274
17.216	15.49	23.75	-0.01	7.84	1.257	274
17.248	15.52	23.78	0.01	7.86	1.257	274
17.280	15.35	23.62	0.03	7.88	1.257	274
17.312	15.36	23.63	0.03	7.88	1.257	274
17.344	15.28	23.54	0.01	7.86	1.257	274
17.376	15.36	23.63	-0.01	7.84	1.257	274
17.408	15.49	23.75	0.01	7.86	1.257	274
17.440	15.78	24.05	0.04	7.89	1.257	274
17.472	15.66	23.92	0.03	7.88	1.257	274
17.504	15.69	23.96	0.00	7.85	1.257	274
17.536	15.24	23.50	-0.01	7.84	1.261	275
17.568	15.18	23.45	0.01	7.86	1.261	275
17.600	15.19	23.46	0.04	7.89	1.261	275
17.632	15.41	23.67	0.03	7.88	1.261	275
17.664	15.43	23.70	0.00	7.85	1.261	275
17.696	15.70	23.97	-0.01	7.84	1.261	275
17.728	15.91	24.18	0.01	7.86	1.261	275
17.760	15.33	23.60	0.04	7.89	1.261	275
17.792	15.11	23.37	0.03	7.88	1.261	275
17.824	15.02	23.29	0.00	7.85	1.261	275
17.856	14.86	23.13	-0.01	7.84	1.261	275
17.888	14.87	23.13	0.01	7.86	1.261	275
17.920	14.87	23.13	0.04	7.89	1.261	275
17.952	14.89	23.15	0.03	7.88	1.261	275
17.984	14.97	23.23	0.00	7.85	1.261	275
18.016	14.97	23.24	-0.01	7.84	1.257	274
18.048	14.84	23.11	0.01	7.86	1.257	274
18.080	14.78	23.05	0.04	7.89	1.257	274
18.112	14.62	22.89	0.03	7.88	1.257	274
18.144	14.58	22.84	0.00	7.85	1.257	274
18.176	14.58	22.84	-0.01	7.84	1.257	274
18.208	14.61	22.88	0.01	7.86	1.257	274
18.240	14.60	22.86	0.04	7.89	1.257	274
18.272	14.56	22.83	0.03	7.88	1.257	274
18.304	14.57	22.84	0.00	7.85	1.257	274
18.336	14.60	22.87	-0.01	7.84	1.257	274
18.368	14.63	22.89	0.02	7.87	1.257	274
18.400	14.65	22.92	0.04	7.89	1.257	274
18.432	14.68	22.95	0.03	7.88	1.257	274
18.464	14.72	22.99	-0.00	7.85	1.257	274
18.496	14.70	22.97	-0.01	7.84	1.261	275
18.528	14.74	23.01	0.02	7.87	1.261	275
18.560	14.80	23.07	0.04	7.89	1.261	275
18.592	14.78	23.05	0.03	7.88	1.261	275
18.624	14.74	23.00	-0.00	7.85	1.261	275
18.656	14.77	23.04	-0.01	7.84	1.261	275
18.688	14.82	23.09	0.02	7.87	1.261	275
18.720	14.87	23.13	0.04	7.89	1.261	275
18.752	14.88	23.15	0.03	7.88	1.261	275
18.784	14.85	23.12	-0.00	7.85	1.261	275
18.816	14.88	23.15	-0.01	7.84	1.261	275
18.848	14.90	23.17	0.02	7.87	1.261	275
18.880	14.90	23.17	0.05	7.90	1.261	275
18.912	14.95	23.21	0.03	7.88	1.261	275
18.944	14.99	23.26	-0.00	7.85	1.257	274
18.976	14.95	23.21	-0.00	7.85	1.257	274
19.008	14.90	23.17	0.02	7.87	1.257	274
19.040	14.94	23.21	0.04	7.89	1.257	274
19.072	15.00	23.27	0.02	7.87	1.257	274
19.104	14.99	23.26	-0.01	7.84	1.257	274
19.136	15.08	23.35	-0.00	7.85	1.257	274
19.168	15.13	23.39	0.02	7.87	1.257	274
19.200	15.05	23.32	0.04	7.89	1.257	274
19.232	15.07	23.33	0.02	7.87	1.257	274
19.264	15.04	23.31	-0.01	7.84	1.257	274
19.296	15.02	23.29	-0.00	7.85	1.257	274
19.328	15.08	23.35	0.02	7.87	1.257	274
19.360	15.07	23.34	0.04	7.89	1.257	274
19.392	15.07	23.33	0.03	7.88	1.257	274
19.424	15.13	23.39	-0.01	7.84	1.252	273
19.456	15.10	23.36	-0.00	7.85	1.252	273
19.488	15.11	23.38	0.02	7.87	1.252	273
19.520	15.16	23.43	0.04	7.89	1.252	273
19.552	15.20	23.46	0.02	7.87	1.252	273
19.584	15.29	23.55	-0.01	7.84	1.252	273
19.616	15.33	23.60	-0.00	7.85	1.252	273
19.648	15.35	23.62	0.02	7.87	1.252	273
19.680	15.34	23.60	0.04	7.89	1.252	273
19.712	15.38	23.65	0.02	7.87	1.252	273
19.744	15.35	23.62	-0.01	7.84	1.252	273
19.776	15.47	23.73	-0.01	7.84	1.252	273
19.808	15.53	23.80	0.02	7.87	1.252	273
19.840	15.54	23.81	0.04	7.89	1.252	273
19.872	15.47	23.74	0.02	7.87	1.252	273
19.904	15.48	23.75	-0.01	7.84	1.252	273
19.936	15.41	23.67	-0.00	7.85	1.252	273
19.968	15.37	23.64	0.02	7.87	1.252	273
20.000	15.36	23.62	0.04	7.89	1.252	273
20.032	15.35	23.61	0.03	7.88	1.252	273
20.064	15.38	23.64	-0.01	7.84	1.252	273
20.096	15.31	23.58	-0.00	7.85	1.252	273
20.128	15.29	23.55	0.03	7.88	1.252	273
20.160	15.22	23.49	0.04	7.89	1.252	273
20.192	15.16	23.42	0.02	7.87	1.252	273
20.224	15.28	23.55	-0.01	7.84	1.252	273
20.256	15.29	23.55	0.00	7.85	1.252	273
20.288	15.36	23.62	0.03	7.88	1.252	273
20.320	15.40	23.66	0.04	7.89	1.252	273
20.352	15.27	23.54	0.02	7.87	1.248	272
20.384	15.25	23.52	-0.01	7.84	1.248	272
20.416	15.27	23.53	0.00	7.85	1.248	272
20.448	15.19	23.45	0.02	7.87	1.248	272
20.480	15.15	23.41	0.04	7.89	1.248	272
20.512	15.00	23.26	0.02	7.87	1.248	272
20.544	14.96	23.22	-0.01	7.84	1.248	272
20.576	15.01	23.28	0.00	7.85	1.248	272
20.608	14.94	23.20	0.03	7.88	1.248	272
20.640	14.98	23.25	0.04	7.89	1.248	272
20.672	14.96	23.23	0.03	7.88	1.248	272
20.704	14.99	23.26	-0.01	7.84	1.248	272
20.736	15.04	23.30	-0.00	7.85	1.248	272
20.768	15.04	23.30	0.02	7.87	1.248	272
20.800	14.92	23.18	0.04	7.89	1.248	272
20.832	14.83	23.09	0.02	7.87	1.252	273
20.864	14.70	22.97	-0.01	7.84	1.252	273
20.896	14.61	22.88	0.00	7.85	1.252	273
20.928	14.63	22.90	0.03	7.88	1.252	273
20.960	14.61	22.88	0.04	7.89	1.252	273
20.992	14.62	22.88	0.02	7.87	1.252	273
21.024	14.67	22.94	-0.01	7.84	1.252	273
21.056	14.62	22.89	0.00	7.85	1.252	273
21.088	14.60	22.86	0.03	7.88	1.252	273
21.120	14.57	22.84	0.05	7.90	1.252	273
21.152	14.53	22.80	0.02	7.87	1.252	273
21.184	14.64	22.91	-0.01	7.84	1.252	273
21.216	15.82	24.08	-0.03	7.82	1.252	273
21.248	16.24	24.51	-0.01	7.84	1.252	273
21.280	16.12	24.38	0.01	7.86	1.248	272
21.312	16.16	24.42	0.00	7.85	1.248	272
21.344	14.61	22.87	-0.01	7.84	1.248	272
21.376	14.59	22.85	0.00	7.85	1.248	272
21.408	14.55	22.82	0.03	7.88	1.248	272
21.440	14.60	22.87	0.04	7.89	1.248	272
21.472	14.57	22.83	0.02	7.87	1.248	272
21.504	14.48	22.75	-0.01	7.84	1.248	272
21.536	14.48	22.74	0.00	7.85	1.248	272
21.568	14.38	22.65	0.03	7.88	1.248	272
21.600	14.36	22.62	0.04	7.89	1.248	272
21.632	14.35	22.62	0.02	7.87	1.248	272
21.664	14.36	22.62	-0.01	7.84	1.248	272
21.696	14.38	22.65	0.00	7.85	1.248	272
21.728	14.33	22.60	0.03	7.88	1.248	272
21.760	14.40	22.66	0.04	7.89	1.252	273
21.792	14.37	22.63	0.02	7.87	1.252	273
21.824	14.34	22.60	-0.01	7.84	1.252	273
21.856	14.33	22.60	-0.00	7.85	1.252	273
21.888	14.29	22.55	0.03	7.88	1.252	273
21.920	14.34	22.60	0.04	7.89	1.252	273
21.952	14.36	22.62	0.03	7.88	1.252	273
21.984	14.37	22.63	-0.01	7.84	1.252	273
22.016	14.41	22.67	0.00	7.85	1.252	273
22.048	14.36	22.62	0.03	7.88	1.252	273
22.080	14.38	22.65	0.04	7.89	1.252	273
22.112	14.40	22.67	0.02	7.87	1.252	273
22.144	14.46	22.73	-0.01	7.84	1.252	273
22.176	14.48	22.74	0.00	7.85	1.252	273
22.208	14.43	22.70	0.03	7.88	1.252	273
22.240	14.44	22.70	0.04	7.89	1.248	272
22.272	14.43	22.70	0.03	7.88	1.248	272
22.304	14.39	22.65	-0.01	7.84	1.248	272
22.336	14.41	22.68	-0.00	7.85	1.248	272
22.368	14.38	22.65	0.02	7.87	1.248	272
22.400	14.43	22.69	0.04	7.89	1.248	272
22.432	14.41	22.68	0.02	7.87	1.248	272
22.464	14.37	22.63	-0.01	7.84	1.248	272
22.496	14.38	22.65	-0.00	7.85	1.248	272
22.528	14.37	22.63	0.02	7.87	1.248	272
22.560	14.36	22.63	0.04	7.89	1.248	272
22.592	14.42	22.69	0.03	7.88	1.248	272
22.624	14.39	22.66	-0.01	7.84	1.248	272
22.656	14.41	22.68	0.00	7.85	1.248	272
22.688	14.41	22.67	0.02	7.87	1.248	272
22.720	14.40	22.66	0.04	7.89	1.248	272
22.752	14.42	22.69	0.03	7.88	1.248	272
22.784	14.32	22.59	-0.01	7.84	1.248	272
22.816	14.31	22.58	-0.01	7.84	1.248	272
22.848	14.34	22.61	0.02	7.87	1.248	272
22.880	14.35	22.61	0.04	7.89	1.248	272
22.912	14.38	22.65	0.03	7.88	1.248	272
22.944	14.32	22.59	-0.00	7.85	1.248	272
22.976	14.36	22.63	-0.00	7.85	1.248	272
23.008	14.30	22.57	0.02	7.87	1.248	272
23.040	14.34	22.61	0.04	7.89	1.248	272
23.072	14.38	22.65	0.03	7.88	1.248	272
23.104	14.41	22.67	-0.00	7.85	1.248	272
23.136	14.42	22.69	-0.00	7.85	1.248	272
23.168	14.34	22.61	0.02	7.87	1.248	272
23.200	14.43	22.70	0.04	7.89	1.248	272
23.232	14.38	22.65	0.03	7.88	1.248	272
23.264	14.41	22.68	0.00	7.85	1.248	272
23.296	14.45	22.72	-0.00	7.85	1.248	272
23.328	14.44	22.70	0.02	7.87	1.248	272
23.360	14.48	22.74	0.04	7.89	1.248	272
23.392	14.45	22.71	0.03	7.88	1.248	272
23.424	14.46	22.72	-0.00	7.85	1.248	272
23.456	14.46	22.72	-0.01	7.84	1.248	272
23.488	14.49	22.76	0.02	7.87	1.248	272
23.520	14.49	22.76	0.04	7.89	1.248	272
23.552	14.50	22.77	0.03	7.88	1.248	272
23.584	14.57	22.83	-0.00	7.85	1.248	272
23.616	14.56	22.82	-0.01	7.84	1.248	272
23.648	14.58	22.84	0.01	7.87	1.248	272
23.680	14.59	22.85	0.04	7.89	1.248	272
23.712	14.52	22.79	0.03	7.88	1.248	272
23.744	14.50	22.77	0.00	7.85	1.248	272
23.776	14.51	22.78	-0.01	7.84	1.248	272
23.808	14.47	22.73	0.01	7.86	1.248	272
23.840	14.51	22.78	0.04	7.89	1.248	272
23.872	14.53	22.80	0.03	7.88	1.248	272
23.904	14.61	22.88	0.00	7.85	1.248	272
23.936	14.58	22.85	-0.01	7.84	1.248	272
23.968	14.67	22.93	0.01	7.86	1.248	272
24.000	14.69	22.96	0.04	7.89	1.248	272
24.032	14.67	22.93	0.03	7.88	1.248	272
24.064	14.68	22.95	0.00	7.85	1.248	272
24.096	14.64	22.91	-0.01	7.84	1.248	272
24.128	14.67	22.93	0.01	7.86	1.248	272
24.160	14.72	22.99	0.04	7.89	1.248	272
24.192	14.69	22.96	0.03	7.88	1.248	272
24.224	14.68	22.95	0.01	7.86	1.248	272
24.256	14.70	22.97	-0.01	7.84	1.248	272
24.288	14.66	22.92	0.01	7.86	1.248	272
24.320	14.70	22.96	0.04	7.89	1.248	272
24.352	14.69	22.95	0.03	7.88	1.248	272
24.384	14.63	22.89	0.01	7.86	1.248	272
24.416	14.66	22.92	-0.01	7.84	1.248	272
24.448	14.64	22.91	0.01	7.86	1.248	272
24.480	14.72	22.99	0.04	7.89	1.248	272
24.512	14.78	23.05	0.04	7.89	1.248	272
24.544	14.80	23.07	0.01	7.86	1.248	272
24.576	14.88	23.15	-0.01	7.84	1.252	273
24.608	14.92	23.18	0.01	7.86	1.252	273
24.640	14.85	23.11	0.03	7.88	1.252	273
24.672	14.82	23.08	0.04	7.89	1.252	273
24.704	14.89	23.15	0.01	7.86	1.252	273
24.736	14.85	23.12	-0.01	7.84	1.252	273
24.768	14.87	23.14	0.00	7.85	1.252	273
24.800	14.86	23.12	0.03	7.88	1.252	273
24.832	14.82	23.08	0.04	7.89	1.252	273
24.864	14.86	23.13	0.02	7.87	1.252	273
24.896	14.87	23.14	-0.01	7.84	1.252	273
24.928	14.91	23.17	0.00	7.85	1.252	273
24.960	14.99	23.25	0.03	7.88	1.252	273
24.992	14.99	23.25	0.04	7.89	1.252	273
25.024	15.09	23.35	0.01	7.87	1.248	272
25.056	15.20	23.46	-0.01	7.84	1.248	272
25.088	15.15	23.41	0.00	7.85	1.248	272
25.120	15.12	23.38	0.03	7.88	1.248	272
25.152	15.15	23.42	0.04	7.89	1.248	272
25.184	15.15	23.42	0.02	7.87	1.248	272
25.216	15.09	23.36	-0.01	7.84	1.248	272
25.248	15.08	23.35	0.00	7.85	1.248	272
25.280	15.09	23.35	0.03	7.88	1.248	272
25.312	15.08	23.35	0.04	7.89	1.248	272
25.344	15.08	23.34	0.02	7.87	1.248	272
25.376	15.08	23.35	-0.01	7.84	1.248	272
25.408	15.08	23.35	0.00	7.85	1.248	272
25.440	15.17	23.43	0.03	7.88	1.248	272
25.472	15.19	23.45	0.04	7.89	1.248	272
25.504	15.13	23.40	0.02	7.87	1.257	274
25.536	15.10	23.37	-0.01	7.84	1.257	274
25.568	15.08	23.35	-0.00	7.85	1.257	274
25.600	15.05	23.31	0.02	7.87	1.257	274
25.632	14.97	23.24	0.04	7.89	1.257	274
25.664	15.09	23.35	0.03	7.88	1.257	274
25.696	14.99	23.26	-0.01	7.84	1.257	274
25.728	14.66	22.93	-0.00	7.85	1.257	274
25.760	14.76	23.02	0.02	7.87	1.257	274
25.792	14.73	22.99	0.04	7.89	1.257	274
25.824	14.74	23.00	0.02	7.87	1.257	274
25.856	14.81	23.07	-0.01	7.84	1.257	274
25.888	14.77	23.04	-0.00	7.85	1.257	274
25.920	14.75	23.01	0.02	7.87	1.257	274
25.952	14.76	23.02	0.04	7.89	1.257	274
25.984	14.76	23.02	0.03	7.88	1.252	273
26.016	14.74	23.01	-0.01	7.84	1.252	273
26.048	14.76	23.02	-0.01	7.84	1.252	273
26.080	14.77	23.03	0.01	7.87	1.252	273
26.112	14.79	23.06	0.04	7.89	1.252	273
26.144	14.82	23.08	0.02	7.87	1.252	273
26.176	14.76	23.03	0.00	7.85	1.252	273
26.208	14.73	22.99	-0.01	7.84	1.252	273
26.240	14.73	23.00	0.01	7.86	1.252	273
26.272	14.73	22.99	0.04	7.89	1.252	273
26.304	14.82	23.08	0.03	7.88	1.252	273
26.336	14.78	23.04	0.00	7.85	1.252	273
26.368	14.70	22.96	-0.01	7.84	1.252	273
26.400	14.73	22.99	0.01	7.86	1.252	273
26.432	14.73	23.00	0.04	7.89	1.252	273
26.464	14.71	22.98	0.03	7.88	1.252	273
26.496	14.70	22.97	0.00	7.85	1.252	273
26.528	14.69	22.95	-0.01	7.84	1.252	273
26.560	14.66	22.92	0.01	7.86	1.252	273
26.592	14.70	22.96	0.04	7.89	1.252	273
26.624	14.66	22.92	0.03	7.88	1.252	273
26.656	14.67	22.94	0.01	7.86	1.252	273
26.688	14.73	23.00	-0.01	7.84	1.252	273
26.720	14.71	22.97	0.01	7.86	1.252	273
26.752	14.74	23.00	0.03	7.88	1.252	273
26.784	14.77	23.03	0.03	7.88	1.252	273
26.816	14.76	23.02	0.01	7.86	1.252	273
26.848	14.72	22.99	-0.01	7.84	1.252	273
26.880	14.71	22.98	0.01	7.86	1.252	273
26.912	14.72	22.98	0.03	7.88	1.252	273
26.944	14.70	22.96	0.03	7.88	1.252	273
26.976	14.65	22.92	0.01	7.86	1.252	273
27.008	14.68	22.95	-0.01	7.84	1.252	273
27.040	14.64	22.91	0.01	7.86	1.252	273
27.072	14.62	22.89	0.03	7.88	1.252	273
27.104	14.62	22.88	0.03	7.88	1.252	273
27.136	14.62	22.89	0.01	7.86	1.252	273
27.168	14.59	22.85	-0.01	7.84	1.252	273
27.200	14.64	22.91	0.00	7.85	1.252	273
27.232	14.62	22.89	0.03	7.88	1.252	273
27.264	14.63	22.89	0.04	7.89	1.252	273
27.296	14.64	22.90	0.01	7.87	1.252	273
27.328	14.62	22.88	-0.01	7.84	1.252	273
27.360	14.57	22.84	0.00	7.85	1.252	273
27.392	14.64	22.90	0.03	7.88	1.252	273
27.424	14.59	22.86	0.04	7.89	1.252	273
27.456	14.57	22.84	0.02	7.87	1.252	273
27.488	14.58	22.85	-0.01	7.84	1.252	273
27.520	14.56	22.83	0.00	7.85	1.252	273
27.552	14.57	22.83	0.02	7.87	1.252	273
27.584	14.61	22.88	0.04	7.89	1.252	273
27.616	14.58	22.85	0.02	7.87	1.252	273
27.648	14.61	22.87	-0.01	7.84	1.252	273
27.680	14.72	22.98	-0.01	7.84	1.252	273
27.712	14.74	23.00	0.02	7.87	1.252	273
27.744	14.73	23.00	0.04	7.89	1.252	273
27.776	14.75	23.02	0.02	7.87	1.252	273
27.808	14.74	23.01	-0.01	7.84	1.252	273
27.840	14.74	23.00	-0.00	7.85	1.252	273
27.872	14.75	23.01	0.02	7.87	1.252	273
27.904	14.70	22.97	0.04	7.89	1.252	273
27.936	14.74	23.00	0.02	7.87	1.252	273
27.968	14.73	22.99	-0.00	7.85	1.252	273
28.000	14.72	22.99	-0.01	7.84	1.252	273
28.032	14.76	23.02	0.02	7.87	1.252	273
28.064	14.72	22.98	0.04	7.89	1.252	273
28.096	14.76	23.03	0.02	7.87	1.252	273
28.128	14.72	22.98	-0.01	7.84	1.252	273
28.160	14.79	23.06	-0.01	7.84	1.252	273
28.192	14.81	23.07	0.01	7.86	1.252	273
28.224	14.78	23.05	0.04	7.89	1.252	273
28.256	14.83	23.09	0.02	7.87	1.252	273
28.288	14.75	23.02	-0.00	7.85	1.252	273
28.320	14.78	23.04	-0.01	7.84	1.248	272
28.352	14.76	23.03	0.01	7.86	1.248	272
28.384	14.72	22.99	0.03	7.88	1.248	272
28.416	14.73	22.99	0.03	7.88	1.248	272
28.448	14.70	22.96	-0.00	7.85	1.248	272
28.480	14.65	22.92	-0.01	7.84	1.248	272
28.512	14.68	22.95	0.01	7.86	1.248	272
28.544	14.67	22.94	0.03	7.88	1.248	272
28.576	14.63	22.90	0.03	7.88	1.248	272
28.608	14.67	22.94	0.00	7.85	1.248	272
28.640	14.68	22.95	-0.02	7.83	1.248	272
28.672	14.75	23.02	0.01	7.86	1.248	272
28.704	14.75	23.02	0.03	7.88	1.248	272
28.736	14.73	23.00	0.03	7.88	1.248	272
28.768	14.75	23.02	0.01	7.86	1.252	273
28.800	14.74	23.00	-0.01	7.84	1.252	273
28.832	14.71	22.98	0.01	7.86	1.252	273
28.864	14.75	23.02	0.03	7.88	1.252	273
28.896	14.73	22.99	0.03	7.88	1.252	273
28.928	14.76	23.03	0.01	7.86	1.252	273
28.960	14.72	22.99	-0.01	7.84	1.252	273
28.992	14.74	23.00	0.00	7.85	1.252	273
29.024	14.73	23.00	0.03	7.88	1.252	273
29.056	14.75	23.02	0.03	7.88	1.252	273
29.088	14.76	23.02	0.01	7.87	1.252	273
29.120	14.75	23.02	-0.01	7.84	1.252	273
29.152	14.79	23.06	0.00	7.85	1.252	273
29.184	14.76	23.02	0.03	7.88	1.252	273
29.216	14.78	23.05	0.04	7.89	1.252	273
29.248	14.83	23.10	0.01	7.87	1.248	272
29.280	14.79	23.06	-0.01	7.84	1.248	272
29.312	14.79	23.06	0.00	7.85	1.248	272
29.344	14.81	23.08	0.03	7.88	1.248	272
29.376	14.80	23.06	0.04	7.89	1.248	272
29.408	14.81	23.08	0.02	7.87	1.248	272
29.440	14.72	22.99	-0.01	7.84	1.248	272
29.472	14.74	23.01	-0.00	7.85	1.248	272
29.504	14.72	22.99	0.02	7.87	1.248	272
29.536	14.80	23.07	0.04	7.89	1.248	272
29.568	14.77	23.04	0.02	7.87	1.248	272
29.600	14.79	23.06	-0.01	7.84	1.248	272
29.632	14.78	23.05	0.00	7.85	1.248	272
29.664	14.80	23.06	0.02	7.87	1.248	272
29.696	14.83	23.10	0.04	7.89	1.248	272
29.728	14.77	23.04	0.02	7.87	1.243	271
29.760	14.78	23.05	-0.01	7.84	1.243	271
29.792	14.77	23.04	-0.00	7.85	1.243	271
29.824	14.76	23.03	0.02	7.87	1.243	271
29.856	14.79	23.06	0.04	7.89	1.243	271
29.888	14.74	23.00	0.02	7.87	1.243	271
29.920	14.73	22.99	-0.01	7.84	1.243	271
29.952	14.74	23.01	-0.01	7.84	1.243	271
29.984	14.70	22.96	0.01	7.87	1.243	271
30.016	14.76	23.03	0.04	7.89	1.243	271
30.048	14.82	23.09	0.03	7.88	1.243	271
30.080	14.81	23.07	-0.01	7.84	1.243	271
30.112	14.81	23.08	-0.01	7.84	1.243	271
30.144	14.81	23.08	0.01	7.87	1.243	271
30.176	14.82	23.08	0.04	7.89	1.252	273
30.208	14.84	23.11	0.02	7.87	1.252	273
30.240	14.79	23.06	-0.01	7.84	1.252	273
30.272	14.82	23.08	-0.01	7.84	1.252	273
30.304	14.81	23.08	0.01	7.86	1.252	273
30.336	14.79	23.05	0.04	7.89	1.252	273
30.368	14.78	23.05	0.03	7.88	1.252	273
30.400	14.73	23.00	-0.00	7.85	1.252	273
30.432	14.76	23.03	-0.01	7.84	1.252	273
30.464	14.75	23.01	0.01	7.86	1.252	273
30.496	14.75	23.02	0.04	7.89	1.252	273
30.528	14.78	23.05	0.03	7.88	1.252	273
30.560	14.74	23.01	0.00	7.85	1.252	273
30.592	14.72	22.99	-0.01	7.84	1.252	273
30.624	14.74	23.01	0.01	7.86	1.252	273
30.656	14.70	22.96	0.03	7.88	1.248	272
30.688	14.75	23.02	0.03	7.88	1.248	272
30.720	14.74	23.01	0.00	7.85	1.248	272
30.752	14.72	22.98	-0.01	7.84	1.248	272
30.784	14.76	23.02	0.01	7.86	1.248	272
30.816	14.72	22.99	0.03	7.88	1.248	272
30.848	14.72	22.99	0.03	7.88	1.248	272
30.880	14.67	22.94	0.01	7.86	1.248	272
30.912	14.68	22.94	-0.01	7.84	1.248	272
30.944	14.65	22.92	0.01	7.86	1.248	272
30.976	14.75	23.02	0.03	7.88	1.248	272
31.008	14.75	23.01	0.03	7.88	1.248	272
31.040	14.78	23.04	0.00	7.85	1.248	272
31.072	14.80	23.06	-0.01	7.84	1.248	272
31.104	14.75	23.02	0.01	7.86	1.248	272
31.136	14.77	23.04	0.03	7.88	1.248	272
31.168	14.78	23.05	0.03	7.88	1.248	272
31.200	14.78	23.05	0.01	7.86	1.248	272
31.232	14.83	23.10	-0.01	7.84	1.248	272
31.264	14.83	23.10	0.01	7.86	1.248	272
31.296	14.90	23.17	0.03	7.88	1.248	272
31.328	14.91	23.17	0.03	7.88	1.248	272
31.360	14.90	23.16	0.01	7.86	1.248	272
31.392	14.96	23.23	-0.02	7.83	1.248	272
31.424	14.91	23.18	0.00	7.85	1.248	272
31.456	14.91	23.17	0.03	7.88	1.248	272
31.488	14.90	23.17	0.03	7.88	1.248	272
31.520	14.87	23.14	0.01	7.87	1.248	272
31.552	14.90	23.16	-0.01	7.84	1.248	272
31.584	14.85	23.12	0.00	7.85	1.248	272
31.616	14.87	23.14	0.03	7.88	1.248	272
31.648	14.82	23.08	0.04	7.89	1.248	272
31.680	14.89	23.16	0.01	7.87	1.248	272
31.712	14.88	23.14	-0.02	7.83	1.248	272
31.744	14.82	23.09	0.01	7.86	1.248	272
31.776	14.83	23.09	0.03	7.88	1.248	272
31.808	14.75	23.02	0.03	7.88	1.248	272
31.840	14.74	23.00	0.02	7.87	1.248	272
31.872	14.74	23.01	-0.01	7.84	1.248	272
31.904	14.86	23.13	0.00	7.85	1.248	272
31.936	14.82	23.09	0.03	7.88	1.248	272
31.968	14.83	23.09	0.03	7.88	1.248	272
32.000	14.74	23.00	0.02	7.87	1.248	272
32.032	14.81	23.08	-0.01	7.84	1.248	272
32.064	14.85	23.12	0.00	7.85	1.243	271
32.096	14.84	23.11	0.03	7.88	1.243	271
32.128	14.83	23.10	0.04	7.89	1.243	271
32.160	14.73	22.99	0.02	7.87	1.243	271
32.192	14.75	23.02	-0.01	7.84	1.243	271
32.224	14.71	22.98	0.00	7.85	1.243	271
32.256	14.75	23.01	0.03	7.88	1.243	271
32.288	14.75	23.02	0.04	7.89	1.243	271
32.320	14.75	23.02	0.02	7.87	1.243	271
32.352	14.76	23.03	-0.01	7.84	1.243	271
32.384	14.76	23.03	0.00	7.85	1.243	271
32.416	14.80	23.07	0.02	7.87	1.243	271
32.448	14.77	23.04	0.04	7.89	1.243	271
32.480	14.82	23.09	0.02	7.87	1.243	271
32.512	14.79	23.05	-0.01	7.84	1.248	272
32.544	14.80	23.06	0.00	7.85	1.248	272
32.576	14.83	23.09	0.03	7.88	1.248	272
32.608	14.76	23.03	0.04	7.89	1.248	272
32.640	14.81	23.07	0.02	7.87	1.248	272
32.672	14.75	23.02	-0.01	7.84	1.248	272
32.704	14.76	23.02	0.00	7.85	1.248	272
32.736	14.72	22.98	0.03	7.88	1.248	272
32.768	14.70	22.97	0.04	7.89	1.248	272
32.800	14.67	22.93	0.02	7.87	1.248	272
32.832	14.69	22.96	-0.01	7.84	1.248	272
32.864	14.78	23.05	-0.00	7.85	1.248	272
32.896	14.73	22.99	0.02	7.87	1.248	272
32.928	14.76	23.02	0.04	7.89	1.248	272
32.960	14.73	23.00	0.02	7.87	1.248	272
32.992	14.82	23.08	-0.01	7.84	1.243	271
33.024	14.81	23.08	-0.00	7.85	1.243	271
33.056	14.89	23.16	0.02	7.87	1.243	271
33.088	14.83	23.10	0.04	7.89	1.243	271
33.120	14.87	23.13	0.02	7.87	1.243	271
33.152	14.81	23.08	-0.01	7.84	1.243	271
33.184	14.85	23.11	-0.00	7.85	1.243	271
33.216	14.82	23.09	0.02	7.87	1.243	271
33.248	14.89	23.15	0.04	7.89	1.243	271
33.280	14.87	23.13	0.02	7.87	1.243	271
33.312	14.83	23.09	-0.01	7.84	1.243	271
33.344	14.80	23.07	-0.00	7.85	1.243	271
33.376	14.76	23.02	0.01	7.87	1.243	271
33.408	14.78	23.05	0.04	7.89	1.243	271
33.440	14.79	23.06	0.02	7.87	1.243	271
33.472	14.85	23.11	-0.01	7.84	1.243	271
33.504	14.70	22.97	0.00	7.85	1.243	271
33.536	14.76	23.02	0.02	7.87	1.243	271
33.568	14.72	22.98	0.04	7.89	1.243	271
33.600	14.80	23.07	0.02	7.87	1.243	271
33.632	14.70	22.96	-0.01	7.84	1.243	271
33.664	14.73	22.99	-0.00	7.85	1.243	271
33.696	14.73	23.00	0.02	7.87	1.243	271
33.728	14.73	23.00	0.04	7.89	1.243	271
33.760	14.73	23.00	0.02	7.87	1.243	271
33.792	14.77	23.04	-0.01	7.84	1.243	271
33.824	14.78	23.05	-0.00	7.85	1.243	271
33.856	14.80	23.07	0.02	7.87	1.243	271
33.888	14.68	22.94	0.04	7.89	1.243	271
33.920	14.75	23.02	0.02	7.87	1.243	271
33.952	14.76	23.02	-0.01	7.84	1.243	271
33.984	14.73	23.00	-0.01	7.84	1.243	271
34.016	14.82	23.08	0.02	7.87	1.243	271
34.048	14.82	23.08	0.04	7.89	1.243	271
34.080	14.87	23.14	0.02	7.87	1.243	271
34.112	14.80	23.06	-0.01	7.84	1.243	271
34.144	14.83	23.10	-0.00	7.85	1.243	271
34.176	14.82	23.09	0.02	7.87	1.243	271
34.208	14.83	23.10	0.04	7.89	1.243	271
34.240	14.82	23.09	0.02	7.87	1.243	271
34.272	14.86	23.12	-0.01	7.84	1.243	271
34.304	14.83	23.10	-0.00	7.85	1.243	271
34.336	14.83	23.10	0.02	7.87	1.243	271
34.368	14.85	23.12	0.04	7.89	1.243	271
34.400	14.82	23.09	0.02	7.87	1.248	272
34.432	14.81	23.08	-0.01	7.84	1.248	272
34.464	14.75	23.01	-0.00	7.85	1.248	272
34.496	14.78	23.05	0.02	7.87	1.248	272
34.528	14.77	23.04	0.04	7.89	1.248	272
34.560	14.78	23.05	0.02	7.87	1.248	272
34.592	14.73	22.99	-0.01	7.84	1.248	272
34.624	14.79	23.06	-0.00	7.85	1.248	272
34.656	14.75	23.02	0.02	7.87	1.248	272
34.688	14.82	23.08	0.04	7.89	1.248	272
34.720	14.83	23.09	0.02	7.87	1.248	272
34.752	14.88	23.15	-0.01	7.84	1.248	272
34.784	14.83	23.10	-0.00	7.85	1.248	272
34.816	14.81	23.08	0.02	7.87	1.248	272
34.848	14.79	23.06	0.04	7.89	1.248	272
34.880	14.84	23.10	0.02	7.87	1.239	270
34.912	14.82	23.09	-0.01	7.84	1.239	270
34.944	14.84	23.10	-0.00	7.85	1.239	270
34.976	14.82	23.09	0.02	7.87	1.239	270
35.008	14.83	23.10	0.04	7.89	1.239	270
35.040	14.81	23.08	0.01	7.87	1.239	270
35.072	14.85	23.11	-0.01	7.84	1.239	270
35.104	14.83	23.10	-0.00	7.85	1.239	270
35.136	14.81	23.07	0.02	7.87	1.239	270
35.168	14.83	23.09	0.04	7.89	1.239	270
35.200	14.81	23.07	0.02	7.87	1.239	270
35.232	14.78	23.04	-0.02	7.83	1.239	270
35.264	14.73	22.99	0.00	7.85	1.239	270
35.296	14.77	23.04	0.03	7.88	1.239	270
35.328	14.78	23.04	0.04	7.89	1.243	271
35.360	14.85	23.11	0.02	7.87	1.243	271
35.392	14.82	23.08	-0.01	7.84	1.243	271
35.424	14.85	23.12	0.00	7.85	1.243	271
35.456	14.87	23.14	0.03	7.88	1.243	271
35.488	14.87	23.14	0.04	7.89	1.243	271
35.520	14.87	23.14	0.01	7.87	1.243	271
35.552	15.38	23.65	-0.02	7.83	1.243	271
35.584	15.58	23.85	0.00	7.85	1.243	271
35.616	15.36	23.62	0.03	7.88	1.243	271
35.648	15.09	23.35	0.04	7.89	1.243	271
35.680	14.96	23.22	0.02	7.87	1.243	271
35.712	14.97	23.24	-0.02	7.83	1.243	271
35.744	14.96	23.22	0.00	7.85	1.243	271
35.776	15.03	23.29	0.03	7.88	1.243	271
35.808	15.01	23.27	0.04	7.89	1.248	272
35.840	14.99	23.26	0.01	7.87	1.248	272
35.872	15.01	23.27	-0.02	7.83	1.248	272
35.904	14.93	23.20	0.00	7.85	1.248	272
35.936	14.93	23.20	0.03	7.88	1.248	272
35.968	14.86	23.12	0.04	7.89	1.248	272
36.000	14.82	23.08	0.02	7.87	1.248	272
36.032	14.76	23.03	-0.02	7.83	1.248	272
36.064	14.70	22.96	0.00	7.85	1.248	272
36.096	14.72	22.98	0.03	7.88	1.248	272
36.128	14.72	22.99	0.03	7.88	1.248	272
36.160	14.78	23.05	0.01	7.86	1.248	272
36.192	14.71	22.98	-0.01	7.84	1.248	272
36.224	14.75	23.02	0.00	7.85	1.248	272
36.256	14.69	22.96	0.03	7.88	1.243	271
36.288	14.74	23.00	0.03	7.88	1.243	271
36.320	14.70	22.97	0.01	7.86	1.243	271
36.352	14.71	22.98	-0.01	7.84	1.243	271
36.384	14.74	23.00	0.00	7.85	1.243	271
36.416	14.71	22.97	0.03	7.88	1.243	271
36.448	14.73	23.00	0.03	7.88	1.243	271
36.480	14.70	22.97	0.01	7.86	1.243	271
36.512	14.78	23.05	-0.02	7.83	1.243	271
36.544	14.71	22.97	0.00	7.85	1.243	271
36.576	14.76	23.03	0.03	7.88	1.243	271
36.608	14.82	23.08	0.03	7.88	1.243	271
36.640	14.79	23.05	0.01	7.86	1.243	271
36.672	14.84	23.10	-0.01	7.84	1.243	271
36.704	14.82	23.09	0.01	7.86	1.243	271
36.736	14.82	23.08	0.03	7.88	1.248	272
36.768	14.81	23.08	0.04	7.89	1.248	272
36.800	14.78	23.05	0.01	7.86	1.248	272
36.832	14.81	23.07	-0.02	7.83	1.248	272
36.864	14.79	23.05	0.01	7.86	1.248	272
36.896	14.79	23.05	0.03	7.88	1.248	272
36.928	14.81	23.07	0.03	7.88	1.248	272
36.960	14.75	23.02	0.01	7.86	1.248	272
36.992	14.78	23.04	-0.01	7.84	1.248	272
37.024	14.74	23.00	0.00	7.85	1.248	272
37.056	14.78	23.04	0.03	7.88	1.248	272
37.088	14.78	23.05	0.03	7.88	1.248	272
37.120	14.76	23.03	0.01	7.86	1.248	272
37.152	14.79	23.05	-0.01	7.84	1.248	272
37.184	14.72	22.98	0.00	7.85	1.248	272
37.216	14.72	22.99	0.04	7.89	1.248	272
37.248	14.71	22.97	0.03	7.88	1.248	272
37.280	14.72	22.99	0.01	7.86	1.248	272
37.312	14.74	23.01	-0.01	7.84	1.248	272
37.344	14.73	22.99	0.00	7.85	1.248	272
37.376	14.71	22.97	0.03	7.88	1.248	272
37.408	14.63	22.89	0.03	7.88	1.248	272
37.440	14.68	22.94	0.00	7.85	1.248	272
37.472	14.66	22.93	-0.02	7.83	1.248	272
37.504	14.72	22.98	0.01	7.86	1.248	272
37.536	14.75	23.02	0.03	7.88	1.248	272
37.568	14.68	22.95	0.03	7.88	1.248	272
37.600	14.70	22.97	-0.00	7.85	1.248	272
37.632	14.68	22.95	-0.01	7.84	1.248	272
37.664	14.70	22.96	0.01	7.86	1.248	272
37.696	14.70	22.97	0.03	7.88	1.248	272
37.728	14.69	22.95	0.02	7.87	1.248	272
37.760	14.73	23.00	0.00	7.85	1.248	272
37.792	14.70	22.97	-0.01	7.84	1.248	272
37.824	14.66	22.92	0.01	7.86	1.248	272
37.856	14.63	22.90	0.04	7.89	1.248	272
37.888	14.59	22.86	0.03	7.88	1.248	272
37.920	14.63	22.90	0.00	7.85	1.248	272
37.952	14.64	22.91	-0.01	7.84	1.248	272
37.984	14.70	22.96	0.01	7.86	1.248	272
38.016	14.66	22.93	0.04	7.89	1.248	272
38.048	14.66	22.93	0.02	7.87	1.248	272
38.080	14.67	22.94	-0.00	7.85	1.248	272
38.112	14.62	22.88	-0.01	7.84	1.248	272
38.144	14.64	22.91	0.01	7.86	1.248	272
38.176	14.60	22.87	0.04	7.89	1.248	272
38.208	14.63	22.90	0.03	7.88	1.248	272
38.240	14.60	22.86	-0.00	7.85	1.248	272
38.272	14.57	22.84	-0.01	7.84	1.248	272
38.304	14.60	22.86	0.01	7.86	1.248	272
38.336	14.57	22.83	0.04	7.89	1.248	272
38.368	14.63	22.90	0.03	7.88	1.248	272
38.400	14.59	22.85	-0.00	7.85	1.248	272
38.432	14.59	22.86	-0.01	7.84	1.248	272
38.464	14.62	22.88	0.01	7.86	1.248	272
38.496	14.55	22.82	0.04	7.89	1.248	272
38.528	14.55	22.81	0.02	7.87	1.248	272
38.560	14.53	22.79	-0.00	7.85	1.248	272
38.592	14.52	22.79	-0.01	7.84	1.248	272
38.624	14.51	22.78	0.01	7.86	1.243	271
38.656	14.52	22.78	0.04	7.89	1.243	271
38.688	14.51	22.78	0.02	7.87	1.243	271
38.720	14.51	22.78	-0.01	7.84	1.243	271
38.752	14.55	22.81	-0.01	7.84	1.243	271
38.784	14.41	22.68	0.02	7.87	1.243	271
38.816	14.46	22.72	0.04	7.89	1.243	271
38.848	14.41	22.68	0.02	7.87	1.243	271
38.880	14.45	22.72	-0.01	7.84	1.243	271
38.912	14.46	22.73	-0.01	7.84	1.243	271
38.944	14.46	22.73	0.01	7.87	1.243	271
38.976	14.48	22.75	0.04	7.89	1.243	271
39.008	14.43	22.69	0.02	7.87	1.243	271
39.040	14.44	22.71	-0.01	7.84	1.243	271
39.072	14.38	22.64	-0.01	7.84	1.248	272
39.104	14.38	22.64	0.02	7.87	1.248	272
39.136	14.36	22.63	0.04	7.89	1.248	272
39.168	14.40	22.66	0.02	7.87	1.248	272
39.200	14.39	22.65	-0.01	7.84	1.248	272
39.232	14.40	22.67	-0.01	7.84	1.248	272
39.264	14.42	22.68	0.02	7.87	1.248	272
39.296	14.43	22.69	0.04	7.89	1.248	272
39.328	14.46	22.73	0.02	7.87	1.248	272
39.360	14.48	22.74	-0.01	7.84	1.248	272
39.392	14.49	22.75	-0.01	7.84	1.248	272
39.424	14.46	22.72	0.02	7.87	1.248	272
39.456	14.48	22.74	0.04	7.89	1.248	272
39.488	14.45	22.72	0.02	7.87	1.248	272
39.520	14.47	22.74	-0.01	7.84	1.248	272
39.552	14.47	22.73	-0.00	7.85	1.243	271
39.584	14.41	22.68	0.02	7.87	1.243	271
39.616	14.48	22.75	0.04	7.89	1.243	271
39.648	14.39	22.66	0.02	7.87	1.243	271
39.680	14.42	22.68	-0.01	7.84	1.243	271
39.712	14.39	22.65	0.00	7.85	1.243	271
39.744	14.39	22.66	0.02	7.87	1.243	271
39.776	14.43	22.69	0.04	7.89	1.243	271
39.808	14.46	22.72	0.02	7.87	1.243	271
39.840	14.49	22.75	-0.01	7.84	1.243	271
39.872	14.47	22.74	-0.00	7.85	1.243	271
39.904	14.49	22.76	0.03	7.88	1.243	271
39.936	14.45	22.71	0.04	7.89	1.243	271
39.968	14.48	22.75	0.02	7.87	1.243	271
40.000	14.42	22.68	-0.01	7.84	1.243	271
40.032	14.43	22.69	0.00	7.85	1.248	272
40.064	14.41	22.67	0.02	7.87	1.248	272
40.096	14.45	22.72	0.04	7.89	1.248	272
40.128	14.44	22.70	0.02	7.87	1.248	272
40.160	14.45	22.72	-0.01	7.84	1.248	272
40.192	14.47	22.74	0.00	7.85	1.248	272
40.224	14.47	22.74	0.03	7.88	1.248	272
40.256	14.51	22.77	0.04	7.89	1.248	272
40.288	14.46	22.72	0.02	7.87	1.248	272
40.320	14.50	22.76	-0.01	7.84	1.248	272
40.352	14.43	22.69	0.00	7.85	1.248	272
40.384	14.45	22.72	0.03	7.88	1.248	272
40.416	14.45	22.71	0.04	7.89	1.248	272
40.448	14.45	22.71	0.01	7.87	1.248	272
40.480	14.42	22.68	-0.01	7.84	1.243	271
40.512	14.44	22.71	0.00	7.85	1.243	271
40.544	14.47	22.74	0.03	7.88	1.243	271
40.576	14.49	22.75	0.04	7.89	1.243	271
40.608	14.51	22.77	0.02	7.87	1.243	271
40.640	14.42	22.68	-0.01	7.84	1.243	271
40.672	14.42	22.69	0.00	7.85	1.243	271
40.704	14.36	22.63	0.03	7.88	1.243	271
40.736	14.44	22.71	0.04	7.89	1.243	271
40.768	14.40	22.67	0.01	7.86	1.243	271
40.800	14.40	22.67	-0.01	7.84	1.243	271
40.832	14.36	22.63	0.00	7.85	1.243	271
40.864	14.37	22.64	0.03	7.88	1.243	271
40.896	14.39	22.65	0.03	7.88	1.243	271
40.928	14.38	22.64	0.01	7.86	1.243	271
40.960	14.41	22.68	-0.01	7.84	1.239	270
40.992	14.38	22.65	0.01	7.86	1.239	270
41.024	14.39	22.65	0.03	7.88	1.239	270
41.056	14.38	22.65	0.04	7.89	1.239	270
41.088	14.38	22.64	0.01	7.86	1.239	270
41.120	14.38	22.64	-0.01	7.84	1.239	270
41.152	14.28	22.55	0.00	7.85	1.239	270
41.184	14.32	22.59	0.03	7.88	1.239	270
41.216	14.36	22.62	0.04	7.89	1.239	270
41.248	14.36	22.63	0.01	7.86	1.239	270
41.280	14.23	22.50	-0.01	7.84	1.239	270
41.312	14.11	22.38	0.00	7.85	1.239	270
41.344	14.15	22.41	0.03	7.88	1.239	270
41.376	14.13	22.39	0.03	7.88	1.239	270
41.408	14.17	22.44	0.01	7.86	1.248	272
41.440	14.15	22.41	-0.01	7.84	1.248	272
41.472	14.22	22.49	0.01	7.86	1.248	272
41.504	14.21	22.47	0.03	7.88	1.248	272
41.536	14.25	22.52	0.04	7.89	1.248	272
41.568	14.17	22.44	0.01	7.86	1.248	272
41.600	14.22	22.48	-0.01	7.84	1.248	272
41.632	14.16	22.42	0.00	7.85	1.248	272
41.664	14.25	22.51	0.03	7.88	1.248	272
41.696	14.23	22.50	0.04	7.89	1.248	272
41.728	14.32	22.59	0.01	7.87	1.248	272
41.760	14.31	22.57	-0.01	7.84	1.248	272
41.792	14.31	22.58	0.01	7.86	1.248	272
41.824	14.33	22.60	0.03	7.88	1.248	272
41.856	14.28	22.54	0.03	7.88	1.248	272
41.888	14.29	22.55	0.01	7.86	1.243	271
41.920	14.30	22.57	-0.01	7.84	1.243	271
41.952	14.34	22.61	0.01	7.86	1.243	271
41.984	14.33	22.59	0.03	7.88	1.243	271
42.016	14.35	22.62	0.03	7.88	1.243	271
42.048	14.32	22.59	0.01	7.86	1.243	271
42.080	14.32	22.58	-0.01	7.84	1.243	271
42.112	14.31	22.57	0.01	7.86	1.243	271
42.144	14.31	22.58	0.04	7.89	1.243	271
42.176	14.31	22.58	0.03	7.88	1.243	271
42.208	14.32	22.59	0.01	7.86	1.243	271
42.240	14.31	22.57	-0.01	7.84	1.243	271
42.272	14.30	22.57	0.01	7.86	1.243	271
42.304	14.29	22.55	0.03	7.88	1.243	271
42.336	14.26	22.53	0.03	7.88	1.243	271
42.368	14.27	22.53	0.01	7.86	1.239	270
42.400	14.25	22.52	-0.01	7.84	1.239	270
42.432	14.29	22.55	0.01	7.86	1.239	270
42.464	14.27	22.54	0.04	7.89	1.239	270
42.496	14.27	22.54	0.03	7.88	1.239	270
42.528	14.25	22.52	0.01	7.86	1.239	270
42.560	14.22	22.49	-0.01	7.84	1.239	270
42.592	14.31	22.57	0.00	7.85	1.239	270
42.624	14.27	22.54	0.03	7.88	1.239	270
42.656	14.30	22.57	0.03	7.88	1.239	270
42.688	14.26	22.53	0.01	7.86	1.239	270
42.720	14.27	22.54	-0.01	7.84	1.239	270
42.752	14.21	22.48	0.01	7.86	1.239	270
42.784	14.23	22.50	0.03	7.88	1.239	270
42.816	14.19	22.46	0.03	7.88	1.239	270
42.848	14.26	22.52	0.01	7.86	1.239	270
42.880	14.25	22.52	-0.01	7.84	1.239	270
42.912	14.28	22.55	0.00	7.85	1.239	270
42.944	14.22	22.49	0.03	7.88	1.239	270
42.976	14.24	22.51	0.03	7.88	1.239	270
43.008	14.23	22.50	0.01	7.86	1.239	270
43.040	14.28	22.54	-0.02	7.83	1.239	270
43.072	14.26	22.53	0.01	7.86	1.239	270
43.104	14.34	22.61	0.03	7.88	1.239	270
43.136	14.30	22.56	0.03	7.88	1.239	270
43.168	14.33	22.60	0.01	7.86	1.239	270
43.200	14.28	22.55	-0.01	7.84	1.239	270
43.232	14.22	22.49	0.01	7.86	1.239	270
43.264	14.23	22.50	0.04	7.89	1.239	270
43.296	14.24	22.51	0.03	7.88	1.243	271
43.328	14.26	22.53	0.01	7.86	1.243	271
43.360	14.29	22.56	-0.01	7.84	1.243	271
43.392	14.29	22.56	0.01	7.86	1.243	271
43.424	14.27	22.53	0.04	7.89	1.243	271
43.456	14.28	22.55	0.03	7.88	1.243	271
43.488	14.24	22.51	0.01	7.86	1.243	271
43.520	14.29	22.55	-0.01	7.84	1.243	271
43.552	14.26	22.52	0.01	7.86	1.243	271
43.584	14.32	22.59	0.04	7.89	1.243	271
43.616	14.28	22.55	0.03	7.88	1.243	271
43.648	14.32	22.59	0.01	7.86	1.243	271
43.680	14.30	22.57	-0.01	7.84	1.243	271
43.712	14.32	22.59	0.01	7.86	1.243	271
43.744	14.27	22.54	0.03	7.88	1.243	271
43.776	14.25	22.52	0.03	7.88	1.243	271
43.808	14.26	22.53	0.01	7.86	1.243	271
43.840	14.28	22.55	-0.01	7.84	1.243	271
43.872	14.30	22.57	0.01	7.86	1.243	271
43.904	14.29	22.56	0.03	7.88	1.243	271
43.936	14.30	22.56	0.03	7.88	1.243	271
43.968	14.29	22.55	0.01	7.86	1.243	271
44.000	14.30	22.57	-0.02	7.83	1.243	271
44.032	14.30	22.57	0.00	7.85	1.243	271
44.064	14.31	22.57	0.03	7.88	1.243	271
44.096	14.30	22.57	0.03	7.88	1.243	271
44.128	14.31	22.57	0.01	7.86	1.243	271
44.160	14.30	22.57	-0.01	7.84	1.243	271
44.192	14.30	22.57	0.00	7.85	1.243	271
44.224	14.28	22.54	0.03	7.88	1.243	271
44.256	14.32	22.58	0.03	7.88	1.243	271
44.288	14.30	22.57	0.01	7.86	1.243	271
44.320	14.31	22.58	-0.02	7.83	1.243	271
44.352	14.29	22.56	0.01	7.86	1.243	271
44.384	14.29	22.56	0.03	7.88	1.243	271
44.416	14.31	22.58	0.03	7.88	1.243	271
44.448	14.31	22.58	0.01	7.86	1.243	271
44.480	14.35	22.62	-0.01	7.84	1.243	271
44.512	14.32	22.59	0.01	7.86	1.243	271
44.544	14.35	22.62	0.03	7.88	1.243	271
44.576	14.28	22.54	0.03	7.88	1.243	271
44.608	14.30	22.57	0.01	7.86	1.243	271
44.640	14.27	22.53	-0.01	7.84	1.243	271
44.672	14.30	22.57	0.00	7.85	1.243	271
44.704	14.25	22.52	0.03	7.88	1.243	271
44.736	14.35	22.61	0.03	7.88	1.243	271
44.768	14.26	22.53	0.01	7.86	1.243	271
44.800	14.26	22.52	-0.02	7.83	1.243	271
44.832	14.18	22.44	0.00	7.85	1.243	271
44.864	14.19	22.45	0.03	7.88	1.243	271
44.896	14.14	22.40	0.03	7.88	1.243	271
44.928	14.20	22.47	0.01	7.86	1.243	271
44.960	14.20	22.46	-0.02	7.83	1.243	271
44.992	14.22	22.49	0.01	7.86	1.243	271
45.024	14.19	22.45	0.03	7.88	1.243	271
45.056	14.24	22.50	0.03	7.88	1.243	271
45.088	14.22	22.48	0.01	7.86	1.243	271
45.120	14.21	22.47	-0.01	7.84	1.243	271
45.152	14.20	22.47	0.00	7.85	1.243	271
45.184	14.25	22.52	0.03	7.88	1.243	271
45.216	14.24	22.51	0.03	7.88	1.243	271
45.248	14.24	22.50	0.01	7.86	1.243	271
45.280	14.18	22.44	-0.01	7.84	1.243	271
45.312	14.20	22.46	0.00	7.85	1.243	271
45.344	14.15	22.42	0.03	7.88	1.243	271
45.376	14.23	22.49	0.03	7.88	1.243	271
45.408	14.20	22.47	0.01	7.86	1.243	271
45.440	14.25	22.51	-0.01	7.84	1.243	271
45.472	14.25	22.52	0.00	7.85	1.243	271
45.504	14.24	22.51	0.03	7.88	1.243	271
45.536	14.24	22.51	0.03	7.88	1.243	271
45.568	14.19	22.46	0.01	7.86	1.243	271
45.600	14.19	22.46	-0.02	7.83	1.243	271
45.632	14.16	22.43	0.00	7.85	1.243	271
45.664	14.22	22.49	0.03	7.88	1.243	271
45.696	14.18	22.44	0.03	7.88	1.243	271
45.728	14.20	22.47	0.01	7.86	1.243	271
45.760	14.16	22.43	-0.01	7.84	1.243	271
45.792	14.17	22.44	0.00	7.85	1.243	271
45.824	14.17	22.43	0.02	7.87	1.243	271
45.856	14.26	22.52	0.03	7.88	1.243	271
45.888	14.22	22.49	0.01	7.86	1.243	271
45.920	14.26	22.53	-0.01	7.84	1.243	271
45.952	14.23	22.49	0.00	7.85	1.243	271
45.984	14.21	22.48	0.03	7.88	1.243	271
46.016	14.21	22.48	0.03	7.88	1.243	271
46.048	14.17	22.44	0.01	7.86	1.243	271
46.080	14.22	22.49	-0.01	7.84	1.243	271
46.112	14.17	22.44	0.00	7.85	1.243	271
46.144	14.21	22.48	0.03	7.88	1.243	271
46.176	14.15	22.42	0.03	7.88	1.243	271
46.208	14.15	22.42	0.01	7.87	1.243	271
46.240	14.12	22.38	-0.01	7.84	1.243	271
46.272	14.16	22.42	0.00	7.85	1.243	271
46.304	14.17	22.44	0.03	7.88	1.243	271
46.336	14.24	22.50	0.03	7.88	1.243	271
46.368	14.20	22.47	0.02	7.87	1.243	271
46.400	14.21	22.48	-0.01	7.84	1.243	271
46.432	14.20	22.46	-0.00	7.85	1.243	271
46.464	14.18	22.44	0.03	7.88	1.243	271
46.496	14.22	22.48	0.04	7.89	1.243	271
46.528	14.20	22.46	0.02	7.87	1.243	271
46.560	14.23	22.49	-0.01	7.84	1.243	271
46.592	14.20	22.47	0.00	7.85	1.243	271
46.624	14.23	22.50	0.02	7.87	1.243	271
46.656	14.20	22.47	0.04	7.89	1.243	271
46.688	14.25	22.52	0.01	7.86	1.243	271
46.720	14.18	22.45	-0.01	7.84	1.243	271
46.752	14.21	22.47	0.00	7.85	1.243	271
46.784	14.20	22.46	0.02	7.87	1.243	271
46.816	14.24	22.51	0.03	7.88	1.243	271
46.848	14.18	22.44	0.02	7.87	1.243	271
46.880	14.20	22.47	-0.01	7.84	1.243	271
46.912	14.17	22.43	0.00	7.85	1.243	271
46.944	14.27	22.54	0.02	7.87	1.243	271
46.976	14.26	22.52	0.04	7.89	1.243	271
47.008	14.28	22.55	0.02	7.87	1.243	271
47.040	14.27	22.54	-0.01	7.84	1.243	271
47.072	13.52	21.79	-0.00	7.85	1.243	271
47.104	13.54	21.81	0.02	7.87	1.243	271
47.136	13.54	21.81	0.04	7.89	1.243	271
47.168	13.54	21.80	0.02	7.87	1.243	271
47.200	13.56	21.82	-0.01	7.84	1.243	271
47.232	13.51	21.78	0.00	7.85	1.243	271
47.264	13.54	21.80	0.02	7.87	1.243	271
47.296	13.53	21.80	0.04	7.89	1.243	271
47.328	13.55	21.81	0.02	7.87	1.243	271
47.360	13.55	21.81	-0.01	7.84	1.243	271
47.392	13.57	21.84	-0.01	7.84	1.243	271
47.424	13.58	21.85	0.02	7.87	1.243	271
47.456	13.57	21.83	0.04	7.89	1.243	271
47.488	13.59	21.85	0.02	7.87	1.243	271
47.520	13.60	21.87	-0.01	7.84	1.243	271
47.552	13.62	21.89	-0.00	7.85	1.243	271
47.584	13.60	21.87	0.02	7.87	1.243	271
47.616	13.64	21.91	0.03	7.88	1.243	271
47.648	13.64	21.90	0.02	7.87	1.243	271
47.680	13.67	21.94	-0.01	7.84	1.243	271
47.712	13.69	21.96	-0.01	7.84	1.243	271
47.744	13.78	22.04	0.01	7.87	1.243	271
47.776	13.75	22.01	0.04	7.89	1.243	271
47.808	13.74	22.00	0.02	7.87	1.243	271
47.840	13.74	22.01	-0.01	7.84	1.243	271
47.872	13.74	22.00	-0.01	7.84	1.243	271
47.904	13.75	22.02	0.02	7.87	1.243	271
47.936	13.72	21.99	0.04	7.89	1.243	271
47.968	13.74	22.01	0.02	7.87	1.243	271
48.000	13.72	21.99	-0.01	7.84	1.243	271
48.032	13.73	21.99	-0.01	7.84	1.243	271
48.064	13.72	21.99	0.01	7.86	1.243	271
48.096	13.73	22.00	0.04	7.89	1.243	271
48.128	13.71	21.98	0.02	7.87	1.243	271
48.160	13.73	22.00	-0.01	7.84	1.243	271
48.192	13.76	22.03	-0.01	7.84	1.243	271
48.224	13.82	22.09	0.01	7.86	1.243	271
48.256	13.76	22.02	0.04	7.89	1.243	271
48.288	13.79	22.05	0.02	7.87	1.243	271
48.320	13.73	22.00	-0.01	7.84	1.243	271
48.352	13.82	22.09	-0.01	7.84	1.243	271
48.384	13.76	22.02	0.01	7.86	1.243	271
48.416	13.82	22.09	0.04	7.89	1.243	271
48.448	13.77	22.04	0.02	7.87	1.243	271
48.480	13.82	22.09	-0.01	7.84	1.243	271
48.512	13.77	22.04	-0.01	7.84	1.243	271
48.544	13.76	22.03	0.01	7.86	1.243	271
48.576	13.74	22.00	0.04	7.89	1.243	271
48.608	13.73	21.99	0.02	7.87	1.243	271
48.640	13.73	22.00	-0.01	7.84	1.243	271
48.672	13.83	22.10	-0.01	7.84	1.243	271
48.704	13.83	22.10	0.01	7.86	1.243	271
48.736	13.87	22.14	0.04	7.89	1.243	271
48.768	13.81	22.07	0.02	7.87	1.243	271
48.800	13.84	22.10	-0.00	7.85	1.243	271
48.832	13.82	22.09	-0.01	7.84	1.243	271
48.864	13.81	22.08	0.01	7.86	1.243	271
48.896	13.80	22.07	0.04	7.89	1.243	271
48.928	13.83	22.09	0.03	7.88	1.243	271
48.960	13.84	22.10	-0.01	7.84	1.243	271
48.992	13.85	22.11	-0.01	7.84	1.243	271
49.024	13.84	22.10	0.01	7.86	1.243	271
49.056	13.81	22.07	0.04	7.89	1.243	271
49.088	13.80	22.07	0.03	7.88	1.243	271
49.120	13.81	22.08	-0.00	7.85	1.243	271
49.152	13.81	22.08	-0.01	7.84	1.243	271
49.184	13.85	22.12	0.01	7.86	1.243	271
49.216	13.86	22.12	0.03	7.88	1.243	271
49.248	13.87	22.13	0.02	7.87	1.243	271
49.280	13.90	22.16	-0.00	7.85	1.243	271
49.312	13.88	22.15	-0.01	7.84	1.243	271
49.344	13.88	22.14	0.01	7.86	1.243	271
49.376	13.82	22.09	0.04	7.89	1.243	271
49.408	13.87	22.13	0.03	7.88	1.243	271
49.440	13.87	22.13	0.00	7.85	1.243	271
49.472	13.91	22.17	-0.01	7.84	1.243	271
49.504	13.90	22.17	0.00	7.85	1.243	271
49.536	13.89	22.16	0.03	7.88	1.243	271
49.568	13.82	22.09	0.03	7.88	1.243	271
49.600	13.87	22.13	0.00	7.85	1.243	271
49.632	13.89	22.15	-0.01	7.84	1.243	271
49.664	13.90	22.17	0.01	7.86	1.243	271
49.696	13.91	22.18	0.04	7.89	1.243	271
49.728	13.89	22.15	0.03	7.88	1.243	271
49.760	13.96	22.22	0.00	7.85	1.243	271
49.792	13.88	22.15	-0.02	7.83	1.243	271
49.824	13.92	22.19	0.00	7.85	1.243	271
49.856	13.87	22.13	0.03	7.88	1.243	271
49.888	13.93	22.19	0.03	7.88	1.243	271
49.920	13.90	22.16	0.01	7.86	1.243	271
49.952	13.88	22.14	-0.01	7.84	1.243	271
49.984	13.89	22.16	0.00	7.85	1.243	271
50.016	13.87	22.14	0.03	7.88	1.243	271
50.048	13.92	22.19	0.03	7.88	1.243	271
50.080	13.92	22.18	0.00	7.85	1.243	271
50.112	13.98	22.25	-0.01	7.84	1.243	271
50.144	13.99	22.26	0.01	7.86	1.243	271
50.176	14.02	22.28	0.03	7.88	1.243	271
50.208	14.06	22.33	0.03	7.88	1.243	271
50.240	14.15	22.41	0.01	7.86	1.243	271
50.272	14.13	22.40	-0.01	7.84	1.243	271
50.304	14.16	22.43	0.00	7.85	1.243	271
50.336	14.19	22.46	0.03	7.88	1.243	271
50.368	14.23	22.50	0.03	7.88	1.243	271
50.400	14.23	22.49	0.01	7.86	1.243	271
50.432	14.23	22.50	-0.02	7.83	1.243	271
50.464	14.21	22.47	0.00	7.85	1.243	271
50.496	14.20	22.47	0.03	7.88	1.243	271
50.528	14.22	22.48	0.04	7.89	1.243	271
50.560	14.27	22.53	0.01	7.86	1.243	271
50.592	14.22	22.49	-0.02	7.83	1.243	271
50.624	14.23	22.49	0.00	7.85	1.243	271
50.656	14.18	22.45	0.03	7.88	1.243	271
50.688	14.23	22.50	0.03	7.88	1.243	271
50.720	14.18	22.44	0.02	7.87	1.243	271
50.752	14.19	22.45	-0.02	7.83	1.243	271
50.784	14.15	22.41	0.00	7.85	1.243	271
50.816	14.21	22.48	0.03	7.88	1.243	271
50.848	14.21	22.47	0.03	7.88	1.243	271
50.880	14.24	22.51	0.01	7.86	1.243	271
50.912	14.18	22.45	-0.02	7.83	1.243	271
50.944	14.21	22.48	-0.00	7.85	1.243	271
50.976	14.19	22.45	0.03	7.88	1.243	271
51.008	14.22	22.49	0.04	7.89	1.243	271
51.040	14.23	22.50	0.01	7.87	1.243	271
51.072	14.24	22.51	-0.02	7.83	1.243	271
51.104	14.25	22.52	-0.00	7.85	1.243	271
51.136	14.28	22.54	0.02	7.87	1.243	271
51.168	14.30	22.56	0.04	7.89	1.243	271
51.200	14.27	22.54	0.01	7.87	1.243	271
51.232	14.32	22.58	-0.01	7.84	1.243	271
51.264	14.28	22.55	-0.00	7.85	1.243	271
51.296	14.34	22.60	0.02	7.87	1.243	271
51.328	14.32	22.59	0.04	7.89	1.243	271
51.360	14.35	22.62	0.02	7.87	1.243	271
51.392	14.30	22.57	-0.01	7.84	1.243	271
51.424	14.33	22.59	-0.01	7.84	1.243	271
51.456	14.31	22.57	0.02	7.87	1.243	271
51.488	14.35	22.62	0.04	7.89	1.243	271
51.520	14.37	22.63	0.02	7.87	1.243	271
51.552	14.33	22.59	-0.01	7.84	1.243	271
51.584	14.33	22.59	-0.01	7.84	1.243	271
51.616	14.27	22.54	0.02	7.87	1.243	271
51.648	14.31	22.57	0.04	7.89	1.243	271
51.680	14.28	22.54	0.02	7.87	1.243	271
51.712	14.35	22.61	-0.01	7.84	1.243	271
51.744	14.34	22.60	-0.01	7.84	1.243	271
51.776	14.37	22.64	0.02	7.87	1.243	271
51.808	14.34	22.61	0.04	7.89	1.243	271
51.840	14.35	22.61	0.02	7.87	1.243	271
51.872	14.31	22.58	-0.01	7.84	1.243	271
51.904	14.31	22.57	-0.01	7.84	1.243	271
51.936	14.31	22.58	0.01	7.86	1.243	271
51.968	14.37	22.64	0.04	7.89	1.243	271
52.000	14.38	22.65	0.02	7.87	1.243	271
52.032	14.44	22.70	-0.01	7.84	1.243	271
52.064	14.37	22.64	-0.01	7.84	1.243	271
52.096	14.43	22.70	0.01	7.86	1.243	271
52.128	14.41	22.68	0.04	7.89	1.243	271
52.160	14.45	22.71	0.02	7.87	1.243	271
52.192	14.41	22.67	-0.01	7.84	1.243	271
52.224	14.41	22.68	-0.01	7.84	1.243	271
52.256	14.40	22.67	0.01	7.86	1.243	271
52.288	14.38	22.65	0.04	7.89	1.243	271
52.320	14.43	22.70	0.02	7.87	1.243	271
52.352	14.41	22.67	-0.01	7.84	1.243	271
52.384	14.43	22.70	-0.01	7.84	1.243	271
52.416	14.40	22.67	0.01	7.86	1.243	271
52.448	14.41	22.68	0.03	7.88	1.243	271
52.480	14.39	22.65	0.02	7.87	1.243	271
52.512	14.40	22.67	-0.00	7.85	1.243	271
52.544	14.42	22.69	-0.02	7.83	1.243	271
52.576	14.45	22.72	0.00	7.85	1.243	271
52.608	14.43	22.70	0.03	7.88	1.243	271
52.640	14.46	22.72	0.03	7.88	1.243	271
52.672	14.45	22.72	-0.01	7.84	1.243	271
52.704	14.49	22.75	-0.02	7.83	1.243	271
52.736	14.51	22.78	0.00	7.85	1.243	271
52.768	14.50	22.77	0.03	7.88	1.243	271
52.800	14.50	22.77	0.03	7.88	1.243	271
52.832	14.44	22.70	0.00	7.85	1.243	271
52.864	14.48	22.74	-0.01	7.84	1.243	271
52.896	14.45	22.72	0.01	7.86	1.243	271
52.928	14.54	22.81	0.03	7.88	1.243	271
52.960	14.55	22.81	0.03	7.88	1.243	271
52.992	14.56	22.82	0.00	7.85	1.243	271
53.024	14.60	22.87	-0.02	7.83	1.243	271
53.056	14.56	22.83	0.00	7.85	1.243	271
53.088	14.53	22.79	0.03	7.88	1.243	271
53.120	14.49	22.76	0.03	7.88	1.243	271
53.152	14.50	22.76	0.01	7.86	1.243	271
53.184	14.47	22.74	-0.01	7.84	1.243	271
53.216	14.52	22.79	0.00	7.85	1.243	271
53.248	14.47	22.73	0.03	7.88	1.243	271
53.280	14.49	22.76	0.03	7.88	1.243	271
53.312	14.47	22.74	0.01	7.86	1.243	271
53.344	14.52	22.79	-0.01	7.84	1.243	271
53.376	14.50	22.76	0.00	7.85	1.243	271
53.408	14.46	22.72	0.03	7.88	1.243	271
53.440	14.45	22.71	0.03	7.88	1.243	271
53.472	14.39	22.66	0.01	7.86	1.243	271
53.504	14.43	22.69	-0.02	7.83	1.243	271
53.536	14.34	22.61	0.00	7.85	1.243	271
53.568	14.36	22.62	0.03	7.88	1.243	271
53.600	14.35	22.62	0.03	7.88	1.243	271
53.632	14.43	22.69	0.01	7.86	1.243	271
53.664	14.39	22.66	-0.02	7.83	1.243	271
53.696	14.41	22.67	0.00	7.85	1.243	271
53.728	14.35	22.62	0.03	7.88	1.243	271
53.760	14.37	22.64	0.03	7.88	1.243	271
53.792	14.36	22.63	0.01	7.86	1.243	271
53.824	14.40	22.67	-0.02	7.83	1.243	271
53.856	14.35	22.62	0.00	7.85	1.243	271
53.888	14.36	22.62	0.03	7.88	1.243	271
53.920	14.35	22.61	0.03	7.88	1.243	271
53.952	14.20	22.46	0.01	7.86	1.243	271
53.984	14.25	22.51	-0.02	7.83	1.243	271
54.016	14.27	22.54	0.00	7.85	1.243	271
54.048	14.31	22.57	0.03	7.88	1.243	271
54.080	14.32	22.59	0.03	7.88	1.243	271
54.112	14.36	22.62	0.02	7.87	1.243	271
54.144	14.35	22.62	-0.01	7.84	1.243	271
54.176	14.30	22.57	0.00	7.85	1.243	271
54.208	14.30	22.56	0.03	7.88	1.243	271
54.240	14.28	22.54	0.04	7.89	1.243	271
54.272	14.33	22.60	0.01	7.87	1.243	271
54.304	14.29	22.56	-0.01	7.84	1.243	271
54.336	14.33	22.60	0.00	7.85	1.243	271
54.368	14.31	22.57	0.03	7.88	1.243	271
54.400	14.33	22.60	0.04	7.89	1.243	271
54.432	14.32	22.58	0.02	7.87	1.243	271
54.464	14.28	22.55	-0.01	7.84	1.243	271
54.496	14.35	22.62	0.00	7.85	1.243	271
54.528	14.38	22.64	0.02	7.87	1.243	271
54.560	14.41	22.68	0.04	7.89	1.243	271
54.592	14.38	22.65	0.02	7.87	1.243	271
54.624	14.41	22.68	-0.01	7.84	1.243	271
54.656	14.37	22.64	-0.00	7.85	1.243	271
54.688	14.38	22.65	0.02	7.87	1.243	271
54.720	14.34	22.60	0.04	7.89	1.243	271
54.752	14.42	22.69	0.02	7.87	1.243	271
54.784	14.40	22.67	-0.01	7.84	1.243	271
54.816	14.44	22.71	-0.01	7.84	1.243	271
54.848	14.44	22.70	0.02	7.87	1.243	271
54.880	14.48	22.75	0.04	7.89	1.243	271
54.912	14.46	22.72	0.02	7.87	1.243	271
54.944	14.44	22.71	-0.01	7.84	1.243	271
54.976	14.40	22.67	-0.01	7.84	1.243	271
55.008	14.43	22.70	0.02	7.87	1.243	271
55.040	14.43	22.69	0.04	7.89	1.243	271
55.072	14.42	22.69	0.02	7.87	1.243	271
55.104	14.36	22.63	-0.01	7.84	1.243	271
55.136	14.38	22.65	-0.00	7.85	1.243	271
55.168	14.38	22.64	0.01	7.86	1.243	271
55.200	14.49	22.75	0.04	7.89	1.243	271
55.232	14.42	22.69	0.02	7.87	1.243	271
55.264	14.49	22.76	-0.01	7.84	1.243	271
55.296	14.43	22.70	-0.00	7.85	1.243	271
55.328	14.47	22.73	0.01	7.87	1.243	271
55.360	14.39	22.65	0.04	7.89	1.243	271
55.392	14.30	22.57	0.02	7.87	1.243	271
55.424	14.25	22.51	-0.01	7.84	1.243	271
55.456	14.31	22.57	-0.01	7.84	1.239	270
55.488	14.30	22.57	0.01	7.86	1.239	270
55.520	14.33	22.59	0.04	7.89	1.239	270
55.552	14.29	22.56	0.02	7.87	1.239	270
55.584	14.35	22.61	-0.01	7.84	1.239	270
55.616	14.30	22.57	-0.01	7.84	1.239	270
55.648	14.32	22.58	0.01	7.86	1.239	270
55.680	14.32	22.58	0.04	7.89	1.239	270
55.712	14.31	22.57	0.02	7.87	1.239	270
55.744	14.27	22.54	-0.01	7.84	1.239	270
55.776	14.29	22.56	-0.01	7.84	1.239	270
55.808	14.29	22.56	0.01	7.86	1.239	270
55.840	14.26	22.52	0.03	7.88	1.239	270
55.872	14.23	22.50	0.02	7.87	1.239	270
55.904	14.26	22.52	-0.01	7.84	1.239	270
55.936	14.30	22.56	-0.01	7.84	1.243	271
55.968	14.31	22.58	0.01	7.86	1.243	271
56.000	14.36	22.62	0.03	7.88	1.243	271
56.032	14.36	22.63	0.02	7.87	1.243	271
56.064	14.36	22.63	-0.00	7.85	1.243	271
56.096	14.37	22.64	-0.02	7.83	1.243	271
56.128	14.37	22.63	0.01	7.86	1.243	271
56.160	14.40	22.66	0.03	7.88	1.243	271
56.192	14.38	22.65	0.02	7.87	1.243	271
56.224	14.42	22.69	0.00	7.85	1.243	271
56.256	14.42	22.69	-0.01	7.84	1.243	271
56.288	14.43	22.70	0.00	7.85	1.243	271
56.320	14.39	22.66	0.03	7.88	1.243	271
56.352	14.40	22.66	0.02	7.87	1.243	271
56.384	14.38	22.65	-0.01	7.84	1.243	271
56.416	14.39	22.65	-0.01	7.84	1.239	270
56.448	14.37	22.63	0.01	7.86	1.239	270
56.480	14.36	22.63	0.03	7.88	1.239	270
56.512	14.36	22.63	0.02	7.87	1.239	270
56.544	14.33	22.60	-0.00	7.85	1.239	270
56.576	14.41	22.68	-0.01	7.84	1.239	270
56.608	14.37	22.63	0.01	7.86	1.239	270
56.640	14.42	22.69	0.03	7.88	1.239	270
56.672	14.38	22.64	0.03	7.88	1.239	270
56.704	14.41	22.67	-0.00	7.85	1.239	270
56.736	14.39	22.66	-0.01	7.84	1.239	270
56.768	14.35	22.62	0.00	7.85	1.239	270
56.800	14.37	22.63	0.03	7.88	1.239	270
56.832	14.33	22.60	0.02	7.87	1.239	270
56.864	14.38	22.65	-0.00	7.85	1.243	271
56.896	14.38	22.64	-0.02	7.83	1.243	271
56.928	14.42	22.68	0.01	7.86	1.243	271
56.960	14.38	22.64	0.03	7.88	1.243	271
56.992	14.40	22.66	0.03	7.88	1.243	271
57.024	14.36	22.63	0.00	7.85	1.243	271
57.056	14.42	22.69	-0.02	7.83	1.243	271
57.088	14.40	22.66	0.01	7.86	1.243	271
57.120	14.39	22.66	0.03	7.88	1.243	271
57.152	14.36	22.63	0.03	7.88	1.243	271
57.184	14.37	22.64	0.00	7.85	1.243	271
57.216	14.33	22.60	-0.01	7.84	1.243	271
57.248	14.32	22.59	0.00	7.85	1.243	271
57.280	14.28	22.55	0.03	7.88	1.243	271
57.312	14.33	22.60	0.03	7.88	1.243	271
57.344	14.62	22.89	0.00	7.85	1.243	271
57.376	14.31	22.58	-0.02	7.83	1.243	271
57.408	14.30	22.57	0.00	7.85	1.243	271
57.440	14.31	22.58	0.03	7.88	1.243	271
57.472	14.25	22.51	0.03	7.88	1.243	271
57.504	14.33	22.59	0.01	7.86	1.243	271
57.536	14.34	22.61	-0.02	7.83	1.243	271
57.568	14.36	22.63	0.00	7.85	1.243	271
57.600	14.31	22.58	0.03	7.88	1.243	271
57.632	14.33	22.60	0.03	7.88	1.243	271
57.664	14.28	22.55	0.01	7.86	1.243	271
57.696	14.33	22.59	-0.02	7.83	1.243	271
57.728	14.28	22.55	0.00	7.85	1.243	271
57.760	14.34	22.61	0.03	7.88	1.243	271
57.792	14.34	22.60	0.03	7.88	1.239	270
57.824	14.39	22.65	0.01	7.86	1.239	270
57.856	14.34	22.61	-0.01	7.84	1.239	270
57.888	14.33	22.60	0.00	7.85	1.239	270
57.920	14.32	22.59	0.03	7.88	1.239	270
57.952	14.33	22.60	0.03	7.88	1.239	270
57.984	14.38	22.64	0.00	7.85	1.239	270
58.016	14.41	22.67	-0.02	7.83	1.239	270
58.048	14.42	22.69	0.00	7.85	1.239	270
58.080	14.37	22.63	0.03	7.88	1.239	270
58.112	14.35	22.62	0.03	7.88	1.239	270
58.144	14.35	22.61	0.01	7.86	1.239	270
58.176	14.33	22.59	-0.02	7.83	1.239	270
58.208	14.29	22.55	0.00	7.85	1.239	270
58.240	14.34	22.61	0.03	7.88	1.239	270
58.272	14.32	22.58	0.03	7.88	1.243	271
58.304	14.37	22.64	0.01	7.86	1.243	271
58.336	14.32	22.58	-0.02	7.83	1.243	271
58.368	14.36	22.62	0.00	7.85	1.243	271
58.400	14.31	22.57	0.03	7.88	1.243	271
58.432	14.35	22.62	0.03	7.88	1.243	271
58.464	14.37	22.63	0.01	7.86	1.243	271
58.496	14.40	22.66	-0.02	7.83	1.243	271
58.528	14.33	22.60	0.00	7.85	1.243	271
58.560	14.35	22.61	0.03	7.88	1.243	271
58.592	14.32	22.59	0.03	7.88	1.243	271
58.624	14.33	22.60	0.01	7.86	1.243	271
58.656	14.31	22.58	-0.02	7.83	1.243	271
58.688	14.34	22.61	0.00	7.85	1.243	271
58.720	14.37	22.64	0.03	7.88	1.243	271
58.752	14.35	22.62	0.03	7.88	1.239	270
58.784	14.40	22.67	0.01	7.86	1.239	270
58.816	14.36	22.63	-0.01	7.84	1.239	270
58.848	14.41	22.67	0.00	7.85	1.239	270
58.880	14.32	22.59	0.02	7.87	1.239	270
58.912	14.39	22.65	0.03	7.88	1.239	270
58.944	14.34	22.61	0.01	7.86	1.239	270
58.976	14.39	22.66	-0.02	7.83	1.239	270
59.008	14.31	22.57	0.00	7.85	1.239	270
59.040	14.33	22.60	0.03	7.88	1.239	270
59.072	14.29	22.55	0.03	7.88	1.239	270
59.104	14.31	22.58	0.01	7.86	1.239	270
59.136	14.34	22.61	-0.01	7.84	1.239	270
59.168	14.34	22.61	0.00	7.85	1.239	270
59.200	14.37	22.63	0.03	7.88	1.239	270
59.232	14.37	22.64	0.03	7.88	1.239	270
59.264	14.38	22.64	0.01	7.86	1.239	270
59.296	14.35	22.62	-0.02	7.83	1.239	270
59.328	14.39	22.65	0.00	7.85	1.239	270
59.360	14.37	22.63	0.03	7.88	1.239	270
59.392	14.45	22.71	0.03	7.88	1.239	270
59.424	14.41	22.67	0.01	7.86	1.239	270
59.456	14.46	22.72	-0.02	7.83	1.239	270
59.488	14.39	22.66	0.00	7.85	1.239	270
59.520	14.45	22.71	0.03	7.88	1.239	270
59.552	14.42	22.69	0.03	7.88	1.239	270
59.584	14.45	22.71	0.01	7.86	1.239	270
59.616	14.38	22.65	-0.01	7.84	1.239	270
59.648	14.28	22.55	0.00	7.85	1.239	270
59.680	14.27	22.54	0.03	7.88	1.243	271
59.712	14.31	22.57	0.03	7.88	1.243	271
59.744	14.27	22.53	0.01	7.86	1.243	271
59.776	14.29	22.55	-0.01	7.84	1.243	271
59.808	14.26	22.53	0.00	7.85	1.243	271
59.840	14.30	22.56	0.03	7.88	1.243	271
59.872	14.32	22.58	0.03	7.88	1.243	271
59.904	14.33	22.59	0.01	7.86	1.243	271
59.936	14.28	22.55	-0.02	7.83	1.243	271
59.968	14.28	22.55	0.00	7.85	1.243	271
60.000	14.24	22.50	0.02	7.87	1.243	271
60.032	14.27	22.53	0.04	7.89	1.243	271
60.064	14.19	22.46	0.02	7.87	1.243	271
60.096	14.19	22.46	-0.01	7.84	1.243	271
60.128	14.20	22.46	0.00	7.85	1.243	271
60.160	14.21	22.47	0.03	7.88	1.239	270
60.192	14.26	22.53	0.04	7.89	1.239	270
60.224	14.24	22.51	0.01	7.87	1.239	270
60.256	14.28	22.55	-0.01	7.84	1.239	270
60.288	14.23	22.49	-0.00	7.85	1.239	270
60.320	14.27	22.54	0.03	7.88	1.239	270
60.352	14.25	22.51	0.03	7.88	1.239	270
60.384	14.30	22.57	0.01	7.86	1.239	270
60.416	14.24	22.51	-0.01	7.84	1.239	270
60.448	14.30	22.57	-0.00	7.85	1.239	270
60.480	14.12	22.39	0.03	7.88	1.239	270
60.512	14.16	22.43	0.04	7.89	1.239	270
60.544	14.11	22.38	0.01	7.86	1.239	270
60.576	14.14	22.40	-0.02	7.83	1.239	270
60.608	14.13	22.39	0.00	7.85	1.239	270
60.640	14.15	22.41	0.03	7.88	1.239	270
60.672	14.15	22.42	0.04	7.89	1.239	270
60.704	14.16	22.43	0.01	7.87	1.239	270
60.736	14.13	22.40	-0.02	7.83	1.239	270
60.768	14.15	22.41	0.00	7.85	1.239	270
60.800	14.15	22.42	0.02	7.87	1.239	270
60.832	14.22	22.49	0.04	7.89	1.239	270
60.864	14.18	22.44	0.01	7.87	1.239	270
60.896	14.24	22.50	-0.02	7.83	1.239	270
60.928	14.20	22.47	0.00	7.85	1.239	270
60.960	14.25	22.52	0.03	7.88	1.239	270
60.992	14.25	22.52	0.04	7.89	1.239	270
61.024	14.21	22.48	0.02	7.87	1.239	270
61.056	14.22	22.49	-0.02	7.83	1.239	270
61.088	14.20	22.46	-0.00	7.85	1.243	271
61.120	14.24	22.50	0.02	7.87	1.243	271
61.152	14.21	22.48	0.04	7.89	1.243	271
61.184	14.25	22.52	0.01	7.87	1.243	271
61.216	14.23	22.49	-0.02	7.83	1.243	271
61.248	14.27	22.54	0.00	7.85	1.243	271
61.280	14.27	22.53	0.02	7.87	1.243	271
61.312	14.30	22.57	0.03	7.88	1.243	271
61.344	14.28	22.55	0.01	7.87	1.243	271
61.376	14.32	22.59	-0.02	7.83	1.243	271
61.408	14.29	22.56	0.00	7.85	1.243	271
61.440	14.32	22.59	0.03	7.88	1.243	271
61.472	14.26	22.52	0.03	7.88	1.243	271
61.504	14.33	22.60	0.02	7.87	1.243	271
61.536	14.30	22.57	-0.01	7.84	1.243	271
61.568	14.36	22.63	0.00	7.85	1.243	271
61.600	14.33	22.59	0.02	7.87	1.243	271
61.632	14.36	22.62	0.03	7.88	1.243	271
61.664	14.32	22.58	0.01	7.86	1.243	271
61.696	14.33	22.60	-0.01	7.84	1.243	271
61.728	14.31	22.58	0.00	7.85	1.243	271
61.760	14.33	22.59	0.02	7.87	1.243	271
61.792	14.30	22.57	0.04	7.89	1.243	271
61.824	14.36	22.62	0.01	7.86	1.243	271
61.856	14.30	22.57	-0.01	7.84	1.243	271
61.888	14.32	22.59	0.00	7.85	1.243	271
61.920	14.33	22.60	0.03	7.88	1.243	271
61.952	14.31	22.57	0.03	7.88	1.243	271
61.984	14.31	22.57	0.01	7.87	1.243	271
62.016	14.29	22.55	-0.01	7.84	1.243	271
62.048	14.35	22.62	0.00	7.85	1.243	271
62.080	14.30	22.57	0.02	7.87	1.243	271
62.112	14.34	22.60	0.03	7.88	1.243	271
62.144	14.29	22.56	0.01	7.86	1.243	271
62.176	14.31	22.57	-0.01	7.84	1.243	271
62.208	14.30	22.57	0.00	7.85	1.243	271
62.240	14.37	22.63	0.03	7.88	1.243	271
62.272	14.33	22.60	0.04	7.89	1.243	271
62.304	14.37	22.63	0.01	7.87	1.243	271
62.336	14.37	22.63	-0.02	7.83	1.243	271
62.368	14.37	22.63	0.00	7.85	1.243	271
62.400	14.38	22.64	0.03	7.88	1.243	271
62.432	14.36	22.62	0.04	7.89	1.243	271
62.464	14.39	22.66	0.01	7.86	1.243	271
62.496	14.34	22.61	-0.01	7.84	1.243	271
62.528	14.37	22.64	0.00	7.85	1.243	271
62.560	14.30	22.57	0.03	7.88	1.243	271
62.592	14.36	22.63	0.04	7.89	1.243	271
62.624	14.32	22.59	0.01	7.86	1.243	271
62.656	14.45	22.71	-0.01	7.84	1.243	271
62.688	14.41	22.68	0.00	7.85	1.243	271
62.720	14.44	22.71	0.03	7.88	1.243	271
62.752	14.45	22.71	0.03	7.88	1.243	271
62.784	14.42	22.68	0.02	7.87	1.243	271
62.816	14.44	22.71	-0.01	7.84	1.243	271
62.848	14.39	22.65	0.00	7.85	1.243	271
62.880	14.41	22.68	0.03	7.88	1.243	271
62.912	14.35	22.61	0.03	7.88	1.243	271
62.944	14.39	22.65	0.01	7.86	1.243	271
62.976	14.33	22.60	-0.01	7.84	1.243	271
63.008	14.35	22.62	0.00	7.85	1.243	271
63.040	14.33	22.60	0.03	7.88	1.243	271
63.072	14.36	22.63	0.03	7.88	1.243	271
63.104	14.31	22.58	0.01	7.87	1.243	271
63.136	14.34	22.61	-0.01	7.84	1.243	271
63.168	14.36	22.62	0.00	7.85	1.243	271
63.200	14.34	22.61	0.02	7.87	1.243	271
63.232	14.38	22.64	0.03	7.88	1.243	271
63.264	14.40	22.67	0.01	7.86	1.243	271
63.296	14.44	22.71	-0.01	7.84	1.243	271
63.328	14.38	22.64	0.00	7.85	1.243	271
63.360	14.38	22.65	0.03	7.88	1.243	271
63.392	14.32	22.59	0.03	7.88	1.243	271
63.424	14.36	22.63	0.01	7.86	1.243	271
63.456	14.34	22.60	-0.02	7.83	1.243	271
63.488	14.36	22.63	0.00	7.85	1.243	271
63.520	14.37	22.63	0.02	7.87	1.243	271
63.552	14.36	22.63	0.03	7.88	1.243	271
63.584	14.40	22.67	0.01	7.86	1.243	271
63.616	14.45	22.72	-0.01	7.84	1.243	271
63.648	14.44	22.71	0.00	7.85	1.243	271
63.680	14.48	22.74	0.03	7.88	1.243	271
63.712	14.42	22.69	0.03	7.88	1.243	271
63.744	14.43	22.69	0.01	7.86	1.243	271
63.776	14.42	22.69	-0.02	7.83	1.243	271
63.808	14.41	22.67	0.00	7.85	1.243	271
63.840	14.40	22.67	0.03	7.88	1.243	271
63.872	14.40	22.67	0.03	7.88	1.243	271
63.904	14.42	22.69	0.01	7.87	1.243	271
63.936	14.38	22.64	-0.02	7.83	1.243	271
63.968	14.40	22.67	0.00	7.85	1.243	271
64.000	14.39	22.66	0.03	7.88	1.243	271
64.032	14.40	22.66	0.03	7.88	1.243	271
64.064	14.43	22.70	0.01	7.86	1.243	271
64.096	14.42	22.69	-0.01	7.84	1.243	271
64.128	14.45	22.72	0.00	7.85	1.243	271
64.160	14.41	22.67	0.03	7.88	1.243	271
64.192	14.42	22.69	0.03	7.88	1.243	271
64.224	14.44	22.70	0.01	7.86	1.243	271
64.256	14.37	22.64	-0.01	7.84	1.243	271
64.288	14.37	22.64	0.00	7.85	1.243	271
64.320	14.33	22.60	0.03	7.88	1.243	271
64.352	14.36	22.63	0.03	7.88	1.248	272
64.384	14.35	22.62	0.02	7.87	1.248	272
64.416	14.36	22.62	-0.01	7.84	1.248	272
64.448	14.34	22.61	0.00	7.85	1.248	272
64.480	14.32	22.59	0.03	7.88	1.248	272
64.512	14.35	22.62	0.03	7.88	1.248	272
64.544	14.36	22.63	0.01	7.86	1.248	272
64.576	14.42	22.69	-0.02	7.83	1.248	272
64.608	13.17	21.43	-0.00	7.85	1.248	272
64.640	5.35	13.62	0.02	7.87	1.248	272
64.672	-1.68	6.59	0.03	7.88	1.248	272
64.704	-3.48	4.79	0.01	7.86	1.248	272
64.736	-5.40	2.86	-0.02	7.83	1.248	272
64.768	-4.08	4.18	0.01	7.86	1.248	272
64.800	-2.74	5.53	0.04	7.89	1.248	272
64.832	-0.65	7.62	0.04	7.89	0.867	189
64.864	0.20	8.47	0.02	7.87	0.867	189
64.896	-0.05	8.21	-0.01	7.84	0.867	189
64.928	-0.79	7.48	0.01	7.87	0.867	189
64.960	-1.75	6.52	0.04	7.89	0.867	189
64.992	-2.27	6.00	0.04	7.89	0.867	189
65.024	-2.19	6.08	0.02	7.87	0.867	189
65.056	-1.85	6.42	-0.01	7.84	0.867	189
65.088	-1.33	6.93	0.01	7.87	0.867	189
65.120	-0.99	7.27	0.04	7.89	0.867	189
