Tempo(s)    P0(KPa) P0+Coluna(KPa)  P1(KPa) P1+Coluna(KPa)  Vazao(L/min)    Pulsos
0.000	-0.07	7.38	0.00	7.78	0.000	0
0.032	-0.07	7.38	0.01	7.79	0.000	0
0.064	-0.08	7.38	0.03	7.81	0.000	0
0.096	-0.08	7.37	0.01	7.79	0.000	0
0.128	-0.10	7.35	-0.02	7.76	0.000	0
0.160	-0.11	7.35	-0.02	7.77	0.000	0
0.192	-0.12	7.34	0.01	7.79	0.000	0
0.224	-0.12	7.33	0.03	7.81	0.000	0
0.256	-0.13	7.33	0.01	7.79	0.000	0
0.288	-0.14	7.31	-0.02	7.76	0.000	0
0.320	-0.14	7.32	-0.01	7.77	0.000	0
0.352	-0.14	7.31	0.01	7.79	0.000	0
0.384	-0.15	7.30	0.03	7.81	0.000	0
0.416	-0.16	7.29	0.01	7.79	0.000	0
0.448	-0.16	7.29	-0.02	7.76	0.000	0
0.480	-0.17	7.28	-0.01	7.77	0.000	0
0.512	-0.18	7.28	0.01	7.79	0.000	0
0.544	-0.19	7.27	0.03	7.81	0.000	0
0.576	-0.20	7.25	0.01	7.79	0.000	0
0.608	-0.22	7.24	-0.02	7.76	0.000	0
0.640	-0.21	7.24	-0.01	7.77	0.000	0
0.672	-0.21	7.24	0.01	7.79	0.000	0
0.704	-0.23	7.22	0.03	7.81	0.000	0
0.736	-0.26	7.20	0.01	7.79	0.000	0
0.768	-0.26	7.20	-0.02	7.76	0.000	0
0.800	-0.25	7.20	-0.01	7.77	0.000	0
0.832	-0.26	7.19	0.01	7.79	0.000	0
0.864	-0.27	7.18	0.03	7.81	0.000	0
0.896	-0.28	7.18	0.01	7.80	0.000	0
0.928	-0.29	7.16	-0.02	7.77	0.000	0
0.960	-0.31	7.14	-0.01	7.77	0.000	0
0.992	-0.33	7.13	0.01	7.79	0.000	0
1.024	-0.32	7.13	0.03	7.81	0.000	0
1.056	-0.34	7.12	0.02	7.80	0.000	0
1.088	-0.36	7.09	-0.01	7.77	0.000	0
1.120	-0.41	7.05	-0.01	7.77	0.000	0
1.152	-0.40	7.05	0.01	7.79	0.000	0
1.184	-0.40	7.05	0.03	7.82	0.000	0
1.216	-0.40	7.06	0.02	7.80	0.000	0
1.248	-0.38	7.07	-0.01	7.77	0.000	0
1.280	-0.38	7.07	-0.01	7.77	0.000	0
1.312	-0.37	7.09	0.01	7.79	0.000	0
1.344	-0.38	7.08	0.03	7.82	0.000	0
1.376	-0.38	7.08	0.01	7.79	0.000	0
1.408	-0.38	7.08	-0.01	7.77	0.000	0
1.440	-0.38	7.07	-0.01	7.77	0.000	0
1.472	-0.37	7.09	0.01	7.79	0.000	0
1.504	-0.37	7.09	0.03	7.82	0.000	0
1.536	-0.35	7.10	0.01	7.80	0.000	0
1.568	-0.35	7.10	-0.02	7.76	0.000	0
1.600	-0.36	7.10	-0.01	7.77	0.000	0
1.632	-0.36	7.10	0.01	7.79	0.000	0
1.664	-0.37	7.09	0.03	7.81	0.000	0
1.696	-0.37	7.09	0.01	7.79	0.000	0
1.728	-0.37	7.08	-0.01	7.77	0.000	0
1.760	-0.37	7.08	-0.01	7.77	0.000	0
1.792	-0.37	7.08	0.01	7.79	0.000	0
1.824	-0.36	7.09	0.03	7.82	0.000	0
1.856	1.99	9.44	0.04	7.82	0.000	0
1.888	14.56	22.01	0.01	7.79	0.000	0
1.920	16.85	24.30	0.01	7.79	0.000	0
1.952	15.01	22.47	0.03	7.81	0.000	0
1.984	15.64	23.10	0.05	7.84	0.000	0
2.016	16.12	23.57	0.03	7.81	0.000	0
2.048	15.72	23.17	0.01	7.79	0.000	0
2.080	15.87	23.32	0.01	7.79	0.000	0
2.112	15.91	23.37	0.03	7.82	0.638	139
2.144	15.95	23.40	0.05	7.83	0.638	139
2.176	15.97	23.43	0.04	7.82	0.638	139
2.208	16.03	23.48	0.01	7.79	0.638	139
2.240	16.01	23.46	0.01	7.79	0.638	139
2.272	16.06	23.52	0.03	7.81	0.638	139
2.304	16.11	23.57	0.05	7.83	0.638	139
2.336	16.12	23.57	0.04	7.82	0.638	139
2.368	16.10	23.55	0.01	7.79	0.638	139
2.400	16.17	23.62	0.01	7.79	0.638	139
2.432	16.19	23.64	0.03	7.81	0.638	139
2.464	16.23	23.68	0.05	7.83	0.638	139
2.496	16.25	23.70	0.04	7.82	0.638	139
2.528	16.22	23.67	0.01	7.79	0.638	139
2.560	16.23	23.68	0.01	7.79	0.638	139
2.592	16.21	23.66	0.03	7.81	1.229	268
2.624	16.22	23.67	0.05	7.84	1.229	268
2.656	16.22	23.68	0.04	7.82	1.229	268
2.688	16.24	23.70	0.01	7.79	1.229	268
2.720	16.27	23.73	0.00	7.79	1.229	268
2.752	16.26	23.71	0.03	7.81	1.229	268
2.784	16.27	23.72	0.05	7.84	1.229	268
2.816	16.29	23.75	0.04	7.82	1.229	268
2.848	16.30	23.75	0.01	7.79	1.229	268
2.880	16.27	23.73	0.01	7.79	1.229	268
2.912	16.26	23.71	0.03	7.81	1.229	268
2.944	16.29	23.74	0.05	7.83	1.229	268
2.976	16.28	23.73	0.04	7.82	1.229	268
3.008	16.30	23.75	0.01	7.79	1.229	268
3.040	16.27	23.72	0.01	7.79	1.229	268
3.072	16.31	23.77	0.03	7.81	1.234	269
3.104	16.20	23.66	0.05	7.83	1.234	269
3.136	16.30	23.75	0.04	7.82	1.234	269
3.168	16.28	23.73	0.01	7.79	1.234	269
3.200	16.29	23.74	0.01	7.79	1.234	269
3.232	16.30	23.75	0.03	7.81	1.234	269
3.264	16.29	23.74	0.05	7.84	1.234	269
3.296	16.30	23.75	0.04	7.82	1.234	269
3.328	16.29	23.75	0.01	7.79	1.234	269
3.360	16.28	23.73	0.01	7.79	1.234	269
3.392	16.23	23.68	0.03	7.81	1.234	269
3.424	16.26	23.72	0.05	7.84	1.234	269
3.456	16.26	23.72	0.04	7.82	1.234	269
3.488	16.24	23.69	0.02	7.80	1.234	269
3.520	16.25	23.70	0.01	7.79	1.239	270
3.552	16.23	23.69	0.03	7.81	1.239	270
3.584	16.28	23.73	0.05	7.83	1.239	270
3.616	16.28	23.73	0.04	7.82	1.239	270
3.648	16.31	23.77	0.01	7.80	1.239	270
3.680	16.28	23.74	0.01	7.79	1.239	270
3.712	16.29	23.74	0.03	7.81	1.239	270
3.744	16.32	23.77	0.05	7.83	1.239	270
3.776	16.29	23.75	0.04	7.82	1.239	270
3.808	16.29	23.74	0.02	7.80	1.239	270
3.840	16.27	23.72	0.00	7.79	1.239	270
3.872	16.30	23.75	0.03	7.81	1.239	270
3.904	16.31	23.77	0.05	7.83	1.239	270
3.936	16.30	23.75	0.04	7.83	1.239	270
3.968	16.26	23.71	0.02	7.80	1.239	270
4.000	16.28	23.73	0.00	7.79	1.239	270
4.032	16.30	23.75	0.03	7.81	1.239	270
4.064	16.29	23.74	0.05	7.84	1.239	270
4.096	16.28	23.74	0.04	7.83	1.239	270
4.128	16.25	23.71	0.02	7.80	1.239	270
4.160	16.29	23.74	0.00	7.79	1.239	270
4.192	16.28	23.73	0.03	7.81	1.239	270
4.224	16.27	23.73	0.05	7.83	1.239	270
4.256	16.29	23.75	0.02	7.80	1.239	270
4.288	16.67	24.12	-0.01	7.78	1.239	270
4.320	16.65	24.10	-0.02	7.76	1.239	270
4.352	16.64	24.10	0.00	7.78	1.239	270
4.384	16.63	24.08	0.03	7.81	1.239	270
4.416	16.60	24.05	0.02	7.80	1.239	270
4.448	16.54	23.99	-0.00	7.78	1.239	270
4.480	16.52	23.97	-0.02	7.76	1.239	270
4.512	16.53	23.98	-0.00	7.78	1.239	270
4.544	16.59	24.05	0.02	7.80	1.239	270
4.576	16.51	23.96	0.02	7.80	1.239	270
4.608	16.51	23.96	0.00	7.78	1.239	270
4.640	16.52	23.98	-0.02	7.76	1.239	270
4.672	16.55	24.00	-0.00	7.78	1.239	270
4.704	16.53	23.99	0.03	7.81	1.239	270
4.736	16.59	24.04	0.02	7.80	1.239	270
4.768	16.52	23.97	0.00	7.78	1.239	270
4.800	16.51	23.97	-0.02	7.76	1.239	270
4.832	16.45	23.90	0.00	7.79	1.239	270
4.864	16.49	23.94	0.03	7.81	1.239	270
4.896	16.46	23.92	0.03	7.81	1.239	270
4.928	16.44	23.90	0.00	7.79	1.248	272
4.960	16.48	23.94	-0.02	7.76	1.248	272
4.992	16.46	23.92	0.00	7.78	1.248	272
5.024	16.47	23.93	0.02	7.80	1.248	272
5.056	16.43	23.88	0.03	7.81	1.248	272
5.088	16.44	23.90	0.01	7.79	1.248	272
5.120	16.94	24.39	-0.03	7.75	1.248	272
5.152	17.08	24.54	-0.01	7.77	1.248	272
5.184	17.01	24.46	0.01	7.79	1.248	272
5.216	17.07	24.52	0.01	7.79	1.248	272
5.248	17.04	24.50	-0.00	7.78	1.248	272
5.280	17.06	24.52	-0.04	7.74	1.248	272
5.312	17.10	24.55	-0.01	7.77	1.248	272
5.344	17.08	24.54	0.01	7.79	1.248	272
5.376	17.09	24.55	0.02	7.80	1.248	272
5.408	17.07	24.53	-0.00	7.78	1.239	270
5.440	17.13	24.58	-0.03	7.75	1.239	270
5.472	17.10	24.56	-0.01	7.77	1.239	270
5.504	17.16	24.61	0.01	7.79	1.239	270
5.536	17.12	24.57	0.02	7.80	1.239	270
5.568	17.15	24.60	0.00	7.78	1.239	270
5.600	17.11	24.57	-0.03	7.75	1.239	270
5.632	17.13	24.58	-0.02	7.77	1.239	270
5.664	17.11	24.56	0.01	7.79	1.239	270
5.696	17.14	24.60	0.02	7.80	1.239	270
5.728	17.12	24.57	0.00	7.78	1.239	270
5.760	17.11	24.56	-0.03	7.75	1.239	270
5.792	17.07	24.52	-0.01	7.77	1.239	270
5.824	17.11	24.56	0.01	7.79	1.239	270
5.856	17.05	24.51	0.02	7.80	1.243	271
5.888	17.12	24.58	0.00	7.78	1.243	271
5.920	17.07	24.52	-0.03	7.75	1.243	271
5.952	17.08	24.53	-0.02	7.77	1.243	271
5.984	17.05	24.51	0.01	7.79	1.243	271
6.016	17.10	24.55	0.02	7.80	1.243	271
6.048	17.09	24.54	0.00	7.78	1.243	271
6.080	17.10	24.55	-0.03	7.75	1.243	271
6.112	17.11	24.56	-0.01	7.77	1.243	271
6.144	17.10	24.55	0.01	7.79	1.243	271
6.176	17.11	24.56	0.03	7.81	1.243	271
6.208	17.06	24.51	0.00	7.79	1.243	271
6.240	17.09	24.55	-0.03	7.75	1.243	271
6.272	17.04	24.49	-0.02	7.76	1.243	271
6.304	17.08	24.53	0.00	7.79	1.243	271
6.336	17.04	24.50	0.02	7.80	1.239	270
6.368	17.09	24.54	0.00	7.79	1.239	270
6.400	17.07	24.52	-0.03	7.75	1.239	270
6.432	17.07	24.53	-0.02	7.76	1.239	270
6.464	17.04	24.50	0.00	7.78	1.239	270
6.496	17.05	24.50	0.02	7.80	1.239	270
6.528	17.01	24.46	0.00	7.78	1.239	270
6.560	17.04	24.49	-0.03	7.75	1.239	270
6.592	17.02	24.47	-0.02	7.76	1.239	270
6.624	17.04	24.49	0.00	7.78	1.239	270
6.656	17.02	24.47	0.02	7.80	1.239	270
6.688	17.03	24.48	0.01	7.79	1.239	270
6.720	17.02	24.47	-0.02	7.76	1.239	270
6.752	17.02	24.48	-0.02	7.76	1.239	270
6.784	17.07	24.52	0.00	7.78	1.239	270
6.816	17.07	24.53	0.02	7.80	1.239	270
6.848	17.05	24.50	0.00	7.79	1.239	270
6.880	17.02	24.47	-0.02	7.76	1.239	270
6.912	16.99	24.45	-0.02	7.76	1.239	270
6.944	17.01	24.47	0.00	7.78	1.239	270
6.976	17.00	24.45	0.02	7.80	1.239	270
7.008	16.96	24.41	0.00	7.79	1.239	270
7.040	16.91	24.37	-0.02	7.76	1.239	270
7.072	16.88	24.33	-0.02	7.76	1.239	270
7.104	16.88	24.33	0.00	7.78	1.239	270
7.136	16.91	24.37	0.03	7.81	1.239	270
7.168	16.91	24.36	0.01	7.79	1.239	270
7.200	16.87	24.32	-0.02	7.76	1.239	270
7.232	16.82	24.27	-0.02	7.76	1.239	270
7.264	16.85	24.30	0.00	7.78	1.239	270
7.296	16.82	24.28	0.03	7.81	1.239	270
7.328	16.86	24.31	0.01	7.79	1.239	270
7.360	16.82	24.27	-0.01	7.77	1.239	270
7.392	16.83	24.28	-0.02	7.76	1.239	270
7.424	16.80	24.25	0.00	7.79	1.239	270
7.456	16.83	24.28	0.03	7.81	1.239	270
7.488	16.77	24.23	0.01	7.79	1.239	270
7.520	16.86	24.31	-0.01	7.77	1.239	270
7.552	16.84	24.29	-0.02	7.76	1.239	270
7.584	16.86	24.31	-0.00	7.78	1.239	270
7.616	16.84	24.29	0.03	7.81	1.239	270
7.648	16.85	24.30	0.01	7.79	1.239	270
7.680	16.83	24.28	-0.01	7.77	1.239	270
7.712	16.84	24.29	-0.02	7.76	1.239	270
7.744	16.82	24.27	0.00	7.78	1.239	270
7.776	16.81	24.27	0.03	7.81	1.239	270
7.808	16.80	24.26	0.01	7.80	1.239	270
7.840	16.78	24.24	-0.01	7.78	1.239	270
7.872	16.77	24.23	-0.02	7.76	1.239	270
7.904	16.81	24.27	-0.00	7.78	1.239	270
7.936	16.78	24.23	0.02	7.80	1.239	270
7.968	16.71	24.17	0.02	7.80	1.239	270
8.000	16.76	24.21	-0.00	7.78	1.239	270
8.032	16.73	24.19	-0.02	7.76	1.239	270
8.064	16.75	24.20	0.00	7.78	1.239	270
8.096	16.70	24.15	0.03	7.81	1.239	270
8.128	16.76	24.22	0.02	7.80	1.239	270
8.160	16.74	24.19	0.00	7.78	1.239	270
8.192	16.72	24.17	-0.02	7.76	1.239	270
8.224	16.69	24.15	-0.00	7.78	1.239	270
8.256	16.68	24.13	0.03	7.81	1.239	270
8.288	16.67	24.12	0.02	7.80	1.239	270
8.320	16.67	24.12	-0.00	7.78	1.239	270
8.352	16.64	24.10	-0.02	7.76	1.239	270
8.384	16.65	24.10	0.01	7.79	1.239	270
8.416	16.57	24.03	0.03	7.81	1.239	270
8.448	16.59	24.05	0.03	7.81	1.239	270
8.480	16.58	24.03	0.00	7.78	1.239	270
8.512	16.57	24.02	-0.02	7.76	1.239	270
8.544	16.56	24.02	0.00	7.78	1.239	270
8.576	16.58	24.03	0.03	7.81	1.239	270
8.608	16.55	24.00	0.03	7.81	1.239	270
8.640	16.47	23.93	0.01	7.79	1.239	270
8.672	16.51	23.96	-0.01	7.77	1.239	270
8.704	16.47	23.92	0.00	7.79	1.239	270
8.736	16.45	23.90	0.03	7.82	1.239	270
8.768	16.34	23.80	0.04	7.82	1.239	270
8.800	16.20	23.65	0.01	7.80	1.239	270
8.832	16.25	23.70	-0.01	7.77	1.239	270
8.864	16.18	23.64	0.01	7.79	1.239	270
8.896	16.12	23.58	0.03	7.82	1.239	270
8.928	16.07	23.53	0.04	7.82	1.239	270
8.960	16.14	23.60	0.02	7.80	1.239	270
8.992	16.13	23.59	-0.01	7.77	1.239	270
9.024	16.07	23.52	0.01	7.79	1.239	270
9.056	16.07	23.53	0.04	7.82	1.239	270
9.088	16.01	23.46	0.04	7.82	1.239	270
9.120	15.95	23.40	0.02	7.80	1.239	270
9.152	16.09	23.54	-0.01	7.77	1.239	270
9.184	16.13	23.58	0.01	7.79	1.239	270
9.216	16.09	23.55	0.03	7.82	1.239	270
9.248	16.07	23.53	0.04	7.82	1.239	270
9.280	16.06	23.52	0.02	7.80	1.239	270
9.312	16.04	23.49	-0.01	7.78	1.239	270
9.344	16.02	23.48	0.01	7.79	1.239	270
9.376	16.01	23.47	0.04	7.82	1.239	270
9.408	15.98	23.43	0.05	7.83	1.239	270
9.440	15.94	23.39	0.03	7.81	1.239	270
9.472	15.96	23.41	-0.00	7.78	1.239	270
9.504	15.96	23.41	0.01	7.79	1.239	270
9.536	15.94	23.39	0.04	7.82	1.239	270
9.568	15.94	23.39	0.05	7.83	1.239	270
9.600	15.88	23.33	0.03	7.81	1.239	270
9.632	15.89	23.35	0.00	7.78	1.243	271
9.664	15.92	23.37	0.01	7.80	1.243	271
9.696	16.02	23.48	0.04	7.82	1.243	271
9.728	15.99	23.44	0.05	7.83	1.243	271
9.760	15.91	23.37	0.03	7.82	1.243	271
9.792	15.92	23.37	-0.00	7.78	1.243	271
9.824	15.95	23.40	0.01	7.79	1.243	271
9.856	15.96	23.41	0.03	7.82	1.243	271
9.888	16.05	23.50	0.05	7.83	1.243	271
9.920	15.97	23.42	0.03	7.82	1.243	271
9.952	16.03	23.48	0.00	7.78	1.243	271
9.984	16.07	23.52	0.01	7.79	1.243	271
10.016	16.05	23.50	0.03	7.81	1.243	271
10.048	15.99	23.44	0.05	7.83	1.243	271
10.080	15.98	23.44	0.03	7.82	1.239	270
10.112	16.11	23.56	-0.00	7.78	1.239	270
10.144	16.18	23.64	0.01	7.79	1.239	270
10.176	16.10	23.56	0.03	7.81	1.239	270
10.208	16.07	23.53	0.05	7.83	1.239	270
10.240	16.03	23.48	0.04	7.82	1.239	270
10.272	16.04	23.49	0.00	7.78	1.239	270
10.304	16.06	23.51	0.01	7.79	1.239	270
10.336	15.96	23.41	0.03	7.81	1.239	270
10.368	16.07	23.52	0.05	7.83	1.239	270
10.400	16.28	23.73	0.03	7.81	1.239	270
10.432	16.61	24.06	-0.01	7.77	1.239	270
10.464	16.72	24.17	-0.01	7.77	1.239	270
10.496	16.69	24.15	0.01	7.80	1.239	270
10.528	16.49	23.94	0.05	7.83	1.239	270
10.560	15.83	23.28	0.05	7.83	1.243	271
10.592	15.51	22.97	0.02	7.80	1.243	271
10.624	15.36	22.82	0.02	7.80	1.243	271
10.656	15.33	22.79	0.04	7.83	1.243	271
10.688	15.30	22.75	0.06	7.84	1.243	271
10.720	15.96	23.42	0.03	7.82	1.243	271
10.752	16.02	23.48	0.01	7.79	1.243	271
10.784	16.18	23.63	0.00	7.78	1.243	271
10.816	16.29	23.74	0.02	7.80	1.243	271
10.848	16.31	23.76	0.05	7.83	1.243	271
10.880	16.34	23.80	0.03	7.81	1.243	271
10.912	16.35	23.80	0.00	7.78	1.243	271
10.944	16.41	23.86	-0.00	7.78	1.243	271
10.976	16.39	23.84	0.01	7.79	1.243	271
11.008	16.45	23.90	0.04	7.82	1.243	271
11.040	16.50	23.95	0.03	7.81	1.243	271
11.072	16.50	23.96	0.00	7.78	1.243	271
11.104	16.46	23.92	-0.01	7.77	1.243	271
11.136	16.47	23.93	0.01	7.79	1.243	271
11.168	16.36	23.81	0.04	7.83	1.243	271
11.200	16.42	23.88	0.03	7.81	1.243	271
11.232	16.51	23.97	0.00	7.78	1.243	271
11.264	16.48	23.93	-0.01	7.77	1.243	271
11.296	16.53	23.98	0.01	7.79	1.243	271
11.328	16.44	23.89	0.04	7.82	1.243	271
11.360	16.48	23.94	0.03	7.81	1.243	271
11.392	16.42	23.87	0.00	7.79	1.243	271
11.424	16.47	23.93	-0.01	7.77	1.243	271
11.456	16.46	23.92	0.01	7.79	1.243	271
11.488	16.48	23.93	0.04	7.82	1.243	271
11.520	16.44	23.90	0.03	7.82	1.243	271
11.552	16.43	23.88	0.01	7.79	1.243	271
11.584	16.41	23.86	-0.01	7.77	1.243	271
11.616	16.42	23.87	0.01	7.80	1.243	271
11.648	16.41	23.86	0.04	7.82	1.243	271
11.680	16.38	23.83	0.03	7.81	1.243	271
11.712	16.35	23.80	0.01	7.79	1.243	271
11.744	16.37	23.82	-0.01	7.77	1.243	271
11.776	16.46	23.91	0.01	7.79	1.243	271
11.808	16.35	23.81	0.04	7.82	1.243	271
11.840	16.35	23.80	0.03	7.82	1.243	271
11.872	16.37	23.82	0.01	7.79	1.243	271
11.904	16.37	23.83	-0.01	7.77	1.243	271
11.936	16.41	23.87	0.01	7.79	1.243	271
11.968	16.39	23.84	0.04	7.82	1.239	270
12.000	16.25	23.71	0.03	7.82	1.239	270
12.032	16.35	23.81	0.01	7.79	1.239	270
12.064	16.32	23.78	-0.01	7.77	1.239	270
12.096	16.45	23.90	0.01	7.79	1.239	270
12.128	16.46	23.91	0.03	7.82	1.239	270
12.160	16.47	23.92	0.03	7.82	1.239	270
12.192	16.46	23.92	0.01	7.80	1.239	270
12.224	16.49	23.94	-0.01	7.77	1.239	270
12.256	16.43	23.89	0.01	7.79	1.239	270
12.288	16.47	23.93	0.04	7.82	1.239	270
12.320	16.45	23.91	0.03	7.81	1.239	270
12.352	16.45	23.90	0.01	7.79	1.239	270
12.384	16.45	23.91	-0.02	7.77	1.239	270
12.416	16.44	23.90	0.00	7.79	1.234	269
12.448	16.48	23.94	0.03	7.82	1.234	269
12.480	16.43	23.89	0.04	7.82	1.234	269
12.512	16.51	23.96	0.01	7.79	1.234	269
12.544	16.45	23.90	-0.01	7.77	1.234	269
12.576	16.50	23.95	0.01	7.79	1.234	269
12.608	16.44	23.89	0.03	7.82	1.234	269
12.640	16.48	23.93	0.03	7.82	1.234	269
12.672	16.48	23.94	0.01	7.79	1.234	269
12.704	16.46	23.91	-0.01	7.77	1.234	269
12.736	16.49	23.95	0.01	7.79	1.234	269
12.768	16.43	23.89	0.03	7.82	1.234	269
12.800	16.51	23.97	0.04	7.82	1.234	269
12.832	16.40	23.85	0.02	7.80	1.234	269
12.864	16.52	23.97	-0.01	7.77	1.234	269
12.896	16.50	23.95	0.01	7.79	1.239	270
12.928	16.49	23.95	0.03	7.81	1.239	270
12.960	16.44	23.89	0.04	7.82	1.239	270
12.992	16.45	23.90	0.02	7.80	1.239	270
13.024	16.40	23.85	-0.01	7.77	1.239	270
13.056	16.48	23.93	0.00	7.79	1.239	270
13.088	16.40	23.85	0.04	7.82	1.239	270
13.120	16.40	23.85	0.04	7.82	1.239	270
13.152	16.41	23.86	0.02	7.80	1.239	270
13.184	16.44	23.89	-0.02	7.77	1.239	270
13.216	16.42	23.88	0.00	7.79	1.239	270
13.248	16.42	23.87	0.03	7.82	1.239	270
13.280	16.43	23.89	0.04	7.82	1.239	270
13.312	16.40	23.85	0.01	7.80	1.239	270
13.344	16.42	23.88	-0.01	7.77	1.239	270
13.376	16.43	23.88	0.00	7.78	1.234	269
13.408	16.44	23.90	0.03	7.81	1.234	269
13.440	16.44	23.89	0.04	7.82	1.234	269
13.472	16.43	23.88	0.02	7.80	1.234	269
13.504	16.42	23.87	-0.01	7.77	1.234	269
13.536	16.41	23.87	0.00	7.78	1.234	269
13.568	16.44	23.89	0.04	7.82	1.234	269
13.600	16.47	23.92	0.04	7.82	1.234	269
13.632	16.42	23.88	0.02	7.80	1.234	269
13.664	16.46	23.92	-0.01	7.77	1.234	269
13.696	16.39	23.84	0.00	7.78	1.234	269
13.728	16.42	23.88	0.03	7.81	1.234	269
13.760	16.41	23.86	0.04	7.82	1.234	269
13.792	16.50	23.95	0.02	7.80	1.234	269
13.824	16.47	23.93	-0.01	7.77	1.239	270
13.856	16.50	23.95	0.00	7.78	1.239	270
13.888	16.51	23.97	0.03	7.81	1.239	270
13.920	16.51	23.97	0.04	7.82	1.239	270
13.952	16.51	23.97	0.02	7.80	1.239	270
13.984	16.49	23.94	-0.01	7.77	1.239	270
14.016	16.46	23.91	0.00	7.78	1.239	270
14.048	16.51	23.97	0.02	7.80	1.239	270
14.080	16.43	23.88	0.04	7.82	1.239	270
14.112	16.48	23.93	0.02	7.80	1.239	270
14.144	16.44	23.89	-0.01	7.77	1.239	270
14.176	16.49	23.94	0.00	7.78	1.239	270
14.208	16.44	23.89	0.02	7.80	1.239	270
14.240	16.46	23.91	0.04	7.82	1.239	270
14.272	16.51	23.96	0.02	7.80	1.239	270
14.304	16.49	23.94	-0.01	7.77	1.234	269
14.336	16.49	23.95	-0.00	7.78	1.234	269
14.368	16.44	23.90	0.02	7.80	1.234	269
14.400	16.47	23.92	0.04	7.82	1.234	269
14.432	16.47	23.93	0.02	7.80	1.234	269
14.464	16.47	23.93	-0.01	7.77	1.234	269
14.496	16.48	23.93	-0.00	7.78	1.234	269
14.528	16.48	23.94	0.02	7.80	1.234	269
14.560	16.48	23.93	0.03	7.82	1.234	269
14.592	16.47	23.92	0.02	7.80	1.234	269
14.624	16.49	23.94	-0.01	7.77	1.234	269
14.656	16.53	23.98	-0.00	7.78	1.234	269
14.688	16.53	23.98	0.02	7.80	1.234	269
14.720	16.51	23.97	0.04	7.82	1.234	269
14.752	16.50	23.95	0.02	7.80	1.239	270
14.784	16.49	23.95	-0.01	7.77	1.239	270
14.816	16.52	23.97	-0.01	7.78	1.239	270
14.848	16.49	23.94	0.01	7.80	1.239	270
14.880	16.49	23.94	0.04	7.82	1.239	270
14.912	16.53	23.98	0.02	7.80	1.239	270
14.944	16.47	23.92	-0.01	7.77	1.239	270
14.976	16.53	23.99	-0.01	7.78	1.239	270
15.008	16.55	24.00	0.01	7.79	1.239	270
15.040	16.56	24.02	0.03	7.82	1.239	270
15.072	16.54	24.00	0.02	7.80	1.239	270
15.104	16.57	24.03	-0.01	7.77	1.239	270
15.136	16.54	24.00	-0.01	7.77	1.239	270
15.168	16.52	23.97	0.01	7.79	1.239	270
15.200	16.54	24.00	0.03	7.82	1.239	270
15.232	16.56	24.01	0.02	7.80	1.239	270
15.264	16.55	24.00	-0.01	7.77	1.239	270
15.296	16.51	23.96	-0.01	7.77	1.239	270
15.328	16.55	24.00	0.01	7.79	1.239	270
15.360	16.56	24.02	0.03	7.82	1.239	270
15.392	16.56	24.01	0.02	7.80	1.239	270
15.424	16.57	24.02	-0.01	7.77	1.239	270
15.456	16.58	24.04	-0.01	7.77	1.239	270
15.488	16.58	24.03	0.01	7.79	1.239	270
15.520	16.55	24.00	0.03	7.81	1.239	270
15.552	16.60	24.05	0.01	7.80	1.239	270
15.584	16.57	24.02	-0.01	7.77	1.239	270
15.616	16.58	24.03	-0.01	7.77	1.239	270
15.648	16.60	24.05	0.01	7.79	1.239	270
15.680	16.54	24.00	0.03	7.82	1.239	270
15.712	16.60	24.05	0.02	7.80	1.239	270
15.744	16.58	24.04	-0.01	7.77	1.239	270
15.776	16.61	24.06	-0.01	7.77	1.239	270
15.808	16.60	24.06	0.00	7.79	1.239	270
15.840	16.58	24.03	0.03	7.82	1.239	270
15.872	16.56	24.02	0.02	7.80	1.239	270
15.904	16.59	24.05	-0.01	7.77	1.239	270
15.936	16.59	24.04	-0.01	7.77	1.239	270
15.968	16.57	24.02	0.01	7.79	1.239	270
16.000	16.58	24.03	0.03	7.81	1.239	270
16.032	16.51	23.97	0.01	7.80	1.239	270
16.064	16.60	24.05	-0.01	7.77	1.239	270
16.096	16.54	23.99	-0.02	7.76	1.239	270
16.128	16.64	24.09	0.00	7.78	1.239	270
16.160	16.58	24.03	0.03	7.81	1.239	270
16.192	16.58	24.03	0.01	7.80	1.239	270
16.224	16.58	24.03	-0.01	7.77	1.239	270
16.256	16.57	24.02	-0.02	7.76	1.239	270
16.288	16.61	24.06	0.00	7.78	1.239	270
16.320	16.59	24.04	0.03	7.81	1.239	270
16.352	16.62	24.07	0.01	7.80	1.239	270
16.384	16.58	24.04	-0.01	7.77	1.239	270
16.416	16.58	24.03	-0.02	7.76	1.239	270
16.448	16.56	24.02	0.00	7.78	1.239	270
16.480	16.58	24.04	0.03	7.81	1.239	270
16.512	16.58	24.04	0.01	7.80	1.239	270
16.544	16.60	24.05	-0.01	7.77	1.239	270
16.576	16.60	24.05	-0.02	7.76	1.239	270
16.608	16.61	24.06	-0.00	7.78	1.239	270
16.640	16.64	24.10	0.03	7.81	1.234	269
16.672	16.65	24.11	0.01	7.80	1.234	269
16.704	16.67	24.12	-0.01	7.77	1.234	269
16.736	16.67	24.13	-0.02	7.76	1.234	269
16.768	16.66	24.11	0.00	7.78	1.234	269
16.800	16.63	24.09	0.03	7.81	1.234	269
16.832	16.64	24.09	0.02	7.80	1.234	269
16.864	16.69	24.14	-0.01	7.78	1.234	269
16.896	16.66	24.11	-0.02	7.76	1.234	269
16.928	16.66	24.11	0.00	7.78	1.234	269
16.960	16.65	24.10	0.03	7.81	1.234	269
16.992	16.63	24.09	0.01	7.80	1.234	269
17.024	16.62	24.07	-0.01	7.77	1.234	269
17.056	16.69	24.14	-0.02	7.76	1.234	269
17.088	16.68	24.14	-0.00	7.78	1.234	269
17.120	16.68	24.13	0.03	7.81	1.243	271
17.152	16.68	24.13	0.01	7.80	1.243	271
17.184	16.67	24.13	-0.00	7.78	1.243	271
17.216	16.69	24.14	-0.02	7.76	1.243	271
17.248	16.62	24.07	-0.00	7.78	1.243	271
17.280	16.64	24.09	0.03	7.81	1.243	271
17.312	16.62	24.07	0.02	7.80	1.243	271
17.344	16.64	24.10	-0.01	7.77	1.243	271
17.376	16.60	24.05	-0.02	7.76	1.243	271
17.408	16.64	24.10	-0.00	7.78	1.243	271
17.440	16.59	24.05	0.03	7.81	1.243	271
17.472	16.62	24.07	0.01	7.80	1.243	271
17.504	16.64	24.09	-0.01	7.77	1.243	271
17.536	16.63	24.09	-0.02	7.76	1.243	271
17.568	16.62	24.07	-0.00	7.78	1.239	270
17.600	16.61	24.06	0.03	7.81	1.239	270
17.632	16.64	24.09	0.02	7.80	1.239	270
17.664	16.65	24.10	-0.00	7.78	1.239	270
17.696	16.64	24.10	-0.03	7.75	1.239	270
17.728	16.59	24.05	0.00	7.78	1.239	270
17.760	16.66	24.12	0.03	7.81	1.239	270
17.792	16.63	24.08	0.02	7.80	1.239	270
17.824	16.64	24.09	-0.01	7.77	1.239	270
17.856	16.62	24.08	-0.02	7.76	1.239	270
17.888	16.66	24.11	-0.00	7.78	1.239	270
17.920	16.63	24.08	0.03	7.81	1.239	270
17.952	16.61	24.06	0.02	7.80	1.239	270
17.984	16.66	24.11	-0.01	7.78	1.239	270
18.016	16.64	24.10	-0.02	7.76	1.239	270
18.048	16.65	24.10	-0.00	7.78	1.239	270
18.080	16.63	24.08	0.03	7.81	1.239	270
18.112	16.66	24.12	0.02	7.80	1.239	270
18.144	16.64	24.09	-0.00	7.78	1.239	270
18.176	16.62	24.07	-0.02	7.76	1.239	270
18.208	16.64	24.10	-0.01	7.78	1.239	270
18.240	16.68	24.13	0.02	7.80	1.239	270
18.272	16.70	24.16	0.02	7.80	1.239	270
18.304	16.63	24.08	-0.01	7.78	1.239	270
18.336	16.61	24.06	-0.03	7.75	1.239	270
18.368	16.66	24.12	-0.00	7.78	1.239	270
18.400	16.66	24.11	0.02	7.80	1.239	270
18.432	16.63	24.08	0.02	7.80	1.239	270
18.464	16.65	24.10	-0.00	7.78	1.239	270
18.496	16.68	24.13	-0.03	7.75	1.239	270
18.528	16.66	24.11	-0.00	7.78	1.239	270
18.560	16.64	24.10	0.02	7.80	1.239	270
18.592	16.66	24.11	0.02	7.80	1.239	270
18.624	16.69	24.14	-0.01	7.78	1.239	270
18.656	16.64	24.10	-0.03	7.75	1.239	270
18.688	16.68	24.14	-0.01	7.77	1.239	270
18.720	16.68	24.14	0.02	7.80	1.239	270
18.752	16.70	24.15	0.01	7.80	1.239	270
18.784	16.66	24.11	-0.01	7.77	1.239	270
18.816	16.71	24.16	-0.03	7.75	1.239	270
18.848	16.65	24.10	-0.01	7.77	1.239	270
18.880	16.67	24.13	0.02	7.80	1.239	270
18.912	16.72	24.18	0.02	7.80	1.239	270
18.944	16.69	24.14	-0.01	7.77	1.239	270
18.976	16.69	24.15	-0.03	7.75	1.243	271
19.008	16.67	24.12	-0.00	7.78	1.243	271
19.040	16.72	24.17	0.02	7.80	1.243	271
19.072	16.69	24.15	0.01	7.79	1.243	271
19.104	16.72	24.17	-0.01	7.78	1.243	271
19.136	16.69	24.15	-0.03	7.75	1.243	271
19.168	16.68	24.14	-0.01	7.77	1.243	271
19.200	16.70	24.15	0.02	7.80	1.243	271
19.232	16.71	24.16	0.01	7.80	1.243	271
19.264	16.72	24.18	-0.01	7.78	1.243	271
19.296	16.68	24.14	-0.03	7.75	1.243	271
19.328	16.68	24.13	-0.00	7.78	1.243	271
19.360	16.66	24.12	0.02	7.80	1.243	271
19.392	16.67	24.13	0.01	7.80	1.243	271
19.424	16.68	24.14	-0.01	7.77	1.243	271
19.456	16.68	24.13	-0.03	7.75	1.248	272
19.488	16.69	24.15	-0.01	7.78	1.248	272
19.520	16.68	24.13	0.02	7.80	1.248	272
19.552	16.71	24.16	0.02	7.80	1.248	272
19.584	16.66	24.11	-0.01	7.77	1.248	272
19.616	16.67	24.13	-0.03	7.75	1.248	272
19.648	16.67	24.13	-0.01	7.77	1.248	272
19.680	16.68	24.14	0.03	7.81	1.248	272
19.712	16.77	24.23	0.02	7.80	1.248	272
19.744	16.72	24.17	-0.01	7.78	1.248	272
19.776	16.72	24.17	-0.02	7.76	1.248	272
19.808	16.69	24.14	-0.01	7.77	1.248	272
19.840	16.74	24.20	0.02	7.80	1.248	272
19.872	16.74	24.19	0.01	7.80	1.248	272
19.904	16.72	24.17	-0.01	7.77	1.248	272
19.936	16.71	24.16	-0.03	7.75	1.248	272
19.968	16.73	24.18	-0.01	7.78	1.248	272
20.000	16.74	24.19	0.02	7.80	1.248	272
20.032	16.72	24.18	0.01	7.79	1.248	272
20.064	16.71	24.16	-0.01	7.77	1.248	272
20.096	16.73	24.18	-0.03	7.75	1.248	272
20.128	16.74	24.20	-0.00	7.78	1.248	272
20.160	16.74	24.19	0.02	7.80	1.248	272
20.192	16.76	24.21	0.01	7.79	1.248	272
20.224	16.75	24.20	-0.01	7.77	1.248	272
20.256	16.78	24.23	-0.03	7.75	1.248	272
20.288	16.72	24.17	-0.00	7.78	1.248	272
20.320	16.73	24.19	0.02	7.80	1.248	272
20.352	16.74	24.19	0.01	7.80	1.248	272
20.384	16.74	24.20	-0.01	7.77	1.248	272
20.416	16.79	24.24	-0.03	7.75	1.248	272
20.448	16.76	24.22	-0.01	7.77	1.248	272
20.480	16.84	24.29	0.03	7.81	1.248	272
20.512	16.79	24.25	0.01	7.79	1.248	272
20.544	16.88	24.33	-0.01	7.77	1.248	272
20.576	16.83	24.28	-0.03	7.75	1.248	272
20.608	16.88	24.34	-0.01	7.77	1.248	272
20.640	16.85	24.31	0.02	7.80	1.248	272
20.672	16.84	24.30	0.01	7.79	1.248	272
20.704	16.86	24.32	-0.01	7.77	1.248	272
20.736	16.85	24.30	-0.03	7.75	1.248	272
20.768	16.87	24.32	-0.01	7.78	1.248	272
20.800	16.84	24.30	0.02	7.80	1.248	272
20.832	16.87	24.32	0.01	7.79	1.248	272
20.864	16.84	24.30	-0.01	7.77	1.248	272
20.896	16.86	24.31	-0.03	7.75	1.248	272
20.928	16.87	24.32	-0.00	7.78	1.248	272
20.960	16.83	24.29	0.02	7.80	1.248	272
20.992	16.91	24.36	0.00	7.79	1.248	272
21.024	16.90	24.36	-0.01	7.77	1.248	272
21.056	16.88	24.33	-0.02	7.76	1.248	272
21.088	16.90	24.35	-0.01	7.78	1.248	272
21.120	16.90	24.35	0.02	7.80	1.248	272
21.152	16.89	24.35	0.01	7.79	1.248	272
21.184	16.85	24.30	-0.02	7.76	1.248	272
21.216	16.93	24.38	-0.02	7.76	1.248	272
21.248	16.90	24.35	-0.00	7.78	1.248	272
21.280	16.95	24.40	0.03	7.81	1.248	272
21.312	16.94	24.40	0.01	7.79	1.257	274
21.344	16.95	24.40	-0.02	7.76	1.257	274
21.376	16.94	24.40	-0.02	7.76	1.257	274
21.408	16.98	24.43	-0.00	7.78	1.257	274
21.440	16.94	24.39	0.02	7.80	1.257	274
21.472	16.97	24.43	0.01	7.79	1.257	274
21.504	17.00	24.45	-0.02	7.77	1.257	274
21.536	17.01	24.46	-0.02	7.76	1.257	274
21.568	17.00	24.46	-0.01	7.77	1.257	274
21.600	17.01	24.46	0.02	7.80	1.257	274
21.632	16.97	24.42	0.01	7.79	1.257	274
21.664	16.99	24.44	-0.02	7.76	1.257	274
21.696	17.02	24.47	-0.03	7.75	1.257	274
21.728	17.04	24.50	-0.00	7.78	1.257	274
21.760	17.02	24.47	0.03	7.81	1.257	274
21.792	17.02	24.47	0.01	7.79	1.252	273
21.824	17.05	24.50	-0.02	7.76	1.252	273
21.856	17.01	24.46	-0.02	7.76	1.252	273
21.888	16.97	24.43	-0.00	7.78	1.252	273
21.920	17.02	24.47	0.03	7.81	1.252	273
21.952	17.03	24.48	0.01	7.79	1.252	273
21.984	17.03	24.48	-0.02	7.76	1.252	273
22.016	17.03	24.48	-0.02	7.76	1.252	273
22.048	17.02	24.47	0.00	7.78	1.252	273
22.080	17.02	24.47	0.02	7.80	1.252	273
22.112	17.04	24.49	0.01	7.79	1.252	273
22.144	17.08	24.53	-0.02	7.76	1.252	273
22.176	17.03	24.49	-0.02	7.76	1.252	273
22.208	17.07	24.52	-0.00	7.78	1.252	273
22.240	17.04	24.49	0.02	7.80	1.257	274
22.272	17.02	24.47	0.01	7.79	1.257	274
22.304	16.98	24.44	-0.02	7.76	1.257	274
22.336	17.02	24.47	-0.02	7.76	1.257	274
22.368	16.99	24.45	-0.00	7.78	1.257	274
22.400	16.99	24.44	0.03	7.81	1.257	274
22.432	16.99	24.45	0.01	7.79	1.257	274
22.464	16.99	24.44	-0.02	7.76	1.257	274
22.496	17.02	24.47	-0.02	7.76	1.257	274
22.528	16.97	24.42	0.00	7.78	1.257	274
22.560	17.01	24.47	0.03	7.81	1.257	274
22.592	16.99	24.44	0.01	7.79	1.257	274
22.624	16.96	24.42	-0.02	7.76	1.257	274
22.656	16.98	24.44	-0.02	7.76	1.257	274
22.688	16.95	24.40	0.00	7.78	1.257	274
22.720	16.96	24.42	0.02	7.80	1.248	272
22.752	16.97	24.43	0.01	7.79	1.248	272
22.784	16.95	24.41	-0.02	7.76	1.248	272
22.816	16.95	24.40	-0.02	7.76	1.248	272
22.848	16.96	24.41	0.00	7.78	1.248	272
22.880	16.97	24.42	0.02	7.80	1.248	272
22.912	16.96	24.41	0.01	7.79	1.248	272
22.944	16.97	24.43	-0.02	7.76	1.248	272
22.976	17.00	24.45	-0.02	7.76	1.248	272
23.008	16.95	24.41	0.01	7.79	1.248	272
23.040	16.98	24.44	0.03	7.81	1.248	272
23.072	17.01	24.47	0.01	7.79	1.248	272
23.104	17.05	24.50	-0.02	7.76	1.248	272
23.136	17.01	24.47	-0.02	7.76	1.248	272
23.168	17.01	24.46	0.00	7.78	1.248	272
23.200	16.97	24.42	0.03	7.81	1.243	271
23.232	16.96	24.41	0.01	7.79	1.243	271
23.264	16.94	24.39	-0.02	7.76	1.243	271
23.296	16.97	24.43	-0.02	7.76	1.243	271
23.328	16.91	24.37	0.00	7.78	1.243	271
23.360	16.96	24.41	0.02	7.80	1.243	271
23.392	16.93	24.39	0.01	7.79	1.243	271
23.424	16.95	24.40	-0.02	7.76	1.243	271
23.456	16.93	24.39	-0.02	7.76	1.243	271
23.488	16.93	24.39	0.00	7.79	1.243	271
23.520	16.91	24.36	0.03	7.81	1.243	271
23.552	16.89	24.34	0.00	7.79	1.243	271
23.584	16.93	24.38	-0.02	7.76	1.243	271
23.616	16.95	24.40	-0.02	7.76	1.243	271
23.648	16.89	24.34	0.00	7.79	1.243	271
23.680	16.90	24.36	0.03	7.81	1.243	271
23.712	16.88	24.34	0.01	7.79	1.243	271
23.744	16.85	24.31	-0.03	7.75	1.243	271
23.776	16.91	24.37	-0.02	7.76	1.243	271
23.808	16.93	24.38	0.01	7.79	1.243	271
23.840	16.93	24.38	0.03	7.81	1.243	271
23.872	16.95	24.41	0.00	7.79	1.243	271
23.904	16.94	24.39	-0.03	7.75	1.243	271
23.936	16.94	24.40	-0.02	7.76	1.243	271
23.968	16.89	24.35	0.01	7.79	1.243	271
24.000	16.92	24.38	0.02	7.80	1.243	271
24.032	16.95	24.40	0.01	7.79	1.243	271
24.064	16.90	24.35	-0.02	7.76	1.243	271
24.096	16.90	24.35	-0.02	7.76	1.243	271
24.128	16.89	24.34	0.01	7.79	1.243	271
24.160	16.89	24.35	0.02	7.80	1.243	271
24.192	16.88	24.33	0.01	7.79	1.243	271
24.224	16.88	24.33	-0.03	7.75	1.243	271
24.256	16.88	24.33	-0.02	7.77	1.243	271
24.288	16.87	24.32	0.01	7.79	1.243	271
24.320	16.90	24.36	0.02	7.80	1.243	271
24.352	16.87	24.32	0.01	7.79	1.243	271
24.384	16.88	24.33	-0.02	7.76	1.243	271
24.416	16.89	24.34	-0.02	7.77	1.243	271
24.448	16.88	24.34	0.01	7.79	1.243	271
24.480	16.94	24.39	0.03	7.81	1.243	271
24.512	16.93	24.38	0.01	7.79	1.243	271
24.544	16.94	24.39	-0.03	7.75	1.243	271
24.576	16.88	24.34	-0.02	7.76	1.243	271
24.608	16.93	24.38	0.01	7.79	1.243	271
24.640	16.90	24.35	0.03	7.81	1.243	271
24.672	16.89	24.34	0.01	7.79	1.243	271
24.704	16.88	24.34	-0.02	7.76	1.243	271
24.736	16.89	24.34	-0.02	7.77	1.243	271
24.768	16.92	24.37	0.01	7.79	1.243	271
24.800	16.87	24.33	0.03	7.81	1.243	271
24.832	16.91	24.36	0.01	7.79	1.243	271
24.864	16.90	24.35	-0.03	7.75	1.243	271
24.896	16.96	24.41	-0.01	7.77	1.243	271
24.928	16.99	24.44	0.00	7.79	1.243	271
24.960	16.95	24.41	0.03	7.81	1.243	271
24.992	16.96	24.41	0.01	7.79	1.243	271
25.024	16.96	24.42	-0.03	7.75	1.243	271
25.056	16.97	24.43	-0.01	7.77	1.243	271
25.088	16.93	24.38	0.01	7.79	1.243	271
25.120	16.97	24.42	0.02	7.80	1.243	271
25.152	16.90	24.35	0.00	7.78	1.243	271
25.184	16.95	24.40	-0.02	7.76	1.243	271
25.216	16.95	24.40	-0.02	7.76	1.243	271
25.248	16.96	24.41	0.01	7.79	1.243	271
25.280	16.96	24.42	0.03	7.81	1.243	271
25.312	16.93	24.39	0.00	7.79	1.243	271
25.344	16.96	24.41	-0.02	7.76	1.243	271
25.376	16.91	24.37	-0.02	7.77	1.243	271
25.408	17.00	24.45	0.01	7.79	1.243	271
25.440	16.95	24.40	0.02	7.80	1.243	271
25.472	16.96	24.41	0.00	7.78	1.243	271
25.504	16.96	24.42	-0.03	7.75	1.243	271
25.536	16.95	24.40	-0.02	7.77	1.248	272
25.568	16.97	24.43	0.01	7.79	1.248	272
25.600	16.92	24.37	0.02	7.80	1.248	272
25.632	16.93	24.38	0.00	7.78	1.248	272
25.664	16.92	24.37	-0.03	7.75	1.248	272
25.696	16.94	24.40	-0.02	7.77	1.248	272
25.728	16.89	24.35	0.01	7.79	1.248	272
25.760	16.98	24.43	0.03	7.81	1.248	272
25.792	16.94	24.39	0.00	7.79	1.248	272
25.824	16.90	24.35	-0.03	7.75	1.248	272
25.856	16.99	24.44	-0.01	7.77	1.248	272
25.888	16.94	24.39	0.01	7.79	1.248	272
25.920	16.98	24.43	0.02	7.80	1.248	272
25.952	16.94	24.39	0.00	7.79	1.248	272
25.984	16.94	24.39	-0.03	7.75	1.248	272
26.016	16.91	24.37	-0.01	7.77	1.243	271
26.048	16.90	24.36	0.01	7.79	1.243	271
26.080	16.88	24.34	0.02	7.80	1.243	271
26.112	16.89	24.35	0.01	7.79	1.243	271
26.144	16.87	24.32	-0.02	7.76	1.243	271
26.176	16.92	24.37	-0.01	7.77	1.243	271
26.208	16.92	24.38	0.01	7.79	1.243	271
26.240	16.91	24.36	0.02	7.80	1.243	271
26.272	16.93	24.38	0.00	7.79	1.243	271
26.304	16.91	24.37	-0.03	7.75	1.243	271
26.336	16.92	24.37	-0.01	7.77	1.243	271
26.368	16.90	24.35	0.01	7.79	1.243	271
26.400	16.94	24.40	0.02	7.80	1.243	271
26.432	16.91	24.36	0.00	7.79	1.243	271
26.464	16.92	24.38	-0.02	7.76	1.243	271
26.496	16.91	24.36	-0.02	7.76	1.243	271
26.528	16.92	24.37	0.01	7.79	1.243	271
26.560	16.92	24.38	0.02	7.80	1.243	271
26.592	16.93	24.39	0.00	7.78	1.243	271
26.624	16.88	24.33	-0.03	7.75	1.243	271
26.656	16.91	24.36	-0.02	7.77	1.243	271
26.688	16.90	24.35	0.01	7.79	1.243	271
26.720	16.89	24.35	0.03	7.81	1.243	271
26.752	16.89	24.35	0.00	7.78	1.243	271
26.784	16.92	24.37	-0.03	7.75	1.243	271
26.816	16.92	24.37	-0.01	7.77	1.243	271
26.848	16.94	24.39	0.01	7.79	1.243	271
26.880	16.91	24.37	0.02	7.80	1.243	271
26.912	16.91	24.37	0.00	7.79	1.243	271
26.944	16.92	24.37	-0.03	7.75	1.243	271
26.976	16.89	24.34	-0.01	7.77	1.243	271
27.008	16.86	24.31	0.01	7.79	1.243	271
27.040	16.90	24.35	0.02	7.80	1.243	271
27.072	16.92	24.37	0.00	7.78	1.243	271
27.104	16.92	24.38	-0.02	7.76	1.243	271
27.136	16.92	24.37	-0.02	7.77	1.243	271
27.168	16.89	24.35	0.01	7.79	1.243	271
27.200	16.91	24.36	0.02	7.80	1.243	271
27.232	16.84	24.30	0.00	7.78	1.243	271
27.264	16.89	24.34	-0.03	7.75	1.243	271
27.296	16.89	24.34	-0.01	7.77	1.243	271
27.328	16.92	24.37	0.01	7.79	1.243	271
27.360	16.90	24.36	0.02	7.80	1.243	271
27.392	16.89	24.35	0.00	7.78	1.239	270
27.424	16.91	24.36	-0.03	7.75	1.239	270
27.456	16.90	24.36	-0.01	7.77	1.239	270
27.488	16.91	24.37	0.01	7.79	1.239	270
27.520	16.91	24.37	0.02	7.80	1.239	270
27.552	16.91	24.36	0.00	7.78	1.239	270
27.584	16.91	24.37	-0.03	7.75	1.239	270
27.616	16.90	24.36	-0.01	7.77	1.239	270
27.648	16.88	24.34	0.01	7.79	1.239	270
27.680	16.89	24.35	0.02	7.80	1.239	270
27.712	16.91	24.36	0.00	7.79	1.239	270
27.744	16.89	24.34	-0.03	7.75	1.239	270
27.776	16.90	24.35	-0.01	7.77	1.239	270
27.808	16.92	24.37	0.01	7.79	1.239	270
27.840	16.89	24.34	0.02	7.80	1.239	270
27.872	16.91	24.37	0.00	7.78	1.243	271
27.904	16.91	24.36	-0.03	7.75	1.243	271
27.936	16.84	24.29	-0.01	7.77	1.243	271
27.968	16.87	24.33	0.01	7.79	1.243	271
28.000	16.85	24.31	0.02	7.80	1.243	271
28.032	16.87	24.33	0.00	7.78	1.243	271
28.064	16.87	24.33	-0.03	7.75	1.243	271
28.096	16.88	24.34	-0.01	7.77	1.243	271
28.128	16.89	24.35	0.01	7.79	1.243	271
28.160	16.83	24.29	0.02	7.80	1.243	271
28.192	16.94	24.40	0.00	7.78	1.243	271
28.224	16.92	24.37	-0.03	7.75	1.243	271
28.256	16.93	24.39	-0.01	7.77	1.243	271
28.288	16.87	24.33	0.01	7.79	1.243	271
28.320	16.89	24.34	0.02	7.80	1.243	271
28.352	16.89	24.34	0.00	7.79	1.243	271
28.384	16.88	24.33	-0.03	7.75	1.243	271
28.416	16.87	24.33	-0.02	7.77	1.243	271
28.448	16.92	24.37	0.01	7.79	1.243	271
28.480	16.87	24.32	0.02	7.80	1.243	271
28.512	16.92	24.37	0.00	7.78	1.243	271
28.544	16.87	24.32	-0.03	7.75	1.243	271
28.576	16.91	24.37	-0.01	7.77	1.243	271
28.608	16.87	24.32	0.01	7.79	1.243	271
28.640	17.00	24.45	0.02	7.80	1.243	271
28.672	16.95	24.40	0.00	7.78	1.243	271
28.704	16.98	24.44	-0.03	7.75	1.243	271
28.736	16.95	24.41	-0.02	7.77	1.243	271
28.768	16.95	24.41	0.00	7.79	1.243	271
28.800	16.96	24.42	0.02	7.80	1.243	271
28.832	16.93	24.38	0.00	7.78	1.243	271
28.864	16.93	24.39	-0.03	7.75	1.243	271
28.896	16.92	24.38	-0.02	7.77	1.243	271
28.928	16.92	24.37	0.01	7.79	1.243	271
28.960	16.92	24.38	0.02	7.80	1.243	271
28.992	16.92	24.38	0.00	7.78	1.243	271
29.024	16.92	24.38	-0.03	7.75	1.243	271
29.056	16.93	24.38	-0.01	7.77	1.243	271
29.088	16.92	24.37	0.01	7.79	1.243	271
29.120	16.94	24.39	0.02	7.80	1.243	271
29.152	16.94	24.39	0.00	7.78	1.243	271
29.184	16.95	24.40	-0.03	7.75	1.243	271
29.216	16.92	24.37	-0.02	7.77	1.243	271
29.248	16.91	24.37	0.00	7.79	1.243	271
29.280	16.90	24.35	0.02	7.80	1.239	270
29.312	16.89	24.34	0.00	7.78	1.239	270
29.344	16.91	24.37	-0.04	7.75	1.239	270
29.376	16.96	24.41	-0.02	7.77	1.239	270
29.408	16.91	24.37	0.00	7.79	1.239	270
29.440	16.94	24.39	0.02	7.80	1.239	270
29.472	16.95	24.41	0.00	7.78	1.239	270
29.504	16.93	24.39	-0.03	7.75	1.239	270
29.536	16.94	24.40	-0.01	7.77	1.239	270
29.568	16.99	24.45	0.01	7.79	1.239	270
29.600	16.92	24.38	0.02	7.80	1.239	270
29.632	16.97	24.42	0.00	7.78	1.239	270
29.664	16.96	24.41	-0.03	7.75	1.239	270
29.696	16.94	24.39	-0.02	7.76	1.239	270
29.728	16.95	24.40	0.00	7.78	1.239	270
29.760	16.95	24.40	0.02	7.80	1.243	271
29.792	16.93	24.38	-0.00	7.78	1.243	271
29.824	16.94	24.40	-0.03	7.75	1.243	271
29.856	16.98	24.44	-0.01	7.77	1.243	271
29.888	16.98	24.43	0.00	7.78	1.243	271
29.920	17.00	24.45	0.02	7.80	1.243	271
29.952	16.97	24.42	0.00	7.78	1.243	271
29.984	16.97	24.43	-0.03	7.75	1.243	271
30.016	16.94	24.39	-0.02	7.76	1.243	271
30.048	16.96	24.42	0.00	7.78	1.243	271
30.080	16.97	24.43	0.02	7.80	1.243	271
30.112	16.97	24.42	-0.00	7.78	1.243	271
30.144	16.98	24.44	-0.03	7.75	1.243	271
30.176	16.95	24.40	-0.02	7.76	1.243	271
30.208	16.97	24.42	0.01	7.79	1.239	270
30.240	16.94	24.39	0.02	7.80	1.239	270
30.272	16.98	24.43	0.00	7.79	1.239	270
30.304	16.96	24.41	-0.03	7.75	1.239	270
30.336	16.96	24.42	-0.02	7.76	1.239	270
30.368	17.01	24.46	0.00	7.78	1.239	270
30.400	16.97	24.43	0.02	7.80	1.239	270
30.432	17.04	24.49	-0.00	7.78	1.239	270
30.464	16.99	24.45	-0.03	7.75	1.239	270
30.496	17.05	24.50	-0.03	7.75	1.239	270
30.528	17.02	24.47	0.00	7.78	1.239	270
30.560	17.00	24.46	0.02	7.80	1.239	270
30.592	17.00	24.45	0.00	7.78	1.239	270
30.624	17.04	24.49	-0.03	7.75	1.239	270
30.656	17.04	24.50	-0.02	7.76	1.239	270
30.688	17.08	24.53	0.00	7.78	1.243	271
30.720	17.02	24.47	0.02	7.80	1.243	271
30.752	17.09	24.54	-0.00	7.78	1.243	271
30.784	17.01	24.46	-0.04	7.74	1.243	271
30.816	17.04	24.49	-0.02	7.76	1.243	271
30.848	17.03	24.49	-0.01	7.78	1.243	271
30.880	17.06	24.52	0.01	7.80	1.243	271
30.912	17.06	24.51	-0.00	7.78	1.243	271
30.944	17.03	24.49	-0.03	7.75	1.243	271
30.976	17.08	24.53	-0.03	7.75	1.243	271
31.008	17.08	24.53	-0.00	7.78	1.243	271
31.040	17.07	24.52	0.02	7.80	1.243	271
31.072	17.07	24.52	0.00	7.78	1.243	271
31.104	17.04	24.50	-0.03	7.75	1.243	271
31.136	17.08	24.53	-0.02	7.76	1.239	270
31.168	17.02	24.47	-0.00	7.78	1.239	270
31.200	17.07	24.53	0.01	7.80	1.239	270
31.232	17.05	24.50	-0.00	7.78	1.239	270
31.264	17.06	24.52	-0.04	7.75	1.239	270
31.296	17.05	24.51	-0.02	7.76	1.239	270
31.328	17.04	24.50	-0.00	7.78	1.239	270
31.360	17.07	24.53	0.02	7.80	1.239	270
31.392	17.01	24.47	0.00	7.78	1.239	270
31.424	17.09	24.55	-0.03	7.75	1.239	270
31.456	17.04	24.50	-0.03	7.75	1.239	270
31.488	17.09	24.54	-0.01	7.78	1.239	270
31.520	17.04	24.49	0.01	7.80	1.239	270
31.552	17.07	24.53	-0.00	7.78	1.239	270
31.584	17.08	24.54	-0.03	7.75	1.239	270
31.616	17.07	24.52	-0.03	7.75	1.239	270
31.648	17.02	24.48	-0.01	7.78	1.239	270
31.680	17.04	24.50	0.01	7.80	1.239	270
31.712	17.07	24.52	0.00	7.78	1.239	270
31.744	17.07	24.53	-0.03	7.75	1.239	270
31.776	17.08	24.53	-0.03	7.75	1.239	270
31.808	17.08	24.53	-0.01	7.78	1.239	270
31.840	17.12	24.57	0.02	7.80	1.239	270
31.872	17.10	24.55	-0.00	7.78	1.239	270
31.904	17.11	24.57	-0.03	7.75	1.239	270
31.936	17.12	24.57	-0.03	7.75	1.239	270
31.968	17.11	24.56	-0.01	7.77	1.239	270
32.000	17.14	24.59	0.02	7.80	1.239	270
32.032	17.11	24.56	0.00	7.78	1.239	270
32.064	17.13	24.58	-0.03	7.75	1.239	270
32.096	17.10	24.55	-0.03	7.75	1.243	271
32.128	17.12	24.57	-0.01	7.77	1.243	271
32.160	17.09	24.55	0.02	7.80	1.243	271
32.192	17.13	24.58	0.00	7.79	1.243	271
32.224	17.09	24.54	-0.03	7.75	1.243	271
32.256	17.13	24.59	-0.03	7.75	1.243	271
32.288	17.10	24.55	-0.01	7.77	1.243	271
32.320	17.12	24.57	0.02	7.80	1.243	271
32.352	17.15	24.60	0.00	7.78	1.243	271
32.384	17.16	24.61	-0.02	7.76	1.243	271
32.416	17.16	24.61	-0.03	7.75	1.243	271
32.448	17.15	24.60	-0.01	7.77	1.243	271
32.480	17.15	24.61	0.02	7.80	1.243	271
32.512	17.16	24.62	0.00	7.78	1.243	271
32.544	17.15	24.60	-0.03	7.75	1.243	271
32.576	17.11	24.56	-0.03	7.75	1.243	271
32.608	17.16	24.61	-0.01	7.77	1.243	271
32.640	17.15	24.60	0.01	7.80	1.243	271
32.672	17.15	24.60	0.00	7.78	1.243	271
32.704	17.14	24.59	-0.03	7.75	1.243	271
32.736	17.17	24.63	-0.04	7.75	1.243	271
32.768	17.16	24.61	-0.01	7.77	1.243	271
32.800	17.19	24.64	0.02	7.80	1.243	271
32.832	17.18	24.64	0.00	7.78	1.243	271
32.864	17.17	24.62	-0.02	7.76	1.243	271
32.896	17.18	24.63	-0.04	7.75	1.243	271
32.928	17.17	24.63	-0.01	7.77	1.243	271
32.960	17.19	24.64	0.01	7.79	1.243	271
32.992	17.18	24.63	-0.00	7.78	1.243	271
33.024	17.18	24.64	-0.03	7.75	1.243	271
33.056	17.18	24.64	-0.04	7.75	1.243	271
33.088	17.19	24.64	-0.01	7.77	1.243	271
33.120	17.20	24.65	0.01	7.79	1.243	271
33.152	17.18	24.64	0.00	7.78	1.243	271
33.184	17.21	24.66	-0.03	7.75	1.243	271
33.216	17.18	24.63	-0.03	7.75	1.243	271
33.248	17.19	24.64	-0.01	7.77	1.243	271
33.280	17.16	24.61	0.01	7.80	1.243	271
33.312	17.18	24.63	0.00	7.78	1.243	271
33.344	17.23	24.69	-0.02	7.76	1.243	271
33.376	17.19	24.64	-0.04	7.74	1.243	271
33.408	17.18	24.64	-0.02	7.77	1.243	271
33.440	17.19	24.65	0.01	7.79	1.243	271
33.472	17.19	24.64	0.00	7.78	1.243	271
33.504	17.20	24.65	-0.02	7.76	1.243	271
33.536	17.16	24.62	-0.04	7.74	1.243	271
33.568	17.19	24.64	-0.01	7.77	1.243	271
33.600	17.17	24.62	0.01	7.79	1.243	271
33.632	17.18	24.64	0.00	7.78	1.243	271
33.664	17.16	24.62	-0.02	7.76	1.243	271
33.696	17.21	24.66	-0.04	7.74	1.243	271
33.728	17.21	24.67	-0.02	7.76	1.243	271
33.760	17.23	24.68	0.01	7.79	1.243	271
33.792	17.19	24.64	0.00	7.78	1.243	271
33.824	17.22	24.67	-0.02	7.76	1.243	271
33.856	17.21	24.66	-0.04	7.74	1.243	271
33.888	17.20	24.66	-0.01	7.77	1.243	271
33.920	17.22	24.67	0.01	7.80	1.243	271
33.952	17.22	24.68	0.00	7.78	1.239	270
33.984	17.23	24.68	-0.02	7.76	1.239	270
34.016	17.21	24.66	-0.04	7.75	1.239	270
34.048	17.26	24.71	-0.02	7.77	1.239	270
34.080	17.23	24.69	0.02	7.80	1.239	270
34.112	17.22	24.67	0.00	7.78	1.239	270
34.144	17.22	24.68	-0.02	7.77	1.239	270
34.176	17.21	24.67	-0.04	7.74	1.239	270
34.208	17.22	24.68	-0.02	7.77	1.239	270
34.240	17.22	24.67	0.01	7.79	1.239	270
34.272	17.23	24.68	-0.00	7.78	1.239	270
34.304	17.24	24.69	-0.02	7.76	1.239	270
34.336	17.18	24.64	-0.04	7.74	1.239	270
34.368	17.20	24.66	-0.02	7.77	1.239	270
34.400	17.24	24.69	0.01	7.80	1.239	270
34.432	17.17	24.62	0.01	7.79	1.243	271
34.464	17.18	24.64	-0.02	7.76	1.243	271
34.496	17.18	24.64	-0.04	7.74	1.243	271
34.528	17.20	24.65	-0.02	7.76	1.243	271
34.560	17.20	24.66	0.01	7.79	1.243	271
34.592	17.16	24.61	0.00	7.79	1.243	271
34.624	17.20	24.65	-0.02	7.76	1.243	271
34.656	17.21	24.66	-0.04	7.74	1.243	271
34.688	17.23	24.69	-0.01	7.77	1.243	271
34.720	17.21	24.67	0.01	7.79	1.243	271
34.752	17.22	24.68	0.00	7.78	1.243	271
34.784	17.20	24.65	-0.02	7.76	1.243	271
34.816	17.24	24.70	-0.04	7.74	1.243	271
34.848	17.21	24.66	-0.01	7.77	1.243	271
34.880	17.24	24.69	0.01	7.79	1.243	271
34.912	17.20	24.66	0.00	7.79	1.243	271
34.944	17.22	24.68	-0.02	7.76	1.243	271
34.976	17.21	24.66	-0.04	7.74	1.243	271
35.008	17.22	24.67	-0.01	7.77	1.243	271
35.040	17.20	24.65	0.01	7.80	1.243	271
35.072	17.21	24.66	0.00	7.78	1.243	271
35.104	17.21	24.66	-0.02	7.76	1.243	271
35.136	17.23	24.69	-0.04	7.74	1.243	271
35.168	17.23	24.69	-0.02	7.76	1.243	271
35.200	17.23	24.68	0.01	7.79	1.243	271
35.232	17.21	24.67	0.00	7.78	1.243	271
35.264	17.22	24.67	-0.02	7.76	1.243	271
35.296	17.19	24.64	-0.04	7.74	1.243	271
35.328	17.22	24.67	-0.02	7.76	1.243	271
35.360	17.16	24.61	0.01	7.79	1.243	271
35.392	17.24	24.69	0.00	7.78	1.243	271
35.424	17.19	24.65	-0.02	7.76	1.243	271
35.456	17.20	24.65	-0.04	7.74	1.243	271
35.488	17.21	24.66	-0.02	7.77	1.243	271
35.520	17.19	24.64	0.01	7.80	1.243	271
35.552	17.18	24.64	-0.00	7.78	1.243	271
35.584	17.19	24.65	-0.03	7.75	1.243	271
35.616	17.21	24.66	-0.04	7.75	1.243	271
35.648	17.23	24.68	-0.02	7.77	1.243	271
35.680	17.23	24.68	0.01	7.79	1.243	271
35.712	17.25	24.70	0.00	7.78	1.243	271
35.744	17.23	24.68	-0.03	7.75	1.243	271
35.776	17.22	24.68	-0.04	7.74	1.243	271
35.808	17.18	24.63	-0.01	7.77	1.243	271
35.840	17.19	24.65	0.02	7.80	1.239	270
35.872	17.20	24.65	0.00	7.78	1.239	270
35.904	17.23	24.69	-0.02	7.76	1.239	270
35.936	17.21	24.66	-0.04	7.74	1.239	270
35.968	17.22	24.67	-0.01	7.77	1.239	270
36.000	17.21	24.67	0.01	7.79	1.239	270
36.032	17.24	24.69	-0.00	7.78	1.239	270
36.064	17.19	24.65	-0.03	7.75	1.239	270
36.096	17.22	24.68	-0.04	7.74	1.239	270
36.128	17.21	24.66	-0.02	7.77	1.239	270
36.160	17.22	24.67	0.02	7.80	1.239	270
36.192	17.19	24.65	0.00	7.78	1.239	270
36.224	17.21	24.66	-0.02	7.76	1.239	270
36.256	17.24	24.69	-0.04	7.74	1.239	270
36.288	17.17	24.62	-0.01	7.77	1.243	271
36.320	17.23	24.69	0.01	7.79	1.243	271
36.352	17.21	24.66	0.00	7.79	1.243	271
36.384	17.26	24.72	-0.03	7.75	1.243	271
36.416	17.19	24.64	-0.03	7.75	1.243	271
36.448	17.22	24.67	-0.01	7.77	1.243	271
36.480	17.17	24.63	0.01	7.79	1.243	271
36.512	17.17	24.62	-0.00	7.78	1.243	271
36.544	17.25	24.70	-0.03	7.75	1.243	271
36.576	17.24	24.69	-0.03	7.75	1.243	271
36.608	17.24	24.69	-0.01	7.77	1.243	271
36.640	17.23	24.69	0.01	7.79	1.243	271
36.672	17.24	24.69	-0.00	7.78	1.243	271
36.704	17.19	24.65	-0.03	7.75	1.243	271
36.736	17.21	24.67	-0.04	7.75	1.243	271
36.768	17.23	24.68	-0.01	7.77	1.239	270
36.800	17.23	24.68	0.01	7.80	1.239	270
36.832	17.26	24.71	-0.00	7.78	1.239	270
36.864	17.25	24.70	-0.03	7.75	1.239	270
36.896	17.24	24.70	-0.04	7.75	1.239	270
36.928	17.23	24.69	-0.01	7.77	1.239	270
36.960	17.25	24.70	0.01	7.79	1.239	270
36.992	17.22	24.67	-0.00	7.78	1.239	270
37.024	17.26	24.72	-0.03	7.75	1.239	270
37.056	17.22	24.67	-0.03	7.75	1.239	270
37.088	17.22	24.67	-0.01	7.77	1.239	270
37.120	17.26	24.72	0.01	7.79	1.239	270
37.152	17.25	24.70	-0.01	7.78	1.239	270
37.184	17.28	24.73	-0.03	7.75	1.239	270
37.216	17.20	24.65	-0.03	7.75	1.239	270
37.248	17.28	24.73	-0.01	7.77	1.248	272
37.280	17.27	24.73	0.01	7.79	1.248	272
37.312	17.28	24.73	-0.01	7.78	1.248	272
37.344	17.30	24.75	-0.03	7.75	1.248	272
37.376	17.23	24.69	-0.04	7.74	1.248	272
37.408	17.24	24.69	-0.01	7.77	1.248	272
37.440	17.20	24.66	0.01	7.80	1.248	272
37.472	17.27	24.72	0.00	7.78	1.248	272
37.504	17.26	24.72	-0.03	7.75	1.248	272
37.536	17.27	24.72	-0.03	7.75	1.248	272
37.568	17.21	24.66	-0.01	7.77	1.248	272
37.600	17.29	24.74	0.01	7.79	1.248	272
37.632	17.25	24.71	-0.01	7.78	1.248	272
37.664	17.26	24.72	-0.03	7.75	1.248	272
37.696	17.23	24.69	-0.03	7.75	1.243	271
37.728	17.25	24.70	-0.01	7.77	1.243	271
37.760	17.23	24.69	0.01	7.79	1.243	271
37.792	17.28	24.73	-0.00	7.78	1.243	271
37.824	17.27	24.73	-0.03	7.75	1.243	271
37.856	17.24	24.69	-0.03	7.75	1.243	271
37.888	17.27	24.72	-0.01	7.77	1.243	271
37.920	17.23	24.69	0.01	7.79	1.243	271
37.952	17.24	24.70	-0.00	7.78	1.243	271
37.984	17.22	24.67	-0.03	7.75	1.243	271
38.016	17.25	24.70	-0.03	7.75	1.243	271
38.048	17.22	24.67	-0.01	7.77	1.243	271
38.080	17.24	24.69	0.01	7.79	1.243	271
38.112	17.24	24.70	-0.01	7.78	1.243	271
38.144	17.19	24.65	-0.03	7.75	1.243	271
38.176	17.25	24.70	-0.03	7.75	1.243	271
38.208	17.25	24.71	-0.01	7.77	1.243	271
38.240	17.22	24.68	0.01	7.79	1.243	271
38.272	17.25	24.70	-0.00	7.78	1.243	271
38.304	17.21	24.66	-0.03	7.75	1.243	271
38.336	17.21	24.66	-0.03	7.75	1.243	271
38.368	17.21	24.66	-0.01	7.77	1.243	271
38.400	17.24	24.69	0.01	7.79	1.243	271
38.432	17.25	24.70	-0.00	7.78	1.243	271
38.464	17.26	24.71	-0.03	7.75	1.243	271
38.496	17.25	24.70	-0.03	7.75	1.243	271
38.528	17.25	24.71	-0.01	7.77	1.243	271
38.560	17.24	24.69	0.01	7.79	1.243	271
38.592	17.22	24.67	-0.00	7.78	1.243	271
38.624	17.23	24.68	-0.04	7.75	1.239	270
38.656	17.22	24.68	-0.04	7.75	1.239	270
38.688	17.22	24.68	-0.01	7.77	1.239	270
38.720	17.24	24.69	0.01	7.80	1.239	270
38.752	17.21	24.66	-0.00	7.78	1.239	270
38.784	17.22	24.67	-0.03	7.75	1.239	270
38.816	17.25	24.70	-0.03	7.75	1.239	270
38.848	17.25	24.70	-0.01	7.77	1.239	270
38.880	17.22	24.68	0.01	7.80	1.239	270
38.912	17.24	24.69	-0.00	7.78	1.239	270
38.944	17.24	24.69	-0.04	7.75	1.239	270
38.976	17.23	24.69	-0.04	7.75	1.239	270
39.008	17.23	24.69	-0.01	7.77	1.239	270
39.040	17.22	24.67	0.01	7.79	1.239	270
39.072	17.23	24.68	-0.00	7.78	1.239	270
39.104	17.21	24.66	-0.04	7.75	1.243	271
39.136	17.25	24.70	-0.04	7.74	1.243	271
39.168	17.22	24.67	-0.01	7.77	1.243	271
39.200	17.22	24.67	0.01	7.80	1.243	271
39.232	17.24	24.69	0.00	7.78	1.243	271
39.264	17.23	24.68	-0.03	7.75	1.243	271
39.296	17.21	24.66	-0.03	7.75	1.243	271
39.328	17.25	24.70	-0.01	7.77	1.243	271
39.360	17.26	24.72	0.01	7.80	1.243	271
39.392	17.24	24.69	-0.00	7.78	1.243	271
39.424	17.21	24.66	-0.03	7.75	1.243	271
39.456	17.22	24.68	-0.03	7.75	1.243	271
39.488	17.21	24.67	-0.01	7.77	1.243	271
39.520	17.22	24.67	0.01	7.79	1.243	271
39.552	17.20	24.65	0.00	7.78	1.243	271
39.584	17.20	24.66	-0.03	7.75	1.248	272
39.616	17.23	24.68	-0.03	7.75	1.248	272
39.648	17.24	24.69	-0.02	7.77	1.248	272
39.680	17.24	24.69	0.02	7.80	1.248	272
39.712	17.24	24.69	-0.00	7.78	1.248	272
39.744	17.24	24.70	-0.03	7.75	1.248	272
39.776	17.24	24.69	-0.03	7.75	1.248	272
39.808	17.19	24.65	-0.01	7.77	1.248	272
39.840	17.27	24.72	0.01	7.79	1.248	272
39.872	17.22	24.67	-0.00	7.78	1.248	272
39.904	17.25	24.70	-0.03	7.75	1.248	272
39.936	17.22	24.67	-0.03	7.75	1.248	272
39.968	17.24	24.70	-0.01	7.77	1.248	272
40.000	17.21	24.66	0.01	7.80	1.248	272
40.032	17.22	24.68	-0.00	7.78	1.248	272
40.064	17.25	24.70	-0.03	7.75	1.248	272
40.096	17.21	24.66	-0.03	7.75	1.248	272
40.128	17.24	24.70	-0.01	7.77	1.248	272
40.160	17.21	24.67	0.02	7.80	1.248	272
40.192	17.22	24.67	-0.00	7.78	1.248	272
40.224	17.22	24.67	-0.03	7.75	1.248	272
40.256	17.23	24.69	-0.04	7.75	1.248	272
40.288	17.22	24.68	-0.01	7.77	1.248	272
40.320	17.21	24.67	0.01	7.80	1.248	272
40.352	17.21	24.67	-0.01	7.78	1.248	272
40.384	17.21	24.66	-0.03	7.75	1.248	272
40.416	17.21	24.66	-0.04	7.75	1.248	272
40.448	17.20	24.65	-0.01	7.77	1.248	272
40.480	17.19	24.65	0.01	7.80	1.248	272
40.512	17.22	24.68	-0.01	7.78	1.243	271
40.544	17.21	24.66	-0.03	7.75	1.243	271
40.576	17.26	24.71	-0.03	7.75	1.243	271
40.608	17.24	24.70	-0.01	7.77	1.243	271
40.640	17.28	24.74	0.01	7.79	1.243	271
40.672	17.21	24.67	-0.00	7.78	1.243	271
40.704	17.23	24.69	-0.03	7.75	1.243	271
40.736	17.20	24.66	-0.03	7.75	1.243	271
40.768	17.29	24.75	-0.01	7.77	1.243	271
40.800	17.20	24.65	0.02	7.80	1.243	271
40.832	17.22	24.67	-0.00	7.78	1.243	271
40.864	17.21	24.66	-0.03	7.75	1.243	271
40.896	17.24	24.70	-0.04	7.75	1.243	271
40.928	17.17	24.62	-0.01	7.77	1.243	271
40.960	17.22	24.68	0.01	7.80	1.243	271
40.992	17.23	24.68	-0.00	7.78	1.248	272
41.024	17.22	24.68	-0.03	7.75	1.248	272
41.056	17.23	24.68	-0.03	7.75	1.248	272
41.088	17.22	24.67	-0.01	7.77	1.248	272
41.120	17.21	24.66	0.01	7.79	1.248	272
41.152	17.20	24.65	-0.00	7.78	1.248	272
41.184	17.21	24.67	-0.04	7.75	1.248	272
41.216	17.23	24.69	-0.03	7.75	1.248	272
41.248	17.18	24.63	-0.01	7.77	1.248	272
41.280	17.24	24.69	0.01	7.79	1.248	272
41.312	17.20	24.65	-0.01	7.78	1.248	272
41.344	17.26	24.72	-0.04	7.75	1.248	272
41.376	17.19	24.65	-0.04	7.74	1.248	272
41.408	17.19	24.65	-0.01	7.77	1.248	272
41.440	17.22	24.67	0.01	7.79	1.243	271
41.472	17.18	24.64	-0.00	7.78	1.243	271
41.504	17.24	24.69	-0.04	7.74	1.243	271
41.536	17.19	24.65	-0.04	7.75	1.243	271
41.568	17.18	24.64	-0.01	7.77	1.243	271
41.600	17.19	24.64	0.01	7.79	1.243	271
41.632	17.19	24.64	-0.00	7.78	1.243	271
41.664	17.25	24.70	-0.03	7.75	1.243	271
41.696	17.21	24.67	-0.04	7.75	1.243	271
41.728	17.22	24.68	-0.01	7.77	1.243	271
41.760	17.22	24.68	0.01	7.79	1.243	271
41.792	17.20	24.65	-0.00	7.78	1.243	271
41.824	17.21	24.67	-0.04	7.75	1.243	271
41.856	17.21	24.66	-0.04	7.75	1.243	271
41.888	17.19	24.64	-0.01	7.77	1.243	271
41.920	17.18	24.64	0.02	7.80	1.243	271
41.952	17.19	24.64	-0.00	7.78	1.243	271
41.984	17.19	24.65	-0.03	7.75	1.243	271
42.016	17.21	24.67	-0.04	7.74	1.243	271
42.048	17.19	24.64	-0.01	7.77	1.243	271
42.080	17.19	24.64	0.01	7.79	1.243	271
42.112	17.21	24.67	-0.00	7.78	1.243	271
42.144	17.21	24.67	-0.03	7.75	1.243	271
42.176	17.19	24.64	-0.03	7.75	1.243	271
42.208	17.16	24.61	-0.01	7.77	1.243	271
42.240	17.19	24.64	0.01	7.79	1.243	271
42.272	17.18	24.63	-0.01	7.78	1.243	271
42.304	17.19	24.64	-0.04	7.75	1.243	271
42.336	17.18	24.63	-0.03	7.75	1.243	271
42.368	17.23	24.69	-0.01	7.77	1.243	271
42.400	17.21	24.66	0.01	7.80	1.243	271
42.432	17.22	24.67	-0.00	7.78	1.243	271
42.464	17.19	24.65	-0.03	7.75	1.243	271
42.496	17.21	24.67	-0.03	7.75	1.243	271
42.528	17.21	24.66	-0.01	7.77	1.243	271
42.560	17.19	24.65	0.01	7.79	1.243	271
42.592	17.21	24.67	-0.00	7.78	1.243	271
42.624	17.20	24.65	-0.03	7.75	1.243	271
42.656	17.18	24.63	-0.04	7.75	1.243	271
42.688	17.23	24.68	-0.01	7.77	1.243	271
42.720	17.19	24.64	0.01	7.80	1.243	271
42.752	17.21	24.66	-0.01	7.78	1.243	271
42.784	17.18	24.63	-0.03	7.75	1.243	271
42.816	17.19	24.64	-0.03	7.75	1.243	271
42.848	17.19	24.65	-0.01	7.77	1.243	271
42.880	17.19	24.64	0.01	7.79	1.243	271
42.912	17.22	24.68	-0.00	7.78	1.243	271
42.944	17.17	24.63	-0.03	7.75	1.243	271
42.976	17.17	24.62	-0.03	7.75	1.243	271
43.008	17.18	24.63	-0.01	7.77	1.243	271
43.040	17.14	24.60	0.01	7.80	1.243	271
43.072	17.21	24.66	-0.00	7.78	1.243	271
43.104	17.19	24.65	-0.03	7.75	1.243	271
43.136	17.20	24.65	-0.04	7.75	1.243	271
43.168	17.17	24.63	-0.01	7.77	1.243	271
43.200	17.18	24.63	0.01	7.80	1.243	271
43.232	17.19	24.65	-0.00	7.78	1.243	271
43.264	17.19	24.64	-0.03	7.75	1.243	271
43.296	17.16	24.62	-0.03	7.75	1.243	271
43.328	17.17	24.63	-0.01	7.78	1.243	271
43.360	17.16	24.62	0.01	7.80	1.243	271
43.392	17.19	24.64	-0.00	7.78	1.243	271
43.424	17.17	24.63	-0.03	7.75	1.243	271
43.456	17.22	24.67	-0.03	7.75	1.243	271
43.488	17.19	24.64	-0.01	7.77	1.243	271
43.520	17.18	24.64	0.02	7.80	1.243	271
43.552	17.18	24.64	-0.01	7.77	1.243	271
43.584	17.21	24.66	-0.03	7.75	1.243	271
43.616	17.20	24.65	-0.03	7.75	1.243	271
43.648	17.15	24.60	-0.01	7.77	1.243	271
43.680	17.18	24.63	0.01	7.80	1.243	271
43.712	17.18	24.63	-0.01	7.78	1.243	271
43.744	17.17	24.63	-0.03	7.75	1.243	271
43.776	17.13	24.59	-0.03	7.75	1.239	270
43.808	17.16	24.61	-0.01	7.77	1.239	270
43.840	17.15	24.61	0.01	7.80	1.239	270
43.872	17.18	24.64	0.00	7.78	1.239	270
43.904	17.17	24.62	-0.04	7.75	1.239	270
43.936	17.16	24.62	-0.04	7.75	1.239	270
43.968	17.14	24.59	-0.01	7.77	1.239	270
44.000	17.20	24.66	0.01	7.79	1.239	270
44.032	17.16	24.61	-0.01	7.78	1.239	270
44.064	17.18	24.64	-0.03	7.75	1.239	270
44.096	17.14	24.59	-0.03	7.75	1.239	270
44.128	17.21	24.66	-0.01	7.78	1.239	270
44.160	17.16	24.61	0.02	7.80	1.239	270
44.192	17.21	24.66	-0.00	7.78	1.239	270
44.224	17.13	24.59	-0.03	7.75	1.239	270
44.256	17.16	24.62	-0.03	7.75	1.239	270
44.288	17.13	24.58	-0.01	7.77	1.239	270
44.320	17.17	24.62	0.02	7.80	1.239	270
44.352	17.15	24.60	-0.01	7.78	1.239	270
44.384	17.19	24.64	-0.03	7.75	1.239	270
44.416	17.15	24.61	-0.03	7.75	1.239	270
44.448	17.17	24.62	-0.01	7.77	1.239	270
44.480	17.19	24.64	0.01	7.79	1.239	270
44.512	17.19	24.64	-0.00	7.78	1.239	270
44.544	17.18	24.63	-0.04	7.75	1.239	270
44.576	17.17	24.62	-0.03	7.75	1.239	270
44.608	17.19	24.64	-0.01	7.77	1.239	270
44.640	17.18	24.63	0.01	7.79	1.239	270
44.672	17.15	24.60	-0.01	7.77	1.239	270
44.704	17.16	24.61	-0.03	7.75	1.239	270
44.736	17.14	24.60	-0.03	7.75	1.239	270
44.768	17.18	24.63	-0.01	7.77	1.239	270
44.800	17.16	24.61	0.01	7.79	1.239	270
44.832	17.19	24.64	-0.01	7.77	1.239	270
44.864	17.15	24.61	-0.04	7.75	1.239	270
44.896	17.17	24.63	-0.03	7.75	1.239	270
44.928	17.18	24.63	-0.01	7.77	1.239	270
44.960	17.17	24.62	0.01	7.79	1.239	270
44.992	17.21	24.66	-0.00	7.78	1.239	270
45.024	17.19	24.65	-0.03	7.75	1.239	270
45.056	17.18	24.63	-0.03	7.75	1.239	270
45.088	17.17	24.63	-0.01	7.77	1.239	270
45.120	17.16	24.62	0.01	7.79	1.239	270
45.152	17.15	24.60	-0.00	7.78	1.239	270
45.184	17.16	24.61	-0.04	7.74	1.239	270
45.216	17.18	24.63	-0.03	7.75	1.239	270
45.248	17.16	24.61	-0.01	7.77	1.239	270
45.280	17.18	24.64	0.01	7.79	1.239	270
45.312	17.17	24.62	-0.00	7.78	1.239	270
45.344	17.16	24.62	-0.03	7.75	1.239	270
45.376	17.16	24.62	-0.03	7.75	1.239	270
45.408	17.19	24.65	-0.01	7.77	1.239	270
45.440	17.17	24.63	0.02	7.80	1.239	270
45.472	17.19	24.64	-0.00	7.78	1.239	270
45.504	17.19	24.64	-0.04	7.75	1.239	270
45.536	17.17	24.63	-0.03	7.75	1.239	270
45.568	17.18	24.64	-0.01	7.77	1.239	270
45.600	17.17	24.62	0.01	7.79	1.239	270
45.632	17.18	24.64	-0.00	7.78	1.239	270
45.664	17.12	24.58	-0.04	7.75	1.239	270
45.696	17.19	24.64	-0.04	7.75	1.239	270
45.728	17.15	24.60	-0.01	7.77	1.239	270
45.760	17.16	24.61	0.02	7.80	1.239	270
45.792	17.16	24.62	-0.00	7.78	1.239	270
45.824	17.18	24.63	-0.04	7.75	1.239	270
45.856	17.18	24.63	-0.04	7.75	1.239	270
45.888	17.18	24.64	-0.01	7.77	1.239	270
45.920	17.17	24.62	0.01	7.80	1.239	270
45.952	17.19	24.64	-0.00	7.78	1.239	270
45.984	17.17	24.62	-0.04	7.75	1.239	270
46.016	17.15	24.61	-0.03	7.75	1.239	270
46.048	17.19	24.64	-0.01	7.77	1.239	270
46.080	17.16	24.62	0.01	7.80	1.239	270
46.112	17.16	24.62	-0.01	7.78	1.239	270
46.144	17.15	24.60	-0.03	7.75	1.239	270
46.176	17.17	24.63	-0.04	7.74	1.239	270
46.208	17.17	24.62	-0.01	7.77	1.239	270
46.240	17.17	24.62	0.01	7.80	1.239	270
46.272	17.21	24.66	-0.00	7.78	1.239	270
46.304	17.18	24.64	-0.03	7.75	1.239	270
46.336	17.24	24.69	-0.03	7.75	1.239	270
46.368	17.18	24.63	-0.01	7.77	1.239	270
46.400	17.19	24.65	0.01	7.80	1.239	270
46.432	17.21	24.66	-0.00	7.78	1.239	270
46.464	17.18	24.63	-0.04	7.74	1.239	270
46.496	17.21	24.67	-0.04	7.75	1.239	270
46.528	17.19	24.65	-0.01	7.78	1.239	270
46.560	17.21	24.67	0.01	7.79	1.239	270
46.592	17.19	24.64	-0.01	7.78	1.239	270
46.624	17.20	24.65	-0.04	7.75	1.239	270
46.656	17.22	24.67	-0.03	7.75	1.239	270
46.688	17.19	24.65	-0.01	7.77	1.239	270
46.720	17.22	24.67	0.01	7.80	1.239	270
46.752	17.19	24.64	-0.00	7.78	1.239	270
46.784	17.21	24.66	-0.04	7.75	1.239	270
46.816	17.18	24.63	-0.03	7.75	1.239	270
46.848	17.21	24.66	-0.01	7.77	1.239	270
46.880	17.18	24.64	0.01	7.80	1.239	270
46.912	17.20	24.65	-0.00	7.78	1.239	270
46.944	17.19	24.64	-0.03	7.75	1.239	270
46.976	17.25	24.70	-0.03	7.75	1.239	270
47.008	17.15	24.60	-0.01	7.77	1.239	270
47.040	17.22	24.68	0.01	7.80	1.239	270
47.072	17.16	24.61	0.00	7.78	1.239	270
47.104	17.17	24.63	-0.04	7.74	1.239	270
47.136	17.18	24.63	-0.03	7.75	1.239	270
47.168	17.20	24.66	-0.01	7.77	1.239	270
47.200	17.20	24.66	0.02	7.80	1.239	270
47.232	17.21	24.67	-0.00	7.78	1.239	270
47.264	17.18	24.64	-0.03	7.75	1.239	270
47.296	17.19	24.65	-0.03	7.75	1.239	270
47.328	17.18	24.63	-0.01	7.77	1.239	270
47.360	17.15	24.60	0.02	7.80	1.239	270
47.392	17.23	24.68	-0.01	7.78	1.239	270
47.424	17.17	24.62	-0.04	7.75	1.239	270
47.456	17.22	24.67	-0.03	7.75	1.239	270
47.488	17.18	24.63	-0.01	7.77	1.239	270
47.520	17.22	24.68	0.01	7.80	1.243	271
47.552	17.20	24.65	-0.00	7.78	1.243	271
47.584	17.22	24.68	-0.03	7.75	1.243	271
47.616	17.21	24.66	-0.03	7.75	1.243	271
47.648	17.19	24.64	-0.01	7.77	1.243	271
47.680	17.20	24.66	0.01	7.80	1.243	271
47.712	17.19	24.65	-0.00	7.78	1.243	271
47.744	17.21	24.66	-0.03	7.75	1.243	271
47.776	17.20	24.65	-0.04	7.75	1.243	271
47.808	17.21	24.66	-0.01	7.78	1.243	271
47.840	17.21	24.66	0.01	7.80	1.243	271
47.872	17.16	24.61	-0.00	7.78	1.243	271
47.904	17.19	24.65	-0.04	7.74	1.243	271
47.936	17.16	24.61	-0.04	7.74	1.243	271
47.968	17.18	24.63	-0.01	7.77	1.243	271
48.000	17.20	24.65	0.01	7.79	1.243	271
48.032	17.20	24.65	-0.00	7.78	1.243	271
48.064	17.21	24.66	-0.03	7.75	1.243	271
48.096	17.18	24.64	-0.03	7.75	1.243	271
48.128	17.19	24.65	-0.01	7.77	1.243	271
48.160	17.19	24.64	0.02	7.80	1.243	271
48.192	17.21	24.67	0.00	7.78	1.243	271
48.224	17.21	24.66	-0.03	7.75	1.243	271
48.256	17.21	24.67	-0.03	7.75	1.243	271
48.288	17.21	24.67	-0.01	7.77	1.243	271
48.320	17.21	24.66	0.01	7.79	1.243	271
48.352	17.18	24.64	-0.00	7.78	1.243	271
48.384	17.18	24.64	-0.03	7.75	1.243	271
48.416	17.20	24.65	-0.03	7.75	1.243	271
48.448	17.17	24.63	-0.01	7.77	1.243	271
48.480	17.19	24.64	0.01	7.79	1.243	271
48.512	17.20	24.65	-0.00	7.78	1.243	271
48.544	17.20	24.66	-0.04	7.75	1.243	271
48.576	17.21	24.66	-0.03	7.75	1.243	271
48.608	17.20	24.65	-0.01	7.77	1.243	271
48.640	17.22	24.67	0.01	7.80	1.243	271
48.672	17.22	24.67	0.00	7.78	1.243	271
48.704	17.22	24.67	-0.03	7.75	1.243	271
48.736	17.23	24.69	-0.03	7.75	1.243	271
48.768	17.17	24.62	-0.01	7.77	1.243	271
48.800	17.23	24.68	0.01	7.79	1.243	271
48.832	17.20	24.65	-0.00	7.78	1.243	271
48.864	17.17	24.62	-0.04	7.75	1.243	271
48.896	17.17	24.63	-0.04	7.75	1.243	271
48.928	17.19	24.64	-0.01	7.77	1.243	271
48.960	17.20	24.65	0.02	7.80	1.243	271
48.992	17.18	24.63	-0.00	7.78	1.243	271
49.024	17.17	24.63	-0.03	7.75	1.243	271
49.056	17.17	24.63	-0.03	7.75	1.243	271
49.088	17.20	24.65	-0.01	7.78	1.243	271
49.120	17.18	24.64	0.02	7.80	1.243	271
49.152	17.19	24.65	-0.00	7.78	1.243	271
49.184	17.16	24.62	-0.03	7.75	1.243	271
49.216	17.17	24.63	-0.03	7.75	1.243	271
49.248	17.17	24.63	-0.01	7.77	1.243	271
49.280	17.21	24.66	0.01	7.80	1.243	271
49.312	17.17	24.62	-0.01	7.78	1.243	271
49.344	17.16	24.61	-0.03	7.75	1.243	271
49.376	17.18	24.63	-0.03	7.75	1.243	271
49.408	17.20	24.66	-0.01	7.77	1.243	271
49.440	17.15	24.60	0.02	7.80	1.243	271
49.472	17.18	24.63	-0.00	7.78	1.243	271
49.504	17.16	24.62	-0.04	7.75	1.243	271
49.536	17.19	24.64	-0.03	7.75	1.243	271
49.568	17.19	24.65	-0.01	7.77	1.243	271
49.600	17.19	24.64	0.01	7.80	1.243	271
49.632	17.19	24.64	-0.00	7.78	1.243	271
49.664	17.18	24.64	-0.03	7.75	1.243	271
49.696	17.20	24.65	-0.03	7.75	1.243	271
49.728	17.16	24.62	-0.01	7.77	1.243	271
49.760	17.21	24.66	0.01	7.80	1.243	271
49.792	17.17	24.62	-0.00	7.78	1.243	271
49.824	17.19	24.65	-0.03	7.75	1.243	271
49.856	17.17	24.63	-0.03	7.75	1.243	271
49.888	17.21	24.66	-0.01	7.77	1.248	272
49.920	17.18	24.63	0.01	7.80	1.248	272
49.952	17.16	24.61	-0.00	7.78	1.248	272
49.984	17.21	24.66	-0.03	7.75	1.248	272
50.016	17.15	24.60	-0.03	7.75	1.248	272
50.048	17.19	24.64	-0.01	7.77	1.248	272
50.080	17.19	24.64	0.01	7.80	1.248	272
50.112	17.17	24.63	0.00	7.78	1.248	272
50.144	17.19	24.65	-0.03	7.75	1.248	272
50.176	17.19	24.64	-0.03	7.75	1.248	272
50.208	17.18	24.63	-0.01	7.77	1.248	272
50.240	17.16	24.61	0.01	7.79	1.248	272
50.272	17.13	24.59	-0.00	7.78	1.248	272
50.304	17.16	24.61	-0.03	7.75	1.248	272
50.336	17.16	24.61	-0.03	7.75	1.243	271
50.368	17.15	24.60	-0.01	7.77	1.243	271
50.400	17.16	24.61	0.01	7.80	1.243	271
50.432	17.18	24.63	0.00	7.78	1.243	271
50.464	17.16	24.61	-0.03	7.75	1.243	271
50.496	17.16	24.61	-0.04	7.75	1.243	271
50.528	17.17	24.62	-0.01	7.78	1.243	271
50.560	17.18	24.63	0.02	7.80	1.243	271
50.592	17.19	24.64	-0.00	7.78	1.243	271
50.624	17.18	24.63	-0.03	7.75	1.243	271
50.656	17.19	24.64	-0.03	7.75	1.243	271
50.688	17.18	24.63	-0.01	7.77	1.243	271
50.720	17.14	24.59	0.02	7.80	1.243	271
50.752	17.17	24.63	-0.00	7.78	1.243	271
50.784	17.15	24.60	-0.03	7.75	1.243	271
50.816	17.17	24.63	-0.03	7.75	1.243	271
50.848	17.17	24.62	-0.01	7.77	1.243	271
50.880	17.19	24.64	0.01	7.79	1.243	271
50.912	17.19	24.64	-0.00	7.78	1.243	271
50.944	17.19	24.64	-0.03	7.75	1.243	271
50.976	17.19	24.64	-0.03	7.75	1.243	271
51.008	17.14	24.60	-0.01	7.77	1.243	271
51.040	17.21	24.66	0.02	7.80	1.243	271
51.072	17.14	24.60	0.00	7.78	1.243	271
51.104	17.20	24.65	-0.03	7.75	1.243	271
51.136	17.18	24.64	-0.03	7.75	1.243	271
51.168	17.19	24.64	-0.01	7.77	1.243	271
51.200	17.15	24.60	0.02	7.80	1.243	271
51.232	17.14	24.59	-0.00	7.78	1.243	271
51.264	17.19	24.64	-0.03	7.75	1.248	272
51.296	17.20	24.65	-0.04	7.75	1.248	272
51.328	17.20	24.65	-0.01	7.77	1.248	272
51.360	17.19	24.64	0.02	7.80	1.248	272
51.392	17.18	24.64	-0.00	7.78	1.248	272
51.424	17.13	24.59	-0.03	7.75	1.248	272
51.456	17.21	24.66	-0.04	7.74	1.248	272
51.488	17.20	24.65	-0.01	7.77	1.248	272
51.520	17.20	24.65	0.02	7.80	1.248	272
51.552	17.17	24.62	0.00	7.78	1.248	272
51.584	17.17	24.63	-0.03	7.75	1.248	272
51.616	17.17	24.62	-0.04	7.75	1.248	272
51.648	17.16	24.61	-0.01	7.77	1.248	272
51.680	17.13	24.59	0.01	7.80	1.248	272
51.712	17.15	24.60	0.00	7.78	1.248	272
51.744	17.18	24.64	-0.03	7.75	1.248	272
51.776	17.18	24.63	-0.04	7.75	1.248	272
51.808	17.19	24.64	-0.01	7.77	1.248	272
51.840	17.14	24.60	0.01	7.80	1.248	272
51.872	17.20	24.65	0.00	7.78	1.248	272
51.904	17.15	24.60	-0.03	7.75	1.248	272
51.936	17.18	24.63	-0.04	7.75	1.248	272
51.968	17.18	24.64	-0.01	7.77	1.248	272
52.000	17.20	24.65	0.01	7.80	1.248	272
52.032	17.16	24.62	0.00	7.78	1.248	272
52.064	17.17	24.62	-0.02	7.76	1.248	272
52.096	17.17	24.62	-0.04	7.74	1.248	272
52.128	17.13	24.59	-0.01	7.77	1.248	272
52.160	17.20	24.65	0.01	7.79	1.248	272
52.192	17.17	24.62	0.01	7.79	1.248	272
52.224	17.20	24.65	-0.02	7.76	1.243	271
52.256	17.16	24.61	-0.03	7.75	1.243	271
52.288	17.18	24.63	-0.02	7.76	1.243	271
52.320	17.19	24.64	0.01	7.79	1.243	271
52.352	17.17	24.63	0.00	7.78	1.243	271
52.384	17.19	24.64	-0.03	7.75	1.243	271
52.416	17.13	24.58	-0.04	7.74	1.243	271
52.448	17.19	24.64	-0.02	7.76	1.243	271
52.480	17.16	24.62	0.01	7.79	1.243	271
52.512	17.21	24.66	-0.00	7.78	1.243	271
52.544	17.21	24.66	-0.02	7.76	1.243	271
52.576	17.21	24.66	-0.04	7.74	1.243	271
52.608	17.19	24.64	-0.02	7.76	1.243	271
52.640	17.21	24.67	0.01	7.79	1.243	271
52.672	17.20	24.65	0.00	7.78	1.248	272
52.704	17.20	24.66	-0.02	7.76	1.248	272
52.736	17.17	24.63	-0.04	7.74	1.248	272
52.768	17.16	24.62	-0.02	7.76	1.248	272
52.800	17.20	24.65	0.01	7.79	1.248	272
52.832	17.14	24.60	0.00	7.78	1.248	272
52.864	17.19	24.65	-0.02	7.76	1.248	272
52.896	17.16	24.61	-0.04	7.74	1.248	272
52.928	17.20	24.65	-0.02	7.77	1.248	272
52.960	17.16	24.61	0.01	7.79	1.248	272
52.992	17.17	24.62	0.00	7.79	1.248	272
53.024	17.16	24.61	-0.02	7.76	1.248	272
53.056	17.20	24.65	-0.04	7.75	1.248	272
53.088	17.14	24.59	-0.02	7.77	1.248	272
53.120	17.18	24.63	0.01	7.79	1.248	272
53.152	17.12	24.57	0.01	7.79	1.248	272
53.184	17.18	24.63	-0.01	7.77	1.248	272
53.216	17.17	24.63	-0.04	7.74	1.248	272
53.248	17.12	24.58	-0.02	7.76	1.248	272
53.280	17.17	24.63	0.01	7.79	1.248	272
53.312	17.13	24.59	0.01	7.79	1.248	272
53.344	17.21	24.66	-0.01	7.77	1.248	272
53.376	17.21	24.66	-0.04	7.75	1.248	272
53.408	17.19	24.64	-0.02	7.76	1.248	272
53.440	17.18	24.63	0.01	7.79	1.248	272
53.472	17.19	24.64	0.01	7.79	1.248	272
53.504	17.16	24.61	-0.02	7.77	1.248	272
53.536	17.15	24.60	-0.04	7.74	1.248	272
53.568	17.18	24.63	-0.02	7.76	1.248	272
53.600	17.18	24.64	0.01	7.79	1.248	272
53.632	17.18	24.63	0.01	7.79	1.248	272
53.664	17.19	24.64	-0.01	7.78	1.248	272
53.696	17.18	24.63	-0.04	7.74	1.248	272
53.728	17.19	24.64	-0.02	7.76	1.248	272
53.760	17.15	24.60	0.01	7.79	1.248	272
53.792	17.22	24.68	0.01	7.79	1.248	272
53.824	17.16	24.62	-0.01	7.77	1.248	272
53.856	17.22	24.68	-0.04	7.74	1.248	272
53.888	17.18	24.63	-0.02	7.76	1.248	272
53.920	17.19	24.64	0.01	7.79	1.248	272
53.952	17.18	24.64	0.01	7.79	1.248	272
53.984	17.19	24.64	-0.01	7.77	1.248	272
54.016	17.12	24.57	-0.04	7.74	1.248	272
54.048	17.17	24.63	-0.02	7.77	1.248	272
54.080	17.20	24.66	0.01	7.79	1.243	271
54.112	17.22	24.67	0.01	7.79	1.243	271
54.144	17.21	24.66	-0.01	7.77	1.243	271
54.176	17.18	24.64	-0.04	7.74	1.243	271
54.208	17.21	24.66	-0.02	7.76	1.243	271
54.240	17.15	24.61	0.01	7.79	1.243	271
54.272	17.22	24.68	0.01	7.79	1.243	271
54.304	17.19	24.64	-0.01	7.77	1.243	271
54.336	17.21	24.67	-0.04	7.74	1.243	271
54.368	17.18	24.63	-0.02	7.76	1.243	271
54.400	17.19	24.65	0.01	7.79	1.243	271
54.432	17.17	24.63	0.01	7.79	1.243	271
54.464	17.18	24.64	-0.00	7.78	1.243	271
54.496	17.17	24.62	-0.04	7.74	1.243	271
54.528	17.18	24.64	-0.02	7.76	1.243	271
54.560	17.19	24.64	0.01	7.79	1.248	272
54.592	17.21	24.66	0.01	7.80	1.248	272
54.624	17.18	24.64	-0.01	7.78	1.248	272
54.656	17.20	24.65	-0.04	7.75	1.248	272
54.688	17.19	24.64	-0.02	7.76	1.248	272
54.720	17.16	24.62	0.00	7.78	1.248	272
54.752	17.17	24.62	0.01	7.80	1.248	272
54.784	17.17	24.62	-0.01	7.78	1.248	272
54.816	17.18	24.64	-0.04	7.74	1.248	272
54.848	17.17	24.63	-0.02	7.76	1.248	272
54.880	17.20	24.65	0.00	7.79	1.248	272
54.912	17.18	24.63	0.02	7.80	1.248	272
54.944	17.17	24.63	-0.00	7.78	1.248	272
54.976	17.20	24.65	-0.04	7.74	1.248	272
55.008	17.18	24.64	-0.02	7.76	1.243	271
55.040	17.22	24.68	0.00	7.78	1.243	271
55.072	17.15	24.60	0.01	7.80	1.243	271
55.104	17.14	24.60	-0.00	7.78	1.243	271
55.136	17.15	24.60	-0.04	7.74	1.243	271
55.168	17.15	24.60	-0.02	7.76	1.243	271
55.200	17.21	24.67	0.00	7.78	1.243	271
55.232	17.16	24.61	0.01	7.80	1.243	271
55.264	17.15	24.61	-0.00	7.78	1.243	271
55.296	17.17	24.62	-0.04	7.75	1.243	271
55.328	17.19	24.64	-0.02	7.76	1.243	271
55.360	17.17	24.62	-0.00	7.78	1.243	271
55.392	17.18	24.64	0.01	7.80	1.243	271
55.424	17.14	24.59	0.00	7.78	1.243	271
55.456	17.18	24.63	-0.03	7.75	1.243	271
55.488	17.17	24.63	-0.03	7.75	1.239	270
55.520	17.16	24.61	-0.00	7.78	1.239	270
55.552	17.17	24.62	0.01	7.80	1.239	270
55.584	17.12	24.58	-0.00	7.78	1.239	270
55.616	17.16	24.62	-0.04	7.75	1.239	270
55.648	17.14	24.60	-0.02	7.76	1.239	270
55.680	17.14	24.60	-0.01	7.78	1.239	270
55.712	17.17	24.62	0.01	7.80	1.239	270
55.744	17.12	24.57	0.00	7.78	1.239	270
55.776	17.17	24.62	-0.03	7.75	1.239	270
55.808	17.16	24.61	-0.03	7.75	1.239	270
55.840	17.18	24.64	-0.01	7.77	1.239	270
55.872	17.14	24.60	0.02	7.80	1.239	270
55.904	17.18	24.64	-0.00	7.78	1.239	270
55.936	17.18	24.63	-0.03	7.75	1.239	270
55.968	17.15	24.60	-0.03	7.75	1.239	270
56.000	17.15	24.61	-0.01	7.77	1.239	270
56.032	17.16	24.61	0.01	7.79	1.239	270
56.064	17.15	24.61	0.00	7.78	1.239	270
56.096	17.18	24.64	-0.03	7.75	1.239	270
56.128	17.16	24.62	-0.03	7.75	1.239	270
56.160	17.19	24.64	-0.01	7.77	1.239	270
56.192	17.19	24.64	0.01	7.80	1.239	270
56.224	17.15	24.60	0.00	7.78	1.239	270
56.256	17.17	24.62	-0.03	7.75	1.239	270
56.288	17.13	24.58	-0.04	7.75	1.239	270
56.320	17.14	24.60	-0.01	7.77	1.239	270
56.352	17.16	24.61	0.01	7.80	1.239	270
56.384	17.18	24.63	-0.00	7.78	1.239	270
56.416	17.18	24.63	-0.02	7.76	1.239	270
56.448	17.16	24.61	-0.04	7.74	1.239	270
56.480	17.18	24.64	-0.02	7.77	1.239	270
56.512	17.19	24.65	0.01	7.79	1.239	270
56.544	17.21	24.66	0.00	7.79	1.239	270
56.576	17.20	24.65	-0.02	7.76	1.239	270
56.608	17.22	24.67	-0.04	7.74	1.239	270
56.640	17.18	24.63	-0.01	7.77	1.239	270
56.672	17.18	24.64	0.01	7.80	1.239	270
56.704	17.19	24.64	0.00	7.79	1.239	270
56.736	17.16	24.61	-0.02	7.76	1.239	270
56.768	17.19	24.64	-0.04	7.74	1.239	270
56.800	17.19	24.65	-0.02	7.76	1.239	270
56.832	17.12	24.58	0.01	7.79	1.239	270
56.864	17.17	24.62	0.01	7.79	1.239	270
56.896	17.14	24.60	-0.01	7.77	1.243	271
56.928	17.18	24.64	-0.04	7.74	1.243	271
56.960	17.12	24.58	-0.02	7.76	1.243	271
56.992	17.17	24.63	0.00	7.79	1.243	271
57.024	17.12	24.57	0.01	7.79	1.243	271
57.056	17.15	24.61	-0.01	7.77	1.243	271
57.088	17.18	24.63	-0.04	7.74	1.243	271
57.120	17.18	24.64	-0.02	7.77	1.243	271
57.152	17.15	24.60	0.01	7.79	1.243	271
57.184	17.15	24.60	0.00	7.79	1.243	271
57.216	17.14	24.59	-0.01	7.77	1.243	271
57.248	17.14	24.60	-0.04	7.74	1.243	271
57.280	17.14	24.59	-0.02	7.76	1.243	271
57.312	17.19	24.64	0.00	7.79	1.243	271
57.344	17.14	24.59	0.01	7.79	1.243	271
57.376	17.21	24.67	-0.01	7.78	1.243	271
57.408	17.13	24.59	-0.04	7.74	1.243	271
57.440	17.16	24.62	-0.02	7.76	1.243	271
57.472	17.20	24.65	0.00	7.79	1.243	271
57.504	17.19	24.65	0.01	7.79	1.243	271
57.536	17.20	24.65	-0.01	7.78	1.243	271
57.568	17.15	24.60	-0.04	7.74	1.243	271
57.600	17.20	24.65	-0.02	7.76	1.243	271
57.632	17.18	24.63	0.00	7.78	1.243	271
57.664	17.19	24.65	0.01	7.80	1.243	271
57.696	17.20	24.65	-0.01	7.78	1.243	271
57.728	17.19	24.64	-0.04	7.74	1.243	271
57.760	17.20	24.65	-0.03	7.75	1.243	271
57.792	17.18	24.63	-0.00	7.78	1.243	271
57.824	17.17	24.62	0.01	7.79	1.243	271
57.856	17.17	24.62	-0.01	7.78	1.243	271
57.888	17.19	24.64	-0.03	7.75	1.243	271
57.920	17.18	24.63	-0.03	7.75	1.243	271
57.952	17.21	24.66	-0.01	7.77	1.243	271
57.984	17.16	24.61	0.01	7.80	1.243	271
58.016	17.24	24.69	-0.01	7.77	1.243	271
58.048	17.16	24.62	-0.04	7.74	1.243	271
58.080	17.19	24.65	-0.02	7.76	1.243	271
58.112	17.18	24.63	-0.01	7.77	1.243	271
58.144	17.19	24.65	0.01	7.79	1.243	271
58.176	17.18	24.63	-0.00	7.78	1.243	271
58.208	17.13	24.58	-0.03	7.75	1.243	271
58.240	17.16	24.61	-0.03	7.75	1.243	271
58.272	17.13	24.58	-0.01	7.77	1.243	271
58.304	17.19	24.64	0.01	7.79	1.239	270
58.336	17.18	24.63	-0.00	7.78	1.239	270
58.368	17.18	24.64	-0.02	7.76	1.239	270
58.400	17.18	24.64	-0.04	7.75	1.239	270
58.432	17.17	24.63	-0.01	7.77	1.239	270
58.464	17.19	24.65	0.01	7.80	1.239	270
58.496	17.17	24.63	0.00	7.78	1.239	270
58.528	17.21	24.66	-0.02	7.76	1.239	270
58.560	17.17	24.62	-0.04	7.74	1.239	270
58.592	17.16	24.61	-0.01	7.77	1.239	270
58.624	17.20	24.65	0.01	7.79	1.239	270
58.656	17.19	24.64	0.00	7.78	1.239	270
58.688	17.19	24.64	-0.02	7.76	1.239	270
58.720	17.17	24.63	-0.04	7.74	1.239	270
58.752	17.22	24.67	-0.01	7.77	1.239	270
58.784	17.18	24.63	0.01	7.79	1.243	271
58.816	17.18	24.63	0.00	7.78	1.243	271
58.848	17.20	24.65	-0.02	7.77	1.243	271
58.880	17.21	24.67	-0.04	7.74	1.243	271
58.912	17.17	24.62	-0.02	7.76	1.243	271
58.944	17.20	24.66	0.01	7.79	1.243	271
58.976	17.19	24.65	0.01	7.79	1.243	271
59.008	17.20	24.65	-0.01	7.77	1.243	271
59.040	17.19	24.65	-0.04	7.74	1.243	271
59.072	17.21	24.66	-0.02	7.76	1.243	271
59.104	17.21	24.66	0.00	7.79	1.243	271
59.136	17.19	24.65	0.01	7.79	1.243	271
59.168	17.23	24.68	-0.01	7.77	1.243	271
59.200	17.18	24.63	-0.04	7.74	1.243	271
59.232	17.20	24.65	-0.02	7.76	1.239	270
59.264	17.22	24.68	0.00	7.78	1.239	270
59.296	17.23	24.68	0.01	7.79	1.239	270
59.328	17.23	24.68	-0.01	7.77	1.239	270
59.360	17.19	24.65	-0.04	7.74	1.239	270
59.392	17.26	24.71	-0.02	7.76	1.239	270
59.424	17.20	24.66	0.00	7.79	1.239	270
59.456	17.23	24.68	0.01	7.80	1.239	270
59.488	17.19	24.64	-0.01	7.77	1.239	270
59.520	17.24	24.69	-0.04	7.74	1.239	270
59.552	17.21	24.67	-0.02	7.76	1.239	270
59.584	17.20	24.65	-0.00	7.78	1.239	270
59.616	17.19	24.65	0.01	7.79	1.239	270
59.648	17.21	24.66	-0.00	7.78	1.239	270
59.680	17.20	24.65	-0.03	7.75	1.239	270
59.712	17.19	24.65	-0.02	7.76	1.243	271
59.744	17.17	24.63	-0.01	7.77	1.243	271
59.776	17.20	24.65	0.01	7.79	1.243	271
59.808	17.21	24.66	-0.01	7.78	1.243	271
59.840	17.16	24.61	-0.03	7.75	1.243	271
59.872	17.21	24.67	-0.03	7.75	1.243	271
59.904	17.18	24.63	-0.01	7.78	1.243	271
59.936	17.21	24.66	0.01	7.79	1.243	271
59.968	17.18	24.63	-0.00	7.78	1.243	271
60.000	17.18	24.64	-0.04	7.75	1.243	271
60.032	17.16	24.62	-0.03	7.75	1.243	271
60.064	17.18	24.63	-0.01	7.77	1.243	271
60.096	17.17	24.62	0.01	7.80	1.243	271
60.128	17.17	24.62	0.00	7.78	1.243	271
60.160	17.20	24.66	-0.03	7.75	1.239	270
60.192	17.18	24.63	-0.03	7.75	1.239	270
60.224	17.20	24.65	-0.01	7.77	1.239	270
60.256	17.18	24.63	0.01	7.79	1.239	270
60.288	17.20	24.65	0.00	7.78	1.239	270
60.320	17.24	24.69	-0.03	7.75	1.239	270
60.352	17.19	24.64	-0.04	7.74	1.239	270
60.384	17.21	24.66	-0.01	7.77	1.239	270
60.416	17.18	24.64	0.01	7.79	1.239	270
60.448	17.19	24.64	0.00	7.79	1.239	270
60.480	17.18	24.64	-0.02	7.76	1.239	270
60.512	17.17	24.62	-0.04	7.74	1.239	270
60.544	17.21	24.66	-0.01	7.77	1.239	270
60.576	17.14	24.59	0.01	7.79	1.239	270
60.608	17.18	24.63	0.01	7.79	1.239	270
60.640	17.19	24.65	-0.01	7.77	1.243	271
60.672	17.20	24.65	-0.04	7.74	1.243	271
60.704	17.20	24.66	-0.02	7.77	1.243	271
60.736	17.21	24.66	0.01	7.79	1.243	271
60.768	17.16	24.62	0.01	7.79	1.243	271
60.800	17.21	24.67	-0.01	7.77	1.243	271
60.832	17.20	24.66	-0.04	7.75	1.243	271
60.864	17.19	24.65	-0.02	7.77	1.243	271
60.896	17.22	24.68	0.01	7.79	1.243	271
60.928	17.20	24.66	0.01	7.80	1.243	271
60.960	17.22	24.68	-0.01	7.77	1.243	271
60.992	17.16	24.62	-0.04	7.74	1.243	271
61.024	17.20	24.65	-0.02	7.76	1.243	271
61.056	17.18	24.63	0.00	7.79	1.243	271
61.088	17.18	24.64	0.01	7.79	1.243	271
61.120	17.13	24.59	-0.00	7.78	1.239	270
61.152	17.18	24.63	-0.04	7.74	1.239	270
61.184	17.14	24.60	-0.02	7.76	1.239	270
61.216	17.17	24.63	0.00	7.78	1.239	270
61.248	17.21	24.66	0.01	7.79	1.239	270
61.280	17.17	24.62	-0.00	7.78	1.239	270
61.312	17.19	24.64	-0.04	7.74	1.239	270
61.344	17.16	24.62	-0.03	7.75	1.239	270
61.376	17.19	24.64	0.00	7.78	1.239	270
61.408	17.19	24.64	0.01	7.80	1.239	270
61.440	17.20	24.65	0.00	7.78	1.239	270
61.472	17.18	24.63	-0.04	7.75	1.239	270
61.504	17.17	24.62	-0.03	7.75	1.239	270
61.536	17.18	24.64	-0.00	7.78	1.239	270
61.568	17.18	24.63	0.01	7.80	1.239	270
61.600	17.19	24.64	-0.00	7.78	1.239	270
61.632	17.17	24.62	-0.04	7.75	1.239	270
61.664	17.18	24.64	-0.03	7.75	1.239	270
61.696	17.14	24.60	-0.00	7.78	1.239	270
61.728	17.19	24.64	0.02	7.80	1.239	270
61.760	17.21	24.66	0.00	7.78	1.239	270
61.792	17.20	24.65	-0.03	7.75	1.239	270
61.824	17.19	24.64	-0.03	7.75	1.239	270
61.856	17.16	24.61	-0.01	7.78	1.239	270
61.888	17.17	24.62	0.02	7.80	1.239	270
61.920	17.10	24.55	0.00	7.78	1.239	270
61.952	17.16	24.61	-0.03	7.75	1.239	270
61.984	17.14	24.60	-0.03	7.75	1.239	270
62.016	17.16	24.62	-0.01	7.77	1.239	270
62.048	17.12	24.58	0.02	7.80	1.239	270
62.080	17.14	24.60	-0.00	7.78	1.239	270
62.112	17.16	24.62	-0.03	7.75	1.239	270
62.144	17.18	24.64	-0.04	7.75	1.239	270
62.176	17.14	24.60	-0.01	7.77	1.239	270
62.208	17.15	24.60	0.02	7.80	1.239	270
62.240	17.14	24.59	0.00	7.79	1.239	270
62.272	17.13	24.58	-0.02	7.76	1.239	270
62.304	17.14	24.59	-0.04	7.75	1.239	270
62.336	17.15	24.61	-0.01	7.77	1.239	270
62.368	17.15	24.60	0.02	7.80	1.239	270
62.400	17.11	24.56	0.00	7.78	1.239	270
62.432	17.19	24.64	-0.02	7.76	1.239	270
62.464	17.13	24.58	-0.04	7.74	1.239	270
62.496	17.19	24.65	-0.01	7.77	1.239	270
62.528	17.16	24.61	0.02	7.80	1.234	269
62.560	17.17	24.62	0.00	7.79	1.234	269
62.592	17.13	24.58	-0.02	7.76	1.234	269
62.624	17.16	24.61	-0.04	7.75	1.234	269
62.656	17.18	24.63	-0.02	7.76	1.234	269
62.688	17.12	24.57	0.01	7.79	1.234	269
62.720	17.14	24.60	0.00	7.79	1.234	269
62.752	17.12	24.57	-0.02	7.76	1.234	269
62.784	17.16	24.61	-0.04	7.74	1.234	269
62.816	17.14	24.59	-0.02	7.76	1.234	269
62.848	17.18	24.63	0.02	7.80	1.234	269
62.880	17.13	24.58	0.01	7.79	1.234	269
62.912	17.15	24.60	-0.02	7.76	1.234	269
62.944	17.17	24.62	-0.03	7.75	1.234	269
62.976	17.13	24.58	-0.02	7.76	1.239	270
63.008	17.14	24.59	0.01	7.80	1.239	270
63.040	17.17	24.62	0.00	7.79	1.239	270
63.072	17.16	24.61	-0.01	7.77	1.239	270
63.104	17.12	24.57	-0.04	7.74	1.239	270
63.136	17.16	24.62	-0.02	7.77	1.239	270
63.168	17.15	24.60	0.01	7.79	1.239	270
63.200	17.18	24.63	0.01	7.79	1.239	270
63.232	17.15	24.61	-0.01	7.77	1.239	270
63.264	17.19	24.65	-0.04	7.74	1.239	270
63.296	17.15	24.60	-0.02	7.76	1.239	270
63.328	17.14	24.60	0.01	7.79	1.239	270
63.360	17.13	24.59	0.01	7.79	1.239	270
63.392	17.19	24.65	-0.01	7.77	1.239	270
63.424	17.13	24.59	-0.04	7.74	1.239	270
63.456	17.16	24.61	-0.02	7.76	1.239	270
63.488	17.13	24.58	0.01	7.79	1.239	270
63.520	17.18	24.63	0.01	7.79	1.239	270
63.552	17.16	24.62	-0.01	7.77	1.239	270
63.584	17.16	24.61	-0.04	7.74	1.239	270
63.616	17.15	24.60	-0.02	7.76	1.239	270
63.648	17.15	24.60	0.01	7.79	1.239	270
63.680	17.19	24.64	0.01	7.79	1.239	270
63.712	17.15	24.60	-0.01	7.77	1.239	270
63.744	17.17	24.63	-0.04	7.74	1.239	270
63.776	17.19	24.64	-0.02	7.76	1.239	270
63.808	17.18	24.64	0.01	7.79	1.239	270
63.840	17.20	24.65	0.01	7.80	1.239	270
63.872	17.18	24.64	-0.01	7.78	1.239	270
63.904	17.19	24.65	-0.04	7.74	1.239	270
63.936	17.17	24.62	-0.02	7.76	1.239	270
63.968	17.16	24.61	0.01	7.79	1.239	270
64.000	17.15	24.60	0.01	7.79	1.239	270
64.032	17.13	24.58	-0.01	7.77	1.239	270
64.064	17.15	24.60	-0.04	7.74	1.239	270
64.096	17.10	24.55	-0.02	7.76	1.239	270
64.128	17.17	24.63	0.01	7.79	1.239	270
64.160	17.16	24.62	0.01	7.79	1.239	270
64.192	17.19	24.65	-0.01	7.77	1.239	270
64.224	17.17	24.63	-0.04	7.74	1.239	270
64.256	17.19	24.64	-0.02	7.77	1.239	270
64.288	17.14	24.60	0.01	7.79	1.239	270
64.320	17.16	24.61	0.01	7.79	1.239	270
64.352	17.19	24.65	-0.01	7.77	1.239	270
64.384	17.11	24.57	-0.04	7.74	1.239	270
64.416	17.13	24.59	-0.02	7.76	1.239	270
64.448	17.14	24.59	0.01	7.79	1.239	270
64.480	17.16	24.61	0.01	7.79	1.239	270
64.512	17.12	24.57	-0.01	7.78	1.239	270
64.544	17.20	24.66	-0.04	7.74	1.239	270
64.576	17.12	24.58	-0.02	7.76	1.239	270
64.608	17.12	24.58	0.00	7.79	1.239	270
64.640	17.16	24.61	0.02	7.80	1.239	270
64.672	17.13	24.59	-0.01	7.78	1.239	270
64.704	17.15	24.60	-0.04	7.74	1.239	270
64.736	17.15	24.60	-0.02	7.76	1.239	270
64.768	17.12	24.58	0.01	7.79	1.239	270
64.800	17.14	24.59	0.01	7.79	1.239	270
64.832	17.12	24.57	-0.00	7.78	1.239	270
64.864	17.17	24.62	-0.04	7.74	1.239	270
64.896	17.12	24.57	-0.02	7.76	1.239	270
64.928	17.15	24.60	0.00	7.79	1.239	270
64.960	17.09	24.55	0.02	7.80	1.239	270
64.992	17.11	24.56	0.00	7.78	1.239	270
65.024	17.13	24.59	-0.04	7.74	1.239	270
65.056	17.15	24.60	-0.02	7.76	1.239	270
65.088	17.10	24.56	0.00	7.78	1.239	270
65.120	17.16	24.61	0.01	7.79	1.239	270
65.152	17.13	24.58	0.00	7.78	1.239	270
65.184	17.14	24.60	-0.04	7.74	1.239	270
65.216	17.11	24.57	-0.02	7.76	1.239	270
65.248	17.14	24.60	0.00	7.78	1.239	270
65.280	17.11	24.57	0.02	7.80	1.239	270
65.312	17.13	24.58	-0.01	7.78	1.239	270
65.344	17.15	24.60	-0.03	7.75	1.239	270
65.376	17.13	24.59	-0.02	7.76	1.239	270
65.408	17.14	24.60	0.00	7.78	1.239	270
65.440	17.14	24.59	0.02	7.80	1.239	270
65.472	17.17	24.62	-0.00	7.78	1.239	270
65.504	17.12	24.57	-0.04	7.74	1.239	270
65.536	17.14	24.59	-0.02	7.76	1.239	270
65.568	17.17	24.62	0.00	7.78	1.239	270
65.600	17.13	24.58	0.02	7.80	1.239	270
65.632	17.18	24.64	0.00	7.78	1.239	270
65.664	17.13	24.58	-0.04	7.75	1.239	270
65.696	17.13	24.59	-0.02	7.76	1.239	270
65.728	17.14	24.59	0.00	7.79	1.239	270
65.760	17.14	24.60	0.02	7.80	1.239	270
65.792	17.12	24.58	-0.00	7.78	1.239	270
65.824	17.15	24.61	-0.03	7.75	1.239	270
65.856	17.14	24.59	-0.03	7.75	1.239	270
65.888	17.12	24.57	0.00	7.78	1.239	270
65.920	17.10	24.56	0.02	7.80	1.239	270
65.952	17.13	24.58	0.00	7.78	1.239	270
65.984	17.13	24.58	-0.04	7.74	1.239	270
66.016	17.12	24.57	-0.03	7.75	1.239	270
66.048	17.10	24.56	0.00	7.78	1.239	270
66.080	17.13	24.59	0.02	7.80	1.239	270
66.112	17.11	24.57	0.00	7.79	1.239	270
66.144	17.12	24.57	-0.03	7.75	1.239	270
66.176	17.16	24.62	-0.03	7.75	1.239	270
66.208	17.12	24.57	-0.00	7.78	1.239	270
66.240	17.12	24.58	0.02	7.80	1.239	270
66.272	17.10	24.55	0.00	7.78	1.234	269
66.304	17.12	24.57	-0.03	7.75	1.234	269
66.336	17.13	24.58	-0.03	7.75	1.234	269
66.368	17.09	24.55	-0.00	7.78	1.234	269
66.400	10.75	18.20	0.01	7.79	1.234	269
66.432	0.62	8.08	-0.01	7.78	1.234	269
66.464	-2.51	4.94	-0.03	7.75	1.234	269
66.496	-3.16	4.29	-0.03	7.75	1.234	269
66.528	-2.73	4.72	-0.02	7.76	1.234	269
66.560	-0.31	7.14	0.03	7.81	1.234	269
66.592	2.11	9.57	0.01	7.79	1.234	269
66.624	2.78	10.24	-0.02	7.76	1.234	269
66.656	1.87	9.32	-0.02	7.76	1.234	269
66.688	0.59	8.04	0.00	7.79	1.234	269
66.720	-0.20	7.25	0.03	7.81	0.491	107
66.752	-0.35	7.10	0.01	7.79	0.491	107
66.784	-0.03	7.42	-0.02	7.76	0.491	107
66.816	0.52	7.98	-0.02	7.76	0.491	107
66.848	1.01	8.46	0.00	7.79	0.491	107
66.880	1.09	8.55	0.03	7.81	0.491	107
66.912	0.89	8.34	0.01	7.79	0.491	107
66.944	0.61	8.06	-0.02	7.77	0.491	107
66.976	0.38	7.84	-0.02	7.76	0.491	107
67.008	0.35	7.80	0.01	7.79	0.491	107
67.040	0.47	7.92	0.03	7.81	0.491	107
67.072	0.62	8.07	0.01	7.80	0.491	107
67.104	0.70	8.15	-0.01	7.77	0.491	107
67.136	0.69	8.15	-0.02	7.76	0.491	107
67.168	0.63	8.08	0.00	7.79	0.491	107
67.200	0.56	8.02	0.03	7.82	0.000	0
67.232	0.54	7.99	0.01	7.79	0.000	0
67.264	0.54	8.00	-0.02	7.77	0.000	0
67.296	0.58	8.04	-0.02	7.76	0.000	0
67.328	0.62	8.07	0.01	7.79	0.000	0
67.360	0.63	8.08	0.03	7.81	0.000	0
67.392	0.62	8.07	0.02	7.80	0.000	0
67.424	0.59	8.04	-0.01	7.77	0.000	0
67.456	0.58	8.03	-0.02	7.76	0.000	0
67.488	0.58	8.04	0.00	7.78	0.000	0
67.520	0.59	8.04	0.03	7.81	0.000	0
67.552	0.61	8.06	0.02	7.80	0.000	0
67.584	0.61	8.07	-0.01	7.77	0.000	0
67.616	0.61	8.07	-0.02	7.76	0.000	0
67.648	0.61	8.06	-0.00	7.78	0.000	0
67.680	0.61	8.06	0.03	7.81	0.000	0
67.712	0.60	8.05	0.01	7.80	0.000	0
67.744	0.61	8.07	-0.01	7.77	0.000	0
67.776	0.61	8.06	-0.02	7.76	0.000	0
67.808	0.61	8.07	0.00	7.78	0.000	0
67.840	0.61	8.06	0.03	7.81	0.000	0
67.872	0.61	8.07	0.01	7.80	0.000	0
67.904	0.61	8.06	-0.01	7.77	0.000	0
67.936	0.61	8.06	-0.02	7.76	0.000	0
67.968	0.61	8.07	-0.00	7.78	0.000	0
68.000	0.61	8.06	0.03	7.81	0.000	0
68.032	0.61	8.07	0.02	7.80	0.000	0
68.064	0.61	8.07	-0.00	7.78	0.000	0
68.096	0.61	8.07	-0.02	7.76	0.000	0
68.128	0.62	8.07	-0.00	7.78	0.000	0
68.160	0.62	8.07	0.03	7.81	0.000	0
68.192	0.62	8.07	0.02	7.80	0.000	0
68.224	0.62	8.07	-0.01	7.77	0.000	0
68.256	0.62	8.07	-0.02	7.76	0.000	0
68.288	0.62	8.07	-0.00	7.78	0.000	0
68.320	0.62	8.08	0.03	7.81	0.000	0
