Tempo(s)    P0(KPa) P0+Coluna(KPa)  P1(KPa) P1+Coluna(KPa)  Vazao(L/min)    Pulsos
0.000	-0.01	7.24	0.02	7.81	0.000	0
0.032	0.00	7.26	0.01	7.79	0.000	0
0.064	-0.01	7.25	-0.03	7.76	0.000	0
0.096	0.01	7.26	-0.01	7.77	0.000	0
0.128	0.01	7.27	0.00	7.79	0.000	0
0.160	-0.00	7.25	0.02	7.81	0.000	0
0.192	-0.00	7.26	0.01	7.80	0.000	0
0.224	-0.01	7.25	-0.02	7.77	0.000	0
0.256	-0.02	7.24	-0.02	7.77	0.000	0
0.288	-0.00	7.25	-0.00	7.79	0.000	0
0.320	-0.01	7.25	0.02	7.81	0.000	0
0.352	-0.01	7.24	0.01	7.80	0.000	0
0.384	-0.02	7.24	-0.02	7.77	0.000	0
0.416	-0.03	7.23	-0.02	7.77	0.000	0
0.448	-0.02	7.23	0.00	7.79	0.000	0
0.480	-0.03	7.23	0.03	7.82	0.000	0
0.512	-0.02	7.24	0.01	7.80	0.000	0
0.544	-0.02	7.24	-0.02	7.77	0.000	0
0.576	-0.02	7.23	-0.02	7.77	0.000	0
0.608	-0.03	7.23	-0.00	7.79	0.000	0
0.640	-0.03	7.23	0.02	7.81	0.000	0
0.672	-0.03	7.23	0.01	7.80	0.000	0
0.704	-0.02	7.24	-0.02	7.77	0.000	0
0.736	-0.03	7.23	-0.02	7.77	0.000	0
0.768	-0.02	7.23	0.00	7.79	0.000	0
0.800	-0.04	7.22	0.02	7.81	0.000	0
0.832	-0.04	7.22	0.02	7.80	0.000	0
0.864	-0.04	7.22	-0.01	7.77	0.000	0
0.896	-0.04	7.22	-0.03	7.76	0.000	0
0.928	-0.03	7.22	-0.00	7.79	0.000	0
0.960	-0.03	7.23	0.03	7.82	0.000	0
0.992	-0.06	7.20	0.01	7.80	0.000	0
1.024	-0.04	7.22	-0.01	7.78	0.000	0
1.056	-0.05	7.20	-0.03	7.76	0.000	0
1.088	-0.05	7.20	-0.00	7.78	0.000	0
1.120	-0.04	7.22	0.03	7.82	0.000	0
1.152	-0.06	7.20	0.01	7.80	0.000	0
1.184	-0.05	7.21	-0.02	7.77	0.000	0
1.216	-0.06	7.20	-0.03	7.76	0.000	0
1.248	-0.05	7.21	-0.01	7.78	0.000	0
1.280	-0.05	7.20	0.02	7.81	0.000	0
1.312	-0.04	7.21	0.01	7.80	0.000	0
1.344	-0.05	7.20	-0.01	7.78	0.000	0
1.376	-0.06	7.20	-0.03	7.76	0.000	0
1.408	-0.05	7.20	-0.00	7.78	0.000	0
1.440	-0.08	7.18	0.03	7.82	0.000	0
1.472	-0.05	7.21	0.02	7.80	0.000	0
1.504	-0.07	7.19	-0.01	7.78	0.000	0
1.536	-0.06	7.20	-0.03	7.76	0.000	0
1.568	-0.07	7.19	-0.01	7.78	0.000	0
1.600	-0.07	7.19	0.02	7.81	0.000	0
1.632	-0.06	7.19	0.01	7.80	0.000	0
1.664	-0.06	7.20	-0.01	7.78	0.000	0
1.696	-0.07	7.19	-0.03	7.76	0.000	0
1.728	-0.07	7.19	-0.01	7.78	0.000	0
1.760	-0.06	7.19	0.02	7.81	0.000	0
1.792	-0.09	7.16	0.01	7.80	0.000	0
1.824	-0.07	7.19	-0.01	7.78	0.000	0
1.856	-0.08	7.18	-0.03	7.75	0.000	0
1.888	-0.09	7.17	-0.01	7.77	0.000	0
1.920	-0.06	7.20	0.02	7.81	0.000	0
1.952	-0.09	7.17	0.02	7.81	0.000	0
1.984	-0.09	7.16	-0.00	7.78	0.000	0
2.016	-0.08	7.18	-0.03	7.75	0.000	0
2.048	-0.10	7.16	-0.01	7.78	0.000	0
2.080	-0.08	7.18	0.02	7.81	0.000	0
2.112	-0.09	7.17	0.02	7.81	0.000	0
2.144	-0.09	7.16	-0.00	7.78	0.000	0
2.176	-0.10	7.16	-0.03	7.75	0.000	0
2.208	-0.09	7.17	-0.01	7.78	0.000	0
2.240	-0.10	7.16	0.01	7.80	0.000	0
2.272	-0.08	7.18	0.02	7.80	0.000	0
2.304	-0.09	7.16	-0.00	7.79	0.000	0
2.336	-0.10	7.16	-0.03	7.76	0.000	0
2.368	-0.09	7.17	-0.01	7.78	0.000	0
2.400	-0.09	7.16	0.01	7.80	0.000	0
2.432	-0.09	7.17	0.02	7.80	0.000	0
2.464	-0.09	7.17	-0.00	7.78	0.000	0
2.496	-0.09	7.16	-0.04	7.75	0.000	0
2.528	-0.10	7.16	-0.02	7.77	0.000	0
2.560	-0.09	7.17	0.01	7.80	0.000	0
2.592	-0.09	7.16	0.02	7.81	0.000	0
2.624	-0.08	7.18	-0.00	7.78	0.000	0
2.656	-0.08	7.18	-0.03	7.75	0.000	0
2.688	-0.09	7.17	-0.01	7.77	0.000	0
2.720	-0.09	7.17	0.02	7.80	0.000	0
2.752	-0.09	7.17	0.02	7.81	0.000	0
2.784	-0.09	7.17	0.00	7.79	0.000	0
2.816	-0.09	7.17	-0.03	7.75	0.000	0
2.848	-0.08	7.18	-0.02	7.77	0.000	0
2.880	-0.10	7.15	0.01	7.80	0.000	0
2.912	-0.07	7.19	0.02	7.81	0.000	0
2.944	-0.09	7.17	-0.00	7.79	0.000	0
2.976	-0.10	7.16	-0.03	7.75	0.000	0
3.008	-0.07	7.19	-0.01	7.77	0.000	0
3.040	-0.09	7.17	0.01	7.80	0.000	0
3.072	-0.08	7.18	0.02	7.81	0.000	0
3.104	-0.07	7.19	-0.00	7.79	0.000	0
3.136	-0.08	7.17	-0.03	7.76	0.000	0
3.168	-0.07	7.19	-0.02	7.77	0.000	0
3.200	-0.07	7.19	0.01	7.79	0.000	0
3.232	0.05	7.30	0.02	7.81	0.000	0
3.264	4.76	12.02	0.01	7.80	0.000	0
3.296	11.19	18.45	-0.02	7.77	0.000	0
3.328	13.01	20.27	0.01	7.80	0.000	0
3.360	13.13	20.39	0.04	7.83	0.000	0
3.392	13.55	20.80	0.05	7.84	0.000	0
3.424	13.81	21.07	0.03	7.82	0.000	0
3.456	13.77	21.02	-0.00	7.79	0.000	0
3.488	13.72	20.98	0.01	7.80	0.000	0
3.520	13.81	21.07	0.04	7.83	0.601	131
3.552	13.90	21.15	0.05	7.84	0.601	131
3.584	13.81	21.07	0.04	7.83	0.601	131
3.616	13.90	21.16	0.00	7.79	0.601	131
3.648	13.96	21.22	0.01	7.80	0.601	131
3.680	13.92	21.17	0.04	7.82	0.601	131
3.712	13.98	21.24	0.05	7.84	0.601	131
3.744	14.00	21.26	0.03	7.82	0.601	131
3.776	14.07	21.33	0.00	7.79	0.601	131
3.808	14.12	21.38	0.01	7.80	0.601	131
3.840	14.19	21.44	0.03	7.82	0.601	131
3.872	14.20	21.45	0.05	7.84	0.601	131
3.904	14.24	21.50	0.03	7.82	0.601	131
3.936	14.26	21.52	-0.00	7.79	0.601	131
3.968	14.21	21.47	0.01	7.80	0.601	131
4.000	14.15	21.41	0.03	7.82	1.220	266
4.032	14.20	21.45	0.05	7.84	1.220	266
4.064	14.21	21.47	0.03	7.82	1.220	266
4.096	14.22	21.48	-0.01	7.78	1.220	266
4.128	14.36	21.62	-0.00	7.78	1.220	266
4.160	14.33	21.59	0.02	7.80	1.220	266
4.192	14.34	21.60	0.04	7.83	1.220	266
4.224	14.41	21.67	0.02	7.81	1.220	266
4.256	14.48	21.74	-0.01	7.78	1.220	266
4.288	14.48	21.73	-0.00	7.78	1.220	266
4.320	14.43	21.69	0.02	7.80	1.220	266
4.352	14.40	21.66	0.04	7.83	1.220	266
4.384	14.37	21.63	0.02	7.81	1.220	266
4.416	14.33	21.58	-0.00	7.79	1.220	266
4.448	14.33	21.59	-0.00	7.79	1.220	266
4.480	14.33	21.59	0.02	7.80	1.234	269
4.512	14.32	21.58	0.04	7.83	1.234	269
4.544	14.36	21.62	0.03	7.82	1.234	269
4.576	14.38	21.64	-0.00	7.79	1.234	269
4.608	14.33	21.59	-0.00	7.79	1.234	269
4.640	14.31	21.56	0.01	7.80	1.234	269
4.672	14.34	21.59	0.04	7.83	1.234	269
4.704	14.39	21.65	0.02	7.81	1.234	269
4.736	14.40	21.66	-0.00	7.79	1.234	269
4.768	14.40	21.66	-0.00	7.79	1.234	269
4.800	14.40	21.66	0.01	7.80	1.234	269
4.832	14.45	21.71	0.04	7.83	1.234	269
4.864	14.35	21.61	0.02	7.81	1.234	269
4.896	14.31	21.57	0.00	7.79	1.234	269
4.928	14.35	21.61	-0.00	7.78	1.225	267
4.960	14.31	21.57	0.01	7.80	1.225	267
4.992	14.35	21.60	0.04	7.83	1.225	267
5.024	14.41	21.66	0.02	7.81	1.225	267
5.056	14.40	21.66	0.01	7.79	1.225	267
5.088	14.32	21.58	-0.00	7.79	1.225	267
5.120	14.41	21.67	0.02	7.81	1.225	267
5.152	14.50	21.76	0.04	7.83	1.225	267
5.184	14.48	21.74	0.03	7.82	1.225	267
5.216	14.36	21.62	0.01	7.79	1.225	267
5.248	14.37	21.63	-0.00	7.78	1.225	267
5.280	14.32	21.58	0.02	7.80	1.225	267
5.312	14.26	21.52	0.04	7.83	1.225	267
5.344	14.28	21.53	0.03	7.82	1.225	267
5.376	14.30	21.55	0.01	7.79	1.225	267
5.408	14.32	21.57	-0.01	7.78	1.239	270
5.440	14.34	21.60	0.01	7.80	1.239	270
5.472	14.34	21.59	0.04	7.83	1.239	270
5.504	14.27	21.53	0.04	7.82	1.239	270
5.536	14.25	21.51	0.01	7.80	1.239	270
5.568	14.31	21.57	-0.00	7.78	1.239	270
5.600	14.35	21.60	0.01	7.80	1.239	270
5.632	14.33	21.59	0.03	7.82	1.239	270
5.664	14.32	21.58	0.04	7.82	1.239	270
5.696	14.32	21.58	0.01	7.80	1.239	270
5.728	14.32	21.58	-0.01	7.78	1.239	270
5.760	14.29	21.55	0.01	7.80	1.239	270
5.792	14.28	21.54	0.04	7.83	1.239	270
5.824	14.28	21.54	0.04	7.82	1.239	270
5.856	14.35	21.61	0.01	7.80	1.225	267
5.888	14.35	21.61	-0.01	7.78	1.225	267
5.920	14.29	21.55	0.01	7.80	1.225	267
5.952	14.25	21.51	0.04	7.83	1.225	267
5.984	14.25	21.51	0.04	7.82	1.225	267
6.016	14.21	21.47	0.02	7.81	1.225	267
6.048	14.25	21.50	-0.00	7.78	1.225	267
6.080	14.27	21.53	0.01	7.80	1.225	267
6.112	14.29	21.55	0.04	7.82	1.225	267
6.144	14.26	21.52	0.04	7.83	1.225	267
6.176	14.24	21.50	0.02	7.81	1.225	267
6.208	14.31	21.57	-0.01	7.78	1.225	267
6.240	14.24	21.50	0.01	7.80	1.225	267
6.272	14.25	21.51	0.04	7.83	1.225	267
6.304	14.23	21.49	0.04	7.83	1.225	267
6.336	14.23	21.49	0.02	7.81	1.229	268
6.368	14.31	21.57	-0.01	7.78	1.229	268
6.400	14.30	21.56	0.01	7.80	1.229	268
6.432	14.22	21.48	0.04	7.83	1.229	268
6.464	14.22	21.47	0.04	7.83	1.229	268
6.496	14.29	21.55	0.02	7.81	1.229	268
6.528	14.31	21.57	-0.01	7.78	1.229	268
6.560	14.33	21.59	0.01	7.80	1.229	268
6.592	14.31	21.57	0.03	7.82	1.229	268
6.624	14.25	21.51	0.04	7.83	1.229	268
6.656	14.20	21.46	0.02	7.81	1.229	268
6.688	14.27	21.53	-0.01	7.78	1.229	268
6.720	14.31	21.57	0.01	7.79	1.229	268
6.752	14.29	21.55	0.03	7.82	1.229	268
6.784	14.31	21.56	0.04	7.83	1.229	268
6.816	14.34	21.60	0.02	7.81	1.225	267
6.848	14.32	21.57	-0.00	7.78	1.225	267
6.880	14.28	21.54	0.00	7.79	1.225	267
6.912	14.27	21.53	0.03	7.82	1.225	267
6.944	14.26	21.52	0.04	7.83	1.225	267
6.976	14.37	21.62	0.02	7.81	1.225	267
7.008	14.37	21.63	-0.01	7.78	1.225	267
7.040	14.35	21.60	0.00	7.79	1.225	267
7.072	14.30	21.56	0.03	7.82	1.225	267
7.104	14.39	21.65	0.04	7.83	1.225	267
7.136	14.39	21.65	0.02	7.81	1.225	267
7.168	14.37	21.63	-0.01	7.78	1.225	267
7.200	14.34	21.60	0.00	7.79	1.225	267
7.232	14.32	21.57	0.02	7.81	1.225	267
7.264	14.33	21.59	0.04	7.83	1.229	268
7.296	14.35	21.60	0.03	7.82	1.229	268
7.328	14.32	21.57	-0.00	7.78	1.229	268
7.360	14.32	21.58	-0.00	7.79	1.229	268
7.392	14.34	21.60	0.02	7.81	1.229	268
7.424	14.35	21.60	0.04	7.83	1.229	268
7.456	14.37	21.63	0.02	7.81	1.229	268
7.488	14.40	21.66	-0.01	7.78	1.229	268
7.520	14.39	21.65	-0.00	7.79	1.229	268
7.552	14.39	21.64	0.02	7.80	1.229	268
7.584	14.41	21.67	0.04	7.83	1.229	268
7.616	14.46	21.72	0.02	7.81	1.229	268
7.648	14.39	21.65	-0.00	7.79	1.229	268
7.680	14.33	21.59	-0.00	7.79	1.229	268
7.712	14.34	21.59	0.02	7.80	1.229	268
7.744	14.36	21.62	0.04	7.83	1.234	269
7.776	14.39	21.65	0.02	7.81	1.234	269
7.808	14.41	21.66	0.00	7.79	1.234	269
7.840	14.41	21.67	-0.00	7.79	1.234	269
7.872	14.39	21.65	0.01	7.80	1.234	269
7.904	14.47	21.73	0.04	7.83	1.234	269
7.936	14.47	21.73	0.02	7.81	1.234	269
7.968	14.40	21.66	0.00	7.79	1.234	269
8.000	14.37	21.63	-0.01	7.78	1.234	269
8.032	14.42	21.68	0.01	7.80	1.234	269
8.064	14.41	21.67	0.04	7.83	1.234	269
8.096	14.37	21.63	0.03	7.82	1.234	269
8.128	14.37	21.63	0.00	7.79	1.234	269
8.160	14.39	21.65	-0.01	7.78	1.234	269
8.192	14.40	21.65	0.01	7.80	1.234	269
8.224	14.37	21.63	0.04	7.83	1.229	268
8.256	14.39	21.64	0.03	7.82	1.229	268
8.288	14.42	21.67	0.01	7.80	1.229	268
8.320	14.43	21.68	-0.00	7.78	1.229	268
8.352	14.48	21.74	0.01	7.80	1.229	268
8.384	14.50	21.76	0.04	7.82	1.229	268
8.416	14.48	21.74	0.03	7.82	1.229	268
8.448	14.44	21.69	0.01	7.80	1.229	268
8.480	14.41	21.67	-0.01	7.78	1.229	268
8.512	14.40	21.66	0.01	7.80	1.229	268
8.544	14.43	21.68	0.04	7.82	1.229	268
8.576	14.41	21.67	0.04	7.82	1.229	268
8.608	14.39	21.65	0.02	7.80	1.229	268
8.640	14.43	21.69	-0.01	7.78	1.229	268
8.672	14.44	21.70	0.01	7.80	1.239	270
8.704	14.43	21.69	0.04	7.83	1.239	270
8.736	14.39	21.65	0.04	7.82	1.239	270
8.768	14.41	21.67	0.02	7.81	1.239	270
8.800	14.37	21.62	-0.01	7.78	1.239	270
8.832	14.39	21.65	0.01	7.80	1.239	270
8.864	14.42	21.68	0.03	7.82	1.239	270
8.896	14.40	21.65	0.04	7.83	1.239	270
8.928	14.44	21.70	0.02	7.81	1.239	270
8.960	14.45	21.71	-0.01	7.78	1.239	270
8.992	14.42	21.68	0.01	7.80	1.239	270
9.024	14.42	21.68	0.03	7.82	1.239	270
9.056	14.33	21.59	0.04	7.83	1.239	270
9.088	14.32	21.58	0.02	7.81	1.239	270
9.120	14.41	21.67	-0.01	7.78	1.239	270
9.152	14.43	21.68	0.00	7.79	1.234	269
9.184	14.35	21.61	0.03	7.82	1.234	269
9.216	14.38	21.64	0.04	7.83	1.234	269
9.248	14.28	21.54	0.02	7.81	1.234	269
9.280	14.22	21.48	-0.00	7.78	1.234	269
9.312	14.29	21.55	0.00	7.79	1.234	269
9.344	14.30	21.55	0.03	7.82	1.234	269
9.376	14.27	21.53	0.04	7.83	1.234	269
9.408	14.25	21.51	0.02	7.81	1.234	269
9.440	14.26	21.52	-0.00	7.78	1.234	269
9.472	14.26	21.52	-0.00	7.79	1.234	269
9.504	14.27	21.53	0.02	7.81	1.234	269
9.536	14.28	21.54	0.04	7.83	1.234	269
9.568	14.28	21.54	0.02	7.81	1.234	269
9.600	14.23	21.49	-0.01	7.78	1.234	269
9.632	14.24	21.50	-0.00	7.79	1.229	268
9.664	14.27	21.52	0.02	7.80	1.229	268
9.696	14.26	21.52	0.04	7.83	1.229	268
9.728	14.31	21.56	0.02	7.81	1.229	268
9.760	14.26	21.52	-0.00	7.78	1.229	268
9.792	14.27	21.53	-0.00	7.79	1.229	268
9.824	14.30	21.55	0.01	7.80	1.229	268
9.856	14.30	21.55	0.04	7.83	1.229	268
9.888	14.30	21.55	0.02	7.81	1.229	268
9.920	14.33	21.59	0.00	7.79	1.229	268
9.952	14.33	21.58	-0.01	7.78	1.229	268
9.984	14.34	21.60	0.01	7.80	1.229	268
10.016	14.35	21.60	0.04	7.83	1.229	268
10.048	14.32	21.58	0.02	7.81	1.229	268
10.080	14.31	21.57	0.00	7.79	1.234	269
10.112	14.31	21.57	-0.00	7.78	1.234	269
10.144	14.29	21.55	0.01	7.80	1.234	269
10.176	14.30	21.56	0.04	7.83	1.234	269
10.208	14.30	21.55	0.03	7.82	1.234	269
10.240	14.32	21.58	0.01	7.80	1.234	269
10.272	14.44	21.70	-0.01	7.78	1.234	269
10.304	14.49	21.74	0.01	7.80	1.234	269
10.336	14.44	21.70	0.04	7.83	1.234	269
10.368	14.44	21.70	0.04	7.82	1.234	269
10.400	14.42	21.68	0.01	7.80	1.234	269
10.432	14.43	21.69	-0.01	7.78	1.234	269
10.464	14.35	21.61	0.01	7.80	1.234	269
10.496	14.38	21.64	0.04	7.83	1.234	269
10.528	14.39	21.65	0.04	7.82	1.234	269
10.560	14.36	21.62	0.01	7.80	1.239	270
10.592	14.36	21.62	-0.01	7.78	1.239	270
10.624	14.38	21.64	0.01	7.80	1.239	270
10.656	14.34	21.60	0.04	7.83	1.239	270
10.688	14.30	21.55	0.04	7.83	1.239	270
10.720	14.31	21.56	0.02	7.80	1.239	270
10.752	14.28	21.54	-0.01	7.78	1.239	270
10.784	14.35	21.61	0.01	7.80	1.239	270
10.816	14.38	21.63	0.03	7.82	1.239	270
10.848	14.41	21.67	0.04	7.82	1.239	270
10.880	14.46	21.72	0.02	7.81	1.239	270
10.912	14.47	21.73	-0.01	7.78	1.239	270
10.944	14.38	21.64	0.01	7.79	1.239	270
10.976	14.38	21.64	0.03	7.82	1.239	270
11.008	14.41	21.67	0.04	7.82	1.239	270
11.040	14.37	21.63	0.02	7.81	1.239	270
11.072	14.36	21.61	-0.01	7.78	1.239	270
11.104	14.35	21.61	0.00	7.79	1.239	270
11.136	14.35	21.60	0.03	7.82	1.239	270
11.168	14.40	21.66	0.04	7.83	1.239	270
11.200	14.50	21.75	0.02	7.81	1.239	270
11.232	14.48	21.74	-0.00	7.78	1.239	270
11.264	14.42	21.68	0.00	7.79	1.239	270
11.296	14.40	21.65	0.03	7.82	1.239	270
11.328	14.43	21.68	0.04	7.83	1.239	270
11.360	14.47	21.72	0.02	7.81	1.239	270
11.392	14.44	21.69	-0.00	7.78	1.239	270
11.424	14.38	21.63	0.00	7.79	1.239	270
11.456	14.44	21.70	0.02	7.81	1.239	270
11.488	14.44	21.70	0.04	7.83	1.248	272
11.520	14.37	21.63	0.02	7.81	1.248	272
11.552	14.36	21.62	-0.00	7.78	1.248	272
11.584	14.31	21.57	-0.00	7.79	1.248	272
11.616	14.32	21.58	0.02	7.80	1.248	272
11.648	14.34	21.59	0.04	7.83	1.248	272
11.680	14.40	21.65	0.02	7.81	1.248	272
11.712	14.43	21.69	-0.00	7.79	1.248	272
11.744	14.47	21.72	-0.00	7.79	1.248	272
11.776	14.48	21.74	0.01	7.80	1.248	272
11.808	14.49	21.74	0.04	7.83	1.248	272
11.840	14.48	21.74	0.02	7.81	1.248	272
11.872	14.45	21.71	-0.00	7.79	1.248	272
11.904	14.38	21.64	-0.00	7.79	1.248	272
11.936	14.40	21.65	0.01	7.80	1.248	272
11.968	14.45	21.71	0.04	7.83	1.243	271
12.000	14.38	21.64	0.03	7.82	1.243	271
12.032	14.38	21.64	0.00	7.79	1.243	271
12.064	14.40	21.66	-0.01	7.78	1.243	271
12.096	14.38	21.64	0.01	7.80	1.243	271
12.128	14.36	21.62	0.04	7.83	1.243	271
12.160	14.42	21.68	0.03	7.82	1.243	271
12.192	14.42	21.68	0.00	7.79	1.243	271
12.224	14.38	21.64	-0.01	7.78	1.243	271
12.256	14.36	21.62	0.01	7.80	1.243	271
12.288	14.37	21.63	0.04	7.83	1.243	271
12.320	14.39	21.64	0.03	7.82	1.243	271
12.352	14.38	21.64	0.01	7.80	1.243	271
12.384	14.37	21.63	-0.01	7.78	1.243	271
12.416	14.35	21.61	0.01	7.80	1.243	271
12.448	14.36	21.62	0.04	7.83	1.243	271
12.480	14.37	21.63	0.03	7.82	1.243	271
12.512	14.37	21.62	0.01	7.80	1.243	271
12.544	14.36	21.62	-0.01	7.78	1.243	271
12.576	14.33	21.59	0.01	7.80	1.243	271
12.608	14.37	21.63	0.03	7.82	1.243	271
12.640	14.35	21.61	0.04	7.82	1.243	271
12.672	14.35	21.60	0.02	7.81	1.243	271
12.704	14.36	21.61	-0.01	7.78	1.243	271
12.736	14.37	21.63	0.01	7.80	1.243	271
12.768	14.38	21.63	0.03	7.82	1.243	271
12.800	14.34	21.60	0.04	7.83	1.243	271
12.832	14.34	21.59	0.02	7.81	1.243	271
12.864	14.36	21.62	-0.01	7.78	1.243	271
12.896	14.43	21.69	0.01	7.80	1.243	271
12.928	14.44	21.70	0.03	7.82	1.243	271
12.960	14.39	21.65	0.04	7.83	1.243	271
12.992	14.35	21.61	0.02	7.81	1.243	271
13.024	14.33	21.59	-0.01	7.78	1.243	271
13.056	14.32	21.58	0.00	7.79	1.243	271
13.088	14.42	21.68	0.02	7.81	1.243	271
13.120	14.56	21.82	0.04	7.83	1.243	271
13.152	14.59	21.84	0.02	7.81	1.243	271
13.184	14.51	21.77	-0.01	7.78	1.243	271
13.216	14.49	21.75	-0.00	7.79	1.243	271
13.248	14.50	21.76	0.02	7.80	1.243	271
13.280	14.48	21.74	0.04	7.82	1.243	271
13.312	14.42	21.68	0.02	7.81	1.243	271
13.344	14.44	21.70	-0.01	7.78	1.243	271
13.376	14.43	21.69	-0.00	7.79	1.248	272
13.408	14.43	21.69	0.01	7.80	1.248	272
13.440	14.44	21.70	0.04	7.83	1.248	272
13.472	14.46	21.72	0.02	7.81	1.248	272
13.504	14.48	21.74	-0.01	7.78	1.248	272
13.536	14.41	21.67	-0.01	7.78	1.248	272
13.568	14.46	21.72	0.01	7.80	1.248	272
13.600	14.50	21.75	0.04	7.82	1.248	272
13.632	14.46	21.71	0.02	7.81	1.248	272
13.664	14.47	21.73	-0.00	7.79	1.248	272
13.696	14.48	21.73	-0.01	7.78	1.248	272
13.728	14.48	21.74	0.01	7.80	1.248	272
13.760	14.44	21.70	0.04	7.83	1.248	272
13.792	14.47	21.72	0.02	7.81	1.248	272
13.824	14.46	21.72	-0.00	7.78	1.248	272
13.856	14.42	21.68	-0.01	7.78	1.248	272
13.888	14.41	21.67	0.01	7.80	1.248	272
13.920	14.38	21.64	0.04	7.83	1.248	272
13.952	14.42	21.68	0.03	7.82	1.248	272
13.984	14.39	21.65	0.01	7.79	1.248	272
14.016	14.48	21.74	-0.01	7.78	1.248	272
14.048	14.50	21.75	0.01	7.80	1.248	272
14.080	14.56	21.82	0.04	7.82	1.248	272
14.112	14.57	21.83	0.03	7.82	1.248	272
14.144	14.56	21.82	0.01	7.80	1.248	272
14.176	14.50	21.76	-0.01	7.78	1.248	272
14.208	14.45	21.71	0.01	7.80	1.248	272
14.240	14.44	21.70	0.04	7.82	1.248	272
14.272	14.41	21.67	0.03	7.82	1.248	272
14.304	14.39	21.65	0.02	7.80	1.248	272
14.336	14.42	21.68	-0.01	7.78	1.248	272
14.368	14.45	21.71	0.01	7.80	1.248	272
14.400	14.48	21.74	0.03	7.82	1.248	272
14.432	14.45	21.70	0.04	7.83	1.248	272
14.464	14.44	21.70	0.01	7.80	1.248	272
14.496	14.48	21.74	-0.01	7.77	1.248	272
14.528	14.51	21.77	0.01	7.79	1.248	272
14.560	14.51	21.77	0.03	7.82	1.248	272
14.592	14.48	21.74	0.04	7.83	1.248	272
14.624	14.51	21.77	0.02	7.81	1.248	272
14.656	14.60	21.85	-0.01	7.78	1.248	272
14.688	14.50	21.76	-0.00	7.79	1.248	272
14.720	14.42	21.68	0.02	7.81	1.248	272
14.752	14.41	21.67	0.04	7.82	1.252	273
14.784	14.50	21.75	0.02	7.81	1.252	273
14.816	14.50	21.75	-0.01	7.78	1.252	273
14.848	14.48	21.74	-0.00	7.79	1.252	273
14.880	14.47	21.73	0.02	7.81	1.252	273
14.912	14.39	21.65	0.04	7.82	1.252	273
14.944	14.45	21.70	0.02	7.81	1.252	273
14.976	14.46	21.72	-0.01	7.78	1.252	273
15.008	14.42	21.68	-0.00	7.78	1.252	273
15.040	14.38	21.64	0.02	7.80	1.252	273
15.072	14.37	21.63	0.04	7.83	1.252	273
15.104	14.41	21.67	0.02	7.81	1.252	273
15.136	14.37	21.63	-0.00	7.78	1.252	273
15.168	14.38	21.64	-0.01	7.78	1.252	273
15.200	14.41	21.67	0.01	7.80	1.252	273
15.232	14.39	21.64	0.03	7.82	1.248	272
15.264	14.37	21.63	0.02	7.81	1.248	272
15.296	14.36	21.62	-0.00	7.79	1.248	272
15.328	14.35	21.60	-0.01	7.78	1.248	272
15.360	14.36	21.62	0.01	7.80	1.248	272
15.392	14.38	21.63	0.04	7.83	1.248	272
15.424	14.41	21.67	0.02	7.81	1.248	272
15.456	14.41	21.67	-0.00	7.79	1.248	272
15.488	14.43	21.68	-0.01	7.78	1.248	272
15.520	14.38	21.64	0.01	7.80	1.248	272
15.552	14.33	21.59	0.04	7.83	1.248	272
15.584	14.39	21.65	0.02	7.81	1.248	272
15.616	14.37	21.63	0.00	7.79	1.248	272
15.648	14.34	21.60	-0.01	7.78	1.248	272
15.680	14.31	21.57	0.01	7.79	1.248	272
15.712	14.32	21.58	0.04	7.82	1.243	271
15.744	14.32	21.57	0.03	7.82	1.243	271
15.776	14.27	21.53	0.01	7.80	1.243	271
15.808	14.27	21.53	-0.01	7.78	1.243	271
15.840	14.31	21.57	0.01	7.79	1.243	271
15.872	14.40	21.66	0.03	7.82	1.243	271
15.904	14.39	21.65	0.04	7.82	1.243	271
15.936	14.39	21.65	0.01	7.80	1.243	271
15.968	14.38	21.64	-0.01	7.77	1.243	271
16.000	14.41	21.67	0.01	7.80	1.243	271
16.032	14.43	21.69	0.02	7.81	1.243	271
16.064	14.43	21.69	0.03	7.82	1.243	271
16.096	14.43	21.69	0.02	7.81	1.243	271
16.128	14.41	21.66	-0.01	7.77	1.243	271
16.160	14.38	21.64	0.00	7.79	1.243	271
16.192	14.45	21.71	0.03	7.82	1.243	271
16.224	14.40	21.65	0.04	7.83	1.243	271
16.256	14.37	21.63	0.01	7.80	1.243	271
16.288	14.43	21.68	-0.01	7.77	1.243	271
16.320	14.40	21.66	-0.00	7.79	1.243	271
16.352	14.39	21.65	0.02	7.81	1.243	271
16.384	14.43	21.69	0.03	7.82	1.243	271
16.416	14.40	21.66	0.02	7.80	1.243	271
16.448	14.39	21.65	-0.01	7.78	1.243	271
16.480	14.41	21.67	-0.01	7.78	1.243	271
16.512	14.40	21.65	0.02	7.80	1.243	271
16.544	14.33	21.59	0.04	7.82	1.243	271
16.576	14.37	21.63	0.02	7.81	1.243	271
16.608	14.36	21.62	-0.01	7.78	1.243	271
16.640	14.38	21.64	-0.01	7.78	1.243	271
16.672	14.44	21.70	0.01	7.80	1.243	271
16.704	14.40	21.66	0.04	7.83	1.243	271
16.736	14.31	21.57	0.02	7.81	1.243	271
16.768	14.29	21.55	-0.01	7.78	1.243	271
16.800	14.34	21.60	-0.01	7.78	1.243	271
16.832	14.44	21.70	0.01	7.79	1.243	271
16.864	14.47	21.73	0.04	7.82	1.243	271
16.896	14.36	21.62	0.02	7.81	1.243	271
16.928	14.40	21.66	-0.00	7.79	1.243	271
16.960	14.43	21.68	-0.01	7.78	1.243	271
16.992	14.41	21.67	0.01	7.79	1.243	271
17.024	14.37	21.63	0.04	7.83	1.243	271
17.056	14.42	21.67	0.02	7.81	1.243	271
17.088	14.43	21.69	0.00	7.79	1.243	271
17.120	14.41	21.67	-0.01	7.78	1.248	272
17.152	14.48	21.74	0.01	7.79	1.248	272
17.184	14.42	21.68	0.03	7.82	1.248	272
17.216	14.37	21.62	0.02	7.81	1.248	272
17.248	14.33	21.59	0.01	7.80	1.248	272
17.280	14.39	21.65	-0.01	7.78	1.248	272
17.312	14.42	21.67	0.01	7.79	1.248	272
17.344	14.46	21.72	0.03	7.82	1.248	272
17.376	14.41	21.67	0.03	7.82	1.248	272
17.408	14.47	21.73	0.01	7.80	1.248	272
17.440	14.43	21.68	-0.02	7.77	1.248	272
17.472	14.38	21.64	0.00	7.79	1.248	272
17.504	14.35	21.61	0.02	7.81	1.248	272
17.536	14.34	21.60	0.04	7.82	1.248	272
17.568	14.41	21.67	0.01	7.80	1.243	271
17.600	14.39	21.64	-0.01	7.77	1.243	271
17.632	14.40	21.66	0.00	7.79	1.243	271
17.664	14.44	21.70	0.02	7.81	1.243	271
17.696	14.36	21.62	0.03	7.82	1.243	271
17.728	14.38	21.64	0.02	7.80	1.243	271
17.760	14.43	21.69	-0.01	7.77	1.243	271
17.792	14.48	21.74	-0.00	7.79	1.243	271
17.824	14.41	21.67	0.02	7.81	1.243	271
17.856	14.40	21.66	0.04	7.82	1.243	271
17.888	14.40	21.65	0.02	7.80	1.243	271
17.920	14.39	21.64	-0.01	7.78	1.243	271
17.952	14.39	21.65	-0.01	7.78	1.243	271
17.984	14.39	21.64	0.01	7.80	1.243	271
18.016	14.40	21.66	0.04	7.82	1.243	271
18.048	14.36	21.62	0.02	7.80	1.248	272
18.080	14.32	21.58	-0.01	7.78	1.248	272
18.112	14.33	21.59	-0.00	7.79	1.248	272
18.144	14.31	21.57	0.01	7.80	1.248	272
18.176	14.33	21.59	0.03	7.82	1.248	272
18.208	14.42	21.68	0.02	7.81	1.248	272
18.240	14.42	21.68	-0.01	7.78	1.248	272
18.272	14.34	21.60	-0.01	7.78	1.248	272
18.304	14.35	21.61	0.02	7.80	1.248	272
18.336	14.33	21.59	0.04	7.83	1.248	272
18.368	14.28	21.54	0.02	7.81	1.248	272
18.400	14.36	21.62	-0.00	7.79	1.248	272
18.432	14.27	21.53	-0.00	7.78	1.248	272
18.464	14.24	21.50	0.01	7.80	1.248	272
18.496	14.25	21.51	0.04	7.83	1.248	272
18.528	14.25	21.51	0.03	7.82	1.248	272
18.560	14.25	21.51	0.00	7.79	1.248	272
18.592	14.26	21.52	-0.01	7.78	1.248	272
18.624	14.31	21.57	0.01	7.80	1.248	272
18.656	14.28	21.54	0.04	7.83	1.248	272
18.688	14.31	21.56	0.03	7.82	1.248	272
18.720	14.39	21.65	0.01	7.80	1.248	272
18.752	14.36	21.62	-0.01	7.77	1.248	272
18.784	14.33	21.59	0.01	7.80	1.248	272
18.816	14.34	21.60	0.04	7.83	1.248	272
18.848	14.34	21.60	0.03	7.82	1.248	272
18.880	14.33	21.59	0.01	7.80	1.248	272
18.912	14.28	21.53	-0.01	7.78	1.248	272
18.944	14.29	21.54	0.00	7.79	1.248	272
18.976	14.30	21.56	0.04	7.82	1.243	271
19.008	14.29	21.55	0.04	7.82	1.243	271
19.040	14.29	21.54	0.01	7.80	1.243	271
19.072	14.32	21.57	-0.01	7.78	1.243	271
19.104	14.33	21.59	0.01	7.80	1.243	271
19.136	14.28	21.54	0.03	7.82	1.243	271
19.168	14.32	21.58	0.04	7.82	1.243	271
19.200	14.33	21.59	0.02	7.81	1.243	271
19.232	14.29	21.54	-0.01	7.78	1.243	271
19.264	14.31	21.56	0.00	7.79	1.243	271
19.296	14.43	21.69	0.02	7.81	1.243	271
19.328	14.41	21.67	0.04	7.83	1.243	271
19.360	14.33	21.59	0.02	7.81	1.243	271
19.392	14.37	21.63	-0.01	7.78	1.243	271
19.424	14.37	21.63	-0.00	7.79	1.243	271
19.456	14.36	21.62	0.02	7.81	1.243	271
19.488	14.37	21.62	0.04	7.83	1.243	271
19.520	14.34	21.59	0.02	7.81	1.243	271
19.552	14.33	21.59	-0.01	7.78	1.243	271
19.584	14.33	21.59	-0.00	7.79	1.243	271
19.616	14.32	21.58	0.02	7.81	1.243	271
19.648	14.37	21.63	0.04	7.83	1.243	271
19.680	14.41	21.67	0.02	7.81	1.243	271
19.712	14.41	21.67	-0.01	7.78	1.243	271
19.744	14.45	21.70	-0.00	7.78	1.243	271
19.776	14.45	21.70	0.01	7.80	1.243	271
19.808	14.48	21.74	0.04	7.83	1.243	271
19.840	14.41	21.67	0.02	7.81	1.243	271
19.872	14.40	21.65	-0.00	7.79	1.243	271
19.904	14.38	21.64	-0.01	7.78	1.248	272
19.936	14.37	21.63	0.01	7.80	1.248	272
19.968	14.35	21.60	0.04	7.83	1.248	272
20.000	14.39	21.64	0.03	7.82	1.248	272
20.032	14.35	21.60	0.00	7.79	1.248	272
20.064	14.28	21.54	-0.01	7.78	1.248	272
20.096	14.28	21.54	0.01	7.80	1.248	272
20.128	14.32	21.58	0.04	7.83	1.248	272
20.160	14.36	21.62	0.02	7.81	1.248	272
20.192	14.40	21.66	0.00	7.79	1.248	272
20.224	14.45	21.70	-0.01	7.78	1.248	272
20.256	14.46	21.72	0.01	7.80	1.248	272
20.288	14.45	21.70	0.04	7.82	1.248	272
20.320	14.37	21.63	0.03	7.82	1.248	272
20.352	14.33	21.59	0.00	7.79	1.248	272
20.384	14.36	21.61	-0.01	7.78	1.239	270
20.416	14.37	21.63	0.01	7.80	1.239	270
20.448	14.31	21.57	0.04	7.82	1.239	270
20.480	14.37	21.63	0.03	7.82	1.239	270
20.512	14.36	21.62	0.01	7.80	1.239	270
20.544	14.35	21.61	-0.01	7.78	1.239	270
20.576	14.43	21.68	0.01	7.80	1.239	270
20.608	14.51	21.77	0.03	7.82	1.239	270
20.640	14.42	21.68	0.03	7.82	1.239	270
20.672	14.41	21.66	0.01	7.80	1.239	270
20.704	14.43	21.69	-0.01	7.78	1.239	270
20.736	14.41	21.67	0.00	7.79	1.239	270
20.768	14.37	21.63	0.03	7.82	1.239	270
20.800	14.39	21.65	0.03	7.82	1.239	270
20.832	14.44	21.69	0.02	7.81	1.239	270
20.864	14.46	21.72	-0.01	7.78	1.243	271
20.896	14.43	21.69	0.01	7.80	1.243	271
20.928	14.39	21.65	0.03	7.82	1.243	271
20.960	14.37	21.63	0.03	7.82	1.243	271
20.992	14.42	21.67	0.02	7.81	1.243	271
21.024	14.40	21.66	-0.01	7.78	1.243	271
21.056	14.41	21.67	0.00	7.79	1.243	271
21.088	14.45	21.70	0.02	7.81	1.243	271
21.120	14.47	21.73	0.04	7.83	1.243	271
21.152	14.50	21.76	0.02	7.81	1.243	271
21.184	14.49	21.74	-0.01	7.78	1.243	271
21.216	14.49	21.74	0.00	7.79	1.243	271
21.248	14.47	21.73	0.02	7.81	1.243	271
21.280	14.46	21.71	0.04	7.83	1.243	271
21.312	14.51	21.77	0.02	7.81	1.243	271
21.344	14.51	21.77	-0.01	7.78	1.243	271
21.376	14.51	21.76	-0.00	7.79	1.243	271
21.408	14.51	21.77	0.02	7.81	1.243	271
21.440	14.51	21.77	0.04	7.82	1.243	271
21.472	14.48	21.74	0.02	7.81	1.243	271
21.504	14.50	21.75	-0.01	7.78	1.243	271
21.536	14.52	21.78	-0.00	7.79	1.243	271
21.568	14.51	21.77	0.01	7.80	1.243	271
21.600	14.50	21.76	0.04	7.83	1.243	271
21.632	14.48	21.74	0.02	7.81	1.243	271
21.664	14.50	21.76	-0.01	7.78	1.243	271
21.696	14.54	21.80	-0.00	7.78	1.243	271
21.728	14.53	21.79	0.01	7.80	1.243	271
21.760	14.54	21.80	0.04	7.83	1.243	271
21.792	14.54	21.79	0.02	7.81	1.243	271
21.824	14.47	21.73	-0.01	7.78	1.243	271
21.856	14.49	21.75	-0.01	7.78	1.243	271
21.888	14.48	21.74	0.01	7.80	1.243	271
21.920	14.49	21.75	0.04	7.83	1.243	271
21.952	14.46	21.72	0.02	7.81	1.243	271
21.984	14.54	21.80	-0.00	7.79	1.243	271
22.016	14.60	21.86	-0.01	7.78	1.243	271
22.048	14.58	21.83	0.01	7.80	1.243	271
22.080	14.52	21.78	0.04	7.83	1.243	271
22.112	14.55	21.80	0.02	7.81	1.243	271
22.144	14.60	21.86	0.00	7.79	1.243	271
22.176	14.57	21.83	-0.01	7.78	1.243	271
22.208	14.54	21.80	0.01	7.80	1.243	271
22.240	14.48	21.74	0.04	7.83	1.239	270
22.272	14.50	21.76	0.03	7.82	1.239	270
22.304	14.52	21.78	-0.00	7.79	1.239	270
22.336	14.52	21.78	-0.01	7.78	1.239	270
22.368	14.50	21.76	0.00	7.79	1.239	270
22.400	14.51	21.76	0.03	7.82	1.239	270
22.432	14.48	21.74	0.03	7.82	1.239	270
22.464	14.56	21.82	0.01	7.79	1.239	270
22.496	14.55	21.80	-0.01	7.78	1.239	270
22.528	14.51	21.77	0.01	7.80	1.239	270
22.560	14.52	21.78	0.04	7.82	1.239	270
22.592	14.53	21.79	0.03	7.82	1.239	270
22.624	14.54	21.79	0.01	7.80	1.239	270
22.656	14.52	21.78	-0.01	7.78	1.239	270
22.688	14.53	21.79	0.01	7.80	1.239	270
22.720	14.56	21.82	0.03	7.82	1.243	271
22.752	14.51	21.77	0.04	7.82	1.243	271
22.784	14.46	21.72	0.01	7.80	1.243	271
22.816	14.42	21.68	-0.01	7.77	1.243	271
22.848	14.42	21.67	0.01	7.80	1.243	271
22.880	14.47	21.73	0.03	7.82	1.243	271
22.912	14.53	21.79	0.03	7.82	1.243	271
22.944	14.56	21.82	0.02	7.80	1.243	271
22.976	14.54	21.80	-0.01	7.77	1.243	271
23.008	14.55	21.81	0.00	7.79	1.243	271
23.040	14.51	21.77	0.03	7.82	1.243	271
23.072	14.51	21.77	0.03	7.82	1.243	271
23.104	14.49	21.75	0.02	7.81	1.243	271
23.136	14.47	21.72	-0.01	7.77	1.243	271
23.168	14.48	21.74	0.00	7.79	1.243	271
23.200	14.54	21.79	0.03	7.82	1.239	270
23.232	14.52	21.78	0.04	7.83	1.239	270
23.264	14.55	21.81	0.01	7.80	1.239	270
23.296	14.56	21.81	-0.01	7.78	1.239	270
23.328	14.56	21.82	0.01	7.79	1.239	270
23.360	14.55	21.81	0.02	7.81	1.239	270
23.392	14.57	21.83	0.04	7.82	1.239	270
23.424	14.57	21.83	0.02	7.81	1.239	270
23.456	14.59	21.84	-0.01	7.78	1.239	270
23.488	14.57	21.83	-0.00	7.79	1.239	270
23.520	14.62	21.88	0.02	7.81	1.239	270
23.552	14.63	21.89	0.04	7.83	1.239	270
23.584	14.56	21.81	0.02	7.81	1.239	270
23.616	14.54	21.80	-0.01	7.78	1.239	270
23.648	14.57	21.83	-0.00	7.78	1.239	270
23.680	14.51	21.77	0.02	7.81	1.239	270
23.712	14.59	21.85	0.04	7.83	1.239	270
23.744	14.57	21.83	0.02	7.81	1.239	270
23.776	14.54	21.80	-0.01	7.78	1.239	270
23.808	14.53	21.78	-0.00	7.79	1.239	270
23.840	14.55	21.81	0.02	7.81	1.239	270
23.872	14.56	21.82	0.04	7.83	1.239	270
23.904	14.61	21.87	0.02	7.81	1.239	270
23.936	14.62	21.87	-0.01	7.78	1.239	270
23.968	14.62	21.88	-0.00	7.79	1.239	270
24.000	14.65	21.90	0.02	7.81	1.239	270
24.032	14.68	21.94	0.04	7.83	1.239	270
24.064	14.64	21.90	0.02	7.81	1.239	270
24.096	14.59	21.85	-0.00	7.79	1.239	270
24.128	14.60	21.86	-0.01	7.78	1.243	271
24.160	14.63	21.88	0.02	7.81	1.243	271
24.192	14.60	21.86	0.04	7.83	1.243	271
24.224	14.61	21.87	0.02	7.81	1.243	271
24.256	14.62	21.87	-0.01	7.78	1.243	271
24.288	14.58	21.84	-0.00	7.79	1.243	271
24.320	14.64	21.90	0.02	7.80	1.243	271
24.352	14.68	21.94	0.04	7.83	1.243	271
24.384	14.66	21.91	0.02	7.81	1.243	271
24.416	14.63	21.89	-0.00	7.79	1.243	271
24.448	14.58	21.84	-0.01	7.78	1.243	271
24.480	14.60	21.85	0.02	7.80	1.243	271
24.512	14.56	21.81	0.04	7.83	1.243	271
24.544	14.53	21.79	0.02	7.81	1.243	271
24.576	14.57	21.82	-0.00	7.78	1.243	271
24.608	14.55	21.81	-0.00	7.79	1.239	270
24.640	14.56	21.82	0.01	7.80	1.239	270
24.672	14.59	21.85	0.04	7.83	1.239	270
24.704	14.56	21.82	0.02	7.81	1.239	270
24.736	14.55	21.80	-0.00	7.79	1.239	270
24.768	14.58	21.84	-0.01	7.78	1.239	270
24.800	14.52	21.77	0.01	7.80	1.239	270
24.832	14.52	21.78	0.04	7.83	1.239	270
24.864	14.50	21.76	0.02	7.81	1.239	270
24.896	14.53	21.78	-0.00	7.79	1.239	270
24.928	14.60	21.86	-0.01	7.78	1.239	270
24.960	14.60	21.86	0.01	7.80	1.239	270
24.992	14.57	21.83	0.04	7.83	1.239	270
25.024	14.53	21.79	0.02	7.81	1.239	270
25.056	14.59	21.85	-0.00	7.79	1.239	270
25.088	14.56	21.82	-0.01	7.78	1.239	270
25.120	14.55	21.80	0.01	7.80	1.239	270
25.152	14.55	21.81	0.04	7.83	1.239	270
25.184	14.52	21.78	0.02	7.81	1.239	270
25.216	14.50	21.76	0.00	7.79	1.239	270
25.248	14.56	21.82	-0.01	7.78	1.239	270
25.280	14.59	21.85	0.01	7.80	1.239	270
25.312	14.54	21.80	0.04	7.83	1.239	270
25.344	14.57	21.83	0.02	7.81	1.239	270
25.376	14.57	21.83	0.00	7.79	1.239	270
25.408	14.64	21.90	-0.01	7.78	1.239	270
25.440	14.56	21.82	0.01	7.80	1.239	270
25.472	14.57	21.83	0.03	7.82	1.239	270
25.504	14.59	21.85	0.03	7.82	1.239	270
25.536	14.57	21.83	0.01	7.80	1.239	270
25.568	14.54	21.80	-0.01	7.77	1.239	270
25.600	14.52	21.78	0.01	7.80	1.239	270
25.632	14.50	21.75	0.03	7.82	1.239	270
25.664	14.49	21.75	0.03	7.82	1.239	270
25.696	14.52	21.78	0.01	7.79	1.239	270
25.728	14.59	21.85	-0.01	7.78	1.239	270
25.760	14.58	21.84	0.01	7.79	1.239	270
25.792	14.61	21.87	0.03	7.82	1.239	270
25.824	14.60	21.85	0.03	7.82	1.239	270
25.856	14.58	21.84	0.01	7.80	1.239	270
25.888	14.60	21.86	-0.01	7.78	1.239	270
25.920	14.59	21.84	0.01	7.80	1.239	270
25.952	14.57	21.83	0.04	7.82	1.239	270
25.984	14.58	21.83	0.03	7.82	1.239	270
26.016	14.55	21.80	0.01	7.80	1.243	271
26.048	14.50	21.75	-0.01	7.78	1.243	271
26.080	14.46	21.71	0.01	7.80	1.243	271
26.112	14.48	21.74	0.03	7.82	1.243	271
26.144	14.51	21.76	0.04	7.82	1.243	271
26.176	14.50	21.76	0.01	7.80	1.243	271
26.208	14.52	21.78	-0.01	7.78	1.243	271
26.240	14.49	21.74	0.01	7.80	1.243	271
26.272	14.53	21.79	0.03	7.82	1.243	271
26.304	14.54	21.80	0.03	7.82	1.243	271
26.336	14.54	21.80	0.02	7.80	1.243	271
26.368	14.50	21.75	-0.01	7.77	1.243	271
26.400	14.50	21.76	0.00	7.79	1.243	271
26.432	14.50	21.75	0.03	7.82	1.243	271
26.464	14.50	21.76	0.04	7.83	1.239	270
26.496	14.50	21.75	0.02	7.81	1.239	270
26.528	14.53	21.79	-0.02	7.77	1.239	270
26.560	14.48	21.74	0.01	7.79	1.239	270
26.592	14.46	21.71	0.03	7.82	1.239	270
26.624	14.48	21.74	0.04	7.82	1.239	270
26.656	14.52	21.78	0.02	7.81	1.239	270
26.688	14.52	21.78	-0.01	7.78	1.239	270
26.720	14.58	21.83	0.00	7.79	1.239	270
26.752	14.57	21.83	0.03	7.82	1.239	270
26.784	14.50	21.76	0.03	7.82	1.239	270
26.816	14.55	21.81	0.02	7.81	1.239	270
26.848	14.52	21.78	-0.01	7.77	1.239	270
26.880	14.58	21.84	0.00	7.79	1.239	270
26.912	14.54	21.80	0.02	7.81	1.239	270
26.944	14.49	21.75	0.04	7.83	1.239	270
26.976	14.49	21.75	0.02	7.81	1.239	270
27.008	14.48	21.74	-0.01	7.78	1.239	270
27.040	14.48	21.74	-0.00	7.79	1.239	270
27.072	14.51	21.77	0.02	7.81	1.239	270
27.104	14.52	21.78	0.04	7.82	1.239	270
27.136	14.53	21.79	0.02	7.80	1.239	270
27.168	14.52	21.78	-0.01	7.78	1.239	270
27.200	14.56	21.82	0.00	7.79	1.239	270
27.232	14.52	21.78	0.02	7.81	1.239	270
27.264	14.53	21.78	0.04	7.82	1.239	270
27.296	14.52	21.77	0.02	7.81	1.239	270
27.328	14.46	21.72	-0.01	7.78	1.239	270
27.360	14.48	21.74	-0.01	7.78	1.239	270
27.392	14.52	21.78	0.02	7.81	1.243	271
27.424	14.52	21.78	0.04	7.83	1.243	271
27.456	14.52	21.78	0.02	7.81	1.243	271
27.488	14.52	21.78	-0.01	7.78	1.243	271
27.520	14.46	21.72	-0.00	7.79	1.243	271
27.552	14.50	21.75	0.02	7.81	1.243	271
27.584	14.55	21.80	0.04	7.83	1.243	271
27.616	14.53	21.79	0.02	7.81	1.243	271
27.648	14.45	21.70	-0.00	7.78	1.243	271
27.680	14.46	21.72	-0.00	7.79	1.243	271
27.712	14.47	21.72	0.02	7.80	1.243	271
27.744	14.47	21.73	0.04	7.83	1.243	271
27.776	14.41	21.67	0.02	7.81	1.243	271
27.808	14.45	21.71	-0.00	7.79	1.243	271
27.840	14.46	21.71	-0.00	7.79	1.243	271
27.872	14.53	21.78	0.02	7.81	1.239	270
27.904	14.51	21.76	0.05	7.83	1.239	270
27.936	14.50	21.75	0.02	7.81	1.239	270
27.968	14.45	21.71	-0.00	7.79	1.239	270
28.000	14.51	21.76	-0.00	7.78	1.239	270
28.032	14.47	21.73	0.01	7.80	1.239	270
28.064	14.51	21.77	0.04	7.83	1.239	270
28.096	14.51	21.77	0.03	7.82	1.239	270
28.128	14.51	21.77	0.00	7.79	1.239	270
28.160	14.47	21.73	-0.00	7.78	1.239	270
28.192	14.42	21.68	0.02	7.80	1.239	270
28.224	14.41	21.67	0.04	7.83	1.239	270
28.256	14.44	21.70	0.02	7.81	1.239	270
28.288	14.44	21.70	0.01	7.79	1.239	270
28.320	14.42	21.67	-0.01	7.78	1.239	270
28.352	14.42	21.68	0.01	7.80	1.239	270
28.384	14.40	21.65	0.04	7.83	1.239	270
28.416	14.37	21.62	0.02	7.81	1.239	270
28.448	14.37	21.63	0.00	7.79	1.239	270
28.480	14.42	21.67	-0.00	7.78	1.239	270
28.512	14.43	21.69	0.01	7.80	1.239	270
28.544	14.43	21.69	0.04	7.83	1.239	270
28.576	14.50	21.76	0.03	7.82	1.239	270
28.608	14.51	21.77	0.01	7.79	1.239	270
28.640	14.50	21.75	-0.01	7.78	1.239	270
28.672	14.47	21.73	0.01	7.80	1.239	270
28.704	14.52	21.78	0.04	7.83	1.239	270
28.736	14.51	21.77	0.03	7.82	1.239	270
28.768	14.48	21.73	0.00	7.79	1.239	270
28.800	14.49	21.75	-0.01	7.78	1.243	271
28.832	14.53	21.79	0.01	7.80	1.243	271
28.864	14.55	21.80	0.04	7.83	1.243	271
28.896	14.50	21.76	0.03	7.82	1.243	271
28.928	14.46	21.71	0.01	7.80	1.243	271
28.960	14.44	21.69	-0.01	7.78	1.243	271
28.992	14.44	21.70	0.01	7.80	1.243	271
29.024	14.47	21.73	0.04	7.82	1.243	271
29.056	14.49	21.75	0.03	7.82	1.243	271
29.088	14.47	21.73	0.01	7.80	1.243	271
29.120	14.41	21.67	-0.01	7.78	1.243	271
29.152	14.40	21.65	0.01	7.80	1.243	271
29.184	14.44	21.70	0.04	7.82	1.243	271
29.216	14.39	21.64	0.03	7.82	1.243	271
29.248	14.36	21.62	0.01	7.80	1.243	271
29.280	14.37	21.62	-0.01	7.78	1.239	270
29.312	14.43	21.68	0.01	7.80	1.239	270
29.344	14.39	21.65	0.04	7.83	1.239	270
29.376	14.35	21.61	0.03	7.82	1.239	270
29.408	14.39	21.65	0.02	7.80	1.239	270
29.440	14.42	21.68	-0.01	7.78	1.239	270
29.472	14.44	21.70	0.01	7.80	1.239	270
29.504	14.53	21.79	0.04	7.82	1.239	270
29.536	14.56	21.82	0.04	7.83	1.239	270
29.568	14.54	21.80	0.01	7.80	1.239	270
29.600	14.53	21.78	-0.01	7.78	1.239	270
29.632	14.55	21.80	0.01	7.80	1.239	270
29.664	14.54	21.80	0.04	7.82	1.239	270
29.696	14.50	21.76	0.03	7.82	1.239	270
29.728	14.52	21.78	0.02	7.80	1.239	270
29.760	14.52	21.78	-0.01	7.78	1.239	270
29.792	14.45	21.71	0.01	7.80	1.239	270
29.824	14.43	21.69	0.03	7.82	1.239	270
29.856	14.43	21.69	0.04	7.83	1.239	270
29.888	14.37	21.62	0.02	7.81	1.239	270
29.920	14.44	21.70	-0.01	7.78	1.239	270
29.952	14.40	21.66	0.01	7.80	1.239	270
29.984	14.41	21.66	0.04	7.82	1.239	270
30.016	14.42	21.67	0.03	7.82	1.239	270
30.048	14.46	21.72	0.02	7.81	1.239	270
30.080	14.46	21.72	-0.01	7.78	1.239	270
30.112	14.46	21.71	0.01	7.80	1.239	270
30.144	14.43	21.69	0.03	7.82	1.239	270
30.176	14.49	21.75	0.04	7.83	1.239	270
30.208	14.46	21.72	0.02	7.81	1.239	270
30.240	14.41	21.67	-0.01	7.78	1.239	270
30.272	14.43	21.69	0.01	7.80	1.239	270
30.304	14.44	21.70	0.03	7.82	1.239	270
30.336	14.42	21.68	0.04	7.82	1.239	270
30.368	14.41	21.67	0.02	7.81	1.239	270
30.400	14.44	21.70	-0.01	7.78	1.239	270
30.432	14.46	21.72	0.01	7.80	1.239	270
30.464	14.50	21.75	0.03	7.82	1.239	270
30.496	14.49	21.74	0.04	7.83	1.239	270
30.528	14.42	21.68	0.02	7.81	1.239	270
30.560	14.41	21.67	-0.01	7.78	1.239	270
30.592	14.45	21.70	0.01	7.79	1.239	270
30.624	14.42	21.68	0.03	7.82	1.239	270
30.656	14.47	21.73	0.04	7.83	1.239	270
30.688	14.48	21.74	0.02	7.81	1.239	270
30.720	14.48	21.73	-0.01	7.78	1.239	270
30.752	14.41	21.67	0.01	7.79	1.239	270
30.784	14.41	21.67	0.03	7.82	1.239	270
30.816	14.42	21.68	0.04	7.83	1.239	270
30.848	14.41	21.67	0.02	7.81	1.239	270
30.880	14.45	21.70	-0.01	7.78	1.239	270
30.912	14.46	21.72	0.00	7.79	1.239	270
30.944	14.42	21.68	0.03	7.82	1.239	270
30.976	14.42	21.68	0.04	7.82	1.239	270
31.008	14.42	21.68	0.02	7.81	1.239	270
31.040	14.41	21.66	-0.01	7.78	1.239	270
31.072	14.36	21.62	0.01	7.80	1.239	270
31.104	14.29	21.55	0.02	7.81	1.239	270
31.136	14.27	21.53	0.04	7.83	1.243	271
31.168	14.35	21.61	0.03	7.82	1.243	271
31.200	14.38	21.63	-0.01	7.78	1.243	271
31.232	14.36	21.61	0.00	7.79	1.243	271
31.264	14.35	21.60	0.02	7.81	1.243	271
31.296	14.31	21.57	0.04	7.83	1.243	271
31.328	14.33	21.59	0.02	7.81	1.243	271
31.360	14.40	21.65	-0.00	7.79	1.243	271
31.392	14.49	21.75	0.00	7.79	1.243	271
31.424	14.49	21.75	0.02	7.81	1.243	271
31.456	14.46	21.72	0.04	7.83	1.243	271
31.488	14.49	21.75	0.02	7.81	1.243	271
31.520	14.47	21.72	-0.00	7.79	1.243	271
31.552	14.38	21.64	0.00	7.79	1.243	271
31.584	14.34	21.60	0.02	7.81	1.243	271
31.616	14.36	21.62	0.04	7.83	1.239	270
31.648	14.41	21.67	0.02	7.81	1.239	270
31.680	14.37	21.63	-0.00	7.79	1.239	270
31.712	14.35	21.61	0.00	7.79	1.239	270
31.744	14.30	21.56	0.02	7.81	1.239	270
31.776	14.32	21.58	0.04	7.83	1.239	270
31.808	14.33	21.59	0.03	7.82	1.239	270
31.840	14.30	21.55	0.00	7.79	1.239	270
31.872	14.32	21.58	0.00	7.79	1.239	270
31.904	14.25	21.50	0.02	7.81	1.239	270
31.936	14.22	21.48	0.05	7.83	1.239	270
31.968	14.25	21.50	0.03	7.82	1.239	270
32.000	14.31	21.57	0.00	7.79	1.239	270
32.032	14.25	21.50	0.00	7.79	1.239	270
32.064	14.25	21.51	0.02	7.81	1.239	270
32.096	14.31	21.57	0.04	7.83	1.243	271
32.128	14.25	21.51	0.03	7.82	1.243	271
32.160	14.21	21.47	0.01	7.79	1.243	271
32.192	14.19	21.45	0.00	7.79	1.243	271
32.224	14.05	21.31	0.02	7.81	1.243	271
32.256	14.00	21.26	0.05	7.84	1.243	271
32.288	14.01	21.27	0.04	7.82	1.243	271
32.320	14.15	21.41	0.01	7.79	1.243	271
32.352	14.01	21.27	0.00	7.79	1.243	271
32.384	14.02	21.28	0.02	7.81	1.243	271
32.416	13.99	21.25	0.05	7.84	1.243	271
32.448	14.04	21.30	0.03	7.82	1.243	271
32.480	13.96	21.22	0.01	7.80	1.243	271
32.512	13.98	21.24	0.00	7.79	1.243	271
32.544	13.97	21.22	0.03	7.82	1.243	271
32.576	14.02	21.28	0.05	7.84	1.243	271
32.608	13.98	21.24	0.04	7.83	1.243	271
32.640	13.92	21.17	0.01	7.80	1.243	271
32.672	13.87	21.13	0.00	7.79	1.243	271
32.704	13.85	21.11	0.02	7.81	1.243	271
32.736	13.79	21.05	0.06	7.84	1.243	271
32.768	13.87	21.13	0.04	7.83	1.243	271
32.800	13.92	21.18	0.02	7.80	1.243	271
32.832	13.80	21.06	0.01	7.80	1.243	271
32.864	13.67	20.93	0.03	7.82	1.243	271
32.896	13.67	20.93	0.06	7.84	1.243	271
32.928	13.60	20.86	0.04	7.83	1.243	271
32.960	13.61	20.87	0.02	7.81	1.243	271
32.992	13.53	20.79	0.01	7.80	1.243	271
33.024	13.66	20.92	0.03	7.82	1.243	271
33.056	13.54	20.79	0.06	7.85	1.243	271
33.088	13.53	20.79	0.05	7.83	1.243	271
33.120	13.48	20.74	0.03	7.82	1.243	271
33.152	13.15	20.41	0.01	7.80	1.243	271
33.184	13.44	20.69	0.03	7.82	1.243	271
33.216	13.43	20.69	0.06	7.85	1.243	271
33.248	13.44	20.70	0.05	7.84	1.243	271
33.280	13.43	20.69	0.03	7.82	1.243	271
33.312	13.39	20.64	0.02	7.80	1.243	271
33.344	11.86	19.11	0.06	7.85	1.243	271
33.376	11.79	19.05	0.09	7.88	1.243	271
33.408	11.73	18.99	0.08	7.87	1.243	271
33.440	11.78	19.03	0.05	7.84	1.243	271
33.472	11.68	18.94	0.05	7.83	1.243	271
33.504	11.72	18.98	0.07	7.85	1.243	271
33.536	11.72	18.98	0.09	7.88	1.243	271
33.568	11.80	19.06	0.08	7.87	1.243	271
33.600	11.76	19.02	0.06	7.85	1.243	271
33.632	11.78	19.04	0.05	7.83	1.243	271
33.664	11.70	18.96	0.06	7.85	1.243	271
33.696	11.77	19.03	0.09	7.88	1.243	271
33.728	11.81	19.07	0.08	7.87	1.243	271
33.760	11.75	19.01	0.06	7.85	1.243	271
33.792	11.79	19.05	0.04	7.83	1.243	271
33.824	11.78	19.04	0.06	7.85	1.243	271
33.856	11.78	19.04	0.09	7.88	1.243	271
33.888	11.74	19.00	0.08	7.87	1.243	271
33.920	11.79	19.04	0.06	7.85	1.243	271
33.952	11.77	19.03	0.05	7.83	1.243	271
33.984	11.79	19.04	0.06	7.85	1.243	271
34.016	11.76	19.02	0.09	7.88	1.243	271
34.048	11.76	19.02	0.09	7.87	1.243	271
34.080	11.78	19.04	0.06	7.85	1.243	271
34.112	11.77	19.03	0.05	7.83	1.243	271
34.144	11.85	19.10	0.06	7.85	1.243	271
34.176	11.83	19.09	0.09	7.88	1.243	271
34.208	11.86	19.11	0.09	7.87	1.243	271
34.240	11.77	19.02	0.06	7.85	1.243	271
34.272	11.78	19.04	0.04	7.83	1.243	271
34.304	11.81	19.07	0.06	7.85	1.243	271
34.336	11.81	19.07	0.09	7.88	1.243	271
34.368	11.80	19.05	0.09	7.88	1.243	271
34.400	11.74	19.00	0.07	7.85	1.243	271
34.432	11.79	19.04	0.05	7.83	1.243	271
34.464	11.72	18.97	0.06	7.85	1.243	271
34.496	11.76	19.01	0.09	7.88	1.243	271
34.528	11.77	19.03	0.09	7.87	1.243	271
34.560	11.78	19.04	0.06	7.85	1.243	271
34.592	11.75	19.01	0.04	7.83	1.243	271
34.624	11.73	18.99	0.06	7.85	1.243	271
34.656	11.71	18.97	0.09	7.88	1.243	271
34.688	11.70	18.96	0.10	7.88	1.243	271
34.720	11.73	18.99	0.07	7.85	1.243	271
34.752	11.75	19.01	0.04	7.83	1.243	271
34.784	11.80	19.05	0.06	7.85	1.243	271
34.816	11.82	19.07	0.09	7.87	1.243	271
34.848	11.80	19.06	0.09	7.88	1.243	271
34.880	11.76	19.02	0.07	7.85	1.248	272
34.912	11.79	19.05	0.04	7.83	1.248	272
34.944	11.79	19.04	0.06	7.85	1.248	272
34.976	11.75	19.01	0.09	7.87	1.248	272
35.008	11.73	18.99	0.09	7.88	1.248	272
35.040	11.68	18.93	0.07	7.86	1.248	272
35.072	11.75	19.01	0.04	7.83	1.248	272
35.104	11.84	19.10	0.06	7.85	1.248	272
35.136	11.85	19.11	0.09	7.88	1.248	272
35.168	11.79	19.05	0.09	7.88	1.248	272
35.200	11.75	19.01	0.07	7.86	1.248	272
35.232	11.74	19.00	0.04	7.83	1.248	272
35.264	11.75	19.00	0.06	7.85	1.248	272
35.296	11.66	18.92	0.09	7.88	1.248	272
35.328	11.65	18.91	0.09	7.88	1.248	272
35.360	11.67	18.93	0.07	7.86	1.243	271
35.392	11.72	18.98	0.04	7.83	1.243	271
35.424	11.67	18.93	0.06	7.85	1.243	271
35.456	11.65	18.90	0.08	7.87	1.243	271
35.488	11.63	18.89	0.09	7.88	1.243	271
35.520	11.68	18.94	0.07	7.86	1.243	271
35.552	11.72	18.98	0.04	7.83	1.243	271
35.584	11.75	19.01	0.06	7.85	1.243	271
35.616	11.72	18.98	0.09	7.87	1.243	271
35.648	11.75	19.00	0.09	7.88	1.243	271
35.680	11.71	18.96	0.07	7.86	1.243	271
35.712	11.79	19.04	0.05	7.83	1.243	271
35.744	11.66	18.92	0.06	7.85	1.243	271
35.776	11.69	18.95	0.09	7.88	1.243	271
35.808	11.66	18.92	0.10	7.88	1.243	271
35.840	11.75	19.00	0.07	7.86	1.239	270
35.872	11.67	18.93	0.04	7.83	1.239	270
35.904	11.73	18.99	0.06	7.84	1.239	270
35.936	11.74	19.00	0.08	7.87	1.239	270
35.968	11.70	18.96	0.09	7.88	1.239	270
36.000	11.76	19.02	0.07	7.86	1.239	270
36.032	11.78	19.04	0.04	7.83	1.239	270
36.064	11.78	19.04	0.06	7.85	1.239	270
36.096	11.75	19.01	0.08	7.87	1.239	270
36.128	11.78	19.03	0.09	7.88	1.239	270
36.160	11.71	18.96	0.07	7.86	1.239	270
36.192	11.76	19.02	0.04	7.83	1.239	270
36.224	11.70	18.96	0.06	7.84	1.239	270
36.256	11.70	18.96	0.08	7.87	1.239	270
36.288	11.72	18.98	0.09	7.88	1.248	272
36.320	11.77	19.03	0.07	7.86	1.248	272
36.352	11.69	18.94	0.04	7.83	1.248	272
36.384	11.69	18.95	0.06	7.84	1.248	272
36.416	11.65	18.91	0.08	7.87	1.248	272
36.448	11.64	18.90	0.09	7.88	1.248	272
36.480	11.72	18.98	0.07	7.86	1.248	272
36.512	11.68	18.94	0.05	7.83	1.248	272
36.544	11.69	18.95	0.06	7.84	1.248	272
36.576	11.69	18.94	0.08	7.87	1.248	272
36.608	11.72	18.98	0.09	7.88	1.248	272
36.640	11.70	18.96	0.07	7.86	1.248	272
36.672	11.76	19.02	0.04	7.83	1.248	272
36.704	11.64	18.89	0.06	7.84	1.248	272
36.736	11.70	18.95	0.08	7.87	1.248	272
36.768	11.69	18.95	0.10	7.88	1.243	271
36.800	11.73	18.99	0.07	7.86	1.243	271
36.832	11.76	19.02	0.05	7.83	1.243	271
36.864	11.75	19.01	0.06	7.85	1.243	271
36.896	11.76	19.01	0.08	7.87	1.243	271
36.928	11.71	18.97	0.09	7.88	1.243	271
36.960	11.75	19.01	0.07	7.86	1.243	271
36.992	11.68	18.94	0.05	7.84	1.243	271
37.024	11.73	18.98	0.05	7.84	1.243	271
37.056	11.72	18.97	0.08	7.87	1.243	271
37.088	11.71	18.97	0.09	7.88	1.243	271
37.120	11.71	18.97	0.08	7.87	1.243	271
37.152	11.61	18.87	0.05	7.84	1.243	271
37.184	11.69	18.95	0.05	7.84	1.243	271
37.216	11.62	18.88	0.07	7.86	1.243	271
37.248	11.71	18.96	0.09	7.88	1.243	271
37.280	11.66	18.92	0.07	7.86	1.243	271
37.312	11.69	18.95	0.05	7.83	1.243	271
37.344	11.71	18.97	0.05	7.84	1.243	271
37.376	11.69	18.95	0.07	7.86	1.243	271
37.408	11.74	19.00	0.09	7.88	1.243	271
37.440	11.73	18.99	0.07	7.86	1.243	271
37.472	11.75	19.01	0.05	7.84	1.243	271
37.504	11.73	18.99	0.05	7.84	1.243	271
37.536	11.75	19.01	0.07	7.86	1.243	271
37.568	11.69	18.95	0.09	7.88	1.243	271
37.600	11.70	18.96	0.07	7.86	1.243	271
37.632	11.66	18.92	0.05	7.84	1.243	271
37.664	11.73	18.99	0.05	7.84	1.243	271
37.696	11.72	18.98	0.07	7.86	1.248	272
37.728	11.67	18.92	0.09	7.88	1.248	272
37.760	11.70	18.96	0.07	7.86	1.248	272
37.792	11.68	18.94	0.04	7.83	1.248	272
37.824	11.73	18.98	0.05	7.84	1.248	272
37.856	11.63	18.89	0.07	7.86	1.248	272
37.888	11.72	18.98	0.09	7.88	1.248	272
37.920	11.73	18.99	0.07	7.86	1.248	272
37.952	11.76	19.01	0.05	7.84	1.248	272
37.984	11.69	18.94	0.05	7.84	1.248	272
38.016	11.67	18.93	0.07	7.86	1.248	272
38.048	11.67	18.93	0.10	7.88	1.248	272
38.080	11.73	18.98	0.08	7.87	1.248	272
38.112	11.68	18.94	0.05	7.84	1.248	272
38.144	11.71	18.96	0.05	7.84	1.248	272
38.176	11.72	18.98	0.07	7.86	1.243	271
38.208	11.75	19.01	0.09	7.88	1.243	271
38.240	11.73	18.99	0.08	7.87	1.243	271
38.272	11.73	18.99	0.05	7.84	1.243	271
38.304	11.77	19.03	0.05	7.84	1.243	271
38.336	11.74	19.00	0.07	7.86	1.243	271
38.368	11.83	19.09	0.09	7.88	1.243	271
38.400	11.80	19.06	0.07	7.86	1.243	271
38.432	11.76	19.01	0.05	7.84	1.243	271
38.464	11.70	18.95	0.05	7.84	1.243	271
38.496	11.62	18.87	0.07	7.86	1.243	271
38.528	11.67	18.93	0.09	7.88	1.243	271
38.560	11.61	18.87	0.08	7.87	1.243	271
38.592	11.63	18.89	0.05	7.84	1.243	271
38.624	11.66	18.92	0.05	7.84	1.243	271
38.656	11.70	18.95	0.07	7.86	1.243	271
38.688	11.65	18.90	0.09	7.88	1.243	271
38.720	11.64	18.90	0.08	7.87	1.243	271
38.752	11.66	18.92	0.05	7.84	1.243	271
38.784	11.70	18.96	0.05	7.84	1.243	271
38.816	11.74	19.00	0.07	7.86	1.243	271
38.848	11.76	19.02	0.09	7.88	1.243	271
38.880	11.72	18.98	0.08	7.87	1.243	271
38.912	11.70	18.96	0.05	7.84	1.243	271
38.944	11.63	18.89	0.05	7.84	1.243	271
38.976	11.65	18.91	0.07	7.86	1.243	271
39.008	11.66	18.91	0.09	7.88	1.243	271
39.040	11.61	18.87	0.08	7.87	1.243	271
39.072	11.62	18.88	0.05	7.84	1.243	271
39.104	11.57	18.83	0.05	7.84	1.239	270
39.136	11.62	18.88	0.07	7.86	1.239	270
39.168	11.62	18.88	0.09	7.88	1.239	270
39.200	11.74	19.00	0.07	7.86	1.239	270
39.232	11.65	18.90	0.05	7.84	1.239	270
39.264	11.64	18.90	0.05	7.84	1.239	270
39.296	11.63	18.89	0.07	7.86	1.239	270
39.328	11.69	18.95	0.09	7.88	1.239	270
39.360	11.68	18.94	0.07	7.86	1.239	270
39.392	11.70	18.96	0.05	7.84	1.239	270
39.424	11.64	18.89	0.05	7.84	1.239	270
39.456	11.74	18.99	0.07	7.85	1.239	270
39.488	11.71	18.96	0.09	7.88	1.239	270
39.520	11.68	18.94	0.08	7.87	1.239	270
39.552	11.67	18.92	0.05	7.83	1.239	270
39.584	11.69	18.94	0.05	7.84	1.243	271
39.616	11.68	18.94	0.07	7.86	1.243	271
39.648	11.72	18.97	0.10	7.88	1.243	271
39.680	11.62	18.88	0.08	7.87	1.243	271
39.712	11.68	18.93	0.05	7.84	1.243	271
39.744	11.64	18.90	0.05	7.84	1.243	271
39.776	11.65	18.91	0.07	7.85	1.243	271
39.808	11.64	18.90	0.10	7.88	1.243	271
39.840	11.70	18.96	0.07	7.86	1.243	271
39.872	11.63	18.89	0.05	7.84	1.243	271
39.904	11.67	18.93	0.05	7.84	1.243	271
39.936	11.65	18.90	0.07	7.86	1.243	271
39.968	11.70	18.95	0.09	7.88	1.243	271
40.000	11.69	18.95	0.08	7.87	1.243	271
40.032	11.67	18.93	0.05	7.84	1.239	270
40.064	11.65	18.91	0.05	7.84	1.239	270
40.096	11.65	18.91	0.07	7.86	1.239	270
40.128	11.67	18.93	0.09	7.88	1.239	270
40.160	11.68	18.94	0.08	7.87	1.239	270
40.192	11.64	18.89	0.05	7.84	1.239	270
40.224	11.59	18.84	0.05	7.84	1.239	270
40.256	11.65	18.91	0.07	7.86	1.239	270
40.288	11.64	18.90	0.10	7.88	1.239	270
40.320	11.66	18.92	0.07	7.86	1.239	270
40.352	11.66	18.92	0.05	7.84	1.239	270
40.384	11.66	18.91	0.05	7.84	1.239	270
40.416	11.61	18.87	0.07	7.86	1.239	270
40.448	11.57	18.83	0.09	7.88	1.239	270
40.480	11.60	18.85	0.08	7.87	1.239	270
40.512	11.67	18.93	0.05	7.84	1.239	270
40.544	11.71	18.97	0.05	7.84	1.239	270
40.576	11.65	18.90	0.07	7.86	1.239	270
40.608	11.62	18.88	0.10	7.89	1.239	270
40.640	11.65	18.91	0.08	7.87	1.239	270
40.672	11.62	18.87	0.05	7.84	1.239	270
40.704	11.62	18.87	0.05	7.84	1.239	270
40.736	11.63	18.89	0.07	7.86	1.239	270
40.768	11.77	19.03	0.09	7.88	1.239	270
40.800	11.71	18.97	0.08	7.87	1.239	270
40.832	11.69	18.95	0.05	7.84	1.239	270
40.864	11.63	18.89	0.05	7.84	1.239	270
40.896	11.67	18.93	0.07	7.86	1.239	270
40.928	11.58	18.84	0.09	7.88	1.239	270
40.960	11.64	18.90	0.07	7.86	1.239	270
40.992	11.62	18.88	0.05	7.84	1.239	270
41.024	11.71	18.97	0.05	7.84	1.239	270
41.056	11.66	18.92	0.07	7.86	1.239	270
41.088	11.64	18.90	0.09	7.88	1.239	270
41.120	11.65	18.91	0.08	7.87	1.239	270
41.152	11.69	18.95	0.05	7.84	1.239	270
41.184	11.62	18.88	0.05	7.84	1.239	270
41.216	11.69	18.95	0.07	7.86	1.239	270
41.248	11.70	18.96	0.09	7.88	1.239	270
41.280	11.70	18.96	0.08	7.87	1.239	270
41.312	11.68	18.94	0.05	7.84	1.239	270
41.344	11.73	18.99	0.05	7.84	1.239	270
41.376	11.71	18.97	0.07	7.86	1.239	270
41.408	11.56	18.82	0.10	7.88	1.239	270
41.440	11.55	18.81	0.08	7.87	1.243	271
41.472	11.59	18.84	0.05	7.84	1.243	271
41.504	11.66	18.92	0.05	7.84	1.243	271
41.536	11.60	18.86	0.07	7.86	1.243	271
41.568	11.63	18.89	0.09	7.88	1.243	271
41.600	11.63	18.89	0.08	7.87	1.243	271
41.632	11.63	18.89	0.05	7.84	1.243	271
41.664	11.63	18.89	0.05	7.84	1.243	271
41.696	11.63	18.89	0.07	7.86	1.243	271
41.728	11.65	18.91	0.09	7.88	1.243	271
41.760	11.61	18.87	0.08	7.87	1.243	271
41.792	11.65	18.90	0.05	7.84	1.243	271
41.824	11.68	18.94	0.05	7.84	1.243	271
41.856	11.71	18.97	0.07	7.86	1.243	271
41.888	11.66	18.91	0.10	7.88	1.243	271
41.920	11.65	18.91	0.07	7.86	1.234	269
41.952	11.65	18.91	0.05	7.84	1.234	269
41.984	11.61	18.87	0.05	7.84	1.234	269
42.016	11.62	18.87	0.07	7.86	1.234	269
42.048	11.56	18.82	0.09	7.88	1.234	269
42.080	11.60	18.86	0.07	7.86	1.234	269
42.112	11.60	18.85	0.05	7.84	1.234	269
42.144	11.64	18.90	0.05	7.84	1.234	269
42.176	11.64	18.90	0.07	7.86	1.234	269
42.208	11.65	18.90	0.09	7.88	1.234	269
42.240	11.66	18.92	0.08	7.87	1.234	269
42.272	11.67	18.92	0.05	7.84	1.234	269
42.304	11.66	18.92	0.05	7.84	1.234	269
42.336	11.62	18.88	0.07	7.86	1.234	269
42.368	11.65	18.91	0.09	7.88	1.234	269
42.400	11.64	18.90	0.07	7.86	1.239	270
42.432	11.72	18.98	0.05	7.84	1.239	270
42.464	11.68	18.94	0.05	7.84	1.239	270
42.496	11.65	18.91	0.07	7.86	1.239	270
42.528	11.63	18.89	0.10	7.88	1.239	270
42.560	11.61	18.87	0.07	7.86	1.239	270
42.592	11.62	18.87	0.05	7.84	1.239	270
42.624	11.65	18.91	0.05	7.84	1.239	270
42.656	11.71	18.97	0.07	7.86	1.239	270
42.688	11.68	18.94	0.09	7.88	1.239	270
42.720	11.68	18.94	0.07	7.86	1.239	270
42.752	11.68	18.94	0.05	7.84	1.239	270
42.784	11.74	18.99	0.05	7.84	1.239	270
42.816	11.60	18.85	0.07	7.86	1.239	270
42.848	11.56	18.82	0.09	7.88	1.239	270
42.880	11.61	18.86	0.07	7.86	1.239	270
42.912	11.65	18.91	0.05	7.84	1.239	270
42.944	11.66	18.92	0.06	7.84	1.239	270
42.976	11.66	18.92	0.07	7.86	1.239	270
43.008	11.67	18.93	0.09	7.88	1.239	270
43.040	11.67	18.93	0.07	7.86	1.239	270
43.072	11.70	18.96	0.05	7.84	1.239	270
43.104	11.61	18.87	0.05	7.84	1.239	270
43.136	11.64	18.89	0.07	7.86	1.239	270
43.168	11.58	18.84	0.09	7.88	1.239	270
43.200	11.65	18.90	0.07	7.86	1.239	270
43.232	11.61	18.87	0.05	7.84	1.239	270
43.264	11.62	18.88	0.05	7.84	1.239	270
43.296	11.60	18.85	0.07	7.86	1.239	270
43.328	11.63	18.89	0.09	7.88	1.239	270
43.360	11.64	18.90	0.08	7.87	1.239	270
43.392	11.57	18.83	0.05	7.84	1.239	270
43.424	11.57	18.82	0.06	7.84	1.239	270
43.456	11.56	18.82	0.07	7.86	1.239	270
43.488	11.66	18.92	0.10	7.88	1.239	270
43.520	11.56	18.82	0.08	7.87	1.239	270
43.552	11.63	18.89	0.05	7.83	1.239	270
43.584	11.65	18.91	0.05	7.84	1.239	270
43.616	11.70	18.96	0.07	7.86	1.239	270
43.648	11.63	18.89	0.09	7.88	1.239	270
43.680	11.61	18.87	0.07	7.86	1.239	270
43.712	11.65	18.90	0.05	7.84	1.239	270
43.744	11.62	18.87	0.06	7.84	1.239	270
43.776	11.60	18.85	0.07	7.86	1.239	270
43.808	11.54	18.80	0.09	7.88	1.239	270
43.840	11.60	18.85	0.07	7.86	1.239	270
43.872	11.61	18.86	0.05	7.84	1.239	270
43.904	11.56	18.82	0.06	7.84	1.239	270
43.936	11.55	18.80	0.07	7.86	1.239	270
43.968	11.56	18.82	0.09	7.88	1.239	270
44.000	11.54	18.80	0.07	7.86	1.239	270
44.032	11.52	18.78	0.05	7.84	1.239	270
44.064	11.56	18.81	0.05	7.84	1.239	270
44.096	11.59	18.85	0.07	7.86	1.239	270
44.128	11.60	18.86	0.09	7.88	1.239	270
44.160	11.63	18.89	0.07	7.86	1.239	270
44.192	11.60	18.86	0.05	7.83	1.239	270
44.224	11.61	18.87	0.06	7.84	1.239	270
44.256	11.58	18.84	0.08	7.87	1.234	269
44.288	11.59	18.85	0.10	7.88	1.234	269
44.320	11.58	18.83	0.07	7.86	1.234	269
44.352	11.61	18.87	0.05	7.84	1.234	269
44.384	11.64	18.90	0.05	7.84	1.234	269
44.416	11.63	18.88	0.07	7.86	1.234	269
44.448	11.69	18.95	0.09	7.88	1.234	269
44.480	11.64	18.89	0.07	7.86	1.234	269
44.512	11.68	18.94	0.05	7.83	1.234	269
44.544	11.71	18.96	0.05	7.84	1.234	269
44.576	11.64	18.90	0.08	7.87	1.234	269
44.608	11.61	18.87	0.09	7.88	1.234	269
44.640	11.60	18.85	0.07	7.86	1.234	269
44.672	11.60	18.86	0.05	7.84	1.234	269
44.704	11.62	18.88	0.06	7.85	1.234	269
44.736	11.59	18.85	0.08	7.87	1.243	271
44.768	11.53	18.79	0.09	7.88	1.243	271
44.800	11.57	18.83	0.07	7.86	1.243	271
44.832	11.61	18.87	0.05	7.83	1.243	271
44.864	11.65	18.91	0.06	7.84	1.243	271
44.896	11.67	18.92	0.08	7.87	1.243	271
44.928	11.64	18.90	0.09	7.88	1.243	271
44.960	11.62	18.88	0.07	7.86	1.243	271
44.992	11.57	18.83	0.04	7.83	1.243	271
45.024	11.64	18.90	0.06	7.84	1.243	271
45.056	11.59	18.85	0.08	7.87	1.243	271
45.088	11.66	18.92	0.09	7.88	1.243	271
45.120	11.66	18.92	0.08	7.87	1.243	271
45.152	11.71	18.97	0.05	7.83	1.243	271
45.184	11.58	18.84	0.06	7.84	1.234	269
45.216	11.60	18.86	0.08	7.87	1.234	269
45.248	11.54	18.80	0.09	7.88	1.234	269
45.280	11.61	18.87	0.07	7.86	1.234	269
45.312	11.57	18.83	0.04	7.83	1.234	269
45.344	11.63	18.88	0.06	7.85	1.234	269
45.376	11.65	18.91	0.08	7.87	1.234	269
45.408	11.61	18.87	0.09	7.88	1.234	269
45.440	11.68	18.94	0.07	7.86	1.234	269
45.472	11.77	19.03	0.04	7.83	1.234	269
45.504	11.73	18.98	0.06	7.85	1.234	269
45.536	11.68	18.94	0.08	7.87	1.234	269
45.568	11.66	18.92	0.09	7.88	1.234	269
45.600	11.59	18.84	0.07	7.86	1.234	269
45.632	11.66	18.92	0.05	7.84	1.234	269
45.664	11.52	18.77	0.06	7.85	1.243	271
45.696	11.61	18.86	0.09	7.87	1.243	271
45.728	11.57	18.83	0.09	7.88	1.243	271
45.760	11.63	18.88	0.07	7.86	1.243	271
45.792	11.60	18.86	0.05	7.84	1.243	271
45.824	11.60	18.86	0.06	7.85	1.243	271
45.856	11.62	18.88	0.08	7.87	1.243	271
45.888	11.56	18.82	0.09	7.88	1.243	271
45.920	11.64	18.89	0.07	7.86	1.243	271
45.952	11.73	18.98	0.04	7.83	1.243	271
45.984	11.80	19.05	0.06	7.85	1.243	271
46.016	11.73	18.99	0.08	7.87	1.243	271
46.048	11.64	18.90	0.09	7.88	1.243	271
46.080	11.69	18.95	0.07	7.86	1.243	271
46.112	11.59	18.84	0.04	7.83	1.243	271
46.144	11.62	18.88	0.06	7.85	1.234	269
46.176	11.63	18.88	0.08	7.87	1.234	269
46.208	11.70	18.95	0.09	7.88	1.234	269
46.240	11.65	18.90	0.07	7.86	1.234	269
46.272	11.67	18.92	0.05	7.84	1.234	269
46.304	11.65	18.91	0.06	7.85	1.234	269
46.336	11.69	18.95	0.08	7.87	1.234	269
46.368	11.62	18.88	0.09	7.88	1.234	269
46.400	11.69	18.95	0.07	7.86	1.234	269
46.432	11.66	18.92	0.04	7.83	1.234	269
46.464	11.68	18.94	0.06	7.85	1.234	269
46.496	11.66	18.92	0.08	7.87	1.234	269
46.528	11.73	18.99	0.09	7.88	1.234	269
46.560	11.73	18.99	0.07	7.86	1.234	269
46.592	11.67	18.93	0.05	7.83	1.243	271
46.624	11.63	18.89	0.06	7.85	1.243	271
46.656	11.66	18.92	0.08	7.87	1.243	271
46.688	11.70	18.96	0.09	7.88	1.243	271
46.720	11.75	19.00	0.07	7.86	1.243	271
46.752	11.66	18.91	0.04	7.83	1.243	271
46.784	11.67	18.93	0.06	7.85	1.243	271
46.816	11.72	18.97	0.08	7.87	1.243	271
46.848	11.71	18.96	0.09	7.88	1.243	271
46.880	11.72	18.97	0.07	7.86	1.243	271
46.912	11.68	18.94	0.05	7.84	1.243	271
46.944	11.65	18.91	0.06	7.85	1.243	271
46.976	11.65	18.91	0.08	7.87	1.243	271
47.008	11.66	18.92	0.09	7.88	1.243	271
47.040	11.68	18.94	0.07	7.86	1.243	271
47.072	11.68	18.94	0.05	7.83	1.239	270
47.104	11.63	18.89	0.06	7.85	1.239	270
47.136	11.72	18.98	0.08	7.87	1.239	270
47.168	11.67	18.93	0.09	7.88	1.239	270
47.200	11.77	19.03	0.07	7.86	1.239	270
47.232	11.69	18.95	0.05	7.83	1.239	270
47.264	11.76	19.02	0.06	7.85	1.239	270
47.296	11.68	18.94	0.08	7.87	1.239	270
47.328	11.81	19.07	0.09	7.88	1.239	270
47.360	11.77	19.03	0.07	7.86	1.239	270
47.392	11.76	19.02	0.05	7.83	1.239	270
47.424	11.66	18.92	0.06	7.85	1.239	270
47.456	11.70	18.96	0.08	7.87	1.239	270
47.488	11.75	19.00	0.09	7.88	1.239	270
47.520	11.74	19.00	0.07	7.86	1.239	270
47.552	11.67	18.92	0.05	7.84	1.239	270
47.584	11.75	19.01	0.06	7.85	1.239	270
47.616	11.71	18.97	0.08	7.87	1.239	270
47.648	11.70	18.95	0.09	7.88	1.239	270
47.680	11.72	18.98	0.07	7.86	1.239	270
47.712	11.69	18.95	0.05	7.83	1.239	270
47.744	11.68	18.94	0.06	7.84	1.239	270
47.776	11.71	18.97	0.08	7.87	1.239	270
47.808	11.73	18.98	0.09	7.88	1.239	270
47.840	11.75	19.01	0.07	7.86	1.239	270
47.872	11.74	18.99	0.05	7.84	1.239	270
47.904	11.66	18.92	0.06	7.84	1.239	270
47.936	11.63	18.89	0.08	7.87	1.239	270
47.968	11.63	18.88	0.09	7.88	1.239	270
48.000	11.62	18.88	0.07	7.86	1.243	271
48.032	11.59	18.85	0.05	7.84	1.243	271
48.064	11.65	18.91	0.06	7.84	1.243	271
48.096	11.64	18.90	0.08	7.87	1.243	271
48.128	11.69	18.94	0.10	7.88	1.243	271
48.160	11.65	18.91	0.07	7.86	1.243	271
48.192	11.61	18.87	0.05	7.84	1.243	271
48.224	11.67	18.93	0.05	7.84	1.243	271
48.256	11.61	18.87	0.08	7.87	1.243	271
48.288	11.67	18.92	0.10	7.88	1.243	271
48.320	11.73	18.99	0.08	7.87	1.243	271
48.352	11.76	19.02	0.05	7.84	1.243	271
48.384	11.66	18.92	0.06	7.84	1.243	271
48.416	11.60	18.85	0.08	7.87	1.243	271
48.448	11.65	18.90	0.09	7.88	1.243	271
48.480	11.57	18.82	0.08	7.87	1.234	269
48.512	11.61	18.87	0.05	7.84	1.234	269
48.544	11.60	18.86	0.05	7.84	1.234	269
48.576	11.68	18.94	0.07	7.86	1.234	269
48.608	11.62	18.88	0.09	7.88	1.234	269
48.640	11.64	18.90	0.08	7.87	1.234	269
48.672	11.63	18.88	0.05	7.84	1.234	269
48.704	11.60	18.86	0.06	7.84	1.234	269
48.736	11.68	18.94	0.07	7.86	1.234	269
48.768	11.61	18.87	0.10	7.89	1.234	269
48.800	11.67	18.93	0.08	7.87	1.234	269
48.832	11.64	18.90	0.05	7.84	1.234	269
48.864	11.66	18.92	0.06	7.84	1.234	269
48.896	12.50	19.76	0.05	7.84	1.234	269
48.928	12.71	19.97	0.07	7.86	1.239	270
48.960	12.55	19.81	0.06	7.85	1.239	270
48.992	12.49	19.75	0.03	7.82	1.239	270
49.024	12.50	19.76	0.03	7.82	1.239	270
49.056	12.42	19.68	0.05	7.84	1.239	270
49.088	11.87	19.12	0.09	7.88	1.239	270
49.120	11.47	18.73	0.08	7.87	1.239	270
49.152	11.18	18.44	0.05	7.84	1.239	270
49.184	11.27	18.53	0.05	7.84	1.239	270
49.216	11.26	18.52	0.07	7.86	1.239	270
49.248	11.31	18.56	0.09	7.88	1.239	270
49.280	11.22	18.48	0.08	7.87	1.239	270
49.312	11.24	18.50	0.05	7.84	1.239	270
49.344	11.27	18.53	0.05	7.84	1.239	270
49.376	11.21	18.47	0.07	7.86	1.239	270
49.408	11.15	18.41	0.09	7.88	1.239	270
49.440	11.21	18.46	0.08	7.87	1.239	270
49.472	11.30	18.56	0.05	7.84	1.239	270
49.504	11.22	18.48	0.05	7.84	1.239	270
49.536	11.27	18.52	0.07	7.86	1.239	270
49.568	11.28	18.53	0.09	7.88	1.239	270
49.600	11.20	18.46	0.08	7.87	1.239	270
49.632	11.28	18.54	0.05	7.84	1.239	270
49.664	11.29	18.55	0.05	7.84	1.239	270
49.696	11.32	18.58	0.07	7.86	1.239	270
49.728	11.28	18.54	0.09	7.88	1.239	270
49.760	11.31	18.57	0.08	7.87	1.239	270
49.792	11.33	18.58	0.05	7.84	1.239	270
49.824	11.34	18.59	0.05	7.84	1.239	270
49.856	11.27	18.53	0.07	7.86	1.239	270
49.888	11.18	18.43	0.09	7.88	1.234	269
49.920	11.29	18.55	0.08	7.87	1.234	269
49.952	11.30	18.56	0.05	7.84	1.234	269
49.984	11.32	18.58	0.05	7.84	1.234	269
50.016	11.31	18.57	0.07	7.86	1.234	269
50.048	11.28	18.54	0.10	7.88	1.234	269
50.080	11.26	18.52	0.08	7.87	1.234	269
50.112	11.27	18.53	0.05	7.84	1.234	269
50.144	11.35	18.60	0.05	7.84	1.234	269
50.176	11.31	18.57	0.07	7.86	1.234	269
50.208	11.38	18.64	0.10	7.88	1.234	269
50.240	11.37	18.63	0.07	7.86	1.234	269
50.272	11.39	18.65	0.05	7.84	1.234	269
50.304	11.33	18.59	0.04	7.83	1.234	269
50.336	11.30	18.56	0.07	7.86	1.239	270
50.368	11.26	18.52	0.09	7.88	1.239	270
50.400	11.23	18.49	0.08	7.87	1.239	270
50.432	11.26	18.52	0.06	7.84	1.239	270
50.464	11.24	18.50	0.05	7.84	1.239	270
50.496	11.26	18.52	0.07	7.85	1.239	270
50.528	11.24	18.50	0.09	7.88	1.239	270
50.560	11.27	18.53	0.08	7.87	1.239	270
50.592	11.25	18.51	0.06	7.85	1.239	270
50.624	11.30	18.56	0.04	7.83	1.239	270
50.656	11.31	18.56	0.07	7.85	1.239	270
50.688	11.28	18.53	0.09	7.88	1.239	270
50.720	11.32	18.58	0.08	7.87	1.239	270
50.752	11.26	18.52	0.06	7.85	1.239	270
50.784	11.26	18.52	0.05	7.83	1.239	270
50.816	11.21	18.47	0.07	7.85	1.239	270
50.848	11.24	18.50	0.09	7.88	1.239	270
50.880	11.24	18.49	0.09	7.87	1.239	270
50.912	11.30	18.55	0.06	7.85	1.239	270
50.944	11.32	18.58	0.05	7.83	1.239	270
50.976	11.23	18.49	0.06	7.85	1.239	270
51.008	11.27	18.53	0.09	7.88	1.239	270
51.040	11.17	18.43	0.09	7.87	1.239	270
51.072	11.28	18.53	0.06	7.85	1.239	270
51.104	11.23	18.49	0.04	7.83	1.239	270
51.136	11.19	18.45	0.07	7.86	1.239	270
51.168	11.18	18.44	0.09	7.88	1.239	270
51.200	11.23	18.49	0.09	7.87	1.239	270
51.232	11.22	18.48	0.06	7.85	1.239	270
51.264	11.17	18.43	0.05	7.84	1.234	269
51.296	11.18	18.44	0.06	7.85	1.234	269
51.328	11.15	18.40	0.09	7.88	1.234	269
51.360	11.15	18.41	0.09	7.88	1.234	269
51.392	11.26	18.52	0.07	7.86	1.234	269
51.424	11.22	18.47	0.05	7.83	1.234	269
51.456	11.12	18.38	0.05	7.84	1.234	269
51.488	10.94	18.20	0.08	7.87	1.234	269
51.520	10.94	18.20	0.08	7.87	1.234	269
51.552	11.00	18.26	0.06	7.85	1.234	269
51.584	11.12	18.38	0.04	7.83	1.234	269
51.616	11.16	18.42	0.06	7.85	1.234	269
51.648	11.03	18.29	0.08	7.87	1.234	269
51.680	11.01	18.27	0.09	7.87	1.234	269
51.712	10.96	18.22	0.06	7.85	1.234	269
51.744	10.97	18.22	0.04	7.83	1.239	270
51.776	10.89	18.15	0.07	7.85	1.239	270
51.808	11.11	18.37	0.09	7.87	1.239	270
51.840	11.12	18.38	0.09	7.88	1.239	270
51.872	11.12	18.38	0.07	7.86	1.239	270
51.904	11.15	18.40	0.05	7.83	1.239	270
51.936	11.15	18.41	0.07	7.85	1.239	270
51.968	11.13	18.39	0.09	7.88	1.239	270
52.000	11.16	18.41	0.09	7.88	1.239	270
52.032	11.27	18.52	0.07	7.86	1.239	270
52.064	11.14	18.40	0.04	7.83	1.239	270
52.096	11.21	18.47	0.06	7.85	1.239	270
52.128	11.17	18.43	0.09	7.88	1.239	270
52.160	11.80	19.05	0.09	7.88	1.239	270
52.192	11.28	18.54	0.07	7.86	1.239	270
52.224	11.15	18.40	0.04	7.83	1.239	270
52.256	11.36	18.62	0.05	7.84	1.239	270
52.288	11.24	18.49	0.08	7.87	1.239	270
52.320	11.38	18.64	0.09	7.88	1.239	270
52.352	11.17	18.43	0.07	7.86	1.239	270
52.384	11.24	18.49	0.05	7.83	1.239	270
52.416	11.25	18.51	0.06	7.85	1.239	270
52.448	11.30	18.56	0.08	7.87	1.239	270
52.480	11.30	18.55	0.10	7.88	1.239	270
52.512	11.24	18.50	0.08	7.87	1.239	270
52.544	11.33	18.59	0.05	7.84	1.239	270
52.576	11.26	18.52	0.06	7.85	1.239	270
52.608	11.28	18.53	0.08	7.87	1.239	270
52.640	11.32	18.58	0.09	7.88	1.239	270
52.672	11.27	18.53	0.08	7.87	1.239	270
52.704	11.27	18.52	0.05	7.84	1.239	270
52.736	11.27	18.53	0.06	7.84	1.239	270
52.768	11.35	18.60	0.08	7.87	1.239	270
52.800	11.36	18.61	0.10	7.88	1.239	270
52.832	11.36	18.62	0.07	7.86	1.239	270
52.864	11.28	18.54	0.05	7.84	1.239	270
52.896	11.34	18.60	0.06	7.84	1.239	270
52.928	11.23	18.49	0.08	7.87	1.239	270
52.960	11.26	18.52	0.10	7.88	1.239	270
52.992	11.34	18.59	0.08	7.87	1.239	270
53.024	11.27	18.53	0.05	7.84	1.239	270
53.056	11.31	18.56	0.06	7.84	1.239	270
53.088	11.27	18.53	0.07	7.86	1.239	270
53.120	11.28	18.54	0.09	7.88	1.239	270
53.152	11.25	18.51	0.08	7.87	1.239	270
53.184	11.27	18.53	0.05	7.84	1.239	270
53.216	11.22	18.48	0.06	7.84	1.239	270
53.248	11.34	18.59	0.07	7.86	1.239	270
53.280	11.34	18.59	0.10	7.88	1.239	270
53.312	11.38	18.64	0.08	7.87	1.239	270
53.344	11.34	18.60	0.05	7.84	1.239	270
53.376	11.36	18.62	0.05	7.84	1.239	270
53.408	11.33	18.58	0.07	7.85	1.239	270
53.440	11.44	18.70	0.09	7.88	1.239	270
53.472	11.42	18.68	0.08	7.87	1.239	270
53.504	11.51	18.77	0.05	7.84	1.239	270
53.536	11.45	18.71	0.05	7.84	1.239	270
53.568	11.47	18.73	0.07	7.85	1.239	270
53.600	11.42	18.67	0.09	7.88	1.239	270
53.632	11.36	18.62	0.08	7.87	1.239	270
53.664	11.31	18.57	0.06	7.84	1.239	270
53.696	11.38	18.64	0.05	7.84	1.239	270
53.728	11.38	18.64	0.07	7.86	1.239	270
53.760	11.41	18.67	0.09	7.88	1.239	270
53.792	11.38	18.64	0.08	7.87	1.239	270
53.824	11.43	18.69	0.06	7.85	1.239	270
53.856	11.41	18.67	0.04	7.83	1.239	270
53.888	11.45	18.71	0.06	7.85	1.239	270
53.920	11.44	18.70	0.09	7.88	1.239	270
53.952	11.38	18.64	0.09	7.88	1.239	270
53.984	11.40	18.65	0.06	7.85	1.239	270
54.016	11.42	18.68	0.05	7.83	1.239	270
54.048	11.41	18.67	0.07	7.86	1.239	270
54.080	11.36	18.62	0.09	7.88	1.243	271
54.112	11.39	18.64	0.09	7.88	1.243	271
54.144	11.34	18.60	0.07	7.85	1.243	271
54.176	11.38	18.63	0.05	7.84	1.243	271
54.208	11.29	18.55	0.06	7.85	1.243	271
54.240	11.32	18.58	0.09	7.88	1.243	271
54.272	11.26	18.52	0.09	7.88	1.243	271
54.304	11.25	18.51	0.07	7.86	1.243	271
54.336	11.27	18.53	0.05	7.84	1.243	271
54.368	11.36	18.62	0.07	7.86	1.243	271
54.400	11.41	18.67	0.09	7.88	1.243	271
54.432	11.40	18.65	0.09	7.88	1.243	271
54.464	11.38	18.63	0.07	7.86	1.243	271
54.496	11.36	18.62	0.04	7.83	1.243	271
54.528	11.31	18.57	0.07	7.85	1.243	271
54.560	11.33	18.58	0.09	7.88	1.243	271
54.592	11.31	18.57	0.09	7.88	1.243	271
54.624	11.36	18.62	0.07	7.86	1.243	271
54.656	11.30	18.56	0.05	7.83	1.243	271
54.688	11.38	18.63	0.06	7.85	1.243	271
54.720	11.29	18.55	0.09	7.87	1.243	271
54.752	11.32	18.57	0.09	7.88	1.243	271
54.784	11.30	18.56	0.07	7.86	1.243	271
54.816	11.30	18.56	0.05	7.83	1.243	271
54.848	11.29	18.55	0.06	7.85	1.243	271
54.880	11.32	18.57	0.08	7.87	1.243	271
54.912	11.32	18.58	0.10	7.88	1.243	271
54.944	11.30	18.56	0.07	7.86	1.243	271
54.976	11.23	18.49	0.05	7.84	1.243	271
55.008	11.33	18.59	0.06	7.85	1.243	271
55.040	11.26	18.52	0.08	7.87	1.243	271
55.072	11.26	18.52	0.10	7.89	1.243	271
55.104	11.29	18.55	0.08	7.87	1.243	271
55.136	11.31	18.57	0.05	7.84	1.243	271
55.168	11.27	18.53	0.06	7.85	1.243	271
55.200	11.34	18.60	0.08	7.87	1.243	271
55.232	11.30	18.55	0.09	7.88	1.243	271
55.264	11.29	18.55	0.07	7.86	1.243	271
55.296	11.26	18.52	0.05	7.84	1.243	271
55.328	11.29	18.55	0.05	7.84	1.243	271
55.360	11.30	18.56	0.08	7.87	1.243	271
55.392	11.38	18.63	0.10	7.88	1.243	271
55.424	11.36	18.62	0.08	7.87	1.243	271
55.456	11.35	18.61	0.05	7.84	1.243	271
55.488	11.34	18.60	0.06	7.85	1.239	270
55.520	11.37	18.63	0.07	7.86	1.239	270
55.552	11.31	18.57	0.10	7.89	1.239	270
55.584	11.31	18.57	0.08	7.87	1.239	270
55.616	11.30	18.56	0.05	7.84	1.239	270
55.648	11.35	18.61	0.05	7.84	1.239	270
55.680	11.29	18.55	0.07	7.86	1.239	270
55.712	11.33	18.58	0.10	7.88	1.239	270
55.744	11.33	18.59	0.08	7.87	1.239	270
55.776	11.33	18.59	0.05	7.84	1.239	270
55.808	11.30	18.56	0.05	7.84	1.239	270
55.840	11.35	18.60	0.07	7.86	1.239	270
55.872	11.34	18.60	0.10	7.89	1.239	270
55.904	11.36	18.62	0.08	7.87	1.239	270
55.936	11.32	18.58	0.06	7.84	1.239	270
55.968	11.35	18.60	0.05	7.84	1.243	271
56.000	11.32	18.57	0.07	7.86	1.243	271
56.032	11.29	18.55	0.10	7.88	1.243	271
56.064	11.32	18.58	0.08	7.87	1.243	271
56.096	11.28	18.54	0.06	7.85	1.243	271
56.128	11.29	18.54	0.05	7.83	1.243	271
56.160	11.29	18.55	0.07	7.86	1.243	271
56.192	11.23	18.49	0.09	7.88	1.243	271
56.224	11.18	18.44	0.08	7.87	1.243	271
56.256	11.20	18.45	0.06	7.85	1.243	271
56.288	11.26	18.52	0.05	7.84	1.243	271
56.320	11.26	18.52	0.07	7.85	1.243	271
56.352	11.21	18.47	0.10	7.88	1.243	271
56.384	11.30	18.55	0.09	7.87	1.243	271
56.416	11.28	18.53	0.06	7.85	1.243	271
56.448	11.32	18.57	0.05	7.84	1.243	271
56.480	11.27	18.53	0.07	7.85	1.243	271
56.512	11.35	18.60	0.09	7.88	1.243	271
56.544	11.35	18.61	0.09	7.88	1.243	271
56.576	11.28	18.54	0.07	7.86	1.243	271
56.608	11.28	18.54	0.05	7.84	1.243	271
56.640	11.28	18.54	0.07	7.85	1.243	271
56.672	11.33	18.59	0.09	7.88	1.243	271
56.704	11.23	18.49	0.09	7.88	1.243	271
56.736	11.29	18.55	0.07	7.86	1.243	271
56.768	11.28	18.54	0.05	7.83	1.243	271
56.800	11.33	18.59	0.06	7.85	1.243	271
56.832	11.30	18.56	0.09	7.88	1.243	271
56.864	11.27	18.52	0.09	7.88	1.243	271
56.896	11.20	18.45	0.07	7.86	1.243	271
56.928	11.27	18.52	0.05	7.83	1.243	271
56.960	11.24	18.49	0.07	7.85	1.243	271
56.992	11.20	18.45	0.09	7.88	1.243	271
57.024	11.28	18.54	0.09	7.88	1.243	271
57.056	11.26	18.52	0.07	7.86	1.243	271
57.088	11.29	18.55	0.05	7.83	1.243	271
57.120	11.27	18.53	0.06	7.85	1.243	271
57.152	11.29	18.54	0.09	7.87	1.243	271
57.184	11.22	18.48	0.09	7.88	1.243	271
57.216	11.31	18.57	0.07	7.86	1.243	271
57.248	11.33	18.59	0.05	7.83	1.243	271
57.280	11.33	18.58	0.06	7.85	1.243	271
57.312	11.33	18.59	0.08	7.87	1.243	271
57.344	11.31	18.57	0.10	7.88	1.243	271
57.376	11.32	18.58	0.08	7.87	1.243	271
57.408	11.27	18.53	0.05	7.84	1.243	271
57.440	11.24	18.49	0.06	7.85	1.243	271
57.472	11.25	18.51	0.08	7.87	1.243	271
57.504	11.31	18.57	0.09	7.88	1.243	271
57.536	11.24	18.50	0.07	7.86	1.243	271
57.568	11.31	18.57	0.05	7.84	1.243	271
57.600	11.20	18.46	0.06	7.85	1.243	271
57.632	11.20	18.45	0.07	7.86	1.243	271
57.664	11.21	18.47	0.09	7.88	1.243	271
57.696	11.25	18.51	0.08	7.87	1.243	271
57.728	11.28	18.54	0.05	7.84	1.243	271
57.760	11.33	18.59	0.05	7.84	1.243	271
57.792	11.29	18.55	0.07	7.86	1.243	271
57.824	11.23	18.49	0.09	7.88	1.239	270
57.856	11.26	18.52	0.08	7.87	1.239	270
57.888	11.28	18.54	0.05	7.84	1.239	270
57.920	11.29	18.55	0.06	7.84	1.239	270
57.952	11.24	18.50	0.07	7.86	1.239	270
57.984	11.29	18.55	0.09	7.88	1.239	270
58.016	11.23	18.48	0.08	7.87	1.239	270
58.048	11.28	18.54	0.05	7.84	1.239	270
58.080	11.25	18.51	0.05	7.84	1.239	270
58.112	11.29	18.55	0.07	7.86	1.239	270
58.144	11.29	18.55	0.10	7.88	1.239	270
58.176	11.35	18.61	0.08	7.87	1.239	270
58.208	11.32	18.58	0.06	7.85	1.239	270
58.240	11.29	18.55	0.05	7.84	1.239	270
58.272	11.30	18.56	0.07	7.85	1.239	270
58.304	11.27	18.53	0.10	7.88	1.243	271
58.336	11.26	18.51	0.08	7.87	1.243	271
58.368	11.21	18.47	0.06	7.85	1.243	271
58.400	11.18	18.44	0.05	7.84	1.243	271
58.432	11.20	18.46	0.07	7.86	1.243	271
58.464	11.26	18.52	0.09	7.88	1.243	271
58.496	11.28	18.54	0.08	7.87	1.243	271
58.528	11.28	18.53	0.06	7.85	1.243	271
58.560	11.24	18.50	0.05	7.84	1.243	271
58.592	11.25	18.51	0.07	7.85	1.243	271
58.624	11.23	18.49	0.09	7.88	1.243	271
58.656	11.30	18.55	0.09	7.88	1.243	271
58.688	11.22	18.48	0.06	7.85	1.243	271
58.720	11.26	18.52	0.05	7.84	1.243	271
58.752	11.27	18.53	0.07	7.85	1.243	271
58.784	11.31	18.56	0.09	7.88	1.243	271
58.816	11.24	18.49	0.09	7.88	1.243	271
58.848	11.26	18.51	0.07	7.85	1.243	271
58.880	11.20	18.46	0.05	7.84	1.243	271
58.912	11.26	18.52	0.07	7.86	1.243	271
58.944	11.22	18.48	0.09	7.88	1.243	271
58.976	11.23	18.49	0.09	7.88	1.243	271
59.008	11.17	18.43	0.07	7.86	1.243	271
59.040	11.20	18.45	0.05	7.83	1.243	271
59.072	11.18	18.44	0.07	7.85	1.243	271
59.104	11.13	18.39	0.11	7.90	1.243	271
59.136	11.08	18.34	0.11	7.90	1.243	271
59.168	11.04	18.30	0.09	7.88	1.243	271
59.200	11.04	18.30	0.06	7.85	1.243	271
59.232	11.06	18.32	0.08	7.87	1.243	271
59.264	11.08	18.33	0.10	7.89	1.243	271
59.296	11.05	18.30	0.11	7.90	1.243	271
59.328	11.08	18.34	0.09	7.88	1.243	271
59.360	11.04	18.30	0.06	7.85	1.243	271
59.392	11.08	18.34	0.08	7.87	1.243	271
59.424	11.06	18.32	0.10	7.89	1.243	271
59.456	11.08	18.34	0.11	7.90	1.243	271
59.488	11.01	18.27	0.09	7.88	1.243	271
59.520	11.01	18.27	0.06	7.85	1.243	271
59.552	11.04	18.29	0.08	7.87	1.243	271
59.584	11.09	18.34	0.10	7.89	1.243	271
59.616	11.11	18.37	0.11	7.90	1.243	271
59.648	11.05	18.30	0.09	7.88	1.243	271
59.680	11.05	18.31	0.06	7.85	1.243	271
59.712	11.04	18.30	0.07	7.86	1.243	271
59.744	11.03	18.29	0.10	7.88	1.243	271
59.776	11.00	18.26	0.11	7.90	1.243	271
59.808	10.99	18.25	0.09	7.88	1.243	271
59.840	10.93	18.19	0.06	7.85	1.243	271
59.872	11.00	18.26	0.08	7.87	1.243	271
59.904	11.02	18.28	0.09	7.88	1.243	271
59.936	11.01	18.27	0.11	7.90	1.243	271
59.968	11.03	18.29	0.09	7.88	1.243	271
60.000	11.01	18.27	0.07	7.85	1.243	271
60.032	11.05	18.31	0.07	7.85	1.243	271
60.064	11.12	18.37	0.09	7.88	1.243	271
60.096	11.06	18.32	0.11	7.90	1.243	271
60.128	11.05	18.31	0.09	7.88	1.243	271
60.160	11.03	18.28	0.07	7.85	1.239	270
60.192	11.08	18.33	0.07	7.86	1.239	270
60.224	11.08	18.34	0.09	7.88	1.239	270
60.256	11.09	18.34	0.11	7.90	1.239	270
60.288	11.05	18.30	0.09	7.88	1.239	270
60.320	11.08	18.34	0.07	7.86	1.239	270
60.352	11.07	18.32	0.07	7.85	1.239	270
60.384	11.09	18.35	0.09	7.88	1.239	270
60.416	11.02	18.28	0.11	7.90	1.239	270
60.448	11.05	18.31	0.09	7.88	1.239	270
60.480	11.05	18.30	0.07	7.86	1.239	270
60.512	11.03	18.29	0.06	7.85	1.239	270
60.544	11.05	18.31	0.08	7.87	1.239	270
60.576	11.03	18.29	0.11	7.90	1.239	270
60.608	11.06	18.32	0.10	7.88	1.239	270
60.640	11.05	18.31	0.07	7.86	1.243	271
60.672	11.06	18.31	0.06	7.85	1.243	271
60.704	10.96	18.22	0.08	7.87	1.243	271
60.736	11.03	18.29	0.11	7.90	1.243	271
60.768	11.03	18.28	0.10	7.89	1.243	271
60.800	11.10	18.36	0.08	7.87	1.243	271
60.832	11.06	18.32	0.06	7.85	1.243	271
60.864	11.06	18.32	0.08	7.87	1.243	271
60.896	11.04	18.30	0.11	7.90	1.243	271
60.928	11.05	18.31	0.10	7.89	1.243	271
60.960	11.02	18.28	0.08	7.87	1.243	271
60.992	11.06	18.32	0.06	7.85	1.243	271
61.024	11.06	18.32	0.08	7.87	1.243	271
61.056	11.10	18.35	0.11	7.89	1.243	271
61.088	11.03	18.29	0.10	7.89	1.243	271
61.120	11.07	18.33	0.08	7.87	1.243	271
61.152	11.02	18.28	0.06	7.85	1.243	271
61.184	11.01	18.26	0.08	7.87	1.243	271
61.216	10.99	18.25	0.11	7.89	1.243	271
61.248	10.96	18.22	0.10	7.89	1.243	271
61.280	11.03	18.28	0.08	7.87	1.243	271
61.312	10.98	18.23	0.06	7.85	1.243	271
61.344	11.00	18.25	0.08	7.87	1.243	271
61.376	11.01	18.27	0.10	7.89	1.243	271
61.408	11.01	18.27	0.11	7.89	1.243	271
61.440	10.97	18.23	0.09	7.87	1.243	271
61.472	11.02	18.28	0.06	7.85	1.243	271
61.504	11.01	18.27	0.08	7.87	1.243	271
61.536	10.99	18.25	0.10	7.89	1.243	271
61.568	11.03	18.28	0.11	7.90	1.243	271
61.600	11.06	18.32	0.09	7.88	1.243	271
61.632	10.99	18.25	0.06	7.85	1.243	271
61.664	11.00	18.26	0.07	7.86	1.243	271
61.696	11.03	18.29	0.10	7.89	1.243	271
61.728	11.10	18.35	0.11	7.89	1.243	271
61.760	11.08	18.34	0.09	7.88	1.243	271
61.792	11.02	18.28	0.06	7.85	1.243	271
61.824	10.98	18.24	0.07	7.86	1.243	271
61.856	11.01	18.27	0.10	7.88	1.243	271
61.888	10.95	18.20	0.11	7.90	1.243	271
61.920	11.10	18.36	0.09	7.88	1.243	271
61.952	11.04	18.30	0.06	7.85	1.243	271
61.984	11.06	18.32	0.07	7.86	1.243	271
62.016	11.05	18.31	0.10	7.88	1.243	271
62.048	11.02	18.28	0.11	7.90	1.243	271
62.080	11.03	18.29	0.09	7.88	1.243	271
62.112	11.03	18.29	0.06	7.85	1.243	271
62.144	11.01	18.27	0.07	7.86	1.243	271
62.176	11.01	18.27	0.09	7.88	1.243	271
62.208	11.11	18.37	0.11	7.90	1.243	271
62.240	10.99	18.25	0.09	7.88	1.243	271
62.272	11.00	18.26	0.06	7.85	1.243	271
62.304	10.94	18.20	0.07	7.86	1.243	271
62.336	11.05	18.31	0.09	7.88	1.243	271
62.368	11.03	18.29	0.11	7.90	1.243	271
62.400	11.11	18.37	0.10	7.88	1.243	271
62.432	11.06	18.32	0.07	7.85	1.243	271
62.464	11.03	18.29	0.07	7.86	1.243	271
62.496	11.07	18.33	0.09	7.88	1.243	271
62.528	11.09	18.35	0.11	7.90	1.243	271
62.560	11.04	18.30	0.09	7.88	1.243	271
62.592	11.06	18.32	0.07	7.85	1.243	271
62.624	11.04	18.29	0.07	7.85	1.243	271
62.656	11.10	18.35	0.09	7.88	1.243	271
62.688	11.08	18.33	0.11	7.90	1.243	271
62.720	11.11	18.36	0.09	7.88	1.243	271
62.752	10.07	17.32	0.06	7.85	1.243	271
62.784	2.65	9.90	0.06	7.85	1.243	271
62.816	-3.71	3.55	0.08	7.87	1.243	271
62.848	-5.94	1.31	0.10	7.89	1.243	271
62.880	-7.00	0.26	0.09	7.88	1.243	271
62.912	-5.69	1.57	0.07	7.86	1.243	271
62.944	-4.13	3.13	0.05	7.84	1.243	271
62.976	-2.64	4.62	0.07	7.86	0.826	180
63.008	-2.53	4.73	0.10	7.88	0.826	180
63.040	-3.17	4.09	0.09	7.87	0.826	180
63.072	-3.75	3.50	0.08	7.87	0.826	180
63.104	-4.45	2.81	0.07	7.86	0.826	180
63.136	-4.48	2.78	0.09	7.88	0.826	180
63.168	-4.31	2.95	0.11	7.90	0.826	180
63.200	-3.77	3.49	0.11	7.90	0.826	180
63.232	-3.34	3.92	0.08	7.87	0.826	180
63.264	-3.35	3.90	0.07	7.86	0.826	180
63.296	-3.44	3.81	0.09	7.88	0.826	180
63.328	-3.75	3.51	0.12	7.90	0.826	180
63.360	-3.87	3.39	0.11	7.90	0.826	180
63.392	-3.89	3.37	0.09	7.88	0.826	180
63.424	-3.84	3.42	0.06	7.85	0.826	180
63.456	-3.74	3.52	0.09	7.87	0.005	1
63.488	-3.62	3.63	0.11	7.90	0.005	1
63.520	-3.64	3.61	0.11	7.90	0.005	1
63.552	-3.67	3.59	0.09	7.88	0.005	1
63.584	-3.72	3.54	0.06	7.85	0.005	1
63.616	-3.75	3.51	0.09	7.88	0.005	1
63.648	-3.74	3.51	0.11	7.90	0.005	1
63.680	-3.72	3.53	0.11	7.90	0.005	1
63.712	-3.71	3.55	0.09	7.88	0.005	1
63.744	-3.72	3.54	0.07	7.85	0.005	1
63.776	-3.72	3.54	0.09	7.88	0.005	1
63.808	-3.73	3.53	0.11	7.90	0.005	1
63.840	-3.72	3.53	0.11	7.90	0.005	1
63.872	-3.73	3.53	0.09	7.88	0.005	1
63.904	-3.72	3.54	0.07	7.85	0.000	0
63.936	-3.71	3.55	0.09	7.87	0.000	0
63.968	-3.70	3.56	0.11	7.90	0.000	0
64.000	-3.70	3.56	0.11	7.90	0.000	0
64.032	-3.70	3.55	0.09	7.88	0.000	0
64.064	-3.70	3.56	0.07	7.85	0.000	0
64.096	-3.72	3.54	0.09	7.87	0.000	0
64.128	-3.70	3.56	0.11	7.90	0.000	0
64.160	-3.69	3.57	0.11	7.90	0.000	0
64.192	-3.68	3.58	0.10	7.89	0.000	0
64.224	-3.69	3.57	0.07	7.85	0.000	0
64.256	-3.69	3.57	0.08	7.87	0.000	0
64.288	-3.68	3.57	0.10	7.89	0.000	0
64.320	-3.67	3.59	0.11	7.90	0.000	0
64.352	-3.68	3.58	0.10	7.89	0.000	0
64.384	-3.68	3.57	0.07	7.86	0.000	0
64.416	-3.68	3.58	0.07	7.86	0.000	0
64.448	-3.69	3.57	0.10	7.89	0.000	0
64.480	-3.68	3.58	0.12	7.91	0.000	0
64.512	-3.68	3.57	0.10	7.88	0.000	0
64.544	-3.69	3.57	0.07	7.86	0.000	0
64.576	-3.68	3.58	0.08	7.87	0.000	0
64.608	-3.68	3.58	0.10	7.88	0.000	0
64.640	-3.67	3.59	0.12	7.90	0.000	0
64.672	-3.68	3.58	0.10	7.89	0.000	0
64.704	-3.67	3.59	0.07	7.86	0.000	0
64.736	-3.67	3.59	0.08	7.87	0.000	0
64.768	-3.68	3.58	0.10	7.89	0.000	0
64.800	-3.67	3.59	0.12	7.91	0.000	0
64.832	-3.68	3.58	0.10	7.89	0.000	0
64.864	-3.68	3.58	0.07	7.86	0.000	0
64.896	-3.67	3.59	0.08	7.87	0.000	0
64.928	-3.67	3.59	0.10	7.89	0.000	0
64.960	-3.67	3.59	0.12	7.91	0.000	0
64.992	-3.66	3.60	0.10	7.89	0.000	0
65.024	-3.67	3.59	0.08	7.87	0.000	0
65.056	-3.65	3.60	0.08	7.87	0.000	0
65.088	-3.67	3.59	0.10	7.88	0.000	0
65.120	-3.67	3.59	0.12	7.90	0.000	0
65.152	-3.67	3.59	0.10	7.89	0.000	0
65.184	-3.67	3.59	0.07	7.86	0.000	0
65.216	-3.65	3.61	0.07	7.86	0.000	0
65.248	-3.67	3.59	0.10	7.88	0.000	0
65.280	-3.66	3.60	0.12	7.91	0.000	0
65.312	-3.66	3.60	0.11	7.90	0.000	0
65.344	-3.65	3.60	0.08	7.87	0.000	0
65.376	-3.65	3.60	0.06	7.85	0.000	0
65.408	-3.66	3.59	0.09	7.88	0.000	0
65.440	-3.65	3.60	0.12	7.91	0.000	0
65.472	-3.65	3.61	0.11	7.90	0.000	0
65.504	-3.66	3.60	0.08	7.87	0.000	0
65.536	-3.66	3.60	0.07	7.86	0.000	0
65.568	-3.65	3.61	0.09	7.88	0.000	0
65.600	-3.65	3.60	0.12	7.91	0.000	0
65.632	-3.65	3.61	0.11	7.89	0.000	0
65.664	-3.65	3.61	0.08	7.87	0.000	0
65.696	-3.63	3.62	0.07	7.85	0.000	0
65.728	-3.64	3.62	0.09	7.88	0.000	0
65.760	-3.64	3.61	0.12	7.90	0.000	0
65.792	-3.64	3.62	0.11	7.89	0.000	0
65.824	-3.64	3.61	0.08	7.87	0.000	0
65.856	-3.64	3.62	0.06	7.85	0.000	0
65.888	-3.65	3.60	0.08	7.87	0.000	0
65.920	-3.66	3.59	0.11	7.90	0.000	0
65.952	-3.65	3.61	0.11	7.90	0.000	0
65.984	-3.65	3.61	0.10	7.89	0.000	0
