Tempo(s)    P0(KPa) P0+Coluna(KPa)  P1(KPa) P1+Coluna(KPa)
0.003	-2.22	-2.22	-2.22	-2.22
0.030	-2.22	-2.22	-2.22	-2.22
0.060	6.43	6.43	-2.22	-2.22
0.090	6.43	6.43	7.58	7.58
0.120	6.43	6.43	7.58	7.58
0.149	6.43	6.43	7.58	7.58
0.179	6.43	6.43	7.67	7.67
0.209	6.43	6.43	7.67	7.67
0.239	6.43	6.43	7.67	7.67
0.269	6.43	6.43	7.58	7.58
0.298	6.43	6.43	7.58	7.58
0.328	6.43	6.43	7.58	7.58
0.358	6.43	6.43	7.62	7.62
0.388	6.43	6.43	7.62	7.62
0.418	6.44	6.44	7.62	7.62
0.447	6.44	6.44	7.66	7.66
0.477	6.44	6.44	7.66	7.66
0.507	6.44	6.44	7.66	7.66
0.537	6.44	6.44	7.56	7.56
0.566	6.44	6.44	7.56	7.56
0.596	6.44	6.44	7.56	7.56
0.626	0.00	6.44	0.10	7.66
0.656	0.00	6.44	0.10	7.66
0.685	0.00	6.44	0.10	7.66
0.715	0.00	6.44	0.02	7.58
0.745	0.00	6.44	0.02	7.58
0.775	0.00	6.44	0.02	7.58
0.804	0.00	6.44	0.05	7.61
0.834	0.00	6.44	0.05	7.61
0.864	0.00	6.44	0.05	7.61
0.893	0.00	6.44	0.10	7.66
0.923	0.00	6.44	0.10	7.66
0.953	0.00	6.44	0.10	7.66
0.983	0.00	6.44	-0.00	7.56
1.013	0.00	6.44	-0.00	7.56
1.042	0.00	6.44	-0.00	7.56
1.072	0.00	6.44	0.10	7.66
1.102	0.00	6.44	0.10	7.66
1.132	0.00	6.44	0.10	7.66
1.162	0.00	6.44	0.02	7.58
1.191	0.00	6.44	0.02	7.58
1.221	0.00	6.44	0.02	7.58
1.251	0.00	6.44	0.04	7.60
1.281	0.00	6.44	0.04	7.60
1.311	0.00	6.44	0.04	7.60
1.340	0.00	6.44	0.10	7.67
1.370	0.00	6.44	0.10	7.67
1.400	0.00	6.44	0.10	7.67
1.430	0.00	6.44	-0.00	7.56
1.459	0.00	6.44	-0.00	7.56
1.489	0.00	6.44	-0.00	7.56
1.519	0.00	6.44	0.09	7.65
1.549	0.00	6.44	0.09	7.65
1.579	0.00	6.44	0.09	7.65
1.608	0.00	6.44	0.03	7.59
1.638	0.00	6.44	0.03	7.59
1.668	0.00	6.44	0.03	7.59
1.698	0.00	6.44	0.03	7.59
1.727	0.00	6.44	0.03	7.59
1.757	0.00	6.44	0.03	7.59
1.787	0.00	6.44	0.10	7.67
1.817	0.00	6.44	0.10	7.67
1.847	0.00	6.44	0.10	7.67
1.876	0.00	6.44	-0.01	7.56
1.906	0.00	6.44	-0.01	7.56
1.936	0.00	6.44	-0.01	7.56
1.966	0.00	6.44	0.09	7.65
1.996	0.00	6.44	0.09	7.65
2.025	0.00	6.44	0.09	7.65
2.055	0.00	6.44	0.03	7.59
2.085	0.00	6.44	0.03	7.59
2.115	0.00	6.44	0.03	7.59
2.144	0.00	6.44	0.02	7.59
2.174	0.00	6.44	0.02	7.59
2.204	0.00	6.44	0.02	7.59
2.234	0.00	6.44	0.10	7.67
2.264	0.00	6.44	0.10	7.67
2.293	0.01	6.44	0.10	7.67
2.323	0.01	6.44	0.00	7.56
2.353	0.01	6.44	0.00	7.56
2.383	0.00	6.44	0.00	7.56
2.412	0.00	6.44	0.09	7.65
2.442	0.00	6.44	0.09	7.65
2.472	0.00	6.44	0.09	7.65
2.502	0.00	6.44	0.04	7.60
2.532	0.00	6.44	0.04	7.60
2.561	0.00	6.44	0.04	7.60
2.591	0.00	6.44	0.02	7.58
2.621	0.00	6.44	0.02	7.58
2.651	0.01	6.44	0.02	7.58
2.681	0.01	6.44	0.10	7.67
2.710	0.01	6.44	0.10	7.67
2.740	0.00	6.44	0.10	7.67
2.770	0.00	6.44	-0.00	7.56
2.800	0.00	6.44	-0.00	7.56
2.829	0.01	6.44	-0.00	7.56
2.859	0.01	6.44	0.08	7.65
2.889	0.01	6.44	0.08	7.65
2.919	0.01	6.44	0.08	7.65
2.949	0.01	6.44	0.05	7.61
2.978	0.01	6.44	0.05	7.61
3.008	0.00	6.44	0.05	7.61
3.038	0.00	6.44	0.01	7.57
3.068	0.00	6.44	0.01	7.57
3.098	0.01	6.44	0.01	7.57
3.127	0.01	6.44	0.11	7.67
3.157	0.01	6.44	0.11	7.67
3.187	0.01	6.44	0.11	7.67
3.217	0.01	6.44	0.00	7.56
3.247	0.01	6.44	0.00	7.56
3.276	0.01	6.44	0.00	7.56
3.306	0.01	6.44	0.08	7.65
3.336	0.01	6.44	0.08	7.65
3.366	0.01	6.44	0.08	7.65
3.395	0.01	6.44	0.05	7.62
3.425	0.01	6.44	0.05	7.62
3.455	0.01	6.44	0.05	7.62
3.485	0.01	6.44	0.00	7.57
3.514	0.01	6.44	0.00	7.57
3.544	0.01	6.44	0.00	7.57
3.574	0.01	6.44	0.10	7.67
3.604	0.01	6.44	0.10	7.67
3.634	0.01	6.44	0.10	7.67
3.663	0.01	6.44	0.00	7.57
3.693	0.01	6.44	0.00	7.57
3.723	0.01	6.44	0.00	7.57
3.753	0.01	6.44	0.08	7.64
3.783	0.01	6.44	0.08	7.64
3.812	0.01	6.44	0.08	7.64
3.842	0.01	6.44	0.06	7.63
3.872	0.01	6.44	0.06	7.63
3.902	0.01	6.44	0.06	7.63
3.932	0.01	6.44	-0.00	7.56
3.961	0.01	6.44	-0.00	7.56
3.991	0.01	6.44	-0.00	7.56
4.021	0.01	6.44	0.10	7.67
4.051	0.01	6.44	0.10	7.67
4.080	0.01	6.44	0.10	7.67
4.110	0.01	6.44	0.01	7.57
4.140	0.01	6.44	0.01	7.57
4.170	0.01	6.45	0.01	7.57
4.200	0.01	6.45	0.08	7.64
4.229	0.01	6.45	0.08	7.64
4.259	0.25	6.69	0.08	7.64
4.289	0.25	6.69	0.07	7.64
4.319	0.25	6.69	0.07	7.64
4.349	14.39	20.83	0.07	7.64
4.378	14.39	20.83	0.01	7.57
4.408	14.39	20.83	0.01	7.57
4.438	25.35	31.79	0.01	7.57
4.468	25.35	31.79	0.11	7.67
4.497	25.35	31.79	0.11	7.67
4.527	25.41	31.84	0.11	7.67
4.557	25.41	31.84	0.01	7.58
4.587	25.41	31.84	0.01	7.58
4.616	24.18	30.62	0.01	7.58
4.646	24.18	30.62	0.08	7.64
4.676	24.18	30.62	0.08	7.64
4.706	23.44	29.88	0.08	7.64
4.736	23.44	29.88	0.08	7.64
4.765	23.44	29.88	0.08	7.64
4.795	23.42	29.85	0.08	7.64
4.825	23.42	29.85	-0.00	7.56
4.855	23.42	29.85	-0.00	7.56
4.884	23.47	29.90	-0.00	7.56
4.914	23.47	29.90	0.11	7.67
4.944	23.47	29.90	0.11	7.67
4.974	23.54	29.98	0.11	7.67
5.003	23.54	29.98	0.02	7.58
5.033	23.54	29.98	0.02	7.58
5.063	23.49	29.92	0.02	7.58
5.093	23.49	29.92	0.07	7.63
5.123	23.49	29.92	0.07	7.63
5.152	23.47	29.91	0.07	7.63
5.182	23.47	29.91	0.09	7.65
5.212	23.47	29.91	0.09	7.65
5.242	23.46	29.89	0.09	7.65
5.271	23.46	29.89	0.00	7.56
5.301	23.46	29.89	0.00	7.56
5.331	23.37	29.80	0.00	7.56
5.361	23.37	29.80	0.11	7.67
5.390	23.37	29.80	0.11	7.67
5.420	23.41	29.85	0.11	7.67
5.450	23.41	29.85	0.02	7.58
5.480	23.41	29.85	0.02	7.58
5.509	23.46	29.90	0.02	7.58
5.539	23.46	29.90	0.06	7.63
5.569	23.46	29.90	0.06	7.63
5.599	23.45	29.89	0.06	7.63
5.629	23.45	29.89	0.10	7.66
5.658	23.45	29.89	0.10	7.66
5.688	23.43	29.87	0.10	7.66
5.718	23.43	29.87	-0.00	7.56
5.748	23.43	29.87	-0.00	7.56
5.777	23.42	29.86	-0.00	7.56
5.807	23.42	29.86	0.10	7.67
5.837	23.42	29.86	0.10	7.67
5.867	23.40	29.83	0.10	7.67
5.896	23.40	29.83	0.02	7.58
5.926	23.40	29.83	0.02	7.58
5.956	23.46	29.89	0.02	7.58
5.986	23.46	29.89	0.05	7.62
6.016	23.46	29.89	0.05	7.62
6.045	23.44	29.87	0.05	7.62
6.075	23.44	29.87	0.10	7.67
6.105	23.44	29.87	0.10	7.67
6.135	23.41	29.85	0.10	7.67
6.164	23.41	29.85	-0.00	7.56
6.194	23.41	29.85	-0.00	7.56
6.224	23.44	29.87	-0.00	7.56
6.254	23.44	29.87	0.10	7.66
6.284	23.44	29.87	0.10	7.66
6.313	23.41	29.84	0.10	7.66
6.343	23.41	29.84	0.02	7.58
6.373	23.41	29.84	0.02	7.58
6.403	23.48	29.92	0.02	7.58
6.432	23.48	29.92	0.05	7.61
6.462	23.48	29.92	0.05	7.61
6.492	23.46	29.90	0.05	7.61
6.522	23.46	29.90	0.10	7.67
6.551	23.46	29.90	0.10	7.67
6.581	23.44	29.88	0.10	7.67
6.611	23.44	29.88	-0.00	7.56
6.641	23.44	29.88	-0.00	7.56
6.671	23.42	29.86	-0.00	7.56
6.700	23.42	29.86	0.10	7.66
6.730	23.42	29.86	0.10	7.66
6.760	23.40	29.83	0.10	7.66
6.790	23.40	29.83	0.02	7.58
6.819	23.40	29.83	0.02	7.58
6.849	23.38	29.82	0.02	7.58
6.879	23.38	29.82	0.04	7.60
6.909	23.38	29.82	0.04	7.60
6.938	23.43	29.87	0.04	7.60
6.968	23.43	29.87	0.11	7.67
6.998	23.43	29.87	0.11	7.67
7.028	23.47	29.90	0.11	7.67
7.058	23.47	29.90	-0.01	7.56
7.087	23.47	29.90	-0.01	7.56
7.117	23.38	29.82	-0.01	7.56
7.147	23.38	29.82	0.10	7.66
7.177	23.38	29.82	0.10	7.66
7.206	23.31	29.75	0.10	7.66
7.236	23.31	29.75	0.03	7.59
7.266	23.31	29.75	0.03	7.59
7.296	23.32	29.76	0.03	7.59
7.326	23.32	29.76	0.03	7.60
7.355	23.32	29.76	0.03	7.60
7.385	23.40	29.83	0.03	7.60
7.415	23.40	29.83	0.10	7.67
7.445	23.40	29.83	0.10	7.67
7.474	23.41	29.84	0.10	7.67
7.504	23.41	29.84	-0.00	7.56
7.534	23.41	29.84	-0.00	7.56
7.564	23.41	29.85	-0.00	7.56
7.593	23.41	29.85	0.09	7.66
7.623	23.41	29.85	0.09	7.66
7.653	23.36	29.79	0.09	7.66
7.683	23.36	29.79	0.03	7.59
7.713	23.36	29.79	0.03	7.59
7.742	23.31	29.75	0.03	7.59
7.772	23.31	29.75	0.03	7.59
7.802	23.31	29.75	0.03	7.59
7.832	23.43	29.87	0.03	7.59
7.861	23.43	29.87	0.11	7.67
7.891	23.43	29.87	0.11	7.67
7.921	23.44	29.88	0.11	7.67
7.951	23.44	29.88	-0.01	7.56
7.980	23.44	29.88	-0.01	7.56
8.010	23.40	29.83	-0.01	7.56
8.040	23.40	29.83	0.09	7.65
8.070	23.40	29.83	0.09	7.65
8.100	23.33	29.77	0.09	7.65
8.129	23.33	29.77	0.03	7.59
8.159	23.33	29.77	0.03	7.59
8.189	23.34	29.77	0.03	7.59
8.219	23.34	29.77	0.02	7.59
8.248	23.34	29.77	0.02	7.59
8.278	23.35	29.78	0.02	7.59
8.308	23.35	29.78	0.10	7.67
8.338	23.35	29.78	0.10	7.67
8.368	23.38	29.82	0.10	7.67
8.397	23.38	29.82	0.00	7.56
8.427	23.38	29.82	0.00	7.56
8.457	23.34	29.77	0.00	7.56
8.487	23.34	29.77	0.09	7.65
8.516	23.34	29.77	0.09	7.65
8.546	23.28	29.72	0.09	7.65
8.576	23.28	29.72	0.04	7.60
8.606	23.28	29.72	0.04	7.60
8.635	23.32	29.76	0.04	7.60
8.665	23.32	29.76	0.02	7.58
8.695	23.32	29.76	0.02	7.58
8.725	23.36	29.80	0.02	7.58
8.754	23.36	29.80	0.11	7.67
8.784	23.36	29.80	0.11	7.67
8.814	23.39	29.82	0.11	7.67
8.844	23.39	29.82	0.00	7.56
8.874	23.39	29.82	0.00	7.56
8.903	23.39	29.83	0.00	7.56
8.933	23.39	29.83	0.09	7.65
8.963	23.39	29.83	0.09	7.65
8.992	23.40	29.84	0.09	7.65
9.022	23.40	29.84	0.04	7.60
9.052	23.40	29.84	0.04	7.60
9.082	23.41	29.85	0.04	7.60
9.112	23.41	29.85	0.02	7.58
9.141	23.41	29.85	0.02	7.58
9.171	23.38	29.82	0.02	7.58
9.201	23.38	29.82	0.10	7.67
9.231	23.38	29.82	0.10	7.67
9.260	23.40	29.83	0.10	7.67
9.290	23.40	29.83	-0.00	7.56
9.320	23.40	29.83	-0.00	7.56
9.350	23.39	29.83	-0.00	7.56
9.380	23.39	29.83	0.09	7.65
9.409	23.39	29.83	0.09	7.65
9.439	23.36	29.80	0.09	7.65
9.469	23.36	29.80	0.04	7.60
9.499	23.36	29.80	0.04	7.60
9.528	23.37	29.80	0.04	7.60
9.558	23.37	29.80	0.01	7.58
9.588	23.37	29.80	0.01	7.58
9.618	23.32	29.76	0.01	7.58
9.647	23.32	29.76	0.10	7.67
9.677	23.32	29.76	0.10	7.67
9.707	23.37	29.80	0.10	7.67
9.737	23.37	29.80	0.00	7.56
9.767	23.37	29.80	0.00	7.56
9.796	23.40	29.83	0.00	7.56
9.826	23.40	29.83	0.09	7.65
9.856	23.40	29.83	0.09	7.65
9.885	23.37	29.80	0.09	7.65
9.915	23.37	29.80	0.04	7.60
9.945	23.37	29.80	0.04	7.60
9.975	23.33	29.77	0.04	7.60
10.005	23.33	29.77	0.02	7.58
10.034	23.33	29.77	0.02	7.58
10.064	23.33	29.77	0.02	7.58
10.094	23.33	29.77	0.10	7.67
10.124	23.33	29.77	0.10	7.67
10.153	23.37	29.81	0.10	7.67
10.183	23.37	29.81	0.00	7.57
10.213	23.37	29.81	0.00	7.57
10.243	23.40	29.84	0.00	7.57
10.272	23.40	29.84	0.09	7.65
10.302	23.40	29.84	0.09	7.65
10.332	23.38	29.82	0.09	7.65
10.362	23.38	29.82	0.04	7.60
10.392	23.38	29.82	0.04	7.60
10.421	23.34	29.78	0.04	7.60
10.451	23.34	29.78	0.01	7.58
10.481	23.34	29.78	0.01	7.58
10.511	23.30	29.74	0.01	7.58
10.540	23.30	29.74	0.10	7.67
10.570	23.30	29.74	0.10	7.67
10.600	23.31	29.74	0.10	7.67
10.630	23.31	29.74	0.00	7.56
10.659	23.31	29.74	0.00	7.56
10.689	23.41	29.85	0.00	7.56
10.719	23.41	29.85	0.09	7.65
10.749	23.41	29.85	0.09	7.65
10.778	23.40	29.83	0.09	7.65
10.808	23.40	29.83	0.04	7.60
10.838	23.40	29.83	0.04	7.60
10.868	23.40	29.84	0.04	7.60
10.897	23.40	29.84	0.01	7.58
10.927	23.40	29.84	0.01	7.58
10.957	23.41	29.85	0.01	7.58
10.987	23.41	29.85	0.11	7.67
11.016	23.41	29.85	0.11	7.67
11.046	23.38	29.82	0.11	7.67
11.076	23.38	29.82	-0.00	7.56
11.106	23.38	29.82	-0.00	7.56
11.135	23.39	29.82	-0.00	7.56
11.165	23.39	29.82	0.09	7.65
11.195	23.39	29.82	0.09	7.65
11.225	23.40	29.84	0.09	7.65
11.255	23.40	29.84	0.04	7.60
11.284	23.40	29.84	0.04	7.60
11.314	23.36	29.80	0.04	7.60
11.344	23.36	29.80	0.01	7.57
11.374	23.36	29.80	0.01	7.57
11.403	23.35	29.78	0.01	7.57
11.433	23.35	29.78	0.10	7.67
11.463	23.35	29.78	0.10	7.67
11.493	23.36	29.80	0.10	7.67
11.522	23.36	29.80	0.00	7.56
11.552	23.36	29.80	0.00	7.56
11.582	23.41	29.85	0.00	7.56
11.612	23.41	29.85	0.09	7.65
11.641	23.41	29.85	0.09	7.65
11.671	23.46	29.90	0.09	7.65
11.701	23.46	29.90	0.04	7.61
11.731	23.46	29.90	0.04	7.61
11.760	23.48	29.91	0.04	7.61
11.790	23.48	29.91	0.01	7.58
11.820	23.48	29.91	0.01	7.58
11.850	23.42	29.86	0.01	7.58
11.879	23.42	29.86	0.11	7.67
11.909	23.42	29.86	0.11	7.67
11.939	23.37	29.80	0.11	7.67
11.969	23.37	29.80	0.00	7.56
11.998	23.37	29.80	0.00	7.56
12.028	23.37	29.81	0.00	7.56
12.058	23.37	29.81	0.09	7.65
12.088	23.37	29.81	0.09	7.65
12.117	23.44	29.87	0.09	7.65
12.147	23.44	29.87	0.04	7.60
12.177	23.44	29.87	0.04	7.60
12.207	23.43	29.87	0.04	7.60
12.236	23.43	29.87	0.01	7.58
12.266	23.43	29.87	0.01	7.58
12.296	23.36	29.80	0.01	7.58
12.326	23.36	29.80	0.11	7.67
12.356	23.36	29.80	0.11	7.67
12.385	23.28	29.71	0.11	7.67
12.415	23.28	29.71	0.00	7.57
12.445	23.28	29.71	0.00	7.57
12.475	23.32	29.76	0.00	7.57
12.504	23.32	29.76	0.09	7.65
12.534	23.32	29.76	0.09	7.65
12.564	23.40	29.83	0.09	7.65
12.594	23.40	29.83	0.04	7.60
12.623	23.40	29.83	0.04	7.60
12.653	23.41	29.85	0.04	7.60
12.683	23.41	29.85	0.01	7.58
12.713	23.41	29.85	0.01	7.58
12.742	23.40	29.84	0.01	7.58
12.772	23.40	29.84	0.10	7.67
12.802	23.40	29.84	0.10	7.67
12.832	23.37	29.81	0.10	7.67
12.861	23.37	29.81	0.00	7.56
12.891	23.37	29.81	0.00	7.56
12.921	23.35	29.79	0.00	7.56
12.951	23.35	29.79	0.09	7.65
12.980	23.35	29.79	0.09	7.65
13.010	23.40	29.83	0.09	7.65
13.040	23.40	29.83	0.04	7.60
13.070	23.40	29.83	0.04	7.60
13.099	23.43	29.87	0.04	7.60
13.129	23.43	29.87	0.02	7.58
13.159	23.43	29.87	0.02	7.58
13.189	23.41	29.85	0.02	7.58
13.219	23.41	29.85	0.11	7.67
13.248	23.41	29.85	0.11	7.67
13.278	23.37	29.81	0.11	7.67
13.308	23.37	29.81	0.00	7.56
13.338	23.37	29.81	0.00	7.56
13.367	23.32	29.76	0.00	7.56
13.397	23.32	29.76	0.09	7.65
13.427	23.32	29.76	0.09	7.65
13.457	23.36	29.79	0.09	7.65
13.486	23.36	29.79	0.04	7.60
13.516	23.36	29.79	0.04	7.60
13.546	23.45	29.89	0.04	7.60
13.576	23.45	29.89	0.02	7.58
13.605	23.45	29.89	0.02	7.58
13.635	23.43	29.86	0.02	7.58
13.665	23.43	29.86	0.10	7.67
13.695	23.43	29.86	0.10	7.67
13.724	23.41	29.84	0.10	7.67
13.754	23.41	29.84	0.00	7.56
13.784	23.41	29.84	0.00	7.56
13.814	23.43	29.87	0.00	7.56
13.843	23.43	29.87	0.09	7.65
13.873	23.43	29.87	0.09	7.65
13.903	23.39	29.83	0.09	7.65
13.933	23.39	29.83	0.03	7.60
13.962	23.39	29.83	0.03	7.60
13.992	23.44	29.88	0.03	7.60
14.022	23.44	29.88	0.02	7.58
14.052	23.44	29.88	0.02	7.58
14.081	23.46	29.90	0.02	7.58
14.111	23.46	29.90	0.11	7.67
14.141	23.46	29.90	0.11	7.67
14.171	23.40	29.84	0.11	7.67
14.200	23.40	29.84	0.00	7.56
14.230	23.40	29.84	0.00	7.56
14.260	23.37	29.81	0.00	7.56
14.290	23.37	29.81	0.09	7.65
14.319	23.37	29.81	0.09	7.65
14.349	23.37	29.80	0.09	7.65
14.379	23.37	29.80	0.03	7.60
14.409	23.37	29.80	0.03	7.60
14.438	23.40	29.84	0.03	7.60
14.468	23.40	29.84	0.03	7.59
14.498	23.40	29.84	0.03	7.59
14.528	23.45	29.89	0.03	7.59
14.558	23.45	29.89	0.11	7.67
14.587	23.45	29.89	0.11	7.67
14.617	23.39	29.82	0.11	7.67
14.647	23.39	29.82	-0.00	7.56
14.677	23.39	29.82	-0.00	7.56
14.706	23.40	29.83	-0.00	7.56
14.736	23.40	29.83	0.09	7.65
14.766	23.40	29.83	0.09	7.65
14.796	23.40	29.83	0.09	7.65
14.825	23.40	29.83	0.03	7.59
14.855	23.40	29.83	0.03	7.59
14.885	23.42	29.86	0.03	7.59
14.915	23.42	29.86	0.03	7.60
14.944	23.42	29.86	0.03	7.60
14.974	23.45	29.88	0.03	7.60
15.004	23.45	29.88	0.10	7.67
15.034	23.45	29.88	0.10	7.67
15.063	23.41	29.85	0.10	7.67
15.093	23.41	29.85	0.00	7.56
15.123	23.41	29.85	0.00	7.56
15.153	23.35	29.78	0.00	7.56
15.182	23.35	29.78	0.09	7.66
15.212	23.35	29.78	0.09	7.66
15.242	23.35	29.79	0.09	7.66
15.272	23.35	29.79	0.03	7.59
15.301	23.35	29.79	0.03	7.59
15.331	23.39	29.83	0.03	7.59
15.361	23.39	29.83	0.03	7.60
15.391	23.39	29.83	0.03	7.60
15.421	23.46	29.90	0.03	7.60
15.450	23.46	29.90	0.11	7.67
15.480	23.46	29.90	0.11	7.67
15.510	23.43	29.87	0.11	7.67
15.540	23.43	29.87	-0.00	7.56
15.569	23.43	29.87	-0.00	7.56
15.599	23.39	29.82	-0.00	7.56
15.629	23.39	29.82	0.10	7.66
15.659	23.39	29.82	0.10	7.66
15.688	23.38	29.82	0.10	7.66
15.718	23.38	29.82	0.02	7.59
15.748	23.38	29.82	0.02	7.59
15.778	23.34	29.77	0.02	7.59
15.807	23.34	29.77	0.04	7.60
15.837	23.34	29.77	0.04	7.60
15.867	23.40	29.83	0.04	7.60
15.897	23.40	29.83	0.10	7.67
15.926	23.40	29.83	0.10	7.67
15.956	23.47	29.91	0.10	7.67
15.986	23.47	29.91	0.00	7.56
16.016	23.47	29.91	0.00	7.56
16.045	23.45	29.88	0.00	7.56
16.075	23.45	29.88	0.10	7.66
16.105	23.45	29.88	0.10	7.66
16.135	23.41	29.85	0.10	7.66
16.164	23.41	29.85	0.02	7.59
16.194	23.41	29.85	0.02	7.59
16.224	23.40	29.84	0.02	7.59
16.254	23.40	29.84	0.05	7.61
16.283	23.40	29.84	0.05	7.61
16.313	23.45	29.88	0.05	7.61
16.343	23.45	29.88	0.10	7.67
16.373	23.45	29.88	0.10	7.67
16.403	23.46	29.90	0.10	7.67
16.432	23.46	29.90	-0.00	7.56
16.462	23.46	29.90	-0.00	7.56
16.492	23.43	29.87	-0.00	7.56
16.522	23.43	29.87	0.10	7.66
16.551	23.43	29.87	0.10	7.66
16.581	23.42	29.86	0.10	7.66
16.611	23.42	29.86	0.02	7.58
16.641	23.42	29.86	0.02	7.58
16.670	23.38	29.82	0.02	7.58
16.700	23.38	29.82	0.06	7.62
16.730	23.38	29.82	0.06	7.62
16.760	23.33	29.76	0.06	7.62
16.789	23.33	29.76	0.10	7.67
16.819	23.33	29.76	0.10	7.67
16.849	23.43	29.87	0.10	7.67
16.879	23.43	29.87	0.00	7.56
16.908	23.43	29.87	0.00	7.56
16.938	23.46	29.90	0.00	7.56
16.968	23.46	29.90	0.10	7.67
16.998	23.46	29.90	0.10	7.67
17.027	23.39	29.82	0.10	7.67
17.057	23.39	29.82	0.02	7.58
17.087	23.39	29.82	0.02	7.58
17.117	23.38	29.82	0.02	7.58
17.146	23.38	29.82	0.06	7.63
17.176	23.38	29.82	0.06	7.63
17.206	23.39	29.83	0.06	7.63
17.236	23.39	29.83	0.09	7.65
17.266	23.39	29.83	0.09	7.65
17.295	23.44	29.87	0.09	7.65
17.325	23.44	29.87	0.00	7.56
17.355	23.44	29.87	0.00	7.56
17.385	23.46	29.90	0.00	7.56
17.414	23.46	29.90	0.11	7.67
17.444	23.46	29.90	0.11	7.67
17.474	23.41	29.84	0.11	7.67
17.504	23.41	29.84	0.02	7.58
17.533	23.41	29.84	0.02	7.58
17.563	23.41	29.85	0.02	7.58
17.593	23.41	29.85	0.07	7.63
17.623	23.41	29.85	0.07	7.63
17.652	23.39	29.82	0.07	7.63
17.682	23.39	29.82	0.09	7.65
17.712	23.39	29.82	0.09	7.65
17.742	23.44	29.88	0.09	7.65
17.771	23.44	29.88	0.00	7.56
17.801	23.44	29.88	0.00	7.56
17.831	23.50	29.94	0.00	7.56
17.861	23.50	29.94	0.11	7.67
17.890	23.50	29.94	0.11	7.67
17.920	23.45	29.88	0.11	7.67
17.950	23.45	29.88	0.01	7.58
17.980	23.45	29.88	0.01	7.58
18.009	23.41	29.84	0.01	7.58
18.039	23.41	29.84	0.07	7.64
18.069	23.41	29.84	0.07	7.64
18.099	23.43	29.86	0.07	7.64
18.128	23.43	29.86	0.08	7.64
18.158	23.43	29.86	0.08	7.64
18.188	23.46	29.89	0.08	7.64
18.218	23.46	29.89	0.00	7.57
18.247	23.46	29.89	0.00	7.57
18.277	23.49	29.92	0.00	7.57
18.307	23.49	29.92	0.11	7.67
18.337	23.49	29.92	0.11	7.67
18.367	23.44	29.87	0.11	7.67
18.396	23.44	29.87	0.01	7.58
18.426	23.44	29.87	0.01	7.58
18.456	23.42	29.86	0.01	7.58
18.486	23.42	29.86	0.08	7.64
18.515	23.42	29.86	0.08	7.64
18.545	23.43	29.87	0.08	7.64
18.575	23.43	29.87	0.07	7.63
18.605	23.43	29.87	0.07	7.63
18.634	23.44	29.88	0.07	7.63
18.664	23.44	29.88	0.00	7.57
18.694	23.44	29.88	0.00	7.57
18.724	23.47	29.91	0.00	7.57
18.753	23.47	29.91	0.11	7.67
18.783	23.47	29.91	0.11	7.67
18.813	23.44	29.87	0.11	7.67
18.843	23.44	29.87	0.01	7.57
18.872	23.44	29.87	0.01	7.57
18.902	23.39	29.83	0.01	7.57
18.932	23.39	29.83	0.08	7.64
18.962	23.39	29.83	0.08	7.64
18.992	23.42	29.86	0.08	7.64
19.021	23.42	29.86	0.06	7.63
19.051	23.42	29.86	0.06	7.63
19.081	23.38	29.82	0.06	7.63
19.111	23.38	29.82	0.00	7.57
19.140	23.38	29.82	0.00	7.57
19.170	23.41	29.85	0.00	7.57
19.200	23.41	29.85	0.11	7.67
19.230	23.41	29.85	0.11	7.67
19.259	23.42	29.85	0.11	7.67
19.289	23.42	29.85	0.00	7.57
19.319	23.42	29.85	0.00	7.57
19.349	23.42	29.85	0.00	7.57
19.378	23.42	29.85	0.09	7.65
19.408	23.42	29.85	0.09	7.65
19.438	23.42	29.86	0.09	7.65
19.468	23.42	29.86	0.05	7.61
19.498	23.42	29.86	0.05	7.61
19.527	23.40	29.83	0.05	7.61
19.557	23.40	29.83	0.00	7.57
19.587	23.40	29.83	0.00	7.57
19.617	23.45	29.89	0.00	7.57
19.646	23.45	29.89	0.11	7.67
19.676	23.45	29.89	0.11	7.67
19.706	23.47	29.91	0.11	7.67
19.736	23.47	29.91	0.00	7.57
19.765	23.47	29.91	0.00	7.57
19.795	23.37	29.80	0.00	7.57
19.825	23.37	29.80	0.09	7.65
19.855	23.37	29.80	0.09	7.65
19.884	23.34	29.78	0.09	7.65
19.914	23.34	29.78	0.04	7.60
19.944	23.34	29.78	0.04	7.60
19.974	23.37	29.80	0.04	7.60
20.004	23.37	29.80	0.01	7.58
20.033	23.37	29.80	0.01	7.58
20.063	23.36	29.80	0.01	7.58
20.093	23.36	29.80	0.10	7.67
20.123	23.36	29.80	0.10	7.67
20.152	23.42	29.86	0.10	7.67
20.182	23.42	29.86	-0.00	7.56
20.212	23.42	29.86	-0.00	7.56
20.242	23.39	29.83	-0.00	7.56
20.271	23.39	29.83	0.09	7.65
20.301	23.39	29.83	0.09	7.65
20.331	23.39	29.83	0.09	7.65
20.361	23.39	29.83	0.04	7.60
20.390	23.39	29.83	0.04	7.60
20.420	23.39	29.83	0.04	7.60
20.450	23.39	29.83	0.02	7.58
20.480	23.39	29.83	0.02	7.58
20.510	23.38	29.82	0.02	7.58
20.539	23.38	29.82	0.10	7.67
20.569	23.38	29.82	0.10	7.67
20.599	23.43	29.86	0.10	7.67
20.629	23.43	29.86	-0.00	7.56
20.658	23.43	29.86	-0.00	7.56
20.688	23.44	29.88	-0.00	7.56
20.718	23.44	29.88	0.09	7.65
20.748	23.44	29.88	0.09	7.65
20.777	23.40	29.84	0.09	7.65
20.807	23.40	29.84	0.03	7.59
20.837	23.40	29.84	0.03	7.59
20.867	23.35	29.79	0.03	7.59
20.896	23.35	29.79	0.03	7.59
20.926	23.35	29.79	0.03	7.59
20.956	23.36	29.80	0.03	7.59
20.986	23.36	29.80	0.10	7.67
21.015	23.36	29.80	0.10	7.67
21.045	23.40	29.83	0.10	7.67
21.075	23.40	29.83	-0.01	7.56
21.105	23.40	29.83	-0.01	7.56
21.135	23.43	29.86	-0.01	7.56
21.164	23.43	29.86	0.09	7.66
21.194	23.43	29.86	0.09	7.66
21.224	23.43	29.86	0.09	7.66
21.254	23.43	29.86	0.03	7.59
21.283	23.43	29.86	0.03	7.59
21.313	23.40	29.83	0.03	7.59
21.343	23.40	29.83	0.04	7.60
21.373	23.40	29.83	0.04	7.60
21.402	23.31	29.75	0.04	7.60
21.432	23.31	29.75	0.10	7.67
21.462	23.31	29.75	0.10	7.67
21.492	23.35	29.79	0.10	7.67
21.521	23.35	29.79	-0.00	7.56
21.551	23.35	29.79	-0.00	7.56
21.581	23.45	29.89	-0.00	7.56
21.611	23.45	29.89	0.09	7.66
21.641	23.45	29.89	0.09	7.66
21.670	23.41	29.85	0.09	7.66
21.700	23.41	29.85	0.02	7.59
21.730	23.41	29.85	0.02	7.59
21.760	23.35	29.79	0.02	7.59
21.789	23.35	29.79	0.05	7.61
21.819	23.35	29.79	0.05	7.61
21.849	23.31	29.74	0.05	7.61
21.879	23.31	29.74	0.10	7.67
21.908	23.31	29.74	0.10	7.67
21.938	23.30	29.74	0.10	7.67
21.968	23.30	29.74	-0.00	7.56
21.998	23.30	29.74	-0.00	7.56
22.027	23.37	29.81	-0.00	7.56
22.057	23.37	29.81	0.10	7.66
22.087	23.37	29.81	0.10	7.66
22.117	23.37	29.81	0.10	7.66
22.146	23.37	29.81	0.02	7.58
22.176	23.37	29.81	0.02	7.58
22.206	23.38	29.82	0.02	7.58
22.236	23.38	29.82	0.06	7.62
22.266	23.38	29.82	0.06	7.62
22.295	23.38	29.81	0.06	7.62
22.325	23.38	29.81	0.10	7.66
22.355	23.38	29.81	0.10	7.66
22.385	23.39	29.83	0.10	7.66
22.414	23.39	29.83	0.00	7.57
22.444	23.39	29.83	0.00	7.57
22.474	23.44	29.88	0.00	7.57
22.504	23.44	29.88	0.11	7.67
22.533	23.44	29.88	0.11	7.67
22.563	23.40	29.83	0.11	7.67
22.593	23.40	29.83	0.01	7.58
22.623	23.40	29.83	0.01	7.58
22.652	23.35	29.78	0.01	7.58
22.682	23.35	29.78	0.06	7.63
22.712	23.35	29.78	0.06	7.63
22.742	23.36	29.79	0.06	7.63
22.771	23.36	29.79	0.09	7.65
22.801	23.36	29.79	0.09	7.65
22.831	23.36	29.79	0.09	7.65
22.861	23.36	29.79	0.00	7.57
22.891	23.36	29.79	0.00	7.57
22.920	23.42	29.86	0.00	7.57
22.950	23.42	29.86	0.11	7.67
22.980	23.42	29.86	0.11	7.67
23.010	23.47	29.90	0.11	7.67
23.039	23.47	29.90	0.01	7.58
23.069	23.47	29.90	0.01	7.58
23.099	23.46	29.90	0.01	7.58
23.129	23.46	29.90	0.07	7.64
23.158	23.46	29.90	0.07	7.64
23.188	23.43	29.87	0.07	7.64
23.218	23.43	29.87	0.08	7.65
23.248	23.43	29.87	0.08	7.65
23.277	23.35	29.78	0.08	7.65
23.307	23.35	29.78	0.00	7.57
23.337	23.35	29.78	0.00	7.57
23.367	23.38	29.82	0.00	7.57
23.397	23.38	29.82	0.11	7.67
23.426	23.38	29.82	0.11	7.67
23.456	23.44	29.88	0.11	7.67
23.486	23.44	29.88	0.01	7.58
23.516	23.44	29.88	0.01	7.58
23.545	23.44	29.88	0.01	7.58
23.575	23.44	29.88	0.08	7.64
23.605	23.44	29.88	0.08	7.64
23.635	23.37	29.81	0.08	7.64
23.664	23.37	29.81	0.07	7.63
23.694	23.37	29.81	0.07	7.63
23.724	23.41	29.84	0.07	7.63
23.754	23.41	29.84	0.00	7.56
23.783	23.41	29.84	0.00	7.56
23.813	23.48	29.92	0.00	7.56
23.843	23.48	29.92	0.11	7.67
23.873	23.48	29.92	0.11	7.67
23.902	23.50	29.93	0.11	7.67
23.932	23.50	29.93	0.01	7.57
23.962	23.50	29.93	0.01	7.57
23.992	23.47	29.90	0.01	7.57
24.021	23.47	29.90	0.08	7.64
24.051	23.47	29.90	0.08	7.64
24.081	23.44	29.88	0.08	7.64
24.111	23.44	29.88	0.06	7.63
24.140	23.44	29.88	0.06	7.63
24.170	23.40	29.83	0.06	7.63
24.200	23.40	29.83	0.00	7.57
24.230	23.40	29.83	0.00	7.57
24.260	23.42	29.85	0.00	7.57
24.289	23.42	29.85	0.11	7.67
24.319	23.42	29.85	0.11	7.67
24.349	23.50	29.93	0.11	7.67
24.379	23.50	29.93	0.01	7.57
24.408	23.50	29.93	0.01	7.57
24.438	23.53	29.96	0.01	7.57
24.468	23.53	29.96	0.09	7.65
24.498	23.53	29.96	0.09	7.65
24.527	23.47	29.90	0.09	7.65
24.557	23.47	29.90	0.05	7.61
24.587	23.47	29.90	0.05	7.61
24.617	23.44	29.88	0.05	7.61
24.646	23.44	29.88	0.01	7.57
24.676	23.44	29.88	0.01	7.57
24.706	23.46	29.90	0.01	7.57
24.736	23.46	29.90	0.11	7.67
24.766	23.46	29.90	0.11	7.67
24.795	23.48	29.92	0.11	7.67
24.825	23.48	29.92	0.00	7.57
24.855	23.48	29.92	0.00	7.57
24.885	23.49	29.93	0.00	7.57
24.914	23.49	29.93	0.09	7.65
24.944	23.49	29.93	0.09	7.65
24.974	23.46	29.90	0.09	7.65
25.004	23.46	29.90	0.04	7.61
25.033	23.46	29.90	0.04	7.61
25.063	23.45	29.89	0.04	7.61
25.093	23.45	29.89	0.01	7.58
25.123	23.45	29.89	0.01	7.58
25.152	23.41	29.85	0.01	7.58
25.182	23.41	29.85	0.10	7.67
25.212	23.41	29.85	0.10	7.67
25.242	23.43	29.87	0.10	7.67
25.271	23.43	29.87	0.00	7.57
25.301	23.43	29.87	0.00	7.57
25.331	23.47	29.91	0.00	7.57
25.361	23.47	29.91	0.09	7.66
25.391	23.47	29.91	0.09	7.66
25.420	23.46	29.90	0.09	7.66
25.450	23.46	29.90	0.04	7.60
25.480	23.46	29.90	0.04	7.60
25.510	23.45	29.88	0.04	7.60
25.539	23.45	29.88	0.02	7.58
25.569	23.45	29.88	0.02	7.58
25.599	23.37	29.81	0.02	7.58
25.629	23.37	29.81	0.10	7.67
25.658	23.37	29.81	0.10	7.67
25.688	23.44	29.87	0.10	7.67
25.718	23.44	29.87	-0.00	7.56
25.748	23.44	29.87	-0.00	7.56
25.777	23.52	29.96	-0.00	7.56
25.807	23.52	29.96	0.09	7.65
25.837	23.52	29.96	0.09	7.65
25.867	23.52	29.95	0.09	7.65
25.897	23.52	29.95	0.03	7.59
25.926	23.52	29.95	0.03	7.59
25.956	23.49	29.92	0.03	7.59
25.986	23.49	29.92	0.03	7.59
26.016	23.49	29.92	0.03	7.59
26.045	23.46	29.89	0.03	7.59
26.075	23.46	29.89	0.10	7.67
26.105	23.46	29.89	0.10	7.67
26.135	23.49	29.92	0.10	7.67
26.164	23.49	29.92	-0.00	7.56
26.194	23.49	29.92	-0.00	7.56
26.224	23.59	30.03	-0.00	7.56
26.254	23.59	30.03	0.10	7.66
26.283	23.59	30.03	0.10	7.66
26.313	23.55	29.98	0.10	7.66
26.343	23.55	29.98	0.03	7.59
26.373	23.55	29.98	0.03	7.59
26.403	23.48	29.92	0.03	7.59
26.432	23.48	29.92	0.04	7.60
26.462	23.48	29.92	0.04	7.60
26.492	23.48	29.92	0.04	7.60
26.522	23.48	29.92	0.10	7.67
26.551	23.48	29.92	0.10	7.67
26.581	23.48	29.92	0.10	7.67
26.611	23.48	29.92	0.00	7.56
26.641	23.48	29.92	0.00	7.56
26.670	23.54	29.97	0.00	7.56
26.700	23.54	29.97	0.10	7.66
26.730	23.54	29.97	0.10	7.66
26.760	23.58	30.01	0.10	7.66
26.789	23.58	30.01	0.02	7.58
26.819	23.58	30.01	0.02	7.58
26.849	23.54	29.98	0.02	7.58
26.879	23.54	29.98	0.05	7.61
26.908	23.54	29.98	0.05	7.61
26.938	23.52	29.95	0.05	7.61
26.968	23.52	29.95	0.10	7.67
26.998	23.52	29.95	0.10	7.67
27.027	23.47	29.90	0.10	7.67
27.057	23.47	29.90	0.00	7.56
27.087	23.47	29.90	0.00	7.56
27.117	23.50	29.93	0.00	7.56
27.146	23.50	29.93	0.10	7.67
27.176	23.50	29.93	0.10	7.67
27.206	23.59	30.02	0.10	7.67
27.236	23.59	30.02	0.02	7.58
27.265	23.59	30.02	0.02	7.58
27.295	23.55	29.98	0.02	7.58
27.325	23.55	29.98	0.06	7.62
27.355	23.55	29.98	0.06	7.62
27.384	23.50	29.94	0.06	7.62
27.414	23.50	29.94	0.10	7.66
27.444	23.50	29.94	0.10	7.66
27.474	23.49	29.92	0.10	7.66
27.504	23.49	29.92	0.00	7.56
27.533	23.49	29.92	0.00	7.56
27.563	23.52	29.95	0.00	7.56
27.593	23.52	29.95	0.10	7.67
27.622	23.52	29.95	0.10	7.67
27.652	23.57	30.01	0.10	7.67
27.682	23.57	30.01	0.01	7.58
27.712	23.57	30.01	0.01	7.58
27.742	23.59	30.03	0.01	7.58
27.771	23.59	30.03	0.06	7.63
27.801	23.59	30.03	0.06	7.63
27.831	23.54	29.98	0.06	7.63
27.861	23.54	29.98	0.09	7.65
27.890	23.54	29.98	0.09	7.65
27.920	23.51	29.95	0.09	7.65
27.950	23.51	29.95	-0.00	7.56
27.980	23.51	29.95	-0.00	7.56
28.009	23.51	29.95	-0.00	7.56
28.039	23.51	29.95	0.11	7.67
28.069	23.51	29.95	0.11	7.67
28.099	23.53	29.97	0.11	7.67
28.128	23.53	29.97	0.01	7.58
28.158	23.53	29.97	0.01	7.58
28.188	23.53	29.96	0.01	7.58
28.218	23.53	29.96	0.07	7.64
28.247	23.53	29.96	0.07	7.64
28.277	23.50	29.94	0.07	7.64
28.307	23.50	29.94	0.09	7.65
28.337	23.50	29.94	0.09	7.65
28.367	23.48	29.92	0.09	7.65
28.396	23.48	29.92	0.00	7.56
28.426	23.48	29.92	0.00	7.56
28.456	23.49	29.92	0.00	7.56
28.486	23.49	29.92	0.11	7.67
28.515	23.49	29.92	0.11	7.67
28.545	23.53	29.97	0.11	7.67
28.575	23.53	29.97	0.01	7.57
28.604	23.53	29.97	0.01	7.57
28.634	23.51	29.95	0.01	7.57
28.664	23.51	29.95	0.08	7.64
28.694	23.51	29.95	0.08	7.64
28.724	23.46	29.90	0.08	7.64
28.753	23.46	29.90	0.07	7.64
28.783	23.46	29.90	0.07	7.64
28.813	23.45	29.89	0.07	7.64
28.843	23.45	29.89	0.00	7.57
28.872	23.45	29.89	0.00	7.57
28.902	23.46	29.90	0.00	7.57
28.932	23.46	29.90	0.11	7.67
28.962	23.46	29.90	0.11	7.67
28.991	23.52	29.95	0.11	7.67
29.021	23.52	29.95	0.01	7.57
29.051	23.52	29.95	0.01	7.57
29.081	23.55	29.99	0.01	7.57
29.110	23.55	29.99	0.08	7.64
29.140	23.55	29.99	0.08	7.64
29.170	23.50	29.94	0.08	7.64
29.200	23.50	29.94	0.06	7.63
29.230	23.50	29.94	0.06	7.63
29.259	23.47	29.90	0.06	7.63
29.289	23.47	29.90	0.00	7.56
29.319	23.47	29.90	0.00	7.56
29.349	23.47	29.90	0.00	7.56
29.378	23.47	29.90	0.11	7.67
29.408	23.47	29.90	0.11	7.67
29.438	23.49	29.93	0.11	7.67
29.468	23.49	29.93	0.01	7.57
29.497	23.49	29.93	0.01	7.57
29.527	23.48	29.92	0.01	7.57
29.557	23.48	29.92	0.08	7.64
29.587	23.48	29.92	0.08	7.64
29.616	23.46	29.89	0.08	7.64
29.646	23.46	29.89	0.06	7.62
29.676	23.46	29.89	0.06	7.62
29.706	23.39	29.83	0.06	7.62
29.735	23.39	29.83	0.00	7.57
29.765	23.39	29.83	0.00	7.57
29.795	23.36	29.80	0.00	7.57
29.825	23.36	29.80	0.11	7.67
29.854	23.36	29.80	0.11	7.67
29.884	23.36	29.80	0.11	7.67
29.914	23.36	29.80	0.01	7.57
29.944	23.36	29.80	0.01	7.57
29.973	23.45	29.89	0.01	7.57
30.003	23.45	29.89	0.09	7.65
30.033	23.45	29.89	0.09	7.65
30.063	23.43	29.86	0.09	7.65
30.093	23.43	29.86	0.05	7.61
30.122	23.43	29.86	0.05	7.61
30.152	23.37	29.81	0.05	7.61
30.182	23.37	29.81	0.01	7.57
30.212	23.37	29.81	0.01	7.57
30.241	23.38	29.82	0.01	7.57
30.271	23.38	29.82	0.10	7.67
30.301	23.38	29.82	0.10	7.67
30.331	23.37	29.81	0.10	7.67
30.360	23.37	29.81	-0.00	7.56
30.390	23.37	29.81	-0.00	7.56
30.420	23.46	29.89	-0.00	7.56
30.450	23.46	29.89	0.09	7.65
30.479	23.46	29.89	0.09	7.65
30.509	23.51	29.95	0.09	7.65
30.539	23.51	29.95	0.04	7.60
30.569	23.51	29.95	0.04	7.60
30.599	23.47	29.90	0.04	7.60
30.628	23.47	29.90	0.01	7.58
30.658	23.47	29.90	0.01	7.58
30.688	23.42	29.85	0.01	7.58
30.718	23.42	29.85	0.11	7.67
30.747	23.42	29.85	0.11	7.67
30.777	23.39	29.82	0.11	7.67
30.807	23.39	29.82	-0.00	7.56
30.837	23.39	29.82	-0.00	7.56
30.866	23.44	29.87	-0.00	7.56
30.896	23.44	29.87	0.09	7.65
30.926	23.44	29.87	0.09	7.65
30.956	23.43	29.86	0.09	7.65
30.985	23.43	29.86	0.04	7.60
31.015	23.43	29.86	0.04	7.60
31.045	23.38	29.81	0.04	7.60
31.075	23.38	29.81	0.02	7.58
31.105	23.38	29.81	0.02	7.58
31.134	23.35	29.79	0.02	7.58
31.164	23.35	29.79	0.10	7.67
31.194	23.35	29.79	0.10	7.67
31.224	23.30	29.74	0.10	7.67
31.253	23.30	29.74	0.00	7.56
31.283	23.30	29.74	0.00	7.56
31.313	23.41	29.85	0.00	7.56
31.343	23.41	29.85	0.09	7.65
31.372	23.41	29.85	0.09	7.65
31.402	23.46	29.89	0.09	7.65
31.432	23.46	29.89	0.03	7.59
31.462	23.46	29.89	0.03	7.59
31.491	23.42	29.86	0.03	7.59
31.521	23.42	29.86	0.03	7.59
31.551	23.42	29.86	0.03	7.59
31.581	23.41	29.84	0.03	7.59
31.610	23.41	29.84	0.11	7.67
31.640	23.41	29.84	0.11	7.67
31.670	23.36	29.80	0.11	7.67
31.700	23.36	29.80	-0.01	7.56
31.729	23.36	29.80	-0.01	7.56
31.759	23.39	29.83	-0.01	7.56
31.789	23.39	29.83	0.09	7.65
31.819	23.39	29.83	0.09	7.65
31.848	23.46	29.89	0.09	7.65
31.878	23.46	29.89	0.03	7.59
31.908	23.46	29.89	0.03	7.59
31.938	23.49	29.93	0.03	7.59
31.968	23.49	29.93	0.03	7.60
31.997	23.49	29.93	0.03	7.60
32.027	23.48	29.92	0.03	7.60
32.057	23.48	29.92	0.11	7.67
32.087	23.48	29.92	0.11	7.67
32.116	23.43	29.86	0.11	7.67
32.146	23.43	29.86	-0.00	7.56
32.176	23.43	29.86	-0.00	7.56
32.206	23.39	29.83	-0.00	7.56
32.235	23.39	29.83	0.10	7.66
32.265	23.39	29.83	0.10	7.66
32.295	23.45	29.88	0.10	7.66
32.325	23.45	29.88	0.02	7.59
32.354	23.45	29.88	0.02	7.59
32.384	23.49	29.93	0.02	7.59
32.414	23.49	29.93	0.04	7.60
32.444	23.49	29.93	0.04	7.60
32.474	23.47	29.91	0.04	7.60
32.503	23.47	29.91	0.10	7.67
32.533	23.47	29.91	0.10	7.67
32.563	23.42	29.86	0.10	7.67
32.593	23.42	29.86	0.00	7.57
32.622	23.42	29.86	0.00	7.57
32.652	23.40	29.83	0.00	7.57
32.682	23.40	29.83	0.10	7.66
32.712	23.40	29.83	0.10	7.66
32.741	23.42	29.85	0.10	7.66
32.771	23.42	29.85	0.02	7.58
32.801	23.42	29.85	0.02	7.58
32.831	23.45	29.88	0.02	7.58
32.860	23.45	29.88	0.05	7.62
32.890	23.45	29.88	0.05	7.62
32.920	23.39	29.83	0.05	7.62
32.950	23.39	29.83	0.10	7.67
32.979	23.39	29.83	0.10	7.67
33.009	23.37	29.80	0.10	7.67
33.039	23.37	29.80	-0.00	7.56
33.069	23.37	29.80	-0.00	7.56
33.099	23.38	29.82	-0.00	7.56
33.128	23.38	29.82	0.10	7.66
33.158	23.38	29.82	0.10	7.66
33.188	23.37	29.81	0.10	7.66
33.218	23.37	29.81	0.02	7.58
33.247	23.37	29.81	0.02	7.58
33.277	23.44	29.88	0.02	7.58
33.307	23.44	29.88	0.05	7.62
33.337	23.44	29.88	0.05	7.62
33.366	23.40	29.84	0.05	7.62
33.396	23.40	29.84	0.10	7.67
33.426	23.40	29.84	0.10	7.67
33.456	23.37	29.81	0.10	7.67
33.485	23.37	29.81	0.00	7.56
33.515	23.37	29.81	0.00	7.56
33.545	23.32	29.75	0.00	7.56
33.575	23.32	29.75	0.10	7.67
33.604	23.32	29.75	0.10	7.67
33.634	23.30	29.74	0.10	7.67
33.664	23.30	29.74	0.02	7.58
33.694	23.30	29.74	0.02	7.58
33.723	23.40	29.84	0.02	7.58
33.753	23.40	29.84	0.06	7.63
33.783	23.40	29.84	0.06	7.63
33.813	23.42	29.85	0.06	7.63
33.842	23.42	29.85	0.09	7.66
33.872	23.42	29.85	0.09	7.66
33.902	23.33	29.77	0.09	7.66
33.932	23.33	29.77	0.00	7.56
33.962	23.33	29.77	0.00	7.56
33.991	23.30	29.74	0.00	7.56
34.021	23.30	29.74	0.10	7.67
34.051	23.30	29.74	0.10	7.67
34.080	23.33	29.76	0.10	7.67
34.110	23.33	29.76	0.02	7.58
34.140	23.33	29.76	0.02	7.58
34.170	23.40	29.84	0.02	7.58
34.199	23.40	29.84	0.07	7.63
34.229	23.40	29.84	0.07	7.63
34.259	23.36	29.80	0.07	7.63
34.289	23.36	29.80	0.09	7.65
34.319	23.36	29.80	0.09	7.65
34.348	23.37	29.80	0.09	7.65
34.378	23.37	29.80	-0.00	7.56
34.408	23.37	29.80	-0.00	7.56
34.438	23.39	29.82	-0.00	7.56
34.467	23.39	29.82	0.11	7.67
34.497	23.39	29.82	0.11	7.67
34.527	23.33	29.77	0.11	7.67
34.557	23.33	29.77	0.02	7.58
34.586	23.33	29.77	0.02	7.58
34.616	23.36	29.80	0.02	7.58
34.646	23.36	29.80	0.08	7.64
34.676	23.36	29.80	0.08	7.64
34.705	23.41	29.84	0.08	7.64
34.735	23.41	29.84	0.08	7.65
34.765	23.41	29.84	0.08	7.65
34.795	23.36	29.79	0.08	7.65
34.824	23.36	29.79	0.00	7.57
34.854	23.36	29.79	0.00	7.57
34.884	23.35	29.78	0.00	7.57
34.914	23.35	29.78	0.11	7.67
34.944	23.35	29.78	0.11	7.67
34.973	23.34	29.78	0.11	7.67
35.003	23.34	29.78	0.02	7.58
35.033	23.34	29.78	0.02	7.58
35.063	23.33	29.76	0.02	7.58
35.092	23.33	29.76	0.08	7.64
35.122	23.33	29.76	0.08	7.64
35.152	23.43	29.87	0.08	7.64
35.182	23.43	29.87	0.08	7.64
35.211	23.43	29.87	0.08	7.64
35.241	23.42	29.85	0.08	7.64
35.271	23.42	29.85	0.00	7.57
35.301	23.42	29.85	0.00	7.57
35.330	23.35	29.79	0.00	7.57
35.360	23.35	29.79	0.11	7.67
35.390	23.35	29.79	0.11	7.67
35.420	23.31	29.74	0.11	7.67
35.450	23.31	29.74	0.01	7.58
35.479	23.31	29.74	0.01	7.58
35.509	23.31	29.75	0.01	7.58
35.539	23.31	29.75	0.08	7.64
35.569	23.31	29.75	0.08	7.64
35.598	23.39	29.82	0.08	7.64
35.628	23.39	29.82	0.07	7.64
35.658	23.39	29.82	0.07	7.64
35.688	23.37	29.81	0.07	7.64
35.717	23.37	29.81	0.00	7.56
35.747	23.37	29.81	0.00	7.56
35.777	23.32	29.75	0.00	7.56
35.807	23.32	29.75	0.11	7.67
35.836	23.32	29.75	0.11	7.67
35.866	23.29	29.73	0.11	7.67
35.896	23.29	29.73	0.01	7.57
35.926	23.29	29.73	0.01	7.57
35.955	23.34	29.78	0.01	7.57
35.985	23.34	29.78	0.08	7.65
36.015	23.34	29.78	0.08	7.65
36.045	23.41	29.85	0.08	7.65
36.074	23.41	29.85	0.07	7.63
36.104	23.41	29.85	0.07	7.63
36.134	23.42	29.85	0.07	7.63
36.164	23.42	29.85	0.00	7.57
36.193	23.42	29.85	0.00	7.57
36.223	23.37	29.80	0.00	7.57
36.253	23.37	29.80	0.11	7.67
36.283	23.37	29.80	0.11	7.67
36.313	23.32	29.76	0.11	7.67
36.342	23.32	29.76	0.01	7.57
36.372	23.32	29.76	0.01	7.57
36.402	23.30	29.73	0.01	7.57
36.432	23.30	29.73	0.08	7.64
36.461	23.30	29.73	0.08	7.64
36.491	23.37	29.81	0.08	7.64
36.521	23.37	29.81	0.06	7.63
36.551	23.37	29.81	0.06	7.63
36.580	23.40	29.84	0.06	7.63
36.610	23.40	29.84	0.00	7.56
36.640	23.40	29.84	0.00	7.56
36.670	23.37	29.81	0.00	7.56
36.699	23.37	29.81	0.11	7.67
36.729	23.37	29.81	0.11	7.67
36.759	23.31	29.75	0.11	7.67
36.789	23.31	29.75	0.01	7.57
36.818	23.31	29.75	0.01	7.57
36.848	23.29	29.72	0.01	7.57
36.878	23.29	29.72	0.09	7.65
36.908	23.29	29.72	0.09	7.65
36.937	23.34	29.77	0.09	7.65
36.967	23.34	29.77	0.05	7.62
36.997	23.34	29.77	0.05	7.62
37.027	23.40	29.84	0.05	7.62
37.056	23.40	29.84	0.00	7.57
37.086	23.40	29.84	0.00	7.57
37.116	23.37	29.81	0.00	7.57
37.146	23.37	29.81	0.11	7.67
37.176	23.37	29.81	0.11	7.67
37.205	23.35	29.79	0.11	7.67
37.235	23.35	29.79	0.01	7.57
37.265	23.35	29.79	0.01	7.57
37.295	23.37	29.81	0.01	7.57
37.324	23.37	29.81	0.09	7.65
37.354	23.37	29.81	0.09	7.65
37.384	23.31	29.74	0.09	7.65
37.414	23.31	29.74	0.05	7.61
37.443	23.31	29.74	0.05	7.61
37.473	23.29	29.72	0.05	7.61
37.503	23.29	29.72	0.00	7.57
37.533	23.29	29.72	0.00	7.57
37.562	23.31	29.74	0.00	7.57
37.592	23.31	29.74	0.11	7.67
37.622	23.31	29.74	0.11	7.67
37.652	23.31	29.74	0.11	7.67
37.682	23.31	29.74	0.00	7.57
37.711	23.31	29.74	0.00	7.57
37.741	23.36	29.79	0.00	7.57
37.771	23.36	29.79	0.09	7.65
37.801	23.36	29.79	0.09	7.65
37.830	23.38	29.82	0.09	7.65
37.860	23.38	29.82	0.04	7.60
37.890	23.38	29.82	0.04	7.60
37.920	23.42	29.85	0.04	7.60
37.949	23.42	29.85	0.01	7.58
37.979	23.42	29.85	0.01	7.58
38.009	23.43	29.86	0.01	7.58
38.039	23.43	29.86	0.11	7.67
38.068	23.43	29.86	0.11	7.67
38.098	23.37	29.80	0.11	7.67
38.128	23.37	29.80	0.00	7.57
38.158	23.37	29.80	0.00	7.57
38.188	23.34	29.77	0.00	7.57
38.217	23.34	29.77	0.09	7.65
38.247	23.34	29.77	0.09	7.65
38.277	23.34	29.78	0.09	7.65
38.307	23.34	29.78	0.04	7.60
38.336	23.34	29.78	0.04	7.60
38.366	23.33	29.77	0.04	7.60
38.396	23.33	29.77	0.01	7.58
38.426	23.33	29.77	0.01	7.58
38.455	23.33	29.77	0.01	7.58
38.485	23.33	29.77	0.11	7.67
38.515	23.33	29.77	0.11	7.67
38.545	23.28	29.71	0.11	7.67
38.574	23.28	29.71	0.00	7.56
38.604	23.28	29.71	0.00	7.56
38.634	23.30	29.74	0.00	7.56
38.664	23.30	29.74	0.09	7.65
38.693	23.30	29.74	0.09	7.65
38.723	23.34	29.78	0.09	7.65
38.753	23.34	29.78	0.04	7.60
38.783	23.34	29.78	0.04	7.60
38.812	23.38	29.81	0.04	7.60
38.842	23.38	29.81	0.02	7.58
38.872	23.38	29.81	0.02	7.58
38.902	23.43	29.87	0.02	7.58
38.932	23.43	29.87	0.10	7.67
38.961	23.43	29.87	0.10	7.67
38.991	23.43	29.87	0.10	7.67
39.021	23.43	29.87	0.00	7.57
39.051	23.43	29.87	0.00	7.57
39.080	23.37	29.80	0.00	7.57
39.110	23.37	29.80	0.09	7.65
39.140	23.37	29.80	0.09	7.65
39.170	23.36	29.80	0.09	7.65
39.199	23.36	29.80	0.03	7.60
39.229	23.36	29.80	0.03	7.60
39.259	23.34	29.78	0.03	7.60
39.289	23.34	29.78	0.03	7.59
39.318	23.34	29.78	0.03	7.59
39.348	23.38	29.82	0.03	7.59
39.378	23.38	29.82	0.10	7.67
39.408	23.38	29.82	0.10	7.67
39.438	23.36	29.80	0.10	7.67
39.467	23.36	29.80	0.00	7.56
39.497	23.36	29.80	0.00	7.56
39.527	23.33	29.76	0.00	7.56
39.557	23.33	29.76	0.09	7.65
39.586	23.33	29.76	0.09	7.65
39.616	23.32	29.75	0.09	7.65
39.646	23.32	29.75	0.03	7.59
39.675	23.32	29.75	0.03	7.59
39.705	23.35	29.79	0.03	7.59
39.735	23.35	29.79	0.03	7.59
39.765	23.35	29.79	0.03	7.59
39.795	23.39	29.83	0.03	7.59
39.824	23.39	29.83	0.11	7.67
39.854	23.39	29.83	0.11	7.67
39.884	23.40	29.84	0.11	7.67
39.914	23.40	29.84	-0.00	7.56
39.943	23.40	29.84	-0.00	7.56
39.973	23.35	29.79	-0.00	7.56
40.003	23.35	29.79	0.09	7.65
40.033	23.35	29.79	0.09	7.65
40.062	23.32	29.76	0.09	7.65
40.092	23.32	29.76	0.03	7.59
40.122	23.32	29.76	0.03	7.59
40.152	23.32	29.76	0.03	7.59
40.181	23.32	29.76	0.03	7.59
40.211	23.32	29.76	0.03	7.59
40.241	23.38	29.82	0.03	7.59
40.271	23.38	29.82	0.10	7.67
40.301	23.38	29.82	0.10	7.67
40.330	23.45	29.89	0.10	7.67
40.360	23.45	29.89	-0.01	7.56
40.390	23.45	29.89	-0.01	7.56
40.420	23.44	29.87	-0.01	7.56
40.449	23.44	29.87	0.10	7.66
40.479	23.44	29.87	0.10	7.66
40.509	23.36	29.80	0.10	7.66
40.539	23.36	29.80	0.03	7.59
40.568	23.36	29.80	0.03	7.59
40.598	23.30	29.74	0.03	7.59
40.628	23.30	29.74	0.03	7.60
40.658	23.30	29.74	0.03	7.60
40.687	23.29	29.73	0.03	7.60
40.717	23.29	29.73	0.11	7.67
40.747	23.29	29.73	0.11	7.67
40.777	23.31	29.75	0.11	7.67
40.806	23.31	29.75	-0.00	7.56
40.836	23.31	29.75	-0.00	7.56
40.866	23.27	29.70	-0.00	7.56
40.896	23.27	29.70	0.10	7.66
40.926	23.27	29.70	0.10	7.66
40.955	23.25	29.69	0.10	7.66
40.985	23.25	29.69	0.02	7.59
41.015	23.25	29.69	0.02	7.59
41.045	23.23	29.67	0.02	7.59
41.074	23.23	29.67	0.04	7.60
41.104	23.23	29.67	0.04	7.60
41.134	23.29	29.73	0.04	7.60
41.164	23.29	29.73	0.11	7.67
41.193	23.29	29.73	0.11	7.67
41.223	23.35	29.79	0.11	7.67
41.253	23.35	29.79	0.00	7.56
41.283	23.35	29.79	0.00	7.56
41.312	23.34	29.77	0.00	7.56
41.342	23.34	29.77	0.10	7.66
41.372	23.34	29.77	0.10	7.66
41.402	23.25	29.69	0.10	7.66
41.431	23.25	29.69	0.02	7.58
41.461	23.25	29.69	0.02	7.58
41.491	23.26	29.70	0.02	7.58
41.521	23.26	29.70	0.05	7.61
41.550	23.26	29.70	0.05	7.61
41.580	23.34	29.77	0.05	7.61
41.610	23.34	29.77	0.10	7.67
41.640	23.34	29.77	0.10	7.67
41.670	23.43	29.87	0.10	7.67
41.699	23.43	29.87	-0.00	7.56
41.729	23.43	29.87	-0.00	7.56
41.759	23.41	29.85	-0.00	7.56
41.789	23.41	29.85	0.10	7.66
41.818	23.41	29.85	0.10	7.66
41.848	23.39	29.82	0.10	7.66
41.878	23.39	29.82	0.02	7.59
41.908	23.39	29.82	0.02	7.59
41.937	23.32	29.75	0.02	7.59
41.967	23.32	29.75	0.05	7.61
41.997	23.32	29.75	0.05	7.61
42.027	23.25	29.68	0.05	7.61
42.056	23.25	29.68	0.10	7.67
42.086	23.25	29.68	0.10	7.67
42.116	23.35	29.79	0.10	7.67
42.146	23.35	29.79	-0.00	7.56
42.176	23.35	29.79	-0.00	7.56
42.205	23.40	29.84	-0.00	7.56
42.235	23.40	29.84	0.10	7.66
42.265	23.40	29.84	0.10	7.66
42.295	23.34	29.78	0.10	7.66
42.324	23.34	29.78	0.02	7.59
42.354	23.34	29.78	0.02	7.59
42.384	23.27	29.71	0.02	7.59
42.414	23.27	29.71	0.05	7.62
42.443	23.27	29.71	0.05	7.62
42.473	23.23	29.67	0.05	7.62
42.503	23.23	29.67	0.10	7.66
42.533	23.23	29.67	0.10	7.66
42.562	23.32	29.76	0.10	7.66
42.592	23.32	29.76	-0.00	7.56
42.622	23.32	29.76	-0.00	7.56
42.652	23.39	29.83	-0.00	7.56
42.681	23.39	29.83	0.10	7.67
42.711	23.39	29.83	0.10	7.67
42.741	23.37	29.80	0.10	7.67
42.771	23.37	29.80	0.02	7.58
42.801	23.37	29.80	0.02	7.58
42.830	23.34	29.78	0.02	7.58
42.860	23.34	29.78	0.06	7.62
42.890	23.34	29.78	0.06	7.62
42.920	23.30	29.74	0.06	7.62
42.949	23.30	29.74	0.10	7.67
42.979	23.30	29.74	0.10	7.67
43.009	23.34	29.78	0.10	7.67
43.039	23.34	29.78	-0.00	7.56
43.068	23.34	29.78	-0.00	7.56
43.098	23.34	29.78	-0.00	7.56
43.128	23.34	29.78	0.10	7.67
43.158	23.34	29.78	0.10	7.67
43.187	23.33	29.77	0.10	7.67
43.217	23.33	29.77	0.02	7.58
43.247	23.33	29.77	0.02	7.58
43.277	23.35	29.78	0.02	7.58
43.307	23.35	29.78	0.06	7.62
43.336	23.35	29.78	0.06	7.62
43.366	23.35	29.79	0.06	7.62
43.396	23.35	29.79	0.10	7.66
43.426	23.35	29.79	0.10	7.66
43.455	23.38	29.82	0.10	7.66
43.485	23.38	29.82	0.00	7.57
43.515	23.38	29.82	0.00	7.57
43.545	23.47	29.90	0.00	7.57
43.574	23.47	29.90	0.10	7.67
43.604	23.47	29.90	0.10	7.67
43.634	23.42	29.86	0.10	7.67
43.664	23.42	29.86	0.02	7.58
43.693	23.42	29.86	0.02	7.58
43.723	23.38	29.82	0.02	7.58
43.753	23.38	29.82	0.06	7.62
43.783	23.38	29.82	0.06	7.62
43.812	23.39	29.82	0.06	7.62
43.842	23.39	29.82	0.10	7.66
43.872	23.39	29.82	0.10	7.66
43.902	23.37	29.80	0.10	7.66
43.932	23.37	29.80	-0.00	7.56
43.961	23.37	29.80	-0.00	7.56
43.991	23.42	29.86	-0.00	7.56
44.021	23.42	29.86	0.11	7.67
44.051	23.42	29.86	0.11	7.67
44.080	23.44	29.88	0.11	7.67
44.110	23.44	29.88	0.02	7.58
44.140	23.44	29.88	0.02	7.58
44.170	23.38	29.82	0.02	7.58
44.199	23.38	29.82	0.07	7.63
44.229	23.38	29.82	0.07	7.63
44.259	23.32	29.75	0.07	7.63
44.289	23.32	29.75	0.10	7.66
44.318	23.32	29.75	0.10	7.66
44.348	23.34	29.78	0.10	7.66
44.378	23.34	29.78	-0.00	7.56
44.408	23.34	29.78	-0.00	7.56
44.438	23.45	29.88	-0.00	7.56
44.467	23.45	29.88	0.11	7.67
44.497	23.45	29.88	0.11	7.67
44.527	23.48	29.92	0.11	7.67
44.557	23.48	29.92	0.02	7.58
44.586	23.48	29.92	0.02	7.58
44.616	23.41	29.85	0.02	7.58
44.646	23.41	29.85	0.06	7.63
44.676	23.41	29.85	0.06	7.63
44.705	23.35	29.78	0.06	7.63
44.735	23.35	29.78	0.09	7.66
44.765	23.35	29.78	0.09	7.66
44.795	23.28	29.72	0.09	7.66
44.824	23.28	29.72	0.00	7.57
44.854	23.28	29.72	0.00	7.57
44.884	23.28	29.72	0.00	7.57
44.914	23.28	29.72	0.11	7.67
44.944	23.28	29.72	0.11	7.67
44.973	23.35	29.78	0.11	7.67
45.003	23.35	29.78	0.02	7.58
45.033	23.35	29.78	0.02	7.58
45.063	23.33	29.77	0.02	7.58
45.092	23.33	29.77	0.07	7.63
45.122	23.33	29.77	0.07	7.63
45.152	23.28	29.72	0.07	7.63
45.182	23.28	29.72	0.09	7.65
45.211	23.28	29.72	0.09	7.65
45.241	23.32	29.75	0.09	7.65
45.271	23.32	29.75	0.00	7.56
45.301	23.32	29.75	0.00	7.56
45.330	23.37	29.81	0.00	7.56
45.360	23.37	29.81	0.11	7.67
45.390	23.37	29.81	0.11	7.67
45.420	23.43	29.87	0.11	7.67
45.449	23.43	29.87	0.02	7.58
45.479	23.43	29.87	0.02	7.58
45.509	23.39	29.82	0.02	7.58
45.539	23.39	29.82	0.07	7.63
45.568	23.39	29.82	0.07	7.63
45.598	23.40	29.83	0.07	7.63
45.628	23.40	29.83	0.09	7.65
45.658	23.40	29.83	0.09	7.65
45.687	23.37	29.80	0.09	7.65
45.717	23.37	29.80	-0.00	7.56
45.747	23.37	29.80	-0.00	7.56
45.777	23.31	29.75	-0.00	7.56
45.807	23.31	29.75	0.11	7.67
45.836	23.31	29.75	0.11	7.67
45.866	23.35	29.79	0.11	7.67
45.896	23.35	29.79	0.02	7.58
45.926	23.35	29.79	0.02	7.58
45.955	23.37	29.81	0.02	7.58
45.985	23.37	29.81	0.07	7.63
46.015	23.37	29.81	0.07	7.63
46.045	23.36	29.80	0.07	7.63
46.074	23.36	29.80	0.09	7.65
46.104	23.36	29.80	0.09	7.65
46.134	23.35	29.78	0.09	7.65
46.164	23.35	29.78	0.00	7.56
46.193	23.35	29.78	0.00	7.56
46.223	23.34	29.77	0.00	7.56
46.253	23.34	29.77	0.11	7.67
46.283	23.34	29.77	0.11	7.67
46.312	23.44	29.88	0.11	7.67
46.342	23.44	29.88	0.02	7.58
46.372	23.44	29.88	0.02	7.58
46.402	23.42	29.86	0.02	7.58
46.431	23.42	29.86	0.07	7.63
46.461	23.42	29.86	0.07	7.63
46.491	23.37	29.81	0.07	7.63
46.521	23.37	29.81	0.09	7.65
46.550	23.37	29.81	0.09	7.65
46.580	23.33	29.76	0.09	7.65
46.610	23.33	29.76	-0.00	7.56
46.640	23.33	29.76	-0.00	7.56
46.670	23.29	29.73	-0.00	7.56
46.699	23.29	29.73	0.11	7.67
46.729	23.29	29.73	0.11	7.67
46.759	23.35	29.79	0.11	7.67
46.789	23.35	29.79	0.02	7.58
46.818	23.35	29.79	0.02	7.58
46.848	23.39	29.82	0.02	7.58
46.878	23.39	29.82	0.07	7.63
46.908	23.39	29.82	0.07	7.63
46.937	23.32	29.76	0.07	7.63
46.967	23.32	29.76	0.09	7.65
46.997	23.32	29.76	0.09	7.65
47.027	23.31	29.75	0.09	7.65
47.056	23.31	29.75	-0.00	7.56
47.086	23.31	29.75	-0.00	7.56
47.116	23.33	29.77	-0.00	7.56
47.146	23.33	29.77	0.11	7.67
47.176	23.33	29.77	0.11	7.67
47.205	23.36	29.80	0.11	7.67
47.235	23.36	29.80	0.02	7.58
47.265	23.36	29.80	0.02	7.58
47.295	23.39	29.82	0.02	7.58
47.324	23.39	29.82	0.07	7.63
47.354	23.39	29.82	0.07	7.63
47.384	23.35	29.78	0.07	7.63
47.414	23.35	29.78	0.09	7.65
47.443	23.35	29.78	0.09	7.65
47.473	23.31	29.75	0.09	7.65
47.503	23.31	29.75	-0.00	7.56
47.533	23.31	29.75	-0.00	7.56
47.562	23.31	29.74	-0.00	7.56
47.592	23.31	29.74	0.11	7.67
47.622	23.31	29.74	0.11	7.67
47.652	23.28	29.72	0.11	7.67
47.681	23.28	29.72	0.02	7.58
47.711	23.28	29.72	0.02	7.58
47.741	23.34	29.78	0.02	7.58
47.771	23.34	29.78	0.07	7.63
47.801	23.34	29.78	0.07	7.63
47.830	23.30	29.74	0.07	7.63
47.860	23.30	29.74	0.09	7.65
47.890	23.30	29.74	0.09	7.65
47.920	23.24	29.68	0.09	7.65
47.949	23.24	29.68	0.00	7.57
47.979	23.24	29.68	0.00	7.57
48.009	23.27	29.71	0.00	7.57
48.039	23.27	29.71	0.11	7.67
48.068	23.27	29.71	0.11	7.67
48.098	23.33	29.77	0.11	7.67
48.128	23.33	29.77	0.02	7.58
48.158	23.33	29.77	0.02	7.58
48.187	23.39	29.83	0.02	7.58
48.217	23.39	29.83	0.06	7.63
48.247	23.39	29.83	0.06	7.63
48.277	23.40	29.84	0.06	7.63
48.307	23.40	29.84	0.09	7.66
48.336	23.40	29.84	0.09	7.66
48.366	23.39	29.83	0.09	7.66
48.396	23.39	29.83	-0.00	7.56
48.426	23.39	29.83	-0.00	7.56
48.455	23.34	29.78	-0.00	7.56
48.485	23.34	29.78	0.11	7.67
48.515	23.34	29.78	0.11	7.67
48.545	23.29	29.72	0.11	7.67
48.574	23.29	29.72	0.02	7.58
48.604	23.29	29.72	0.02	7.58
48.634	23.32	29.76	0.02	7.58
48.664	23.32	29.76	0.06	7.63
48.693	23.32	29.76	0.06	7.63
48.723	23.38	29.81	0.06	7.63
48.753	23.38	29.81	0.10	7.66
48.783	23.38	29.81	0.10	7.66
48.813	23.34	29.78	0.10	7.66
48.842	23.34	29.78	-0.00	7.56
48.872	23.34	29.78	-0.00	7.56
48.902	23.29	29.73	-0.00	7.56
48.932	23.29	29.73	0.11	7.67
48.961	23.29	29.73	0.11	7.67
48.991	23.27	29.71	0.11	7.67
49.021	23.27	29.71	0.02	7.58
49.051	23.27	29.71	0.02	7.58
49.080	23.32	29.76	0.02	7.58
49.110	23.32	29.76	0.06	7.63
49.140	23.32	29.76	0.06	7.63
49.170	23.42	29.86	0.06	7.63
49.199	23.42	29.86	0.09	7.66
49.229	23.42	29.86	0.09	7.66
49.259	23.41	29.85	0.09	7.66
49.289	23.41	29.85	0.00	7.56
49.319	23.41	29.85	0.00	7.56
49.348	23.37	29.81	0.00	7.56
49.378	23.37	29.81	0.11	7.67
49.408	23.37	29.81	0.11	7.67
49.437	23.37	29.80	0.11	7.67
49.467	23.37	29.80	0.02	7.58
49.497	23.37	29.80	0.02	7.58
49.527	23.34	29.78	0.02	7.58
49.556	23.34	29.78	0.06	7.63
49.586	23.34	29.78	0.06	7.63
49.616	23.37	29.80	0.06	7.63
49.646	23.37	29.80	0.10	7.66
49.676	23.37	29.80	0.10	7.66
49.705	23.38	29.81	0.10	7.66
49.735	23.38	29.81	0.00	7.56
49.765	23.38	29.81	0.00	7.56
49.795	23.38	29.82	0.00	7.56
49.824	23.38	29.82	0.11	7.67
49.854	23.38	29.82	0.11	7.67
49.884	23.36	29.79	0.11	7.67
49.914	23.36	29.79	0.02	7.58
49.943	23.36	29.79	0.02	7.58
49.973	23.34	29.77	0.02	7.58
50.003	23.34	29.77	0.06	7.62
50.033	23.34	29.77	0.06	7.62
50.062	23.41	29.85	0.06	7.62
50.092	23.41	29.85	0.10	7.66
50.122	23.41	29.85	0.10	7.66
50.152	23.38	29.82	0.10	7.66
50.181	23.38	29.82	0.00	7.56
50.211	23.38	29.82	0.00	7.56
50.241	23.36	29.80	0.00	7.56
50.271	23.36	29.80	0.11	7.67
50.300	23.36	29.80	0.11	7.67
50.330	23.38	29.81	0.11	7.67
50.360	23.38	29.81	0.02	7.58
50.390	23.38	29.81	0.02	7.58
50.419	23.31	29.75	0.02	7.58
50.449	23.31	29.75	0.06	7.62
50.479	23.31	29.75	0.06	7.62
50.509	23.31	29.75	0.06	7.62
50.538	23.31	29.75	0.10	7.66
50.568	23.31	29.75	0.10	7.66
50.598	23.35	29.79	0.10	7.66
50.628	23.35	29.79	-0.00	7.56
50.657	23.35	29.79	-0.00	7.56
50.687	23.30	29.74	-0.00	7.56
50.717	23.30	29.74	0.10	7.66
50.747	23.30	29.74	0.10	7.66
50.777	23.26	29.70	0.10	7.66
50.806	23.26	29.70	0.01	7.58
50.836	23.26	29.70	0.01	7.58
50.866	23.29	29.72	0.01	7.58
50.896	23.29	29.72	0.06	7.62
50.925	23.29	29.72	0.06	7.62
50.955	23.32	29.75	0.06	7.62
50.985	23.32	29.75	0.10	7.67
51.015	23.32	29.75	0.10	7.67
51.044	23.36	29.79	0.10	7.67
51.074	23.36	29.79	0.00	7.56
51.104	23.36	29.79	0.00	7.56
51.134	23.28	29.72	0.00	7.56
51.163	23.28	29.72	0.10	7.67
51.193	23.28	29.72	0.10	7.67
51.223	23.26	29.70	0.10	7.67
51.253	23.26	29.70	0.02	7.58
51.282	23.26	29.70	0.02	7.58
51.312	23.28	29.72	0.02	7.58
51.342	23.28	29.72	0.05	7.62
51.372	23.28	29.72	0.05	7.62
51.401	23.26	29.70	0.05	7.62
51.431	23.26	29.70	0.10	7.67
51.461	23.26	29.70	0.10	7.67
51.491	23.28	29.72	0.10	7.67
51.521	23.28	29.72	0.00	7.56
51.550	23.28	29.72	0.00	7.56
51.580	23.30	29.74	0.00	7.56
51.610	23.30	29.74	0.10	7.66
51.639	23.30	29.74	0.10	7.66
51.669	23.30	29.73	0.10	7.66
51.699	23.30	29.73	0.03	7.59
51.729	23.30	29.73	0.03	7.59
51.758	23.31	29.75	0.03	7.59
51.788	23.31	29.75	0.05	7.62
51.818	23.31	29.75	0.05	7.62
51.848	23.30	29.74	0.05	7.62
51.878	23.30	29.74	0.10	7.67
51.907	23.30	29.74	0.10	7.67
51.937	23.29	29.73	0.10	7.67
51.967	23.29	29.73	0.00	7.56
51.997	23.29	29.73	0.00	7.56
52.026	23.30	29.74	0.00	7.56
52.056	23.30	29.74	0.10	7.67
52.086	23.30	29.74	0.10	7.67
52.116	23.32	29.75	0.10	7.67
52.145	23.32	29.75	0.02	7.58
52.175	23.32	29.75	0.02	7.58
52.205	23.33	29.77	0.02	7.58
52.235	23.33	29.77	0.05	7.61
52.264	23.33	29.77	0.05	7.61
52.294	23.31	29.75	0.05	7.61
52.324	23.31	29.75	0.11	7.67
52.354	23.31	29.75	0.11	7.67
52.383	23.34	29.77	0.11	7.67
52.413	23.34	29.77	0.00	7.56
52.443	23.34	29.77	0.00	7.56
52.473	23.37	29.81	0.00	7.56
52.502	23.37	29.81	0.10	7.66
52.532	23.37	29.81	0.10	7.66
52.562	23.30	29.73	0.10	7.66
52.592	23.30	29.73	0.02	7.58
52.621	23.30	29.73	0.02	7.58
52.651	23.27	29.70	0.02	7.58
52.681	23.27	29.70	0.05	7.61
52.711	23.27	29.70	0.05	7.61
52.740	23.29	29.72	0.05	7.61
52.770	23.29	29.72	0.11	7.67
52.800	23.29	29.72	0.11	7.67
52.830	23.36	29.79	0.11	7.67
52.859	23.36	29.79	-0.00	7.56
52.889	23.36	29.79	-0.00	7.56
52.919	23.40	29.84	-0.00	7.56
52.949	23.40	29.84	0.10	7.67
52.979	23.40	29.84	0.10	7.67
53.008	23.33	29.76	0.10	7.67
53.038	23.33	29.76	0.03	7.59
53.068	23.33	29.76	0.03	7.59
53.098	23.31	29.75	0.03	7.59
53.127	23.31	29.75	0.05	7.61
53.157	23.31	29.75	0.05	7.61
53.187	23.29	29.72	0.05	7.61
53.217	23.29	29.72	0.11	7.67
53.246	23.29	29.72	0.11	7.67
53.276	23.30	29.74	0.11	7.67
53.306	23.30	29.74	0.00	7.57
53.336	23.30	29.74	0.00	7.57
53.365	23.34	29.78	0.00	7.57
53.395	23.34	29.78	0.10	7.66
53.425	23.34	29.78	0.10	7.66
53.455	23.34	29.77	0.10	7.66
53.485	23.34	29.77	0.02	7.59
53.514	23.34	29.77	0.02	7.59
53.544	23.29	29.73	0.02	7.59
53.574	23.29	29.73	0.04	7.60
53.604	23.29	29.73	0.04	7.60
53.633	23.32	29.76	0.04	7.60
53.663	23.32	29.76	0.11	7.67
53.693	23.32	29.76	0.11	7.67
53.723	23.34	29.78	0.11	7.67
53.752	23.34	29.78	-0.00	7.56
53.782	23.34	29.78	-0.00	7.56
53.812	23.39	29.83	-0.00	7.56
53.842	23.39	29.83	0.10	7.66
53.871	23.39	29.83	0.10	7.66
53.901	23.37	29.80	0.10	7.66
53.931	23.37	29.80	0.03	7.59
53.961	23.37	29.80	0.03	7.59
53.991	23.37	29.81	0.03	7.59
54.020	23.37	29.81	0.04	7.60
54.050	23.37	29.81	0.04	7.60
54.080	23.33	29.77	0.04	7.60
54.110	23.33	29.77	0.11	7.67
54.139	23.33	29.77	0.11	7.67
54.169	23.27	29.71	0.11	7.67
54.199	23.27	29.71	0.00	7.56
54.229	23.27	29.71	0.00	7.56
54.258	23.30	29.73	0.00	7.56
54.288	23.30	29.73	0.10	7.66
54.318	23.30	29.73	0.10	7.66
54.348	23.31	29.75	0.10	7.66
54.377	23.31	29.75	0.03	7.59
54.407	23.31	29.75	0.03	7.59
54.437	23.27	29.71	0.03	7.59
54.467	23.27	29.71	0.04	7.60
54.496	23.27	29.71	0.04	7.60
54.526	23.25	29.69	0.04	7.60
54.556	23.25	29.69	0.11	7.67
54.586	23.25	29.69	0.11	7.67
54.615	23.29	29.72	0.11	7.67
54.645	23.29	29.72	0.00	7.56
54.675	23.29	29.72	0.00	7.56
54.705	23.33	29.77	0.00	7.56
54.734	23.33	29.77	0.10	7.66
54.764	23.33	29.77	0.10	7.66
54.794	23.36	29.79	0.10	7.66
54.824	23.36	29.79	0.03	7.59
54.853	23.36	29.79	0.03	7.59
54.883	23.37	29.81	0.03	7.59
54.913	23.37	29.81	0.03	7.60
54.943	23.37	29.81	0.03	7.60
54.972	23.33	29.77	0.03	7.60
55.002	23.33	29.77	0.11	7.67
55.032	23.33	29.77	0.11	7.67
55.062	23.30	29.73	0.11	7.67
55.092	23.30	29.73	-0.00	7.56
55.121	23.30	29.73	-0.00	7.56
55.151	23.32	29.76	-0.00	7.56
55.181	23.32	29.76	0.10	7.66
55.211	23.32	29.76	0.10	7.66
55.240	23.35	29.79	0.10	7.66
55.270	23.35	29.79	0.03	7.59
55.300	23.35	29.79	0.03	7.59
55.330	23.31	29.74	0.03	7.59
55.359	23.31	29.74	0.03	7.60
55.389	23.31	29.74	0.03	7.60
55.419	23.25	29.69	0.03	7.60
55.449	23.25	29.69	0.11	7.67
55.478	23.25	29.69	0.11	7.67
55.508	23.30	29.74	0.11	7.67
55.538	23.30	29.74	-0.00	7.56
55.568	23.30	29.74	-0.00	7.56
55.597	23.31	29.74	-0.00	7.56
55.627	23.31	29.74	0.09	7.66
55.657	23.31	29.74	0.09	7.66
55.687	23.30	29.74	0.09	7.66
55.717	23.30	29.74	0.03	7.59
55.746	23.30	29.74	0.03	7.59
55.776	23.26	29.70	0.03	7.59
55.806	23.26	29.70	0.03	7.59
55.836	23.26	29.70	0.03	7.59
55.865	23.26	29.70	0.03	7.59
55.895	23.26	29.70	0.11	7.67
55.925	23.26	29.70	0.11	7.67
55.955	23.24	29.68	0.11	7.67
55.984	23.24	29.68	0.00	7.56
56.014	23.24	29.68	0.00	7.56
56.044	23.21	29.64	0.00	7.56
56.074	23.21	29.64	0.09	7.65
56.103	23.21	29.64	0.09	7.65
56.133	23.29	29.73	0.09	7.65
56.163	23.29	29.73	0.03	7.60
56.193	23.29	29.73	0.03	7.60
56.222	23.35	29.79	0.03	7.60
56.252	23.35	29.79	0.03	7.59
56.282	23.35	29.79	0.03	7.59
56.312	23.31	29.75	0.03	7.59
56.341	23.31	29.75	0.11	7.67
56.371	23.31	29.75	0.11	7.67
56.401	23.24	29.68	0.11	7.67
56.431	23.24	29.68	-0.00	7.56
56.461	23.24	29.68	-0.00	7.56
56.490	23.20	29.63	-0.00	7.56
56.520	23.20	29.63	0.09	7.65
56.550	23.20	29.63	0.09	7.65
56.580	23.23	29.67	0.09	7.65
56.609	23.23	29.67	0.03	7.60
56.639	23.23	29.67	0.03	7.60
56.669	23.28	29.72	0.03	7.60
56.699	23.28	29.72	0.03	7.59
56.728	23.28	29.72	0.03	7.59
56.758	23.28	29.72	0.03	7.59
56.788	23.28	29.72	0.11	7.67
56.818	23.28	29.72	0.11	7.67
56.847	23.30	29.74	0.11	7.67
56.877	23.30	29.74	0.00	7.57
56.907	23.30	29.74	0.00	7.57
56.937	23.33	29.77	0.00	7.57
56.966	23.33	29.77	0.09	7.65
56.996	23.33	29.77	0.09	7.65
57.026	23.28	29.72	0.09	7.65
57.056	23.28	29.72	0.03	7.60
57.086	23.28	29.72	0.03	7.60
57.115	23.30	29.74	0.03	7.60
57.145	23.30	29.74	0.02	7.58
57.175	23.30	29.74	0.02	7.58
57.205	23.31	29.74	0.02	7.58
57.234	23.31	29.74	0.11	7.67
57.264	23.31	29.74	0.11	7.67
57.294	23.28	29.72	0.11	7.67
57.324	23.28	29.72	0.00	7.56
57.353	23.28	29.72	0.00	7.56
57.383	23.27	29.71	0.00	7.56
57.413	23.27	29.71	0.09	7.66
57.443	23.27	29.71	0.09	7.66
57.472	23.26	29.70	0.09	7.66
57.502	23.26	29.70	0.04	7.60
57.532	23.26	29.70	0.04	7.60
57.562	23.30	29.73	0.04	7.60
57.591	23.30	29.73	0.02	7.58
57.621	23.30	29.73	0.02	7.58
57.651	23.34	29.77	0.02	7.58
57.681	23.34	29.77	0.11	7.67
57.710	23.34	29.77	0.11	7.67
57.740	23.34	29.77	0.11	7.67
57.770	23.34	29.77	0.00	7.56
57.800	23.34	29.77	0.00	7.56
57.829	23.31	29.75	0.00	7.56
57.859	23.31	29.75	0.09	7.65
57.889	23.31	29.75	0.09	7.65
57.919	23.30	29.74	0.09	7.65
57.948	23.30	29.74	0.04	7.60
57.978	23.30	29.74	0.04	7.60
58.008	23.29	29.73	0.04	7.60
58.038	23.29	29.73	0.02	7.58
58.068	23.29	29.73	0.02	7.58
58.097	23.31	29.75	0.02	7.58
58.127	23.31	29.75	0.11	7.67
58.157	23.31	29.75	0.11	7.67
58.187	23.26	29.70	0.11	7.67
58.216	23.26	29.70	0.00	7.56
58.246	23.26	29.70	0.00	7.56
58.276	23.25	29.69	0.00	7.56
58.306	23.25	29.69	0.09	7.65
58.335	23.25	29.69	0.09	7.65
58.365	23.25	29.68	0.09	7.65
58.395	23.25	29.68	0.04	7.60
58.425	23.25	29.68	0.04	7.60
58.454	23.32	29.76	0.04	7.60
58.484	23.32	29.76	0.02	7.58
58.514	23.32	29.76	0.02	7.58
58.544	23.39	29.82	0.02	7.58
58.573	23.39	29.82	0.11	7.67
58.603	23.39	29.82	0.11	7.67
58.633	23.34	29.78	0.11	7.67
58.663	23.34	29.78	-0.00	7.56
58.692	23.34	29.78	-0.00	7.56
58.722	23.24	29.67	-0.00	7.56
58.752	23.24	29.67	0.09	7.65
58.782	23.24	29.67	0.09	7.65
58.811	23.20	29.64	0.09	7.65
58.841	23.20	29.64	0.04	7.61
58.871	23.20	29.64	0.04	7.61
58.901	23.22	29.65	0.04	7.61
58.931	23.22	29.65	0.02	7.58
58.960	23.22	29.65	0.02	7.58
58.990	23.22	29.66	0.02	7.58
59.020	23.22	29.66	0.11	7.67
59.050	23.22	29.66	0.11	7.67
59.079	23.19	29.63	0.11	7.67
59.109	23.19	29.63	-0.00	7.56
59.139	23.19	29.63	-0.00	7.56
59.169	23.21	29.65	-0.00	7.56
59.198	23.21	29.65	0.09	7.65
59.228	23.21	29.65	0.09	7.65
59.258	23.20	29.63	0.09	7.65
59.288	23.20	29.63	0.04	7.60
59.317	23.20	29.63	0.04	7.60
59.347	23.20	29.64	0.04	7.60
59.377	23.20	29.64	0.01	7.58
59.407	23.20	29.64	0.01	7.58
59.437	23.33	29.77	0.01	7.58
59.466	23.33	29.77	0.11	7.67
59.496	23.33	29.77	0.11	7.67
59.526	23.33	29.77	0.11	7.67
59.556	23.33	29.77	0.00	7.56
59.585	23.33	29.77	0.00	7.56
59.615	23.26	29.70	0.00	7.56
59.645	23.26	29.70	0.09	7.65
59.674	23.26	29.70	0.09	7.65
59.704	23.24	29.68	0.09	7.65
59.734	23.24	29.68	0.05	7.61
59.764	23.24	29.68	0.05	7.61
59.794	23.20	29.63	0.05	7.61
59.823	23.20	29.63	0.01	7.58
59.853	23.20	29.63	0.01	7.58
59.883	23.24	29.67	0.01	7.58
59.913	23.24	29.67	0.11	7.67
59.942	23.24	29.67	0.11	7.67
59.972	23.29	29.72	0.11	7.67
60.002	23.29	29.72	0.00	7.57
60.032	23.29	29.72	0.00	7.57
60.061	23.25	29.68	0.00	7.57
60.091	23.25	29.68	0.09	7.65
60.121	23.25	29.68	0.09	7.65
60.151	23.20	29.63	0.09	7.65
60.180	23.20	29.63	0.05	7.61
60.210	23.20	29.63	0.05	7.61
60.240	23.19	29.63	0.05	7.61
60.270	23.19	29.63	0.01	7.58
60.300	23.19	29.63	0.01	7.58
60.329	23.29	29.72	0.01	7.58
60.359	23.29	29.72	0.11	7.68
60.389	23.29	29.72	0.11	7.68
60.419	23.32	29.76	0.11	7.68
60.448	23.32	29.76	0.00	7.56
60.478	23.32	29.76	0.00	7.56
60.508	23.30	29.74	0.00	7.56
60.538	23.30	29.74	0.09	7.65
60.567	23.30	29.74	0.09	7.65
60.597	23.28	29.72	0.09	7.65
60.627	23.28	29.72	0.05	7.61
60.657	23.28	29.72	0.05	7.61
60.686	23.21	29.65	0.05	7.61
60.716	23.21	29.65	0.01	7.57
60.746	23.21	29.65	0.01	7.57
60.776	23.23	29.67	0.01	7.57
60.805	23.23	29.67	0.11	7.67
60.835	23.23	29.67	0.11	7.67
60.865	23.31	29.75	0.11	7.67
60.895	23.31	29.75	0.00	7.56
60.924	23.31	29.75	0.00	7.56
60.954	23.29	29.73	0.00	7.56
60.984	23.29	29.73	0.09	7.65
61.014	23.29	29.73	0.09	7.65
61.043	23.21	29.65	0.09	7.65
61.073	23.21	29.65	0.05	7.61
61.103	23.21	29.65	0.05	7.61
61.133	23.20	29.64	0.05	7.61
61.162	23.20	29.64	0.01	7.58
61.192	23.20	29.64	0.01	7.58
61.222	23.25	29.69	0.01	7.58
61.252	23.25	29.69	0.11	7.67
61.281	23.25	29.69	0.11	7.67
61.311	23.29	29.72	0.11	7.67
61.341	23.29	29.72	-0.00	7.56
61.371	23.29	29.72	-0.00	7.56
61.401	23.29	29.73	-0.00	7.56
61.430	23.29	29.73	0.09	7.65
61.460	23.29	29.73	0.09	7.65
61.490	23.28	29.72	0.09	7.65
61.520	23.28	29.72	0.05	7.61
61.549	23.28	29.72	0.05	7.61
61.579	23.23	29.67	0.05	7.61
61.609	23.23	29.67	0.01	7.57
61.639	23.23	29.67	0.01	7.57
61.668	23.17	29.60	0.01	7.57
61.698	23.17	29.60	0.11	7.67
61.728	23.17	29.60	0.11	7.67
61.758	23.28	29.71	0.11	7.67
61.787	23.28	29.71	0.00	7.56
61.817	23.28	29.71	0.00	7.56
61.847	23.36	29.79	0.00	7.56
61.877	23.36	29.79	0.09	7.65
61.906	23.36	29.79	0.09	7.65
61.936	23.29	29.73	0.09	7.65
61.966	23.29	29.73	0.05	7.61
61.996	23.29	29.73	0.05	7.61
62.025	23.25	29.69	0.05	7.61
62.055	23.25	29.69	0.01	7.58
62.085	23.25	29.69	0.01	7.58
62.115	23.20	29.64	0.01	7.58
62.145	23.20	29.64	0.11	7.67
62.174	23.20	29.64	0.11	7.67
62.204	23.26	29.70	0.11	7.67
62.234	23.26	29.70	0.00	7.56
62.264	23.26	29.70	0.00	7.56
62.293	23.30	29.74	0.00	7.56
62.323	23.30	29.74	0.09	7.65
62.353	23.30	29.74	0.09	7.65
62.382	23.26	29.70	0.09	7.65
62.412	23.26	29.70	0.05	7.61
62.442	23.26	29.70	0.05	7.61
62.472	23.20	29.64	0.05	7.61
62.502	23.20	29.64	0.01	7.58
62.531	23.20	29.64	0.01	7.58
62.561	23.20	29.64	0.01	7.58
62.591	23.20	29.64	0.11	7.67
62.621	23.20	29.64	0.11	7.67
62.650	23.24	29.68	0.11	7.67
62.680	23.24	29.68	0.00	7.56
62.710	23.24	29.68	0.00	7.56
62.740	23.26	29.70	0.00	7.56
62.769	23.26	29.70	0.09	7.65
62.799	23.26	29.70	0.09	7.65
62.829	23.27	29.71	0.09	7.65
62.859	23.27	29.71	0.04	7.61
62.888	23.27	29.71	0.04	7.61
62.918	23.27	29.71	0.04	7.61
62.948	23.27	29.71	0.01	7.58
62.978	23.27	29.71	0.01	7.58
63.007	23.26	29.70	0.01	7.58
63.037	23.26	29.70	0.11	7.67
63.067	23.26	29.70	0.11	7.67
63.097	23.26	29.69	0.11	7.67
63.126	23.26	29.69	0.00	7.56
63.156	23.26	29.69	0.00	7.56
63.186	23.32	29.75	0.00	7.56
63.216	23.32	29.75	0.09	7.65
63.245	23.32	29.75	0.09	7.65
63.275	23.35	29.78	0.09	7.65
63.305	23.35	29.78	0.04	7.60
63.335	23.35	29.78	0.04	7.60
63.364	23.30	29.74	0.04	7.60
63.394	23.30	29.74	0.01	7.58
63.424	23.30	29.74	0.01	7.58
63.454	23.25	29.69	0.01	7.58
63.483	23.25	29.69	0.11	7.67
63.513	23.25	29.69	0.11	7.67
63.543	23.17	29.60	0.11	7.67
63.573	23.17	29.60	0.00	7.56
63.602	23.17	29.60	0.00	7.56
63.632	23.24	29.67	0.00	7.56
63.662	23.24	29.67	0.09	7.65
63.692	23.24	29.67	0.09	7.65
63.721	23.31	29.75	0.09	7.65
63.751	23.31	29.75	0.04	7.60
63.781	23.31	29.75	0.04	7.60
63.811	23.30	29.74	0.04	7.60
63.840	23.30	29.74	0.02	7.58
63.870	23.30	29.74	0.02	7.58
63.900	23.28	29.72	0.02	7.58
63.930	23.28	29.72	0.11	7.67
63.960	23.28	29.72	0.11	7.67
63.989	23.23	29.67	0.11	7.67
64.019	23.23	29.67	0.00	7.57
64.049	23.23	29.67	0.00	7.57
64.079	23.30	29.74	0.00	7.57
64.108	23.30	29.74	0.09	7.65
64.138	23.30	29.74	0.09	7.65
64.168	23.31	29.75	0.09	7.65
64.198	23.31	29.75	0.04	7.60
64.227	23.31	29.75	0.04	7.60
64.257	23.30	29.73	0.04	7.60
64.287	23.30	29.73	0.02	7.58
64.317	23.30	29.73	0.02	7.58
64.346	23.27	29.71	0.02	7.58
64.376	23.27	29.71	0.11	7.67
64.406	23.27	29.71	0.11	7.67
64.436	23.25	29.68	0.11	7.67
64.466	23.25	29.68	0.00	7.57
64.495	23.25	29.68	0.00	7.57
64.525	23.24	29.68	0.00	7.57
64.555	23.24	29.68	0.09	7.65
64.585	23.24	29.68	0.09	7.65
64.614	23.29	29.73	0.09	7.65
64.644	23.29	29.73	0.04	7.60
64.674	23.29	29.73	0.04	7.60
64.704	23.25	29.68	0.04	7.60
64.733	23.25	29.68	0.02	7.58
64.763	23.25	29.68	0.02	7.58
64.793	23.23	29.67	0.02	7.58
64.823	23.23	29.67	0.11	7.67
64.852	23.23	29.67	0.11	7.67
64.882	23.25	29.68	0.11	7.67
64.912	23.25	29.68	0.00	7.57
64.942	23.25	29.68	0.00	7.57
64.972	23.25	29.69	0.00	7.57
65.001	23.25	29.69	0.09	7.65
65.031	23.25	29.69	0.09	7.65
65.061	23.29	29.72	0.09	7.65
65.091	23.29	29.72	0.04	7.60
65.120	23.29	29.72	0.04	7.60
65.150	23.30	29.73	0.04	7.60
65.180	23.30	29.73	0.02	7.58
65.210	23.30	29.73	0.02	7.58
65.239	23.26	29.70	0.02	7.58
65.269	23.26	29.70	0.11	7.67
65.299	23.26	29.70	0.11	7.67
65.329	23.23	29.67	0.11	7.67
65.358	23.23	29.67	-0.00	7.56
65.388	23.23	29.67	-0.00	7.56
65.418	23.22	29.66	-0.00	7.56
65.448	23.22	29.66	0.09	7.65
65.477	23.22	29.66	0.09	7.65
65.507	23.32	29.76	0.09	7.65
65.537	23.32	29.76	0.04	7.60
65.567	23.32	29.76	0.04	7.60
65.596	23.32	29.76	0.04	7.60
65.626	23.32	29.76	0.02	7.58
65.656	23.32	29.76	0.02	7.58
65.686	23.24	29.67	0.02	7.58
65.716	23.24	29.67	0.11	7.67
65.745	23.24	29.67	0.11	7.67
65.775	23.20	29.63	0.11	7.67
65.805	23.20	29.63	-0.00	7.56
65.835	23.20	29.63	-0.00	7.56
65.864	23.25	29.69	-0.00	7.56
65.894	23.25	29.69	0.09	7.65
65.924	23.25	29.69	0.09	7.65
65.954	23.35	29.79	0.09	7.65
65.983	23.35	29.79	0.04	7.60
66.013	23.35	29.79	0.04	7.60
66.043	23.35	29.79	0.04	7.60
66.073	23.35	29.79	0.02	7.58
66.102	23.35	29.79	0.02	7.58
66.132	23.31	29.75	0.02	7.58
66.162	23.31	29.75	0.11	7.67
66.192	23.31	29.75	0.11	7.67
66.222	23.30	29.74	0.11	7.67
66.251	23.30	29.74	0.00	7.57
66.281	23.30	29.74	0.00	7.57
66.311	23.27	29.70	0.00	7.57
66.341	23.27	29.70	0.09	7.65
66.370	23.27	29.70	0.09	7.65
66.400	23.24	29.68	0.09	7.65
66.430	23.24	29.68	0.04	7.60
66.460	23.24	29.68	0.04	7.60
66.489	23.31	29.74	0.04	7.60
66.519	23.31	29.74	0.02	7.59
66.549	23.31	29.74	0.02	7.59
66.579	23.28	29.71	0.02	7.59
66.608	23.28	29.71	0.11	7.67
66.638	23.28	29.71	0.11	7.67
66.668	23.24	29.68	0.11	7.67
66.698	23.24	29.68	0.00	7.57
66.728	23.24	29.68	0.00	7.57
66.757	23.21	29.64	0.00	7.57
66.787	23.21	29.64	0.09	7.65
66.817	23.21	29.64	0.09	7.65
66.847	23.30	29.73	0.09	7.65
66.876	23.30	29.73	0.03	7.60
66.906	23.30	29.73	0.03	7.60
66.936	23.32	29.76	0.03	7.60
66.966	23.32	29.76	0.02	7.59
66.995	23.32	29.76	0.02	7.59
67.025	23.26	29.69	0.02	7.59
67.055	23.26	29.69	0.11	7.67
67.085	23.26	29.69	0.11	7.67
67.114	23.18	29.61	0.11	7.67
67.144	23.18	29.61	-0.00	7.56
67.174	23.18	29.61	-0.00	7.56
67.204	23.19	29.62	-0.00	7.56
67.234	23.19	29.62	0.09	7.66
67.263	23.19	29.62	0.09	7.66
67.293	23.18	29.62	0.09	7.66
67.323	23.18	29.62	0.03	7.59
67.353	23.18	29.62	0.03	7.59
67.382	23.23	29.66	0.03	7.59
67.412	23.23	29.66	0.03	7.59
67.442	23.23	29.66	0.03	7.59
67.472	23.25	29.68	0.03	7.59
67.501	23.25	29.68	0.11	7.67
67.531	23.25	29.68	0.11	7.67
67.561	23.20	29.63	0.11	7.67
67.591	23.20	29.63	0.00	7.56
67.620	23.20	29.63	0.00	7.56
67.650	23.17	29.60	0.00	7.56
67.680	23.17	29.60	0.09	7.65
67.710	23.17	29.60	0.09	7.65
67.739	23.17	29.60	0.09	7.65
67.769	23.17	29.60	0.03	7.60
67.799	23.17	29.60	0.03	7.60
67.829	23.20	29.64	0.03	7.60
67.858	23.20	29.64	0.03	7.59
67.888	23.20	29.64	0.03	7.59
67.918	23.21	29.65	0.03	7.59
67.948	23.21	29.65	0.11	7.67
67.977	23.21	29.65	0.11	7.67
68.007	23.17	29.60	0.11	7.67
68.037	23.17	29.60	-0.00	7.56
68.067	23.17	29.60	-0.00	7.56
68.097	23.17	29.60	-0.00	7.56
68.126	23.17	29.60	0.09	7.66
68.156	23.17	29.60	0.09	7.66
68.186	23.18	29.62	0.09	7.66
68.216	23.18	29.62	0.03	7.59
68.245	23.18	29.62	0.03	7.59
68.275	23.21	29.65	0.03	7.59
68.305	23.21	29.65	0.03	7.59
68.335	23.21	29.65	0.03	7.59
68.364	23.24	29.67	0.03	7.59
68.394	23.24	29.67	0.11	7.67
68.424	23.24	29.67	0.11	7.67
68.454	23.17	29.61	0.11	7.67
68.483	23.17	29.61	-0.00	7.56
68.513	23.17	29.61	-0.00	7.56
68.543	23.10	29.54	-0.00	7.56
68.573	23.10	29.54	0.09	7.65
68.602	23.10	29.54	0.09	7.65
68.632	23.14	29.58	0.09	7.65
68.662	23.14	29.58	0.03	7.59
68.692	23.14	29.58	0.03	7.59
68.722	23.22	29.66	0.03	7.59
68.751	23.22	29.66	0.03	7.60
68.781	23.22	29.66	0.03	7.60
68.811	23.27	29.70	0.03	7.60
68.841	23.27	29.70	0.10	7.67
68.870	23.27	29.70	0.10	7.67
68.900	14.14	20.57	0.10	7.67
68.930	14.14	20.57	-0.01	7.55
68.960	14.14	20.57	-0.01	7.55
68.989	-2.84	3.60	-0.01	7.55
69.019	-2.84	3.60	0.09	7.66
69.049	-2.84	3.60	0.09	7.66
69.079	-4.56	1.88	0.09	7.66
69.108	-4.56	1.88	0.02	7.59
69.138	-4.56	1.88	0.02	7.59
69.168	-0.58	5.86	0.02	7.59
69.198	-0.58	5.86	0.03	7.59
69.228	-0.58	5.86	0.03	7.59
69.257	3.67	10.11	0.03	7.59
69.287	3.67	10.11	0.11	7.67
69.317	3.67	10.11	0.11	7.67
69.347	2.98	9.42	0.11	7.67
69.376	2.98	9.42	-0.01	7.56
69.406	2.98	9.42	-0.01	7.56
69.436	0.00	6.44	-0.01	7.56
69.466	0.00	6.44	0.09	7.66
69.496	0.00	6.44	0.09	7.66
69.525	-0.44	6.00	0.09	7.66
69.555	-0.44	6.00	0.02	7.59
69.585	-0.44	6.00	0.02	7.59
69.615	0.25	6.69	0.02	7.59
69.644	0.25	6.69	0.04	7.60
69.674	0.25	6.69	0.04	7.60
69.704	1.25	7.69	0.04	7.60
69.734	1.25	7.69	0.10	7.67
69.763	1.25	7.69	0.10	7.67
69.793	1.10	7.54	0.10	7.67
69.823	1.10	7.54	-0.01	7.56
69.853	1.10	7.54	-0.01	7.56
69.883	0.47	6.91	-0.01	7.56
69.912	0.47	6.91	0.10	7.66
69.942	0.47	6.91	0.10	7.66
69.972	0.30	6.73	0.10	7.66
70.002	0.30	6.73	0.02	7.59
70.031	0.30	6.73	0.02	7.59
70.061	0.48	6.92	0.02	7.59
70.091	0.48	6.92	0.04	7.61
70.121	0.48	6.92	0.04	7.61
70.151	0.67	7.11	0.04	7.61
70.180	0.67	7.11	0.10	7.67
70.210	0.67	7.11	0.10	7.67
70.240	0.63	7.07	0.10	7.67
70.270	0.63	7.07	-0.01	7.56
70.299	0.63	7.07	-0.01	7.56
70.329	0.51	6.94	-0.01	7.56
70.359	0.51	6.94	0.10	7.66
70.389	0.51	6.94	0.10	7.66
70.419	0.50	6.93	0.10	7.66
70.448	0.50	6.93	0.02	7.58
70.478	0.50	6.93	0.02	7.58
70.508	0.56	6.99	0.02	7.58
70.538	0.56	6.99	0.05	7.61
70.567	0.56	6.99	0.05	7.61
70.597	0.58	7.01	0.05	7.61
70.627	0.58	7.01	0.11	7.67
70.657	0.58	7.01	0.11	7.67
70.687	0.56	6.99	0.11	7.67
70.716	0.56	6.99	-0.00	7.56
70.746	0.56	6.99	-0.00	7.56
70.776	0.53	6.97	-0.00	7.56
70.806	0.53	6.97	0.10	7.66
70.836	0.53	6.97	0.10	7.66
70.865	0.55	6.98	0.10	7.66
70.895	0.55	6.98	0.02	7.58
70.925	0.55	6.98	0.02	7.58
70.955	0.56	7.00	0.02	7.58
70.984	0.56	7.00	0.05	7.61
71.014	0.56	7.00	0.05	7.61
71.044	0.57	7.00	0.05	7.61
71.074	0.57	7.00	0.10	7.66
71.104	0.57	7.00	0.10	7.66
71.133	0.56	7.00	0.10	7.66
71.163	0.56	7.00	-0.00	7.56
71.193	0.56	7.00	-0.00	7.56
71.223	0.52	6.96	-0.00	7.56
71.252	0.52	6.96	0.10	7.66
71.282	0.52	6.96	0.10	7.66
71.312	0.51	6.94	0.10	7.66
71.342	0.51	6.94	0.02	7.58
71.371	0.51	6.94	0.02	7.58
71.401	0.53	6.97	0.02	7.58
71.431	0.53	6.97	0.06	7.62
71.461	0.53	6.97	0.06	7.62
71.491	0.56	7.00	0.06	7.62
71.520	0.56	7.00	0.10	7.66
71.550	0.56	7.00	0.10	7.66
71.580	0.57	7.00	0.10	7.66
71.610	0.57	7.00	-0.00	7.56
71.640	0.57	7.00	-0.00	7.56
71.669	0.57	7.01	-0.00	7.56
71.699	0.57	7.01	0.10	7.67
71.729	0.57	7.01	0.10	7.67
71.759	0.58	7.01	0.10	7.67
71.788	0.58	7.01	0.02	7.58
71.818	0.58	7.01	0.02	7.58
71.848	0.56	7.00	0.02	7.58
71.878	0.56	7.00	0.06	7.62
71.908	0.56	7.00	0.06	7.62
71.937	0.55	6.99	0.06	7.62
71.967	0.55	6.99	0.09	7.66
71.997	0.55	6.99	0.09	7.66
72.027	0.56	6.99	0.09	7.66
72.056	0.56	6.99	-0.00	7.56
72.086	0.56	6.99	-0.00	7.56
72.116	0.56	7.00	-0.00	7.56
72.146	0.56	7.00	0.10	7.67
72.176	0.56	7.00	0.10	7.67
72.205	0.57	7.00	0.10	7.67
72.235	0.57	7.00	0.01	7.58
72.265	0.57	7.00	0.01	7.58
72.295	0.57	7.00	0.01	7.58
72.324	0.57	7.00	0.06	7.63
72.354	0.57	7.00	0.06	7.63
72.384	0.57	7.00	0.06	7.63
72.414	0.57	7.00	0.09	7.65
72.444	0.57	7.00	0.09	7.65
72.473	0.57	7.01	0.09	7.65
72.503	0.57	7.01	-0.00	7.56
72.533	0.57	7.01	-0.00	7.56
72.563	0.57	7.01	-0.00	7.56
72.592	0.57	7.01	0.10	7.67
72.622	0.57	7.01	0.10	7.67
72.652	0.57	7.01	0.10	7.67
72.682	0.57	7.01	0.01	7.58
72.712	0.57	7.01	0.01	7.58
72.741	0.57	7.01	0.01	7.58
72.771	0.57	7.01	0.07	7.63
72.801	0.57	7.01	0.07	7.63
72.831	0.58	7.01	0.07	7.63
72.860	0.58	7.01	0.09	7.65
72.890	0.58	7.01	0.09	7.65
72.920	0.58	7.01	0.09	7.65
72.950	0.58	7.01	-0.00	7.56
72.979	0.58	7.01	-0.00	7.56
73.009	0.58	7.02	-0.00	7.56
73.039	0.58	7.02	0.10	7.67
73.069	0.58	7.02	0.10	7.67
73.099	0.58	7.01	0.10	7.67
73.128	0.58	7.01	0.01	7.58
73.158	0.58	7.01	0.01	7.58
73.188	0.58	7.01	0.01	7.58
73.218	0.58	7.01	0.07	7.63
73.247	0.58	7.01	0.07	7.63
73.277	0.58	7.02	0.07	7.63
73.307	0.58	7.02	0.08	7.64
73.337	0.58	7.02	0.08	7.64
73.367	0.57	7.01	0.08	7.64
73.396	0.57	7.01	0.00	7.56
73.426	0.57	7.01	0.00	7.56
73.456	0.57	7.01	0.00	7.56
73.486	0.57	7.01	0.11	7.67
73.515	0.57	7.01	0.11	7.67
73.545	0.57	7.01	0.11	7.67
73.575	0.57	7.01	0.01	7.58
73.605	0.57	7.01	0.01	7.58
73.634	0.57	7.01	0.01	7.58
73.664	0.57	7.01	0.07	7.64
73.694	0.57	7.01	0.07	7.64
73.724	0.57	7.01	0.07	7.64
73.754	0.57	7.01	0.08	7.64
73.783	0.57	7.01	0.08	7.64
73.813	0.57	7.00	0.08	7.64
73.843	0.57	7.00	0.00	7.56
73.873	0.57	7.00	0.00	7.56
73.902	0.57	7.00	0.00	7.56
73.932	0.57	7.00	0.11	7.67
73.962	0.57	7.00	0.11	7.67
73.992	0.57	7.00	0.11	7.67
74.021	0.57	7.00	0.01	7.57
74.051	0.57	7.00	0.01	7.57
74.081	0.57	7.00	0.01	7.57
74.111	0.57	7.00	0.08	7.64
74.140	0.57	7.00	0.08	7.64
