Tempo(s)    P0(KPa) P0+Coluna(KPa)  P1(KPa) P1+Coluna(KPa)
0.003	-2.22	-2.22	-2.22	-2.22
0.030	-2.22	-2.22	-2.22	-2.22
0.060	8.88	8.88	-2.22	-2.22
0.090	8.88	8.88	7.52	7.52
0.120	8.88	8.88	7.52	7.52
0.149	9.09	9.09	7.52	7.52
0.179	9.09	9.09	7.61	7.61
0.209	9.09	9.09	7.61	7.61
0.239	9.09	9.09	7.61	7.61
0.269	9.09	9.09	7.52	7.52
0.298	9.09	9.09	7.52	7.52
0.328	8.62	8.62	7.52	7.52
0.358	8.62	8.62	7.64	7.64
0.388	8.62	8.62	7.64	7.64
0.418	8.62	8.62	7.64	7.64
0.447	8.62	8.62	7.54	7.54
0.477	8.62	8.62	7.54	7.54
0.507	8.61	8.61	7.54	7.54
0.537	8.61	8.61	7.60	7.60
0.566	8.61	8.61	7.60	7.60
0.596	8.60	8.60	7.60	7.60
0.626	0.00	8.60	0.00	7.60
0.656	0.00	8.60	0.00	7.60
0.685	-0.00	8.60	0.00	7.60
0.715	-0.00	8.60	-0.08	7.52
0.745	-0.00	8.60	-0.08	7.52
0.775	-0.00	8.59	-0.08	7.52
0.804	-0.00	8.59	0.04	7.64
0.834	-0.00	8.59	0.04	7.64
0.864	-0.01	8.59	0.04	7.64
0.894	-0.01	8.59	-0.07	7.53
0.924	-0.01	8.59	-0.07	7.53
0.953	-0.01	8.59	-0.07	7.53
0.983	-0.01	8.59	0.00	7.60
1.013	-0.01	8.59	0.00	7.60
1.043	-0.01	8.59	0.00	7.60
1.072	-0.01	8.59	-0.01	7.59
1.102	-0.01	8.59	-0.01	7.59
1.132	-0.01	8.59	-0.01	7.59
1.162	-0.01	8.59	-0.08	7.52
1.192	-0.01	8.59	-0.08	7.52
1.221	-0.01	8.59	-0.08	7.52
1.251	-0.01	8.59	0.03	7.63
1.281	-0.01	8.59	0.03	7.63
1.311	-0.01	8.59	0.03	7.63
1.341	-0.01	8.59	-0.07	7.53
1.370	-0.01	8.59	-0.07	7.53
1.400	-0.01	8.59	-0.07	7.53
1.430	-0.01	8.59	0.01	7.61
1.460	-0.01	8.59	0.01	7.61
1.489	-0.01	8.59	0.01	7.61
1.519	-0.01	8.59	-0.02	7.58
1.549	-0.01	8.59	-0.02	7.58
1.579	-0.01	8.59	-0.02	7.58
1.609	-0.01	8.59	-0.08	7.52
1.638	-0.01	8.59	-0.08	7.52
1.668	-0.01	8.59	-0.08	7.52
1.698	-0.01	8.59	0.04	7.64
1.728	-0.01	8.59	0.04	7.64
1.758	-0.01	8.59	0.04	7.64
1.787	-0.01	8.59	-0.07	7.53
1.817	-0.01	8.59	-0.07	7.53
1.847	-0.01	8.59	-0.07	7.53
1.877	-0.01	8.59	0.01	7.61
1.906	-0.01	8.59	0.01	7.61
1.936	-0.01	8.59	0.01	7.61
1.966	-0.01	8.59	-0.02	7.58
1.996	-0.01	8.59	-0.02	7.58
2.026	-0.01	8.58	-0.02	7.58
2.055	-0.01	8.58	-0.07	7.53
2.085	-0.01	8.58	-0.07	7.53
2.115	-0.01	8.59	-0.07	7.53
2.145	-0.01	8.59	0.04	7.64
2.174	-0.01	8.59	0.04	7.64
2.204	-0.01	8.59	0.04	7.64
2.234	-0.01	8.59	-0.08	7.52
2.264	-0.01	8.59	-0.08	7.52
2.294	-0.01	8.58	-0.08	7.52
2.323	-0.01	8.58	0.01	7.61
2.353	-0.01	8.58	0.01	7.61
2.383	-0.02	8.58	0.01	7.61
2.413	-0.02	8.58	-0.03	7.57
2.443	-0.02	8.58	-0.03	7.57
2.472	-0.02	8.58	-0.03	7.57
2.502	-0.02	8.58	-0.07	7.53
2.532	-0.02	8.58	-0.07	7.53
2.562	-0.02	8.58	-0.07	7.53
2.591	-0.02	8.58	0.04	7.64
2.621	-0.02	8.58	0.04	7.64
2.651	-0.02	8.58	0.04	7.64
2.681	-0.02	8.58	-0.08	7.52
2.711	-0.02	8.58	-0.08	7.52
2.740	-0.02	8.58	-0.08	7.52
2.770	-0.02	8.58	0.01	7.62
2.800	-0.02	8.58	0.01	7.62
2.830	-0.02	8.58	0.01	7.62
2.860	-0.02	8.58	-0.04	7.56
2.889	-0.02	8.58	-0.04	7.56
2.919	-0.02	8.58	-0.04	7.56
2.949	-0.02	8.58	-0.06	7.54
2.979	-0.02	8.58	-0.06	7.54
3.008	-0.02	8.58	-0.06	7.54
3.038	-0.02	8.58	0.04	7.64
3.068	-0.02	8.58	0.04	7.64
3.098	-0.02	8.58	0.04	7.64
3.128	-0.02	8.58	-0.08	7.52
3.157	-0.02	8.58	-0.08	7.52
3.187	-0.02	8.58	-0.08	7.52
3.217	-0.02	8.58	0.02	7.62
3.247	-0.02	8.58	0.02	7.62
3.276	-0.02	8.58	0.02	7.62
3.306	-0.02	8.58	-0.04	7.56
3.336	-0.02	8.58	-0.04	7.56
3.366	-0.02	8.58	-0.04	7.56
3.396	-0.02	8.58	-0.05	7.55
3.425	-0.02	8.58	-0.05	7.55
3.455	-0.02	8.58	-0.05	7.55
3.485	-0.02	8.58	0.04	7.64
3.515	-0.02	8.58	0.04	7.64
3.545	-0.03	8.57	0.04	7.64
3.574	-0.03	8.57	-0.08	7.52
3.604	-0.03	8.57	-0.08	7.52
3.634	-0.03	8.57	-0.08	7.52
3.664	-0.03	8.57	0.02	7.62
3.693	-0.03	8.57	0.02	7.62
3.723	-0.03	8.57	0.02	7.62
3.753	-0.03	8.57	-0.05	7.55
3.783	-0.03	8.57	-0.05	7.55
3.813	-0.03	8.57	-0.05	7.55
3.842	-0.03	8.57	-0.05	7.55
3.872	-0.03	8.57	-0.05	7.55
3.902	-0.03	8.57	-0.05	7.55
3.932	-0.03	8.57	0.03	7.63
3.962	-0.03	8.57	0.03	7.63
3.991	-0.04	8.56	0.03	7.63
4.021	-0.04	8.56	-0.08	7.52
4.051	-0.04	8.56	-0.08	7.52
4.081	-0.04	8.56	-0.08	7.52
4.110	-0.04	8.56	0.02	7.63
4.140	-0.04	8.56	0.02	7.63
4.170	-0.04	8.56	0.02	7.63
4.200	-0.04	8.56	-0.06	7.54
4.230	-0.04	8.56	-0.06	7.54
4.259	-0.04	8.56	-0.06	7.54
4.289	-0.04	8.56	-0.04	7.56
4.319	-0.04	8.56	-0.04	7.56
4.349	-0.04	8.56	-0.04	7.56
4.378	-0.04	8.56	0.03	7.63
4.408	-0.04	8.56	0.03	7.63
4.438	-0.04	8.56	0.03	7.63
4.468	-0.04	8.56	-0.08	7.52
4.498	-0.04	8.56	-0.08	7.52
4.527	-0.04	8.56	-0.08	7.52
4.557	-0.04	8.56	0.03	7.63
4.587	-0.04	8.56	0.03	7.63
4.617	-0.04	8.56	0.03	7.63
4.647	-0.04	8.56	-0.05	7.55
4.676	-0.04	8.56	-0.05	7.55
4.706	-0.04	8.56	-0.05	7.55
4.736	-0.04	8.56	-0.03	7.57
4.766	-0.04	8.56	-0.03	7.57
4.795	-0.04	8.55	-0.03	7.57
4.825	-0.04	8.55	0.03	7.63
4.855	-0.04	8.55	0.03	7.63
4.885	-0.05	8.55	0.03	7.63
4.915	-0.05	8.55	-0.08	7.52
4.944	-0.05	8.55	-0.08	7.52
4.974	-0.05	8.55	-0.08	7.52
5.004	-0.05	8.55	0.02	7.62
5.034	-0.05	8.55	0.02	7.62
5.064	-0.05	8.55	0.02	7.62
5.093	-0.05	8.55	-0.06	7.54
5.123	-0.05	8.55	-0.06	7.54
5.153	-0.05	8.55	-0.06	7.54
5.183	-0.05	8.55	-0.02	7.58
5.212	-0.05	8.55	-0.02	7.58
5.242	-0.05	8.55	-0.02	7.58
5.272	-0.05	8.55	0.02	7.63
5.302	-0.05	8.55	0.02	7.63
5.332	-0.05	8.55	0.02	7.63
5.361	-0.05	8.55	-0.08	7.52
5.391	-0.05	8.55	-0.08	7.52
5.421	-0.05	8.55	-0.08	7.52
5.451	-0.05	8.55	0.03	7.63
5.480	-0.05	8.55	0.03	7.63
5.510	-0.05	8.55	0.03	7.63
5.540	-0.05	8.55	-0.06	7.54
5.570	-0.05	8.55	-0.06	7.54
5.600	7.36	15.96	-0.06	7.54
5.629	7.36	15.96	-0.01	7.59
5.659	7.36	15.96	-0.01	7.59
5.689	19.89	28.49	-0.01	7.59
5.719	19.89	28.49	0.02	7.62
5.748	19.89	28.49	0.02	7.62
5.778	21.50	30.09	0.02	7.62
5.808	21.50	30.09	-0.08	7.52
5.838	21.50	30.09	-0.08	7.52
5.868	20.20	28.80	-0.08	7.52
5.897	20.20	28.80	0.04	7.64
5.927	20.20	28.80	0.04	7.64
5.957	19.32	27.92	0.04	7.64
5.987	19.32	27.92	-0.06	7.54
6.016	19.32	27.92	-0.06	7.54
6.046	18.95	27.55	-0.06	7.54
6.076	18.95	27.55	-0.00	7.60
6.106	18.95	27.55	-0.00	7.60
6.135	18.98	27.58	-0.00	7.60
6.165	18.98	27.58	0.02	7.62
6.195	18.98	27.58	0.02	7.62
6.225	18.92	27.52	0.02	7.62
6.255	18.92	27.52	-0.08	7.53
6.284	18.92	27.52	-0.08	7.53
6.314	18.92	27.52	-0.08	7.53
6.344	18.92	27.52	0.04	7.64
6.374	18.92	27.52	0.04	7.64
6.403	19.03	27.62	0.04	7.64
6.433	19.03	27.62	-0.06	7.54
6.463	19.03	27.62	-0.06	7.54
6.493	19.09	27.69	-0.06	7.54
6.523	19.09	27.69	-0.00	7.60
6.552	19.09	27.69	-0.00	7.60
6.582	19.00	27.60	-0.00	7.60
6.612	19.00	27.60	0.00	7.60
6.641	19.00	27.60	0.00	7.60
6.671	19.03	27.62	0.00	7.60
6.701	19.03	27.62	-0.08	7.52
6.731	19.03	27.62	-0.08	7.52
6.761	19.16	27.75	-0.08	7.52
6.790	19.16	27.75	0.04	7.64
6.820	19.16	27.75	0.04	7.64
6.850	19.16	27.76	0.04	7.64
6.880	19.16	27.76	-0.06	7.54
6.909	19.16	27.76	-0.06	7.54
6.939	19.12	27.72	-0.06	7.54
6.969	19.12	27.72	0.01	7.61
6.999	19.12	27.72	0.01	7.61
7.028	19.16	27.76	0.01	7.61
7.058	19.16	27.76	-0.00	7.60
7.088	19.16	27.76	-0.00	7.60
7.118	19.13	27.73	-0.00	7.60
7.147	19.13	27.73	-0.08	7.52
7.177	19.13	27.73	-0.08	7.52
7.207	19.09	27.69	-0.08	7.52
7.237	19.09	27.69	0.04	7.64
7.266	19.09	27.69	0.04	7.64
7.296	19.11	27.71	0.04	7.64
7.326	19.11	27.71	-0.07	7.53
7.356	19.11	27.71	-0.07	7.53
7.386	19.04	27.64	-0.07	7.53
7.415	19.04	27.64	0.01	7.61
7.445	19.04	27.64	0.01	7.61
7.475	19.09	27.69	0.01	7.61
7.505	19.09	27.69	-0.01	7.59
7.534	19.09	27.69	-0.01	7.59
7.564	19.12	27.72	-0.01	7.59
7.594	19.12	27.72	-0.08	7.53
7.624	19.12	27.72	-0.08	7.53
7.653	19.14	27.73	-0.08	7.53
7.683	19.14	27.73	0.04	7.64
7.713	19.14	27.73	0.04	7.64
7.743	19.26	27.86	0.04	7.64
7.773	19.26	27.86	-0.07	7.53
7.802	19.26	27.86	-0.07	7.53
7.832	19.24	27.84	-0.07	7.53
7.862	19.24	27.84	0.01	7.61
7.892	19.24	27.84	0.01	7.61
7.921	19.29	27.89	0.01	7.61
7.951	19.29	27.89	-0.02	7.58
7.981	19.29	27.89	-0.02	7.58
8.011	19.28	27.88	-0.02	7.58
8.040	19.28	27.88	-0.08	7.53
8.070	19.28	27.88	-0.08	7.53
8.100	19.19	27.79	-0.08	7.53
8.130	19.19	27.79	0.04	7.64
8.160	19.19	27.79	0.04	7.64
8.189	19.19	27.79	0.04	7.64
8.219	19.19	27.79	-0.08	7.53
8.249	19.19	27.79	-0.08	7.53
8.279	19.20	27.80	-0.08	7.53
8.308	19.20	27.80	0.01	7.61
8.338	19.20	27.80	0.01	7.61
8.368	19.19	27.78	0.01	7.61
8.398	19.19	27.78	-0.03	7.57
8.427	19.19	27.78	-0.03	7.57
8.457	19.18	27.78	-0.03	7.57
8.487	19.18	27.78	-0.07	7.53
8.517	19.18	27.78	-0.07	7.53
8.547	19.20	27.80	-0.07	7.53
8.576	19.20	27.80	0.04	7.64
8.606	19.20	27.80	0.04	7.64
8.636	19.26	27.86	0.04	7.64
8.666	19.26	27.86	-0.08	7.52
8.695	19.26	27.86	-0.08	7.52
8.725	19.22	27.82	-0.08	7.52
8.755	19.22	27.82	0.01	7.62
8.785	19.22	27.82	0.01	7.62
8.814	19.25	27.85	0.01	7.62
8.844	19.25	27.85	-0.03	7.57
8.874	19.25	27.85	-0.03	7.57
8.904	19.23	27.83	-0.03	7.57
8.934	19.23	27.83	-0.06	7.54
8.963	19.23	27.83	-0.06	7.54
8.993	19.18	27.78	-0.06	7.54
9.023	19.18	27.78	0.04	7.64
9.053	19.18	27.78	0.04	7.64
9.082	19.24	27.84	0.04	7.64
9.112	19.24	27.84	-0.08	7.52
9.142	19.24	27.84	-0.08	7.52
9.172	19.25	27.84	-0.08	7.52
9.201	19.25	27.84	0.02	7.62
9.231	19.25	27.84	0.02	7.62
9.261	19.21	27.81	0.02	7.62
9.291	19.21	27.81	-0.04	7.56
9.321	19.21	27.81	-0.04	7.56
9.350	19.21	27.81	-0.04	7.56
9.380	19.21	27.81	-0.06	7.54
9.410	19.21	27.81	-0.06	7.54
9.440	19.22	27.82	-0.06	7.54
9.469	19.22	27.82	0.04	7.64
9.499	19.22	27.82	0.04	7.64
9.529	19.28	27.88	0.04	7.64
9.559	19.28	27.88	-0.08	7.52
9.588	19.28	27.88	-0.08	7.52
9.618	19.34	27.94	-0.08	7.52
9.648	19.34	27.94	0.02	7.62
9.678	19.34	27.94	0.02	7.62
9.708	19.27	27.87	0.02	7.62
9.737	19.27	27.87	-0.05	7.55
9.767	19.27	27.87	-0.05	7.55
9.797	19.23	27.83	-0.05	7.55
9.827	19.23	27.83	-0.04	7.56
9.856	19.23	27.83	-0.04	7.56
9.886	19.18	27.78	-0.04	7.56
9.916	19.18	27.78	0.04	7.64
9.946	19.18	27.78	0.04	7.64
9.975	19.16	27.76	0.04	7.64
10.005	19.16	27.76	-0.09	7.52
10.035	19.16	27.76	-0.09	7.52
10.065	19.21	27.80	-0.09	7.52
10.095	19.21	27.80	0.02	7.63
10.124	19.21	27.80	0.02	7.63
10.154	19.19	27.79	0.02	7.63
10.184	19.19	27.79	-0.05	7.55
10.214	19.19	27.79	-0.05	7.55
10.243	19.19	27.79	-0.05	7.55
10.273	19.19	27.79	-0.04	7.57
10.303	19.19	27.79	-0.04	7.57
10.333	19.14	27.74	-0.04	7.57
10.362	19.14	27.74	0.04	7.64
10.392	19.14	27.74	0.04	7.64
10.422	19.19	27.78	0.04	7.64
10.452	19.19	27.78	-0.08	7.52
10.481	19.19	27.78	-0.08	7.52
10.511	19.25	27.85	-0.08	7.52
10.541	19.25	27.85	0.03	7.63
10.571	19.25	27.85	0.03	7.63
10.601	19.22	27.82	0.03	7.63
10.630	19.22	27.82	-0.05	7.55
10.660	19.22	27.82	-0.05	7.55
10.690	19.23	27.83	-0.05	7.55
10.720	19.23	27.83	-0.03	7.57
10.749	19.23	27.83	-0.03	7.57
10.779	19.19	27.79	-0.03	7.57
10.809	19.19	27.79	0.04	7.64
10.839	19.19	27.79	0.04	7.64
10.868	19.10	27.70	0.04	7.64
10.898	19.10	27.70	-0.08	7.52
10.928	19.10	27.70	-0.08	7.52
10.958	19.09	27.69	-0.08	7.52
10.987	19.09	27.69	0.03	7.63
11.017	19.09	27.69	0.03	7.63
11.047	19.14	27.74	0.03	7.63
11.077	19.14	27.74	-0.06	7.54
11.106	19.14	27.74	-0.06	7.54
11.136	19.14	27.73	-0.06	7.54
11.166	19.14	27.73	-0.02	7.58
11.196	19.14	27.73	-0.02	7.58
11.226	19.15	27.75	-0.02	7.58
11.255	19.15	27.75	0.03	7.63
11.285	19.15	27.75	0.03	7.63
11.315	19.18	27.78	0.03	7.63
11.345	19.18	27.78	-0.08	7.52
11.374	19.18	27.78	-0.08	7.52
11.404	19.21	27.81	-0.08	7.52
11.434	19.21	27.81	0.04	7.64
11.464	19.21	27.81	0.04	7.64
11.493	19.21	27.81	0.04	7.64
11.523	19.21	27.81	-0.05	7.55
11.553	19.21	27.81	-0.05	7.55
11.583	19.22	27.82	-0.05	7.55
11.612	19.22	27.82	-0.01	7.59
11.642	19.22	27.82	-0.01	7.59
11.672	19.20	27.80	-0.01	7.59
11.702	19.20	27.80	0.02	7.62
11.731	19.20	27.80	0.02	7.62
11.761	19.20	27.80	0.02	7.62
11.791	19.20	27.80	-0.08	7.52
11.821	19.20	27.80	-0.08	7.52
11.851	19.23	27.82	-0.08	7.52
11.880	19.23	27.82	0.04	7.64
11.910	19.23	27.82	0.04	7.64
11.940	19.25	27.85	0.04	7.64
11.970	19.25	27.85	-0.06	7.54
11.999	19.25	27.85	-0.06	7.54
12.029	19.20	27.80	-0.06	7.54
12.059	19.20	27.80	-0.01	7.59
12.089	19.20	27.80	-0.01	7.59
12.118	19.15	27.75	-0.01	7.59
12.148	19.15	27.75	0.01	7.62
12.178	19.15	27.75	0.01	7.62
12.208	19.18	27.78	0.01	7.62
12.237	19.18	27.78	-0.08	7.52
12.267	19.18	27.78	-0.08	7.52
12.297	19.19	27.79	-0.08	7.52
12.327	19.19	27.79	0.04	7.64
12.356	19.19	27.79	0.04	7.64
12.386	19.24	27.84	0.04	7.64
12.416	19.24	27.84	-0.06	7.54
12.446	19.24	27.84	-0.06	7.54
12.475	19.28	27.88	-0.06	7.54
12.505	19.28	27.88	-0.00	7.60
12.535	19.28	27.88	-0.00	7.60
12.565	19.23	27.83	-0.00	7.60
12.595	19.23	27.83	0.01	7.61
12.624	19.23	27.83	0.01	7.61
12.654	19.21	27.81	0.01	7.61
12.684	19.21	27.81	-0.08	7.52
12.714	19.21	27.81	-0.08	7.52
12.743	19.09	27.69	-0.08	7.52
12.773	19.09	27.69	0.04	7.64
12.803	19.09	27.69	0.04	7.64
12.833	19.11	27.71	0.04	7.64
12.862	19.11	27.71	-0.07	7.53
12.892	19.11	27.71	-0.07	7.53
12.922	19.14	27.74	-0.07	7.53
12.952	19.14	27.74	0.01	7.61
12.981	19.14	27.74	0.01	7.61
13.011	19.17	27.77	0.01	7.61
13.041	19.17	27.77	-0.00	7.60
13.071	19.17	27.77	-0.00	7.60
13.101	19.16	27.75	-0.00	7.60
13.130	19.16	27.75	-0.08	7.52
13.160	19.16	27.75	-0.08	7.52
13.190	19.13	27.73	-0.08	7.52
13.220	19.13	27.73	0.04	7.64
13.249	19.13	27.73	0.04	7.64
13.279	19.26	27.85	0.04	7.64
13.309	19.26	27.85	-0.07	7.53
13.339	19.26	27.85	-0.07	7.53
13.368	19.26	27.86	-0.07	7.53
13.398	19.26	27.86	0.01	7.61
13.428	19.26	27.86	0.01	7.61
13.458	19.24	27.84	0.01	7.61
13.487	19.24	27.84	-0.01	7.59
13.517	19.24	27.84	-0.01	7.59
13.547	19.26	27.86	-0.01	7.59
13.577	19.26	27.86	-0.08	7.52
13.606	19.26	27.86	-0.08	7.52
13.636	19.21	27.81	-0.08	7.52
13.666	19.21	27.81	0.04	7.64
13.696	19.21	27.81	0.04	7.64
13.726	19.24	27.84	0.04	7.64
13.755	19.24	27.84	-0.07	7.53
13.785	19.24	27.84	-0.07	7.53
13.815	19.23	27.83	-0.07	7.53
13.845	19.23	27.83	0.01	7.61
13.874	19.23	27.83	0.01	7.61
13.904	19.22	27.82	0.01	7.61
13.934	19.22	27.82	-0.02	7.58
13.964	19.22	27.82	-0.02	7.58
13.993	19.23	27.82	-0.02	7.58
14.023	19.23	27.82	-0.08	7.53
14.053	19.23	27.82	-0.08	7.53
14.083	19.20	27.80	-0.08	7.53
14.112	19.20	27.80	0.04	7.64
14.142	19.20	27.80	0.04	7.64
14.172	19.23	27.83	0.04	7.64
14.202	19.23	27.83	-0.07	7.53
14.231	19.23	27.83	-0.07	7.53
14.261	19.29	27.89	-0.07	7.53
14.291	19.29	27.89	0.01	7.62
14.321	19.29	27.89	0.01	7.62
14.351	19.25	27.85	0.01	7.62
14.380	19.25	27.85	-0.03	7.57
14.410	19.25	27.85	-0.03	7.57
14.440	19.22	27.82	-0.03	7.57
14.470	19.22	27.82	-0.07	7.53
14.499	19.22	27.82	-0.07	7.53
14.529	19.26	27.86	-0.07	7.53
14.559	19.26	27.86	0.04	7.64
14.589	19.26	27.86	0.04	7.64
14.618	19.22	27.82	0.04	7.64
14.648	19.22	27.82	-0.08	7.52
14.678	19.22	27.82	-0.08	7.52
14.708	19.26	27.86	-0.08	7.52
14.737	19.26	27.86	0.01	7.61
14.767	19.26	27.86	0.01	7.61
14.797	19.25	27.85	0.01	7.61
14.827	19.25	27.85	-0.04	7.57
14.856	19.25	27.85	-0.04	7.57
14.886	19.21	27.80	-0.04	7.57
14.916	19.21	27.80	-0.06	7.54
14.946	19.21	27.80	-0.06	7.54
14.975	19.18	27.78	-0.06	7.54
15.005	19.18	27.78	0.04	7.64
15.035	19.18	27.78	0.04	7.64
15.065	19.20	27.80	0.04	7.64
15.094	19.20	27.80	-0.08	7.52
15.124	19.20	27.80	-0.08	7.52
15.154	19.27	27.87	-0.08	7.52
15.184	19.27	27.87	0.02	7.62
15.214	19.27	27.87	0.02	7.62
15.243	19.28	27.88	0.02	7.62
15.273	19.28	27.88	-0.04	7.56
15.303	19.28	27.88	-0.04	7.56
15.333	19.32	27.92	-0.04	7.56
15.362	19.32	27.92	-0.05	7.55
15.392	19.32	27.92	-0.05	7.55
15.422	19.32	27.92	-0.05	7.55
15.452	19.32	27.92	0.04	7.64
15.481	19.32	27.92	0.04	7.64
15.511	19.26	27.86	0.04	7.64
15.541	19.26	27.86	-0.08	7.52
15.571	19.26	27.86	-0.08	7.52
15.600	19.24	27.84	-0.08	7.52
15.630	19.24	27.84	0.02	7.62
15.660	19.24	27.84	0.02	7.62
15.690	19.29	27.88	0.02	7.62
15.719	19.29	27.88	-0.04	7.56
15.749	19.29	27.88	-0.04	7.56
15.779	19.21	27.81	-0.04	7.56
15.809	19.21	27.81	-0.05	7.55
15.838	19.21	27.81	-0.05	7.55
15.868	19.26	27.86	-0.05	7.55
15.898	19.26	27.86	0.04	7.64
15.928	19.26	27.86	0.04	7.64
15.958	19.25	27.85	0.04	7.64
15.987	19.25	27.85	-0.08	7.52
16.017	19.25	27.85	-0.08	7.52
16.047	19.34	27.94	-0.08	7.52
16.077	19.34	27.94	0.02	7.62
16.106	19.34	27.94	0.02	7.62
16.136	19.40	28.00	0.02	7.62
16.166	19.40	28.00	-0.05	7.55
16.196	19.40	28.00	-0.05	7.55
16.225	19.37	27.97	-0.05	7.55
16.255	19.37	27.97	-0.04	7.56
16.285	19.37	27.97	-0.04	7.56
16.315	19.36	27.95	-0.04	7.56
16.344	19.36	27.95	0.04	7.64
16.374	19.36	27.95	0.04	7.64
16.404	19.32	27.92	0.04	7.64
16.434	19.32	27.92	-0.08	7.52
16.463	19.32	27.92	-0.08	7.52
16.493	19.31	27.91	-0.08	7.52
16.523	19.31	27.91	0.03	7.63
16.553	19.31	27.91	0.03	7.63
16.582	19.31	27.91	0.03	7.63
16.612	19.31	27.91	-0.05	7.55
16.642	19.31	27.91	-0.05	7.55
16.672	19.25	27.85	-0.05	7.55
16.702	19.25	27.85	-0.03	7.57
16.731	19.25	27.85	-0.03	7.57
16.761	19.20	27.80	-0.03	7.57
16.791	19.20	27.80	0.04	7.64
16.821	19.20	27.80	0.04	7.64
16.850	19.19	27.79	0.04	7.64
16.880	19.19	27.79	-0.08	7.52
16.910	19.19	27.79	-0.08	7.52
16.940	19.21	27.81	-0.08	7.52
16.969	19.21	27.81	0.03	7.63
16.999	19.21	27.81	0.03	7.63
17.029	19.30	27.90	0.03	7.63
17.059	19.30	27.90	-0.05	7.55
17.088	19.30	27.90	-0.05	7.55
17.118	19.29	27.89	-0.05	7.55
17.148	19.29	27.89	-0.02	7.58
17.178	19.29	27.89	-0.02	7.58
17.207	19.31	27.90	-0.02	7.58
17.237	19.31	27.90	0.03	7.63
17.267	19.31	27.90	0.03	7.63
17.297	19.29	27.88	0.03	7.63
17.327	19.29	27.88	-0.08	7.52
17.356	19.29	27.88	-0.08	7.52
17.386	19.19	27.79	-0.08	7.52
17.416	19.19	27.79	0.03	7.63
17.446	19.19	27.79	0.03	7.63
17.475	19.27	27.87	0.03	7.63
17.505	19.27	27.87	-0.05	7.55
17.535	19.27	27.87	-0.05	7.55
17.565	19.25	27.85	-0.05	7.55
17.594	19.25	27.85	-0.01	7.59
17.624	19.25	27.85	-0.01	7.59
17.654	19.24	27.83	-0.01	7.59
17.684	19.24	27.83	0.03	7.63
17.713	19.24	27.83	0.03	7.63
17.743	19.23	27.83	0.03	7.63
17.773	19.23	27.83	-0.08	7.52
17.803	19.23	27.83	-0.08	7.52
17.832	19.18	27.78	-0.08	7.52
17.862	19.18	27.78	0.04	7.64
17.892	19.18	27.78	0.04	7.64
17.922	19.26	27.86	0.04	7.64
17.951	19.26	27.86	-0.06	7.54
17.981	19.26	27.86	-0.06	7.54
18.011	19.32	27.92	-0.06	7.54
18.041	19.32	27.92	-0.01	7.59
18.071	19.32	27.92	-0.01	7.59
18.100	19.30	27.90	-0.01	7.59
18.130	19.30	27.90	0.02	7.62
18.160	19.30	27.90	0.02	7.62
18.190	19.31	27.91	0.02	7.62
18.219	19.31	27.91	-0.08	7.52
18.249	19.31	27.91	-0.08	7.52
18.279	19.30	27.90	-0.08	7.52
18.309	19.30	27.90	0.04	7.64
18.338	19.30	27.90	0.04	7.64
18.368	19.32	27.92	0.04	7.64
18.398	19.32	27.92	-0.06	7.54
18.428	19.32	27.92	-0.06	7.54
18.457	19.32	27.92	-0.06	7.54
18.487	19.32	27.92	-0.01	7.59
18.517	19.32	27.92	-0.01	7.59
18.547	19.24	27.84	-0.01	7.59
18.577	19.24	27.84	0.01	7.62
18.606	19.24	27.84	0.01	7.62
18.636	19.17	27.77	0.01	7.62
18.666	19.17	27.77	-0.08	7.52
18.696	19.17	27.77	-0.08	7.52
18.725	19.12	27.72	-0.08	7.52
18.755	19.12	27.72	0.04	7.64
18.785	19.12	27.72	0.04	7.64
18.815	19.14	27.74	0.04	7.64
18.844	19.14	27.74	-0.06	7.54
18.874	19.14	27.74	-0.06	7.54
18.904	19.26	27.86	-0.06	7.54
18.934	19.26	27.86	0.00	7.60
18.963	19.26	27.86	0.00	7.60
18.993	19.30	27.90	0.00	7.60
19.023	19.30	27.90	0.01	7.61
19.053	19.30	27.90	0.01	7.61
19.082	19.27	27.87	0.01	7.61
19.112	19.27	27.87	-0.08	7.52
19.142	19.27	27.87	-0.08	7.52
19.172	19.24	27.84	-0.08	7.52
19.202	19.24	27.84	0.04	7.64
19.231	19.24	27.84	0.04	7.64
19.261	19.21	27.81	0.04	7.64
19.291	19.21	27.81	-0.06	7.54
19.321	19.21	27.81	-0.06	7.54
19.350	19.20	27.80	-0.06	7.54
19.380	19.20	27.80	0.00	7.60
19.410	19.20	27.80	0.00	7.60
19.440	19.24	27.84	0.00	7.60
19.469	19.24	27.84	-0.00	7.60
19.499	19.24	27.84	-0.00	7.60
19.529	19.20	27.79	-0.00	7.60
19.559	19.20	27.79	-0.08	7.52
19.588	19.20	27.79	-0.08	7.52
19.618	19.18	27.78	-0.08	7.52
19.648	19.18	27.78	0.04	7.64
19.678	19.18	27.78	0.04	7.64
19.707	19.21	27.81	0.04	7.64
19.737	19.21	27.81	-0.07	7.53
19.767	19.21	27.81	-0.07	7.53
19.797	19.23	27.82	-0.07	7.53
19.826	19.23	27.82	0.01	7.61
19.856	19.23	27.82	0.01	7.61
19.886	19.24	27.83	0.01	7.61
19.916	19.24	27.83	-0.01	7.59
19.946	19.24	27.83	-0.01	7.59
19.975	19.23	27.83	-0.01	7.59
20.005	19.23	27.83	-0.08	7.52
20.035	19.23	27.83	-0.08	7.52
20.065	19.18	27.78	-0.08	7.52
20.094	19.18	27.78	0.04	7.64
20.124	19.18	27.78	0.04	7.64
20.154	19.14	27.74	0.04	7.64
20.184	19.14	27.74	-0.07	7.53
20.213	19.14	27.74	-0.07	7.53
20.243	19.18	27.78	-0.07	7.53
20.273	19.18	27.78	0.01	7.61
20.303	19.18	27.78	0.01	7.61
20.332	19.02	27.62	0.01	7.61
20.362	19.02	27.62	-0.02	7.58
20.392	19.02	27.62	-0.02	7.58
20.422	19.14	27.74	-0.02	7.58
20.452	19.14	27.74	-0.08	7.52
20.481	19.14	27.74	-0.08	7.52
20.511	19.21	27.80	-0.08	7.52
20.541	19.21	27.80	0.04	7.64
20.571	19.21	27.80	0.04	7.64
20.600	19.19	27.79	0.04	7.64
20.630	19.19	27.79	-0.07	7.53
20.660	19.19	27.79	-0.07	7.53
20.690	19.27	27.87	-0.07	7.53
20.719	19.27	27.87	0.01	7.61
20.749	19.27	27.87	0.01	7.61
20.779	19.28	27.87	0.01	7.61
20.809	19.28	27.87	-0.03	7.58
20.838	19.28	27.87	-0.03	7.58
20.868	19.24	27.84	-0.03	7.58
20.898	19.24	27.84	-0.08	7.53
20.928	19.24	27.84	-0.08	7.53
20.957	19.23	27.83	-0.08	7.53
20.987	19.23	27.83	0.04	7.64
21.017	19.23	27.83	0.04	7.64
21.047	19.20	27.80	0.04	7.64
21.076	19.20	27.80	-0.08	7.53
21.106	19.20	27.80	-0.08	7.53
21.136	19.18	27.78	-0.08	7.53
21.166	19.18	27.78	0.01	7.62
21.196	19.18	27.78	0.01	7.62
21.225	19.16	27.76	0.01	7.62
21.255	19.16	27.76	-0.03	7.57
21.285	19.16	27.76	-0.03	7.57
21.315	19.20	27.80	-0.03	7.57
21.344	19.20	27.80	-0.07	7.53
21.374	19.20	27.80	-0.07	7.53
21.404	19.24	27.84	-0.07	7.53
21.434	19.24	27.84	0.04	7.64
21.463	19.24	27.84	0.04	7.64
21.493	19.22	27.82	0.04	7.64
21.523	19.22	27.82	-0.08	7.52
21.553	19.22	27.82	-0.08	7.52
21.582	19.23	27.83	-0.08	7.52
21.612	19.23	27.83	0.01	7.62
21.642	19.23	27.83	0.01	7.62
21.672	19.29	27.89	0.01	7.62
21.702	19.29	27.89	-0.03	7.57
21.731	19.29	27.89	-0.03	7.57
21.761	19.24	27.84	-0.03	7.57
21.791	19.24	27.84	-0.06	7.54
21.821	19.24	27.84	-0.06	7.54
21.850	19.19	27.79	-0.06	7.54
21.880	19.19	27.79	0.04	7.64
21.910	19.19	27.79	0.04	7.64
21.940	19.17	27.77	0.04	7.64
21.969	19.17	27.77	-0.08	7.52
21.999	19.17	27.77	-0.08	7.52
22.029	19.12	27.72	-0.08	7.52
22.059	19.12	27.72	0.02	7.62
22.088	19.12	27.72	0.02	7.62
22.118	19.14	27.74	0.02	7.62
22.148	19.14	27.74	-0.04	7.57
22.177	19.14	27.74	-0.04	7.57
22.207	19.13	27.73	-0.04	7.57
22.237	19.13	27.73	-0.06	7.54
22.267	19.13	27.73	-0.06	7.54
22.297	19.08	27.68	-0.06	7.54
22.326	19.08	27.68	0.04	7.64
22.356	19.08	27.68	0.04	7.64
22.386	19.15	27.75	0.04	7.64
22.416	19.15	27.75	-0.08	7.52
22.445	19.15	27.75	-0.08	7.52
22.475	19.12	27.72	-0.08	7.52
22.505	19.12	27.72	0.02	7.62
22.535	19.12	27.72	0.02	7.62
22.564	19.21	27.81	0.02	7.62
22.594	19.21	27.81	-0.04	7.57
22.624	19.21	27.81	-0.04	7.57
22.654	19.23	27.83	-0.04	7.57
22.683	19.23	27.83	-0.06	7.54
22.713	19.23	27.83	-0.06	7.54
22.743	19.10	27.70	-0.06	7.54
22.773	19.10	27.70	0.04	7.64
22.802	19.10	27.70	0.04	7.64
22.832	19.12	27.72	0.04	7.64
22.862	19.12	27.72	-0.08	7.52
22.892	19.12	27.72	-0.08	7.52
22.922	19.14	27.74	-0.08	7.52
22.951	19.14	27.74	0.02	7.62
22.981	19.14	27.74	0.02	7.62
23.011	19.13	27.73	0.02	7.62
23.041	19.13	27.73	-0.04	7.56
23.070	19.13	27.73	-0.04	7.56
23.100	19.16	27.76	-0.04	7.56
23.130	19.16	27.76	-0.05	7.55
23.160	19.16	27.76	-0.05	7.55
23.189	19.14	27.73	-0.05	7.55
23.219	19.14	27.73	0.04	7.64
23.249	19.14	27.73	0.04	7.64
23.279	19.12	27.72	0.04	7.64
23.308	19.12	27.72	-0.08	7.52
23.338	19.12	27.72	-0.08	7.52
23.368	19.09	27.69	-0.08	7.52
23.398	19.09	27.69	0.02	7.62
23.427	19.09	27.69	0.02	7.62
23.457	19.14	27.73	0.02	7.62
23.487	19.14	27.73	-0.05	7.55
23.517	19.14	27.73	-0.05	7.55
23.546	19.19	27.78	-0.05	7.55
23.576	19.19	27.78	-0.05	7.55
23.606	19.19	27.78	-0.05	7.55
23.636	19.16	27.76	-0.05	7.55
23.665	19.16	27.76	0.04	7.64
23.695	19.16	27.76	0.04	7.64
23.725	19.18	27.78	0.04	7.64
23.755	19.18	27.78	-0.08	7.52
23.784	19.18	27.78	-0.08	7.52
23.814	19.20	27.79	-0.08	7.52
23.844	19.20	27.79	0.02	7.62
23.874	19.20	27.79	0.02	7.62
23.903	19.17	27.77	0.02	7.62
23.933	19.17	27.77	-0.05	7.55
23.963	19.17	27.77	-0.05	7.55
23.993	19.14	27.74	-0.05	7.55
24.023	19.14	27.74	-0.04	7.56
24.052	19.14	27.74	-0.04	7.56
24.082	19.10	27.70	-0.04	7.56
24.112	19.10	27.70	0.04	7.64
24.142	19.10	27.70	0.04	7.64
24.171	19.04	27.64	0.04	7.64
24.201	19.04	27.64	-0.09	7.52
24.231	19.04	27.64	-0.09	7.52
24.261	19.04	27.64	-0.09	7.52
24.290	19.04	27.64	0.02	7.62
24.320	19.04	27.64	0.02	7.62
24.350	19.06	27.65	0.02	7.62
24.380	19.06	27.65	-0.05	7.55
24.409	19.06	27.65	-0.05	7.55
24.439	19.19	27.79	-0.05	7.55
24.469	19.19	27.79	-0.04	7.56
24.499	19.19	27.79	-0.04	7.56
24.529	19.21	27.80	-0.04	7.56
24.558	19.21	27.80	0.04	7.64
24.588	19.21	27.80	0.04	7.64
24.618	19.18	27.78	0.04	7.64
24.648	19.18	27.78	-0.08	7.52
24.677	19.18	27.78	-0.08	7.52
24.707	19.20	27.80	-0.08	7.52
24.737	19.20	27.80	0.02	7.63
24.767	19.20	27.80	0.02	7.63
24.796	19.15	27.74	0.02	7.63
24.826	19.15	27.74	-0.05	7.55
24.856	19.15	27.74	-0.05	7.55
24.886	19.11	27.71	-0.05	7.55
24.915	19.11	27.71	-0.04	7.57
24.945	19.11	27.71	-0.04	7.57
24.975	19.11	27.71	-0.04	7.57
25.005	19.11	27.71	0.04	7.64
25.034	19.11	27.71	0.04	7.64
25.064	19.11	27.71	0.04	7.64
25.094	19.11	27.71	-0.08	7.52
25.124	19.11	27.71	-0.08	7.52
25.153	19.08	27.68	-0.08	7.52
25.183	19.08	27.68	0.03	7.63
25.213	19.08	27.68	0.03	7.63
25.243	19.07	27.67	0.03	7.63
25.273	19.07	27.67	-0.05	7.55
25.302	19.07	27.67	-0.05	7.55
25.332	19.14	27.74	-0.05	7.55
25.362	19.14	27.74	-0.04	7.57
25.392	19.14	27.74	-0.04	7.57
25.421	19.20	27.80	-0.04	7.57
25.451	19.20	27.80	0.04	7.64
25.481	19.20	27.80	0.04	7.64
25.511	19.24	27.84	0.04	7.64
25.540	19.24	27.84	-0.08	7.52
25.570	19.24	27.84	-0.08	7.52
25.600	19.25	27.85	-0.08	7.52
25.630	19.25	27.85	0.03	7.63
25.659	19.25	27.85	0.03	7.63
25.689	19.18	27.78	0.03	7.63
25.719	19.18	27.78	-0.05	7.55
25.749	19.18	27.78	-0.05	7.55
25.779	19.19	27.79	-0.05	7.55
25.808	19.19	27.79	-0.03	7.57
25.838	19.19	27.79	-0.03	7.57
25.868	19.24	27.84	-0.03	7.57
25.898	19.24	27.84	0.04	7.64
25.927	19.24	27.84	0.04	7.64
25.957	19.22	27.82	0.04	7.64
25.987	19.22	27.82	-0.08	7.52
26.017	19.22	27.82	-0.08	7.52
26.046	19.20	27.80	-0.08	7.52
26.076	19.20	27.80	0.03	7.63
26.106	19.20	27.80	0.03	7.63
26.136	19.21	27.80	0.03	7.63
26.165	19.21	27.80	-0.05	7.55
26.195	19.21	27.80	-0.05	7.55
26.225	19.22	27.82	-0.05	7.55
26.255	19.22	27.82	-0.03	7.57
26.284	19.22	27.82	-0.03	7.57
26.314	19.32	27.92	-0.03	7.57
26.344	19.32	27.92	0.04	7.64
26.374	19.32	27.92	0.04	7.64
26.403	19.28	27.88	0.04	7.64
26.433	19.28	27.88	-0.08	7.52
26.463	19.28	27.88	-0.08	7.52
26.493	19.26	27.86	-0.08	7.52
26.523	19.26	27.86	0.03	7.63
26.552	19.26	27.86	0.03	7.63
26.582	19.25	27.84	0.03	7.63
26.612	19.25	27.84	-0.05	7.55
26.642	19.25	27.84	-0.05	7.55
26.671	19.23	27.83	-0.05	7.55
26.701	19.23	27.83	-0.03	7.57
26.731	19.23	27.83	-0.03	7.57
26.761	19.25	27.85	-0.03	7.57
26.790	19.25	27.85	0.03	7.63
26.820	19.25	27.85	0.03	7.63
26.850	19.24	27.84	0.03	7.63
26.880	19.24	27.84	-0.08	7.52
26.909	19.24	27.84	-0.08	7.52
26.939	19.21	27.81	-0.08	7.52
26.969	19.21	27.81	0.03	7.63
26.999	19.21	27.81	0.03	7.63
27.028	19.14	27.74	0.03	7.63
27.058	19.14	27.74	-0.05	7.55
27.088	19.14	27.74	-0.05	7.55
27.118	19.15	27.75	-0.05	7.55
27.147	19.15	27.75	-0.03	7.58
27.177	19.15	27.75	-0.03	7.58
27.207	19.22	27.82	-0.03	7.58
27.237	19.22	27.82	0.03	7.63
27.267	19.22	27.82	0.03	7.63
27.296	19.25	27.85	0.03	7.63
27.326	19.25	27.85	-0.08	7.52
27.356	19.25	27.85	-0.08	7.52
27.386	19.26	27.86	-0.08	7.52
27.415	19.26	27.86	0.03	7.63
27.445	19.26	27.86	0.03	7.63
27.475	19.17	27.77	0.03	7.63
27.505	19.17	27.77	-0.05	7.55
27.534	19.17	27.77	-0.05	7.55
27.564	19.21	27.80	-0.05	7.55
27.594	19.21	27.80	-0.02	7.58
27.624	19.21	27.80	-0.02	7.58
27.653	19.19	27.79	-0.02	7.58
27.683	19.19	27.79	0.03	7.63
27.713	19.19	27.79	0.03	7.63
27.743	19.24	27.84	0.03	7.63
27.772	19.24	27.84	-0.08	7.52
27.802	19.24	27.84	-0.08	7.52
27.832	19.26	27.86	-0.08	7.52
27.862	19.26	27.86	0.03	7.63
27.892	19.26	27.86	0.03	7.63
27.921	19.26	27.85	0.03	7.63
27.951	19.26	27.85	-0.06	7.54
27.981	19.26	27.85	-0.06	7.54
28.011	19.25	27.85	-0.06	7.54
28.040	19.25	27.85	-0.02	7.58
28.070	19.25	27.85	-0.02	7.58
28.100	19.31	27.91	-0.02	7.58
28.130	19.31	27.91	0.03	7.63
28.159	19.31	27.91	0.03	7.63
28.189	19.32	27.92	0.03	7.63
28.219	19.32	27.92	-0.08	7.52
28.249	19.32	27.92	-0.08	7.52
28.278	19.24	27.83	-0.08	7.52
28.308	19.24	27.83	0.03	7.63
28.338	19.24	27.83	0.03	7.63
28.368	19.21	27.81	0.03	7.63
28.397	19.21	27.81	-0.05	7.55
28.427	19.21	27.81	-0.05	7.55
28.457	19.24	27.84	-0.05	7.55
28.487	19.24	27.84	-0.02	7.58
28.517	19.24	27.84	-0.02	7.58
28.546	19.23	27.83	-0.02	7.58
28.576	19.23	27.83	0.03	7.63
28.606	19.23	27.83	0.03	7.63
28.636	19.33	27.93	0.03	7.63
28.665	19.33	27.93	-0.08	7.52
28.695	19.33	27.93	-0.08	7.52
28.725	19.37	27.97	-0.08	7.52
28.755	19.37	27.97	0.03	7.63
28.784	19.37	27.97	0.03	7.63
28.814	19.32	27.92	0.03	7.63
28.844	19.32	27.92	-0.06	7.54
28.874	19.32	27.92	-0.06	7.54
28.903	19.27	27.87	-0.06	7.54
28.933	19.27	27.87	-0.01	7.59
28.963	19.27	27.87	-0.01	7.59
28.993	19.30	27.89	-0.01	7.59
29.022	19.30	27.89	0.03	7.63
29.052	19.30	27.89	0.03	7.63
29.082	19.33	27.92	0.03	7.63
29.112	19.33	27.92	-0.08	7.52
29.141	19.33	27.92	-0.08	7.52
29.171	19.34	27.94	-0.08	7.52
29.201	19.34	27.94	0.03	7.63
29.231	19.34	27.94	0.03	7.63
29.260	19.30	27.90	0.03	7.63
29.290	19.30	27.90	-0.06	7.54
29.320	19.30	27.90	-0.06	7.54
29.350	19.29	27.89	-0.06	7.54
29.379	19.29	27.89	-0.02	7.58
29.409	19.29	27.89	-0.02	7.58
29.439	19.23	27.83	-0.02	7.58
29.469	19.23	27.83	0.03	7.63
29.499	19.23	27.83	0.03	7.63
29.528	19.24	27.84	0.03	7.63
29.558	19.24	27.84	-0.08	7.52
29.588	19.24	27.84	-0.08	7.52
29.618	19.29	27.88	-0.08	7.52
29.647	19.29	27.88	0.03	7.63
29.677	19.29	27.88	0.03	7.63
29.707	19.22	27.82	0.03	7.63
29.737	19.22	27.82	-0.06	7.54
29.766	19.22	27.82	-0.06	7.54
29.796	19.31	27.91	-0.06	7.54
29.826	19.31	27.91	-0.02	7.58
29.856	19.31	27.91	-0.02	7.58
29.885	19.23	27.83	-0.02	7.58
29.915	19.23	27.83	0.03	7.63
29.945	19.23	27.83	0.03	7.63
29.975	19.29	27.89	0.03	7.63
30.004	19.29	27.89	-0.08	7.52
30.034	19.29	27.89	-0.08	7.52
30.064	19.45	28.05	-0.08	7.52
30.094	19.45	28.05	0.03	7.63
30.123	19.45	28.05	0.03	7.63
30.153	19.39	27.99	0.03	7.63
30.183	19.39	27.99	-0.06	7.54
30.213	19.39	27.99	-0.06	7.54
30.243	19.40	28.00	-0.06	7.54
30.272	19.40	28.00	-0.02	7.58
30.302	19.40	28.00	-0.02	7.58
30.332	19.38	27.97	-0.02	7.58
30.362	19.38	27.97	0.03	7.63
30.391	19.38	27.97	0.03	7.63
30.421	19.27	27.87	0.03	7.63
30.451	19.27	27.87	-0.08	7.52
30.480	19.27	27.87	-0.08	7.52
30.510	19.29	27.89	-0.08	7.52
30.540	19.29	27.89	0.03	7.63
30.570	19.29	27.89	0.03	7.63
30.600	19.24	27.84	0.03	7.63
30.629	19.24	27.84	-0.05	7.55
30.659	19.24	27.84	-0.05	7.55
30.689	19.23	27.83	-0.05	7.55
30.719	19.23	27.83	-0.02	7.58
30.748	19.23	27.83	-0.02	7.58
30.778	19.25	27.85	-0.02	7.58
30.808	19.25	27.85	0.03	7.63
30.838	19.25	27.85	0.03	7.63
30.867	19.12	27.72	0.03	7.63
30.897	19.12	27.72	-0.08	7.52
30.927	19.12	27.72	-0.08	7.52
30.957	19.14	27.74	-0.08	7.52
30.986	19.14	27.74	0.03	7.63
31.016	19.14	27.74	0.03	7.63
31.046	19.18	27.78	0.03	7.63
31.076	19.18	27.78	-0.06	7.54
31.105	19.18	27.78	-0.06	7.54
31.135	19.12	27.72	-0.06	7.54
31.165	19.12	27.72	-0.02	7.58
31.195	19.12	27.72	-0.02	7.58
31.224	19.16	27.76	-0.02	7.58
31.254	19.16	27.76	0.04	7.64
31.284	19.16	27.76	0.04	7.64
31.314	19.10	27.70	0.04	7.64
31.344	19.10	27.70	-0.08	7.52
31.373	19.10	27.70	-0.08	7.52
31.403	19.20	27.80	-0.08	7.52
31.433	19.20	27.80	0.03	7.63
31.463	19.20	27.80	0.03	7.63
31.492	19.19	27.79	0.03	7.63
31.522	19.19	27.79	-0.05	7.55
31.552	19.19	27.79	-0.05	7.55
31.582	19.19	27.79	-0.05	7.55
31.611	19.19	27.79	-0.02	7.58
31.641	19.19	27.79	-0.02	7.58
31.671	19.15	27.75	-0.02	7.58
31.701	19.15	27.75	0.04	7.64
31.730	19.15	27.75	0.04	7.64
31.760	19.20	27.80	0.04	7.64
31.790	19.20	27.80	-0.08	7.52
31.820	19.20	27.80	-0.08	7.52
31.850	19.24	27.84	-0.08	7.52
31.879	19.24	27.84	0.03	7.63
31.909	19.24	27.84	0.03	7.63
31.939	19.21	27.81	0.03	7.63
31.969	19.21	27.81	-0.05	7.55
31.998	19.21	27.81	-0.05	7.55
32.028	19.23	27.82	-0.05	7.55
32.058	19.23	27.82	-0.02	7.58
32.088	19.23	27.82	-0.02	7.58
32.117	19.23	27.83	-0.02	7.58
32.147	19.23	27.83	0.03	7.63
32.177	19.23	27.83	0.03	7.63
32.207	19.19	27.79	0.03	7.63
32.236	19.19	27.79	-0.08	7.52
32.266	19.19	27.79	-0.08	7.52
32.296	19.23	27.83	-0.08	7.52
32.326	19.23	27.83	0.03	7.63
32.355	19.23	27.83	0.03	7.63
32.385	19.28	27.88	0.03	7.63
32.415	19.28	27.88	-0.05	7.55
32.445	19.28	27.88	-0.05	7.55
32.475	19.21	27.81	-0.05	7.55
32.504	19.21	27.81	-0.03	7.58
32.534	19.21	27.81	-0.03	7.58
32.564	19.17	27.77	-0.03	7.58
32.594	19.17	27.77	0.04	7.64
32.623	19.17	27.77	0.04	7.64
32.653	19.09	27.69	0.04	7.64
32.683	19.09	27.69	-0.08	7.52
32.713	19.09	27.69	-0.08	7.52
32.742	18.76	27.36	-0.08	7.52
32.772	18.76	27.36	0.03	7.63
32.802	18.76	27.36	0.03	7.63
32.832	18.96	27.56	0.03	7.63
32.861	18.96	27.56	-0.05	7.55
32.891	18.96	27.56	-0.05	7.55
32.921	18.93	27.53	-0.05	7.55
32.951	18.93	27.53	-0.03	7.57
32.980	18.93	27.53	-0.03	7.57
33.010	18.25	26.85	-0.03	7.57
33.040	18.25	26.85	0.04	7.64
33.070	18.25	26.85	0.04	7.64
33.099	18.38	26.98	0.04	7.64
33.129	18.38	26.98	-0.08	7.52
33.159	18.38	26.98	-0.08	7.52
33.189	19.06	27.66	-0.08	7.52
33.219	19.06	27.66	0.03	7.63
33.248	19.06	27.66	0.03	7.63
33.278	19.13	27.73	0.03	7.63
33.308	19.13	27.73	-0.05	7.55
33.338	19.13	27.73	-0.05	7.55
33.367	19.05	27.64	-0.05	7.55
33.397	19.05	27.64	-0.03	7.57
33.427	19.05	27.64	-0.03	7.57
33.457	17.82	26.42	-0.03	7.57
33.486	17.82	26.42	0.03	7.63
33.516	17.82	26.42	0.03	7.63
33.546	17.88	26.48	0.03	7.63
33.576	17.88	26.48	-0.08	7.52
33.605	17.88	26.48	-0.08	7.52
33.635	17.65	26.25	-0.08	7.52
33.665	17.65	26.25	0.03	7.63
33.695	17.65	26.25	0.03	7.63
33.724	17.72	26.32	0.03	7.63
33.754	17.72	26.32	-0.05	7.55
33.784	17.72	26.32	-0.05	7.55
33.814	17.65	26.24	-0.05	7.55
33.844	17.65	26.24	-0.04	7.57
33.873	17.65	26.24	-0.04	7.57
33.903	17.73	26.33	-0.04	7.57
33.933	17.73	26.33	0.04	7.64
33.963	17.73	26.33	0.04	7.64
33.992	18.01	26.60	0.04	7.64
34.022	18.01	26.60	-0.08	7.52
34.052	18.01	26.60	-0.08	7.52
34.082	17.85	26.44	-0.08	7.52
34.111	17.85	26.44	0.03	7.63
34.141	17.85	26.44	0.03	7.63
34.171	17.94	26.53	0.03	7.63
34.201	17.94	26.53	-0.05	7.55
34.230	17.94	26.53	-0.05	7.55
34.260	17.78	26.37	-0.05	7.55
34.290	17.78	26.37	-0.03	7.57
34.320	17.78	26.37	-0.03	7.57
34.350	17.75	26.34	-0.03	7.57
34.379	17.75	26.34	0.04	7.64
34.409	17.75	26.34	0.04	7.64
34.439	17.76	26.36	0.04	7.64
34.469	17.76	26.36	-0.08	7.52
34.498	17.76	26.36	-0.08	7.52
34.528	17.83	26.43	-0.08	7.52
34.558	17.83	26.43	0.03	7.63
34.588	17.83	26.43	0.03	7.63
34.617	17.85	26.45	0.03	7.63
34.647	17.85	26.45	-0.05	7.55
34.677	17.85	26.45	-0.05	7.55
34.707	17.91	26.51	-0.05	7.55
34.736	17.91	26.51	-0.04	7.56
34.766	17.91	26.51	-0.04	7.56
34.796	17.93	26.53	-0.04	7.56
34.826	17.93	26.53	0.04	7.64
34.855	17.93	26.53	0.04	7.64
34.885	17.80	26.40	0.04	7.64
34.915	17.80	26.40	-0.09	7.51
34.945	17.80	26.40	-0.09	7.51
34.975	17.77	26.37	-0.09	7.51
35.004	17.77	26.37	0.02	7.62
35.034	17.77	26.37	0.02	7.62
35.064	17.82	26.42	0.02	7.62
35.094	17.82	26.42	-0.05	7.55
35.123	17.82	26.42	-0.05	7.55
35.153	17.85	26.45	-0.05	7.55
35.183	17.85	26.45	-0.04	7.56
35.213	17.85	26.45	-0.04	7.56
35.242	17.79	26.38	-0.04	7.56
35.272	17.79	26.38	0.04	7.64
35.302	17.79	26.38	0.04	7.64
35.332	17.72	26.32	0.04	7.64
35.361	17.72	26.32	-0.08	7.52
35.391	17.72	26.32	-0.08	7.52
35.421	17.93	26.52	-0.08	7.52
35.451	17.93	26.52	0.02	7.62
35.480	17.93	26.52	0.02	7.62
35.510	17.99	26.59	0.02	7.62
35.540	17.99	26.59	-0.05	7.55
35.570	17.99	26.59	-0.05	7.55
35.600	17.95	26.55	-0.05	7.55
35.629	17.95	26.55	-0.04	7.56
35.659	17.95	26.55	-0.04	7.56
35.689	18.08	26.68	-0.04	7.56
35.719	18.08	26.68	0.04	7.64
35.748	18.08	26.68	0.04	7.64
35.778	18.00	26.60	0.04	7.64
35.808	18.00	26.60	-0.08	7.52
35.838	18.00	26.60	-0.08	7.52
35.867	18.04	26.64	-0.08	7.52
35.897	18.04	26.64	0.02	7.62
35.927	18.04	26.64	0.02	7.62
35.957	17.76	26.36	0.02	7.62
35.986	17.76	26.36	-0.05	7.55
36.016	17.76	26.36	-0.05	7.55
36.046	17.92	26.52	-0.05	7.55
36.076	17.92	26.52	-0.05	7.55
36.105	17.92	26.52	-0.05	7.55
36.135	18.04	26.64	-0.05	7.55
36.165	18.04	26.64	0.04	7.64
36.195	18.04	26.64	0.04	7.64
36.225	18.05	26.65	0.04	7.64
36.254	18.05	26.65	-0.08	7.52
36.284	18.05	26.65	-0.08	7.52
36.314	18.00	26.60	-0.08	7.52
36.344	18.00	26.60	0.02	7.62
36.373	18.00	26.60	0.02	7.62
36.403	18.02	26.62	0.02	7.62
36.433	18.02	26.62	-0.04	7.56
36.463	18.02	26.62	-0.04	7.56
36.492	18.07	26.67	-0.04	7.56
36.522	18.07	26.67	-0.05	7.55
36.552	18.07	26.67	-0.05	7.55
36.582	18.11	26.71	-0.05	7.55
36.611	18.11	26.71	0.04	7.64
36.641	18.11	26.71	0.04	7.64
36.671	18.05	26.65	0.04	7.64
36.701	18.05	26.65	-0.08	7.52
36.730	18.05	26.65	-0.08	7.52
36.760	18.03	26.63	-0.08	7.52
36.790	18.03	26.63	0.02	7.62
36.820	18.03	26.63	0.02	7.62
36.850	17.98	26.58	0.02	7.62
36.879	17.98	26.58	-0.04	7.56
36.909	17.98	26.58	-0.04	7.56
36.939	18.00	26.60	-0.04	7.56
36.969	18.00	26.60	-0.06	7.54
36.998	18.00	26.60	-0.06	7.54
37.028	18.06	26.66	-0.06	7.54
37.058	18.06	26.66	0.04	7.64
37.088	18.06	26.66	0.04	7.64
37.117	17.99	26.59	0.04	7.64
37.147	17.99	26.59	-0.08	7.52
37.177	17.99	26.59	-0.08	7.52
37.207	18.01	26.61	-0.08	7.52
37.236	18.01	26.61	0.02	7.62
37.266	18.01	26.61	0.02	7.62
37.296	18.01	26.61	0.02	7.62
37.326	18.01	26.61	-0.04	7.56
37.356	18.01	26.61	-0.04	7.56
37.385	18.00	26.60	-0.04	7.56
37.415	18.00	26.60	-0.06	7.54
37.445	18.00	26.60	-0.06	7.54
37.475	18.10	26.70	-0.06	7.54
37.504	18.10	26.70	0.04	7.64
37.534	18.10	26.70	0.04	7.64
37.564	18.03	26.63	0.04	7.64
37.594	18.03	26.63	-0.08	7.53
37.623	18.03	26.63	-0.08	7.53
37.653	18.04	26.63	-0.08	7.53
37.683	18.04	26.63	0.02	7.62
37.713	18.04	26.63	0.02	7.62
37.742	18.01	26.60	0.02	7.62
37.772	18.01	26.60	-0.04	7.57
37.802	18.01	26.60	-0.04	7.57
37.832	18.01	26.60	-0.04	7.57
37.861	18.01	26.60	-0.07	7.53
37.891	18.01	26.60	-0.07	7.53
37.921	18.19	26.79	-0.07	7.53
37.951	18.19	26.79	0.04	7.64
37.980	18.19	26.79	0.04	7.64
38.010	18.17	26.77	0.04	7.64
38.040	18.17	26.77	-0.08	7.52
38.070	18.17	26.77	-0.08	7.52
38.100	18.09	26.69	-0.08	7.52
38.129	18.09	26.69	0.01	7.62
38.159	18.09	26.69	0.01	7.62
38.189	18.02	26.62	0.01	7.62
38.219	18.02	26.62	-0.03	7.57
38.248	18.02	26.62	-0.03	7.57
38.278	17.87	26.47	-0.03	7.57
38.308	17.87	26.47	-0.07	7.53
38.338	17.87	26.47	-0.07	7.53
38.367	17.97	26.57	-0.07	7.53
38.397	17.97	26.57	0.04	7.64
38.427	17.97	26.57	0.04	7.64
38.457	17.97	26.57	0.04	7.64
38.486	17.97	26.57	-0.08	7.52
38.516	17.97	26.57	-0.08	7.52
38.546	18.07	26.67	-0.08	7.52
38.576	18.07	26.67	0.01	7.62
38.605	18.07	26.67	0.01	7.62
38.635	18.02	26.62	0.01	7.62
38.665	18.02	26.62	-0.03	7.58
38.695	18.02	26.62	-0.03	7.58
38.725	18.04	26.64	-0.03	7.58
38.754	18.04	26.64	-0.08	7.52
38.784	18.04	26.64	-0.08	7.52
38.814	18.16	26.75	-0.08	7.52
38.844	18.16	26.75	0.04	7.64
38.873	18.16	26.75	0.04	7.64
38.903	18.11	26.71	0.04	7.64
38.933	18.11	26.71	-0.08	7.53
38.963	18.11	26.71	-0.08	7.53
38.992	18.11	26.70	-0.08	7.53
39.022	18.11	26.70	0.01	7.61
39.052	18.11	26.70	0.01	7.61
39.082	18.08	26.68	0.01	7.61
39.111	18.08	26.68	-0.02	7.58
39.141	18.08	26.68	-0.02	7.58
39.171	18.08	26.68	-0.02	7.58
39.201	18.08	26.68	-0.08	7.52
39.230	18.08	26.68	-0.08	7.52
39.260	18.18	26.78	-0.08	7.52
39.290	18.18	26.78	0.04	7.64
39.320	18.18	26.78	0.04	7.64
39.350	18.05	26.65	0.04	7.64
39.379	18.05	26.65	-0.07	7.53
39.409	18.05	26.65	-0.07	7.53
39.439	17.96	26.55	-0.07	7.53
39.469	17.96	26.55	0.01	7.61
39.498	17.96	26.55	0.01	7.61
39.528	17.97	26.57	0.01	7.61
39.558	17.97	26.57	-0.01	7.59
39.588	17.97	26.57	-0.01	7.59
39.617	17.93	26.53	-0.01	7.59
39.647	17.93	26.53	-0.08	7.52
39.677	17.93	26.53	-0.08	7.52
39.707	18.08	26.68	-0.08	7.52
39.736	18.08	26.68	0.04	7.64
39.766	18.08	26.68	0.04	7.64
39.796	18.00	26.60	0.04	7.64
39.826	18.00	26.60	-0.08	7.53
39.855	18.00	26.60	-0.08	7.53
39.885	17.86	26.46	-0.08	7.53
39.915	17.86	26.46	0.00	7.60
39.945	17.86	26.46	0.00	7.60
39.975	17.96	26.56	0.00	7.60
40.004	17.96	26.56	-0.01	7.59
40.034	17.96	26.56	-0.01	7.59
40.064	18.00	26.60	-0.01	7.59
40.094	18.00	26.60	-0.08	7.52
40.123	18.00	26.60	-0.08	7.52
40.153	18.15	26.74	-0.08	7.52
40.183	18.15	26.74	0.04	7.64
40.213	18.15	26.74	0.04	7.64
40.242	18.22	26.82	0.04	7.64
40.272	18.22	26.82	-0.07	7.53
40.302	18.22	26.82	-0.07	7.53
40.332	18.15	26.75	-0.07	7.53
40.361	18.15	26.75	0.01	7.61
40.391	18.15	26.75	0.01	7.61
40.421	18.16	26.75	0.01	7.61
40.451	18.16	26.75	-0.00	7.60
40.481	18.16	26.75	-0.00	7.60
40.510	18.19	26.79	-0.00	7.60
40.540	18.19	26.79	-0.08	7.52
40.570	18.19	26.79	-0.08	7.52
40.599	18.10	26.69	-0.08	7.52
40.629	18.10	26.69	0.04	7.64
40.659	18.10	26.69	0.04	7.64
40.689	17.99	26.59	0.04	7.64
40.719	17.99	26.59	-0.07	7.53
40.748	17.99	26.59	-0.07	7.53
40.778	17.99	26.59	-0.07	7.53
40.808	17.99	26.59	-0.00	7.60
40.838	17.99	26.59	-0.00	7.60
40.867	18.08	26.68	-0.00	7.60
40.897	18.08	26.68	0.00	7.60
40.927	18.08	26.68	0.00	7.60
40.957	18.10	26.70	0.00	7.60
40.986	18.10	26.70	-0.08	7.52
41.016	18.10	26.70	-0.08	7.52
41.046	17.91	26.51	-0.08	7.52
41.076	17.91	26.51	0.04	7.64
41.105	17.91	26.51	0.04	7.64
41.135	18.22	26.82	0.04	7.64
41.165	18.22	26.82	-0.06	7.54
41.195	18.22	26.82	-0.06	7.54
41.225	18.19	26.79	-0.06	7.54
41.254	18.19	26.79	-0.00	7.60
41.284	18.19	26.79	-0.00	7.60
41.314	18.15	26.75	-0.00	7.60
41.344	18.15	26.75	0.01	7.61
41.373	18.15	26.75	0.01	7.61
41.403	18.19	26.78	0.01	7.61
41.433	18.19	26.78	-0.08	7.52
41.463	18.19	26.78	-0.08	7.52
41.492	18.24	26.84	-0.08	7.52
41.522	18.24	26.84	0.04	7.64
41.552	18.24	26.84	0.04	7.64
41.582	18.21	26.81	0.04	7.64
41.611	18.21	26.81	-0.06	7.54
41.641	18.21	26.81	-0.06	7.54
41.671	18.21	26.81	-0.06	7.54
41.701	18.21	26.81	-0.01	7.59
41.730	18.21	26.81	-0.01	7.59
41.760	18.21	26.80	-0.01	7.59
41.790	18.21	26.80	0.02	7.62
41.820	18.21	26.80	0.02	7.62
41.849	18.21	26.80	0.02	7.62
41.879	18.21	26.80	-0.08	7.52
41.909	18.21	26.80	-0.08	7.52
41.939	18.27	26.87	-0.08	7.52
41.969	18.27	26.87	0.04	7.64
41.998	18.27	26.87	0.04	7.64
42.028	18.26	26.86	0.04	7.64
42.058	18.26	26.86	-0.06	7.54
42.088	18.26	26.86	-0.06	7.54
42.117	18.29	26.89	-0.06	7.54
42.147	18.29	26.89	-0.01	7.59
42.177	18.29	26.89	-0.01	7.59
42.207	18.30	26.90	-0.01	7.59
42.236	18.30	26.90	0.02	7.62
42.266	18.30	26.90	0.02	7.62
42.296	18.29	26.89	0.02	7.62
42.326	18.29	26.89	-0.08	7.52
42.355	18.29	26.89	-0.08	7.52
42.385	18.30	26.90	-0.08	7.52
42.415	18.30	26.90	0.04	7.64
42.445	18.30	26.90	0.04	7.64
42.475	18.32	26.92	0.04	7.64
42.504	18.32	26.92	-0.06	7.54
42.534	18.32	26.92	-0.06	7.54
42.564	18.23	26.83	-0.06	7.54
42.594	18.23	26.83	-0.01	7.59
42.623	18.23	26.83	-0.01	7.59
42.653	18.19	26.79	-0.01	7.59
42.683	18.19	26.79	0.03	7.63
42.713	18.19	26.79	0.03	7.63
42.742	18.32	26.92	0.03	7.63
42.772	18.32	26.92	-0.08	7.52
42.802	18.32	26.92	-0.08	7.52
42.832	18.42	27.02	-0.08	7.52
42.861	18.42	27.02	0.04	7.64
42.891	18.42	27.02	0.04	7.64
42.921	18.40	27.00	0.04	7.64
42.951	18.40	27.00	-0.06	7.54
42.980	18.40	27.00	-0.06	7.54
43.010	18.40	27.00	-0.06	7.54
43.040	18.40	27.00	-0.02	7.58
43.070	18.40	27.00	-0.02	7.58
43.100	18.32	26.92	-0.02	7.58
43.129	18.32	26.92	0.03	7.63
43.159	18.32	26.92	0.03	7.63
43.189	18.36	26.96	0.03	7.63
43.219	18.36	26.96	-0.08	7.52
43.248	18.36	26.96	-0.08	7.52
43.278	18.60	27.19	-0.08	7.52
43.308	18.60	27.19	0.03	7.63
43.338	18.60	27.19	0.03	7.63
43.367	18.63	27.23	0.03	7.63
43.397	18.63	27.23	-0.05	7.55
43.427	18.63	27.23	-0.05	7.55
43.457	19.26	27.86	-0.05	7.55
43.486	19.26	27.86	-0.02	7.58
43.516	19.26	27.86	-0.02	7.58
43.546	19.46	28.06	-0.02	7.58
43.576	19.46	28.06	0.04	7.64
43.605	19.46	28.06	0.04	7.64
43.635	19.35	27.95	0.04	7.64
43.665	19.35	27.95	-0.08	7.52
43.695	19.35	27.95	-0.08	7.52
43.724	19.40	28.00	-0.08	7.52
43.754	19.40	28.00	0.03	7.63
43.784	19.40	28.00	0.03	7.63
43.814	19.37	27.97	0.03	7.63
43.844	19.37	27.97	-0.06	7.54
43.873	19.37	27.97	-0.06	7.54
43.903	19.44	28.03	-0.06	7.54
43.933	19.44	28.03	-0.03	7.57
43.963	19.44	28.03	-0.03	7.57
43.992	19.45	28.05	-0.03	7.57
44.022	19.45	28.05	0.04	7.64
44.052	19.45	28.05	0.04	7.64
44.082	19.42	28.02	0.04	7.64
44.111	19.42	28.02	-0.08	7.52
44.141	19.42	28.02	-0.08	7.52
44.171	19.41	28.01	-0.08	7.52
44.201	19.41	28.01	0.03	7.63
44.230	19.41	28.01	0.03	7.63
44.260	19.40	28.00	0.03	7.63
44.290	19.40	28.00	-0.05	7.55
44.320	19.40	28.00	-0.05	7.55
44.350	19.39	27.99	-0.05	7.55
44.379	19.39	27.99	-0.03	7.57
44.409	19.39	27.99	-0.03	7.57
44.439	19.38	27.97	-0.03	7.57
44.469	19.38	27.97	0.04	7.64
44.498	19.38	27.97	0.04	7.64
44.528	19.35	27.95	0.04	7.64
44.558	19.35	27.95	-0.08	7.52
44.587	19.35	27.95	-0.08	7.52
44.617	19.30	27.90	-0.08	7.52
44.647	19.30	27.90	0.03	7.63
44.677	19.30	27.90	0.03	7.63
44.707	19.26	27.86	0.03	7.63
44.736	19.26	27.86	-0.05	7.55
44.766	19.26	27.86	-0.05	7.55
44.796	19.38	27.98	-0.05	7.55
44.826	19.38	27.98	-0.04	7.56
44.855	19.38	27.98	-0.04	7.56
44.885	19.50	28.10	-0.04	7.56
44.915	19.50	28.10	0.04	7.64
44.945	19.50	28.10	0.04	7.64
44.974	19.44	28.04	0.04	7.64
45.004	19.44	28.04	-0.08	7.52
45.034	19.44	28.04	-0.08	7.52
45.064	19.43	28.03	-0.08	7.52
45.093	19.43	28.03	0.02	7.62
45.123	19.43	28.03	0.02	7.62
45.153	19.40	27.99	0.02	7.62
45.183	19.40	27.99	-0.04	7.56
45.213	19.40	27.99	-0.04	7.56
45.242	19.35	27.95	-0.04	7.56
45.272	19.35	27.95	-0.05	7.55
45.302	19.35	27.95	-0.05	7.55
45.332	19.39	27.98	-0.05	7.55
45.361	19.39	27.98	0.04	7.64
45.391	19.39	27.98	0.04	7.64
45.421	19.39	27.99	0.04	7.64
45.451	19.39	27.99	-0.09	7.52
45.480	19.39	27.99	-0.09	7.52
45.510	19.37	27.97	-0.09	7.52
45.540	19.37	27.97	0.02	7.62
45.570	19.37	27.97	0.02	7.62
45.599	19.40	27.99	0.02	7.62
45.629	19.40	27.99	-0.04	7.56
45.659	19.40	27.99	-0.04	7.56
45.689	19.38	27.97	-0.04	7.56
45.718	19.38	27.97	-0.05	7.55
45.748	19.38	27.97	-0.05	7.55
45.778	19.44	28.04	-0.05	7.55
45.808	19.44	28.04	0.04	7.64
45.837	19.44	28.04	0.04	7.64
45.867	19.41	28.01	0.04	7.64
45.897	19.41	28.01	-0.08	7.52
45.927	19.41	28.01	-0.08	7.52
45.956	19.39	27.99	-0.08	7.52
45.986	19.39	27.99	0.01	7.62
46.016	19.39	27.99	0.01	7.62
46.046	19.39	27.99	0.01	7.62
46.075	19.39	27.99	-0.04	7.56
46.105	19.39	27.99	-0.04	7.56
46.135	19.38	27.98	-0.04	7.56
46.165	19.38	27.98	-0.06	7.54
46.194	19.38	27.98	-0.06	7.54
46.224	19.35	27.95	-0.06	7.54
46.254	19.35	27.95	0.04	7.64
46.284	19.35	27.95	0.04	7.64
46.314	19.35	27.95	0.04	7.64
46.343	19.35	27.95	-0.08	7.52
46.373	19.35	27.95	-0.08	7.52
46.403	19.32	27.92	-0.08	7.52
46.433	19.32	27.92	0.02	7.62
46.462	19.32	27.92	0.02	7.62
46.492	19.34	27.93	0.02	7.62
46.522	19.34	27.93	-0.04	7.56
46.552	19.34	27.93	-0.04	7.56
46.581	19.34	27.94	-0.04	7.56
46.611	19.34	27.94	-0.06	7.54
46.641	19.34	27.94	-0.06	7.54
46.671	19.37	27.97	-0.06	7.54
46.700	19.37	27.97	0.04	7.64
46.730	19.37	27.97	0.04	7.64
46.760	19.38	27.98	0.04	7.64
46.790	19.38	27.98	-0.08	7.52
46.819	19.38	27.98	-0.08	7.52
46.849	19.38	27.98	-0.08	7.52
46.879	19.38	27.98	0.01	7.61
46.909	19.38	27.98	0.01	7.61
46.939	19.39	27.99	0.01	7.61
46.968	19.39	27.99	-0.04	7.57
46.998	19.39	27.99	-0.04	7.57
47.028	19.33	27.93	-0.04	7.57
47.058	19.33	27.93	-0.07	7.53
47.087	19.33	27.93	-0.07	7.53
47.117	19.35	27.95	-0.07	7.53
47.147	19.35	27.95	0.04	7.64
47.177	19.35	27.95	0.04	7.64
47.206	19.40	28.00	0.04	7.64
47.236	19.40	28.00	-0.08	7.52
47.266	19.40	28.00	-0.08	7.52
47.296	19.34	27.94	-0.08	7.52
47.325	19.34	27.94	0.01	7.62
47.355	19.34	27.94	0.01	7.62
47.385	19.36	27.96	0.01	7.62
47.415	19.36	27.96	-0.03	7.58
47.444	19.36	27.96	-0.03	7.58
47.474	19.37	27.97	-0.03	7.58
47.504	19.37	27.97	-0.07	7.53
47.534	19.37	27.97	-0.07	7.53
47.564	19.42	28.02	-0.07	7.53
47.593	19.42	28.02	0.04	7.64
47.623	19.42	28.02	0.04	7.64
47.653	19.39	27.99	0.04	7.64
47.683	19.39	27.99	-0.08	7.53
47.712	19.39	27.99	-0.08	7.53
47.742	19.35	27.95	-0.08	7.53
47.772	19.35	27.95	0.01	7.61
47.802	19.35	27.95	0.01	7.61
47.831	19.31	27.91	0.01	7.61
47.861	19.31	27.91	-0.02	7.58
47.891	19.31	27.91	-0.02	7.58
47.921	19.33	27.93	-0.02	7.58
47.950	19.33	27.93	-0.08	7.52
47.980	19.33	27.93	-0.08	7.52
48.010	19.28	27.88	-0.08	7.52
48.040	19.28	27.88	0.04	7.64
48.069	19.28	27.88	0.04	7.64
48.099	19.38	27.98	0.04	7.64
48.129	19.38	27.98	-0.07	7.53
48.159	19.38	27.98	-0.07	7.53
48.189	19.43	28.03	-0.07	7.53
48.218	19.43	28.03	0.01	7.61
48.248	19.43	28.03	0.01	7.61
48.278	19.36	27.96	0.01	7.61
48.308	19.36	27.96	-0.02	7.58
48.337	19.36	27.96	-0.02	7.58
48.367	19.40	28.00	-0.02	7.58
48.397	19.40	28.00	-0.08	7.52
48.427	19.40	28.00	-0.08	7.52
48.456	19.43	28.03	-0.08	7.52
48.486	19.43	28.03	0.04	7.64
48.516	19.43	28.03	0.04	7.64
48.546	19.53	28.13	0.04	7.64
48.575	19.53	28.13	-0.07	7.53
48.605	19.53	28.13	-0.07	7.53
48.635	19.53	28.13	-0.07	7.53
48.665	19.53	28.13	0.01	7.61
48.694	19.53	28.13	0.01	7.61
48.724	19.51	28.11	0.01	7.61
48.754	19.51	28.11	-0.01	7.59
48.784	19.51	28.11	-0.01	7.59
48.814	19.49	28.09	-0.01	7.59
48.843	19.49	28.09	-0.08	7.52
48.873	19.49	28.09	-0.08	7.52
48.903	19.41	28.01	-0.08	7.52
48.933	19.41	28.01	0.04	7.64
48.962	19.41	28.01	0.04	7.64
48.992	19.41	28.01	0.04	7.64
49.022	19.41	28.01	-0.07	7.53
49.052	19.41	28.01	-0.07	7.53
49.081	19.49	28.09	-0.07	7.53
49.111	19.49	28.09	0.01	7.61
49.141	19.49	28.09	0.01	7.61
49.171	19.49	28.09	0.01	7.61
49.200	19.49	28.09	-0.00	7.60
49.230	19.49	28.09	-0.00	7.60
49.260	19.51	28.11	-0.00	7.60
49.290	19.51	28.11	-0.08	7.52
49.320	19.51	28.11	-0.08	7.52
49.349	19.59	28.19	-0.08	7.52
49.379	19.59	28.19	0.04	7.64
49.409	19.59	28.19	0.04	7.64
49.439	19.60	28.20	0.04	7.64
49.468	19.60	28.20	-0.07	7.53
49.498	19.60	28.20	-0.07	7.53
49.528	19.56	28.16	-0.07	7.53
49.558	19.56	28.16	0.00	7.60
49.587	19.56	28.16	0.00	7.60
49.617	19.47	28.07	0.00	7.60
49.647	19.47	28.07	-0.00	7.60
49.677	19.47	28.07	-0.00	7.60
49.706	19.47	28.07	-0.00	7.60
49.736	19.47	28.07	-0.08	7.52
49.766	19.47	28.07	-0.08	7.52
49.796	19.49	28.09	-0.08	7.52
49.825	19.49	28.09	0.04	7.64
49.855	19.49	28.09	0.04	7.64
49.885	19.45	28.05	0.04	7.64
49.915	19.45	28.05	-0.06	7.54
49.944	19.45	28.05	-0.06	7.54
49.974	19.57	28.17	-0.06	7.54
50.004	19.57	28.17	-0.00	7.60
50.034	19.57	28.17	-0.00	7.60
50.064	19.59	28.18	-0.00	7.60
50.093	19.59	28.18	0.01	7.61
50.123	19.59	28.18	0.01	7.61
50.153	19.58	28.18	0.01	7.61
50.183	19.58	28.18	-0.08	7.52
50.212	19.58	28.18	-0.08	7.52
50.242	19.51	28.11	-0.08	7.52
50.272	19.51	28.11	0.04	7.64
50.302	19.51	28.11	0.04	7.64
50.331	19.58	28.18	0.04	7.64
50.361	19.58	28.18	-0.06	7.54
50.391	19.58	28.18	-0.06	7.54
50.421	19.70	28.30	-0.06	7.54
50.450	19.70	28.30	-0.00	7.60
50.480	19.70	28.30	-0.00	7.60
50.510	19.66	28.26	-0.00	7.60
50.540	19.66	28.26	0.01	7.61
50.570	19.66	28.26	0.01	7.61
50.599	19.67	28.27	0.01	7.61
50.629	19.67	28.27	-0.08	7.52
50.659	19.67	28.27	-0.08	7.52
50.689	19.62	28.22	-0.08	7.52
50.718	19.62	28.22	0.04	7.64
50.748	19.62	28.22	0.04	7.64
50.778	19.54	28.14	0.04	7.64
50.808	19.54	28.14	-0.06	7.54
50.837	19.54	28.14	-0.06	7.54
50.867	19.54	28.13	-0.06	7.54
50.897	19.54	28.13	-0.01	7.59
50.927	19.54	28.13	-0.01	7.59
50.956	19.46	28.06	-0.01	7.59
50.986	19.46	28.06	0.02	7.62
51.016	19.46	28.06	0.02	7.62
51.046	19.41	28.01	0.02	7.62
51.075	19.41	28.01	-0.08	7.52
51.105	19.41	28.01	-0.08	7.52
51.135	19.45	28.05	-0.08	7.52
51.165	19.45	28.05	0.04	7.64
51.195	19.45	28.05	0.04	7.64
51.224	19.40	28.00	0.04	7.64
51.254	19.40	28.00	-0.06	7.54
51.284	19.40	28.00	-0.06	7.54
51.314	19.43	28.03	-0.06	7.54
51.343	19.43	28.03	-0.01	7.59
51.373	19.43	28.03	-0.01	7.59
51.403	19.41	28.01	-0.01	7.59
51.433	19.41	28.01	0.02	7.62
51.462	19.41	28.01	0.02	7.62
51.492	19.42	28.02	0.02	7.62
51.522	19.42	28.02	-0.09	7.52
51.552	19.42	28.02	-0.09	7.52
51.581	19.37	27.97	-0.09	7.52
51.611	19.37	27.97	0.04	7.64
51.641	19.37	27.97	0.04	7.64
51.671	19.29	27.89	0.04	7.64
51.700	19.29	27.89	-0.06	7.54
51.730	19.29	27.89	-0.06	7.54
51.760	19.27	27.87	-0.06	7.54
51.790	19.27	27.87	-0.02	7.58
51.820	19.27	27.87	-0.02	7.58
51.849	19.25	27.85	-0.02	7.58
51.879	19.25	27.85	0.03	7.63
51.909	19.25	27.85	0.03	7.63
51.939	19.28	27.88	0.03	7.63
51.968	19.28	27.88	-0.08	7.52
51.998	19.28	27.88	-0.08	7.52
52.028	19.32	27.92	-0.08	7.52
52.058	19.32	27.92	0.03	7.63
52.087	19.32	27.92	0.03	7.63
52.117	19.29	27.89	0.03	7.63
52.147	19.29	27.89	-0.06	7.54
52.177	19.29	27.89	-0.06	7.54
52.206	19.34	27.94	-0.06	7.54
52.236	19.34	27.94	-0.02	7.58
52.266	19.34	27.94	-0.02	7.58
52.296	19.36	27.95	-0.02	7.58
52.325	19.36	27.95	0.03	7.63
52.355	19.36	27.95	0.03	7.63
52.385	19.35	27.95	0.03	7.63
52.415	19.35	27.95	-0.08	7.52
52.444	19.35	27.95	-0.08	7.52
52.474	19.31	27.91	-0.08	7.52
52.504	19.31	27.91	0.03	7.63
52.534	19.31	27.91	0.03	7.63
52.564	19.26	27.86	0.03	7.63
52.593	19.26	27.86	-0.06	7.54
52.623	19.26	27.86	-0.06	7.54
52.653	19.25	27.84	-0.06	7.54
52.683	19.25	27.84	-0.03	7.58
52.712	19.25	27.84	-0.03	7.58
52.742	19.31	27.91	-0.03	7.58
52.772	19.31	27.91	0.03	7.63
52.802	19.31	27.91	0.03	7.63
52.831	19.30	27.90	0.03	7.63
52.861	19.30	27.90	-0.08	7.52
52.891	19.30	27.90	-0.08	7.52
52.921	19.26	27.86	-0.08	7.52
52.950	19.26	27.86	0.03	7.63
52.980	19.26	27.86	0.03	7.63
53.010	19.31	27.90	0.03	7.63
53.040	19.31	27.90	-0.05	7.55
53.069	19.31	27.90	-0.05	7.55
53.099	19.32	27.92	-0.05	7.55
53.129	19.32	27.92	-0.03	7.57
53.159	19.32	27.92	-0.03	7.57
53.189	19.38	27.97	-0.03	7.57
53.218	19.38	27.97	0.04	7.64
53.248	19.38	27.97	0.04	7.64
53.278	19.35	27.95	0.04	7.64
53.307	19.35	27.95	-0.08	7.52
53.337	19.35	27.95	-0.08	7.52
53.367	19.33	27.93	-0.08	7.52
53.397	19.33	27.93	0.03	7.63
53.426	19.33	27.93	0.03	7.63
53.456	19.35	27.94	0.03	7.63
53.486	19.35	27.94	-0.05	7.55
53.516	19.35	27.94	-0.05	7.55
53.545	19.26	27.86	-0.05	7.55
53.575	19.26	27.86	-0.04	7.56
53.605	19.26	27.86	-0.04	7.56
53.635	19.31	27.91	-0.04	7.56
53.665	19.31	27.91	0.04	7.64
53.694	19.31	27.91	0.04	7.64
53.724	19.31	27.91	0.04	7.64
53.754	19.31	27.91	-0.08	7.52
53.784	19.31	27.91	-0.08	7.52
53.813	19.28	27.88	-0.08	7.52
53.843	19.28	27.88	0.02	7.62
53.873	19.28	27.88	0.02	7.62
53.903	19.29	27.89	0.02	7.62
53.932	19.29	27.89	-0.05	7.55
53.962	19.29	27.89	-0.05	7.55
53.992	19.24	27.83	-0.05	7.55
54.022	19.24	27.83	-0.04	7.56
54.051	19.24	27.83	-0.04	7.56
54.081	19.27	27.87	-0.04	7.56
54.111	19.27	27.87	0.04	7.64
54.141	19.27	27.87	0.04	7.64
54.170	19.33	27.93	0.04	7.64
54.200	19.33	27.93	-0.09	7.51
54.230	19.33	27.93	-0.09	7.51
54.260	19.31	27.91	-0.09	7.51
54.290	19.31	27.91	0.02	7.62
54.319	19.31	27.91	0.02	7.62
54.349	19.26	27.86	0.02	7.62
54.379	19.26	27.86	-0.04	7.56
54.409	19.26	27.86	-0.04	7.56
54.438	19.19	27.79	-0.04	7.56
54.468	19.19	27.79	-0.05	7.55
54.498	19.19	27.79	-0.05	7.55
54.528	19.14	27.74	-0.05	7.55
54.557	19.14	27.74	0.04	7.64
54.587	19.14	27.74	0.04	7.64
54.617	19.17	27.77	0.04	7.64
54.647	19.17	27.77	-0.08	7.52
54.676	19.17	27.77	-0.08	7.52
54.706	19.18	27.78	-0.08	7.52
54.736	19.18	27.78	0.02	7.62
54.766	19.18	27.78	0.02	7.62
54.795	19.18	27.78	0.02	7.62
54.825	19.18	27.78	-0.04	7.56
54.855	19.18	27.78	-0.04	7.56
54.885	19.16	27.76	-0.04	7.56
54.915	19.16	27.76	-0.06	7.54
54.944	19.16	27.76	-0.06	7.54
54.974	19.24	27.83	-0.06	7.54
55.004	19.24	27.83	0.04	7.64
55.034	19.24	27.83	0.04	7.64
55.063	19.30	27.90	0.04	7.64
55.093	19.30	27.90	-0.08	7.52
55.123	19.30	27.90	-0.08	7.52
55.153	19.26	27.86	-0.08	7.52
55.182	19.26	27.86	0.02	7.62
55.212	19.26	27.86	0.02	7.62
55.242	19.26	27.86	0.02	7.62
55.272	19.26	27.86	-0.04	7.56
55.301	19.26	27.86	-0.04	7.56
55.331	19.29	27.89	-0.04	7.56
55.361	19.29	27.89	-0.06	7.54
55.391	19.29	27.89	-0.06	7.54
55.421	19.24	27.84	-0.06	7.54
55.450	19.24	27.84	0.04	7.64
55.480	19.24	27.84	0.04	7.64
55.510	19.26	27.86	0.04	7.64
55.540	19.26	27.86	-0.08	7.52
55.569	19.26	27.86	-0.08	7.52
55.599	19.16	27.76	-0.08	7.52
55.629	19.16	27.76	0.01	7.61
55.659	19.16	27.76	0.01	7.61
55.688	19.16	27.76	0.01	7.61
55.718	19.16	27.76	-0.04	7.56
55.748	19.16	27.76	-0.04	7.56
55.778	19.18	27.78	-0.04	7.56
55.807	19.18	27.78	-0.07	7.53
55.837	19.18	27.78	-0.07	7.53
55.867	19.23	27.82	-0.07	7.53
55.897	19.23	27.82	0.04	7.64
55.926	19.23	27.82	0.04	7.64
55.956	19.33	27.93	0.04	7.64
55.986	19.33	27.93	-0.08	7.52
56.016	19.33	27.93	-0.08	7.52
56.046	19.32	27.92	-0.08	7.52
56.075	19.32	27.92	0.02	7.62
56.105	19.32	27.92	0.02	7.62
56.135	19.32	27.92	0.02	7.62
56.165	19.32	27.92	-0.03	7.57
56.194	19.32	27.92	-0.03	7.57
56.224	19.34	27.94	-0.03	7.57
56.254	19.34	27.94	-0.07	7.53
56.284	19.34	27.94	-0.07	7.53
56.313	19.30	27.90	-0.07	7.53
56.343	19.30	27.90	0.04	7.64
56.373	19.30	27.90	0.04	7.64
56.403	19.34	27.94	0.04	7.64
56.432	19.34	27.94	-0.08	7.52
56.462	19.34	27.94	-0.08	7.52
56.492	19.35	27.95	-0.08	7.52
56.522	19.35	27.95	0.01	7.62
56.551	19.35	27.95	0.01	7.62
56.581	19.33	27.93	0.01	7.62
56.611	19.33	27.93	-0.03	7.58
56.641	19.33	27.93	-0.03	7.58
56.671	19.35	27.95	-0.03	7.58
56.700	19.35	27.95	-0.08	7.53
56.730	19.35	27.95	-0.08	7.53
56.760	19.35	27.95	-0.08	7.53
56.790	19.35	27.95	0.04	7.64
56.819	19.35	27.95	0.04	7.64
56.849	19.41	28.01	0.04	7.64
56.879	19.41	28.01	-0.07	7.53
56.909	19.41	28.01	-0.07	7.53
56.938	19.38	27.98	-0.07	7.53
56.968	19.38	27.98	0.01	7.61
56.998	19.38	27.98	0.01	7.61
57.028	19.27	27.87	0.01	7.61
57.057	19.27	27.87	-0.02	7.58
57.087	19.27	27.87	-0.02	7.58
57.117	19.33	27.92	-0.02	7.58
57.147	19.33	27.92	-0.08	7.52
57.176	19.33	27.92	-0.08	7.52
57.206	19.28	27.88	-0.08	7.52
57.236	19.28	27.88	0.04	7.64
57.266	19.28	27.88	0.04	7.64
57.296	19.24	27.84	0.04	7.64
57.325	19.24	27.84	-0.07	7.53
57.355	19.24	27.84	-0.07	7.53
57.385	19.25	27.85	-0.07	7.53
57.415	19.25	27.85	0.01	7.61
57.444	19.25	27.85	0.01	7.61
57.474	19.22	27.82	0.01	7.61
57.504	19.22	27.82	-0.01	7.59
57.534	19.22	27.82	-0.01	7.59
57.563	19.21	27.81	-0.01	7.59
57.593	19.21	27.81	-0.08	7.52
57.623	19.21	27.81	-0.08	7.52
57.653	19.15	27.74	-0.08	7.52
57.682	19.15	27.74	0.04	7.64
57.712	19.15	27.74	0.04	7.64
57.742	19.26	27.86	0.04	7.64
57.772	19.26	27.86	-0.07	7.53
57.801	19.26	27.86	-0.07	7.53
57.831	19.36	27.96	-0.07	7.53
57.861	19.36	27.96	0.01	7.61
57.891	19.36	27.96	0.01	7.61
57.921	19.33	27.92	0.01	7.61
57.950	19.33	27.92	-0.01	7.59
57.980	19.33	27.92	-0.01	7.59
58.010	19.31	27.91	-0.01	7.59
58.040	19.31	27.91	-0.08	7.52
58.069	19.31	27.91	-0.08	7.52
58.099	19.32	27.92	-0.08	7.52
58.129	19.32	27.92	0.04	7.64
58.159	19.32	27.92	0.04	7.64
58.188	19.25	27.85	0.04	7.64
58.218	19.25	27.85	-0.07	7.53
58.248	19.25	27.85	-0.07	7.53
58.278	19.24	27.84	-0.07	7.53
58.307	19.24	27.84	0.01	7.61
58.337	19.24	27.84	0.01	7.61
58.367	19.22	27.82	0.01	7.61
58.397	19.22	27.82	-0.01	7.59
58.426	19.22	27.82	-0.01	7.59
58.456	19.21	27.81	-0.01	7.59
58.486	19.21	27.81	-0.08	7.52
58.516	19.21	27.81	-0.08	7.52
58.546	19.20	27.79	-0.08	7.52
58.575	19.20	27.79	0.04	7.64
58.605	19.20	27.79	0.04	7.64
58.635	19.20	27.80	0.04	7.64
58.665	19.20	27.80	-0.07	7.53
58.694	19.20	27.80	-0.07	7.53
58.724	19.28	27.88	-0.07	7.53
58.754	19.28	27.88	0.01	7.61
58.784	19.28	27.88	0.01	7.61
58.813	19.31	27.91	0.01	7.61
58.843	19.31	27.91	-0.00	7.60
58.873	19.31	27.91	-0.00	7.60
58.903	19.31	27.91	-0.00	7.60
58.932	19.31	27.91	-0.08	7.52
58.962	19.31	27.91	-0.08	7.52
58.992	19.39	27.99	-0.08	7.52
59.022	19.39	27.99	0.04	7.64
59.052	19.39	27.99	0.04	7.64
59.081	19.30	27.90	0.04	7.64
59.111	19.30	27.90	-0.06	7.54
59.141	19.30	27.90	-0.06	7.54
59.171	19.29	27.89	-0.06	7.54
59.200	19.29	27.89	0.00	7.60
59.230	19.29	27.89	0.00	7.60
59.260	19.37	27.97	0.00	7.60
59.290	19.37	27.97	0.00	7.60
59.319	19.37	27.97	0.00	7.60
59.349	19.29	27.88	0.00	7.60
59.379	19.29	27.88	-0.08	7.52
59.409	19.29	27.88	-0.08	7.52
59.438	19.24	27.84	-0.08	7.52
59.468	19.24	27.84	0.04	7.64
59.498	19.24	27.84	0.04	7.64
59.528	19.18	27.78	0.04	7.64
59.557	19.18	27.78	-0.06	7.54
59.587	19.18	27.78	-0.06	7.54
59.617	19.21	27.81	-0.06	7.54
59.647	19.21	27.81	-0.00	7.60
59.676	19.21	27.81	-0.00	7.60
59.706	19.31	27.91	-0.00	7.60
59.736	19.31	27.91	0.01	7.61
59.766	19.31	27.91	0.01	7.61
59.795	19.28	27.88	0.01	7.61
59.825	19.28	27.88	-0.08	7.52
59.855	19.28	27.88	-0.08	7.52
59.885	19.24	27.84	-0.08	7.52
59.914	19.24	27.84	0.04	7.64
59.944	19.24	27.84	0.04	7.64
59.974	19.21	27.81	0.04	7.64
60.004	19.21	27.81	-0.06	7.54
60.034	19.21	27.81	-0.06	7.54
60.063	19.13	27.73	-0.06	7.54
60.093	19.13	27.73	0.00	7.60
60.123	19.13	27.73	0.00	7.60
60.153	19.22	27.82	0.00	7.60
60.182	19.22	27.82	0.01	7.61
60.212	19.22	27.82	0.01	7.61
60.242	19.21	27.81	0.01	7.61
60.272	19.21	27.81	-0.08	7.52
60.301	19.21	27.81	-0.08	7.52
60.331	19.19	27.79	-0.08	7.52
60.361	19.19	27.79	0.04	7.64
60.391	19.19	27.79	0.04	7.64
60.420	19.21	27.81	0.04	7.64
60.450	19.21	27.81	-0.06	7.54
60.480	19.21	27.81	-0.06	7.54
60.510	19.15	27.75	-0.06	7.54
60.539	19.15	27.75	-0.00	7.60
60.569	19.15	27.75	-0.00	7.60
60.599	19.22	27.82	-0.00	7.60
60.629	19.22	27.82	0.01	7.62
60.659	19.22	27.82	0.01	7.62
60.688	19.18	27.78	0.01	7.62
60.718	19.18	27.78	-0.08	7.52
60.748	19.18	27.78	-0.08	7.52
60.778	19.17	27.77	-0.08	7.52
60.807	19.17	27.77	0.04	7.64
60.837	19.17	27.77	0.04	7.64
60.867	19.26	27.86	0.04	7.64
60.897	19.26	27.86	-0.06	7.54
60.926	19.26	27.86	-0.06	7.54
60.956	19.26	27.86	-0.06	7.54
60.986	19.26	27.86	-0.00	7.60
61.016	19.26	27.86	-0.00	7.60
61.045	19.27	27.87	-0.00	7.60
61.075	19.27	27.87	0.01	7.62
61.105	19.27	27.87	0.01	7.62
61.135	19.26	27.85	0.01	7.62
61.164	19.26	27.85	-0.08	7.52
61.194	19.26	27.85	-0.08	7.52
61.224	19.15	27.74	-0.08	7.52
61.254	19.15	27.74	0.04	7.64
61.284	19.15	27.74	0.04	7.64
61.313	19.17	27.77	0.04	7.64
61.343	19.17	27.77	-0.06	7.54
61.373	19.17	27.77	-0.06	7.54
61.403	19.14	27.73	-0.06	7.54
61.432	19.14	27.73	-0.01	7.59
61.462	19.14	27.73	-0.01	7.59
61.492	19.29	27.89	-0.01	7.59
61.522	19.29	27.89	0.02	7.62
61.551	19.29	27.89	0.02	7.62
61.581	19.30	27.90	0.02	7.62
61.611	19.30	27.90	-0.08	7.52
61.641	19.30	27.90	-0.08	7.52
61.670	19.21	27.81	-0.08	7.52
61.700	19.21	27.81	0.04	7.64
61.730	19.21	27.81	0.04	7.64
61.760	19.23	27.83	0.04	7.64
61.789	19.23	27.83	-0.06	7.54
61.819	19.23	27.83	-0.06	7.54
61.849	19.17	27.77	-0.06	7.54
61.879	19.17	27.77	-0.00	7.60
61.909	19.17	27.77	-0.00	7.60
61.938	19.16	27.76	-0.00	7.60
61.968	19.16	27.76	0.02	7.62
61.998	19.16	27.76	0.02	7.62
62.028	19.22	27.82	0.02	7.62
62.057	19.22	27.82	-0.08	7.52
62.087	19.22	27.82	-0.08	7.52
62.117	19.16	27.76	-0.08	7.52
62.147	19.16	27.76	0.04	7.64
62.176	19.16	27.76	0.04	7.64
62.206	19.18	27.78	0.04	7.64
62.236	19.18	27.78	-0.05	7.55
62.266	19.18	27.78	-0.05	7.55
62.295	19.25	27.85	-0.05	7.55
62.325	19.25	27.85	-0.01	7.59
62.355	19.25	27.85	-0.01	7.59
62.385	19.26	27.86	-0.01	7.59
62.414	19.26	27.86	0.02	7.62
62.444	19.26	27.86	0.02	7.62
62.474	19.34	27.94	0.02	7.62
62.504	19.34	27.94	-0.09	7.52
62.533	19.34	27.94	-0.09	7.52
62.563	19.34	27.94	-0.09	7.52
62.593	19.34	27.94	0.04	7.64
62.623	19.34	27.94	0.04	7.64
62.653	19.38	27.97	0.04	7.64
62.682	19.38	27.97	-0.06	7.54
62.712	19.38	27.97	-0.06	7.54
62.742	19.31	27.91	-0.06	7.54
62.771	19.31	27.91	-0.01	7.59
62.801	19.31	27.91	-0.01	7.59
62.831	19.27	27.87	-0.01	7.59
62.861	19.27	27.87	0.02	7.62
62.890	19.27	27.87	0.02	7.62
62.920	19.26	27.85	0.02	7.62
62.950	19.26	27.85	-0.08	7.52
62.980	19.26	27.85	-0.08	7.52
63.010	19.26	27.85	-0.08	7.52
63.039	19.26	27.85	0.04	7.64
63.069	19.26	27.85	0.04	7.64
63.099	19.19	27.79	0.04	7.64
63.129	19.19	27.79	-0.06	7.54
63.158	19.19	27.79	-0.06	7.54
63.188	19.20	27.80	-0.06	7.54
63.218	19.20	27.80	-0.01	7.59
63.248	19.20	27.80	-0.01	7.59
63.277	19.21	27.81	-0.01	7.59
63.307	19.21	27.81	0.02	7.63
63.337	19.21	27.81	0.02	7.63
63.367	19.25	27.85	0.02	7.63
63.396	19.25	27.85	-0.08	7.52
63.426	19.25	27.85	-0.08	7.52
63.456	19.28	27.88	-0.08	7.52
63.486	19.28	27.88	0.04	7.64
63.515	19.28	27.88	0.04	7.64
63.545	19.32	27.92	0.04	7.64
63.575	19.32	27.92	-0.06	7.54
63.605	19.32	27.92	-0.06	7.54
63.635	19.35	27.94	-0.06	7.54
63.664	19.35	27.94	-0.01	7.59
63.694	19.35	27.94	-0.01	7.59
63.724	19.32	27.92	-0.01	7.59
63.754	19.32	27.92	0.02	7.63
63.783	19.32	27.92	0.02	7.63
63.813	19.27	27.87	0.02	7.63
63.843	19.27	27.87	-0.08	7.52
63.873	19.27	27.87	-0.08	7.52
63.902	19.26	27.86	-0.08	7.52
63.932	19.26	27.86	0.04	7.64
63.962	19.26	27.86	0.04	7.64
63.992	19.25	27.85	0.04	7.64
64.021	19.25	27.85	-0.05	7.55
64.051	19.25	27.85	-0.05	7.55
64.081	19.16	27.75	-0.05	7.55
64.111	19.16	27.75	-0.01	7.59
64.140	19.16	27.75	-0.01	7.59
64.170	19.21	27.80	-0.01	7.59
64.200	19.21	27.80	0.03	7.63
64.230	19.21	27.80	0.03	7.63
64.259	19.26	27.86	0.03	7.63
64.289	19.26	27.86	-0.08	7.52
64.319	19.26	27.86	-0.08	7.52
64.349	19.35	27.95	-0.08	7.52
64.379	19.35	27.95	0.04	7.64
64.408	19.35	27.95	0.04	7.64
64.438	19.27	27.87	0.04	7.64
64.468	19.27	27.87	-0.06	7.54
64.498	19.27	27.87	-0.06	7.54
64.527	19.21	27.81	-0.06	7.54
64.557	19.21	27.81	-0.02	7.58
64.587	19.21	27.81	-0.02	7.58
64.617	19.25	27.85	-0.02	7.58
64.646	19.25	27.85	0.03	7.63
64.676	19.25	27.85	0.03	7.63
64.706	19.22	27.82	0.03	7.63
64.736	19.22	27.82	-0.08	7.52
64.765	19.22	27.82	-0.08	7.52
64.795	19.25	27.85	-0.08	7.52
64.825	19.25	27.85	0.03	7.63
64.855	19.25	27.85	0.03	7.63
64.884	19.21	27.80	0.03	7.63
64.914	19.21	27.80	-0.06	7.54
64.944	19.21	27.80	-0.06	7.54
64.974	19.24	27.84	-0.06	7.54
65.003	19.24	27.84	-0.02	7.58
65.033	19.24	27.84	-0.02	7.58
65.063	19.23	27.82	-0.02	7.58
65.093	19.23	27.82	0.03	7.63
65.123	19.23	27.82	0.03	7.63
65.152	19.24	27.84	0.03	7.63
65.182	19.24	27.84	-0.08	7.52
65.212	19.24	27.84	-0.08	7.52
65.242	19.19	27.79	-0.08	7.52
65.271	19.19	27.79	0.03	7.63
65.301	19.19	27.79	0.03	7.63
65.331	19.24	27.84	0.03	7.63
65.361	19.24	27.84	-0.06	7.54
65.390	19.24	27.84	-0.06	7.54
65.420	19.30	27.90	-0.06	7.54
65.450	19.30	27.90	-0.02	7.58
65.480	19.30	27.90	-0.02	7.58
65.509	19.31	27.91	-0.02	7.58
65.539	19.31	27.91	0.04	7.64
65.569	19.31	27.91	0.04	7.64
65.599	19.30	27.90	0.04	7.64
65.628	19.30	27.90	-0.08	7.52
65.658	19.30	27.90	-0.08	7.52
65.688	19.25	27.84	-0.08	7.52
65.718	19.25	27.84	0.03	7.63
65.748	19.25	27.84	0.03	7.63
65.777	19.23	27.83	0.03	7.63
65.807	19.23	27.83	-0.05	7.55
65.837	19.23	27.83	-0.05	7.55
65.867	19.18	27.78	-0.05	7.55
65.896	19.18	27.78	-0.02	7.58
65.926	19.18	27.78	-0.02	7.58
65.956	19.12	27.72	-0.02	7.58
65.986	19.12	27.72	0.03	7.63
66.015	19.12	27.72	0.03	7.63
66.045	19.21	27.81	0.03	7.63
66.075	19.21	27.81	-0.08	7.52
66.105	19.21	27.81	-0.08	7.52
66.134	19.29	27.89	-0.08	7.52
66.164	19.29	27.89	0.03	7.63
66.194	19.29	27.89	0.03	7.63
66.224	19.35	27.95	0.03	7.63
66.253	19.35	27.95	-0.05	7.55
66.283	19.35	27.95	-0.05	7.55
66.313	19.31	27.90	-0.05	7.55
66.343	19.31	27.90	-0.03	7.58
66.373	19.31	27.90	-0.03	7.58
66.402	19.29	27.89	-0.03	7.58
66.432	19.29	27.89	0.03	7.63
66.462	19.29	27.89	0.03	7.63
66.492	19.20	27.80	0.03	7.63
66.521	19.20	27.80	-0.08	7.52
66.551	19.20	27.80	-0.08	7.52
66.581	19.20	27.80	-0.08	7.52
66.611	19.20	27.80	0.03	7.63
66.640	19.20	27.80	0.03	7.63
66.670	19.26	27.86	0.03	7.63
66.700	19.26	27.86	-0.05	7.55
66.730	19.26	27.86	-0.05	7.55
66.759	19.23	27.83	-0.05	7.55
66.789	19.23	27.83	-0.03	7.58
66.819	19.23	27.83	-0.03	7.58
66.849	19.22	27.82	-0.03	7.58
66.878	19.22	27.82	0.03	7.63
66.908	19.22	27.82	0.03	7.63
66.938	19.26	27.85	0.03	7.63
66.968	19.26	27.85	-0.08	7.52
66.998	19.26	27.85	-0.08	7.52
67.027	19.29	27.89	-0.08	7.52
67.057	19.29	27.89	0.03	7.63
67.087	19.29	27.89	0.03	7.63
67.117	19.36	27.96	0.03	7.63
67.146	19.36	27.96	-0.06	7.54
67.176	19.36	27.96	-0.06	7.54
67.206	19.31	27.90	-0.06	7.54
67.236	19.31	27.90	-0.03	7.58
67.265	19.31	27.90	-0.03	7.58
67.295	19.23	27.83	-0.03	7.58
67.325	19.23	27.83	0.03	7.63
67.355	19.23	27.83	0.03	7.63
67.384	19.24	27.84	0.03	7.63
67.414	19.24	27.84	-0.08	7.52
67.444	19.24	27.84	-0.08	7.52
67.474	19.20	27.80	-0.08	7.52
67.503	19.20	27.80	0.03	7.63
67.533	19.20	27.80	0.03	7.63
67.563	19.28	27.88	0.03	7.63
67.593	19.28	27.88	-0.06	7.54
67.622	19.28	27.88	-0.06	7.54
67.652	19.27	27.87	-0.06	7.54
67.682	19.27	27.87	-0.03	7.58
67.712	19.27	27.87	-0.03	7.58
67.742	19.24	27.84	-0.03	7.58
67.771	19.24	27.84	0.03	7.63
67.801	19.24	27.84	0.03	7.63
67.831	19.24	27.84	0.03	7.63
67.861	19.24	27.84	-0.08	7.52
67.890	19.24	27.84	-0.08	7.52
67.920	19.25	27.85	-0.08	7.52
67.950	19.25	27.85	0.03	7.63
67.980	19.25	27.85	0.03	7.63
68.009	19.29	27.89	0.03	7.63
68.039	19.29	27.89	-0.06	7.54
68.069	19.29	27.89	-0.06	7.54
68.099	19.26	27.86	-0.06	7.54
68.128	19.26	27.86	-0.02	7.58
68.158	19.26	27.86	-0.02	7.58
68.188	19.22	27.82	-0.02	7.58
68.218	19.22	27.82	0.03	7.63
68.247	19.22	27.82	0.03	7.63
68.277	19.29	27.89	0.03	7.63
68.307	19.29	27.89	-0.08	7.52
68.337	19.29	27.89	-0.08	7.52
68.367	19.18	27.78	-0.08	7.52
68.396	19.18	27.78	0.03	7.63
68.426	19.18	27.78	0.03	7.63
68.456	19.15	27.75	0.03	7.63
68.486	19.15	27.75	-0.06	7.54
68.515	19.15	27.75	-0.06	7.54
68.545	19.22	27.82	-0.06	7.54
68.575	19.22	27.82	-0.02	7.58
68.605	19.22	27.82	-0.02	7.58
68.634	19.23	27.83	-0.02	7.58
68.664	19.23	27.83	0.03	7.63
68.694	19.23	27.83	0.03	7.63
68.724	19.27	27.87	0.03	7.63
68.753	19.27	27.87	-0.08	7.52
68.783	19.27	27.87	-0.08	7.52
68.813	19.27	27.87	-0.08	7.52
68.843	19.27	27.87	0.02	7.63
68.872	19.27	27.87	0.02	7.63
68.902	19.37	27.97	0.02	7.63
68.932	19.37	27.97	-0.06	7.54
68.962	19.37	27.97	-0.06	7.54
68.992	19.32	27.92	-0.06	7.54
69.021	19.32	27.92	-0.03	7.58
69.051	19.32	27.92	-0.03	7.58
69.081	19.23	27.83	-0.03	7.58
69.111	19.23	27.83	0.03	7.63
69.140	19.23	27.83	0.03	7.63
69.170	19.24	27.83	0.03	7.63
69.200	19.24	27.83	-0.08	7.52
69.230	19.24	27.83	-0.08	7.52
69.259	19.25	27.85	-0.08	7.52
69.289	19.25	27.85	0.03	7.63
69.319	19.25	27.85	0.03	7.63
69.349	19.26	27.86	0.03	7.63
69.378	19.26	27.86	-0.05	7.55
69.408	19.26	27.86	-0.05	7.55
69.438	19.27	27.87	-0.05	7.55
69.468	19.27	27.87	-0.02	7.58
69.497	19.27	27.87	-0.02	7.58
69.527	19.27	27.87	-0.02	7.58
69.557	19.27	27.87	0.03	7.63
69.587	19.27	27.87	0.03	7.63
69.616	19.23	27.83	0.03	7.63
69.646	19.23	27.83	-0.08	7.52
69.676	19.23	27.83	-0.08	7.52
69.706	19.19	27.79	-0.08	7.52
69.736	19.19	27.79	0.03	7.63
69.765	19.19	27.79	0.03	7.63
69.795	19.24	27.84	0.03	7.63
69.825	19.24	27.84	-0.06	7.54
69.855	19.24	27.84	-0.06	7.54
69.884	19.28	27.88	-0.06	7.54
69.914	19.28	27.88	-0.02	7.58
69.944	19.28	27.88	-0.02	7.58
69.974	19.26	27.86	-0.02	7.58
70.003	19.26	27.86	0.03	7.63
70.033	19.26	27.86	0.03	7.63
70.063	19.22	27.82	0.03	7.63
70.093	19.22	27.82	-0.08	7.52
70.122	19.22	27.82	-0.08	7.52
70.152	19.21	27.80	-0.08	7.52
70.182	19.21	27.80	0.03	7.63
70.212	19.21	27.80	0.03	7.63
70.241	19.22	27.82	0.03	7.63
70.271	19.22	27.82	-0.06	7.54
70.301	19.22	27.82	-0.06	7.54
70.331	19.29	27.89	-0.06	7.54
70.360	19.29	27.89	-0.02	7.58
70.390	19.29	27.89	-0.02	7.58
70.420	19.29	27.88	-0.02	7.58
70.450	19.29	27.88	0.03	7.63
70.479	19.29	27.88	0.03	7.63
70.509	19.25	27.85	0.03	7.63
70.539	19.25	27.85	-0.08	7.52
70.569	19.25	27.85	-0.08	7.52
70.599	19.24	27.84	-0.08	7.52
70.628	19.24	27.84	0.03	7.63
70.658	19.24	27.84	0.03	7.63
70.688	19.26	27.86	0.03	7.63
70.718	19.26	27.86	-0.06	7.54
70.747	19.26	27.86	-0.06	7.54
70.777	19.27	27.87	-0.06	7.54
70.807	19.27	27.87	-0.02	7.58
70.837	19.27	27.87	-0.02	7.58
70.866	19.29	27.89	-0.02	7.58
70.896	19.29	27.89	0.03	7.63
70.926	19.29	27.89	0.03	7.63
70.956	19.33	27.93	0.03	7.63
70.985	19.33	27.93	-0.08	7.52
71.015	19.33	27.93	-0.08	7.52
71.045	19.30	27.90	-0.08	7.52
71.075	19.30	27.90	0.03	7.63
71.105	19.30	27.90	0.03	7.63
71.134	17.47	26.07	0.03	7.63
71.164	17.47	26.07	-0.06	7.54
71.194	17.47	26.07	-0.06	7.54
71.224	3.03	11.63	-0.06	7.54
71.253	3.03	11.63	-0.02	7.58
71.283	3.03	11.63	-0.02	7.58
71.313	-6.19	2.41	-0.02	7.58
71.343	-6.19	2.41	0.02	7.63
71.372	-6.19	2.41	0.02	7.63
71.402	-2.04	6.56	0.02	7.63
71.432	-2.04	6.56	-0.09	7.52
71.462	-2.04	6.56	-0.09	7.52
71.492	1.94	10.54	-0.09	7.52
71.521	1.94	10.54	0.03	7.63
71.551	1.94	10.54	0.03	7.63
71.581	2.75	11.35	0.03	7.63
71.611	2.75	11.35	-0.06	7.54
71.640	2.75	11.35	-0.06	7.54
71.670	-0.65	7.95	-0.06	7.54
71.700	-0.65	7.95	-0.02	7.58
71.730	-0.65	7.95	-0.02	7.58
71.760	-1.49	7.10	-0.02	7.58
71.789	-1.49	7.10	0.03	7.63
71.819	-1.49	7.10	0.03	7.63
71.849	-0.06	8.54	0.03	7.63
71.879	-0.06	8.54	-0.09	7.52
71.908	-0.06	8.54	-0.09	7.52
71.938	0.99	9.59	-0.09	7.52
71.968	0.99	9.59	0.04	7.64
71.998	0.99	9.59	0.04	7.64
72.028	0.60	9.20	0.04	7.64
72.057	0.60	9.20	-0.06	7.54
72.087	0.60	9.20	-0.06	7.54
72.117	-0.46	8.14	-0.06	7.54
72.147	-0.46	8.14	-0.02	7.58
72.176	-0.46	8.14	-0.02	7.58
72.206	-0.42	8.18	-0.02	7.58
72.236	-0.42	8.18	0.02	7.62
72.266	-0.42	8.18	0.02	7.62
72.295	0.18	8.78	0.02	7.62
72.325	0.18	8.78	-0.09	7.51
72.355	0.18	8.78	-0.09	7.51
72.385	0.44	9.04	-0.09	7.51
72.415	0.44	9.04	0.04	7.64
72.444	0.44	9.04	0.04	7.64
72.474	0.10	8.70	0.04	7.64
72.504	0.10	8.70	-0.06	7.54
72.534	0.10	8.70	-0.06	7.54
72.563	-0.15	8.45	-0.06	7.54
72.593	-0.15	8.45	-0.01	7.59
72.623	-0.15	8.45	-0.01	7.59
72.653	-0.06	8.54	-0.01	7.59
72.683	-0.06	8.54	0.02	7.63
72.712	-0.06	8.54	0.02	7.63
72.742	0.06	8.66	0.02	7.63
72.772	0.06	8.66	-0.08	7.52
72.802	0.06	8.66	-0.08	7.52
72.831	0.08	8.68	-0.08	7.52
72.861	0.08	8.68	0.04	7.64
72.891	0.08	8.68	0.04	7.64
72.921	0.05	8.64	0.04	7.64
72.951	0.05	8.64	-0.06	7.54
72.980	0.05	8.64	-0.06	7.54
73.010	0.07	8.67	-0.06	7.54
73.040	0.07	8.67	-0.02	7.58
73.070	0.07	8.67	-0.02	7.58
73.099	0.08	8.68	-0.02	7.58
73.129	0.08	8.68	0.02	7.62
73.159	0.08	8.68	0.02	7.62
73.189	0.06	8.66	0.02	7.62
73.219	0.06	8.66	-0.08	7.52
73.248	0.06	8.66	-0.08	7.52
73.278	0.07	8.67	-0.08	7.52
73.308	0.07	8.67	0.04	7.64
73.338	0.07	8.67	0.04	7.64
73.367	0.06	8.66	0.04	7.64
73.397	0.06	8.66	-0.06	7.54
73.427	0.06	8.66	-0.06	7.54
73.457	0.02	8.62	-0.06	7.54
73.487	0.02	8.62	-0.01	7.59
73.516	0.02	8.62	-0.01	7.59
73.546	-0.03	8.57	-0.01	7.59
73.576	-0.03	8.57	0.02	7.62
73.606	-0.03	8.57	0.02	7.62
73.635	-0.01	8.59	0.02	7.62
73.665	-0.01	8.59	-0.08	7.52
73.695	-0.01	8.59	-0.08	7.52
73.725	-0.04	8.56	-0.08	7.52
73.755	-0.04	8.56	0.04	7.64
73.784	-0.04	8.56	0.04	7.64
73.814	-0.03	8.57	0.04	7.64
73.844	-0.03	8.57	-0.06	7.54
73.874	-0.03	8.57	-0.06	7.54
73.903	-0.04	8.56	-0.06	7.54
73.933	-0.04	8.56	-0.01	7.59
73.963	-0.04	8.56	-0.01	7.59
73.993	0.02	8.62	-0.01	7.59
74.023	0.02	8.62	0.02	7.62
74.052	0.02	8.62	0.02	7.62
74.082	0.03	8.63	0.02	7.62
74.112	0.03	8.63	-0.08	7.52
74.142	0.03	8.63	-0.08	7.52
74.171	-0.04	8.56	-0.08	7.52
74.201	-0.04	8.56	0.03	7.63
74.231	-0.04	8.56	0.03	7.63
74.261	-0.06	8.54	0.03	7.63
74.291	-0.06	8.54	-0.06	7.54
74.320	-0.06	8.54	-0.06	7.54
74.350	-0.06	8.54	-0.06	7.54
74.380	-0.06	8.54	-0.01	7.59
74.410	-0.06	8.54	-0.01	7.59
74.439	-0.06	8.54	-0.01	7.59
74.469	-0.06	8.54	0.02	7.62
