Tempo(s)    P0(KPa) P0+Coluna(KPa)  P1(KPa) P1+Coluna(KPa)
0.003	-2.22	-2.22	-2.22	-2.22
0.030	-2.22	-2.22	-2.22	-2.22
0.060	10.55	10.55	-2.22	-2.22
0.090	10.55	10.55	7.60	7.60
0.120	10.55	10.55	7.60	7.60
0.149	10.53	10.53	7.60	7.60
0.179	10.53	10.53	7.49	7.49
0.209	10.53	10.53	7.49	7.49
0.239	10.69	10.69	7.49	7.49
0.269	10.69	10.69	7.60	7.60
0.298	10.69	10.69	7.60	7.60
0.328	11.06	11.06	7.60	7.60
0.358	11.06	11.06	7.56	7.56
0.388	11.06	11.06	7.56	7.56
0.417	11.23	11.23	7.56	7.56
0.447	11.23	11.23	7.52	7.52
0.477	11.23	11.23	7.52	7.52
0.507	11.41	11.41	7.52	7.52
0.536	11.41	11.41	7.63	7.63
0.566	11.41	11.41	7.63	7.63
0.596	11.21	11.21	7.63	7.63
0.626	-0.00	11.21	-0.12	7.51
0.655	-0.00	11.21	-0.12	7.51
0.685	0.04	11.26	-0.12	7.51
0.715	0.04	11.26	-0.02	7.61
0.744	0.04	11.26	-0.02	7.61
0.774	-0.01	11.20	-0.02	7.61
0.804	-0.01	11.20	-0.08	7.55
0.834	-0.01	11.20	-0.08	7.55
0.864	-0.04	11.18	-0.08	7.55
0.893	-0.04	11.18	-0.10	7.53
0.923	-0.04	11.18	-0.10	7.53
0.953	-0.02	11.20	-0.10	7.53
0.983	-0.02	11.20	-0.00	7.63
1.012	-0.02	11.20	-0.00	7.63
1.042	-0.10	11.11	-0.00	7.63
1.072	-0.10	11.11	-0.12	7.51
1.102	-0.10	11.11	-0.12	7.51
1.132	-0.11	11.10	-0.12	7.51
1.161	-0.11	11.10	-0.03	7.60
1.191	-0.11	11.10	-0.03	7.60
1.221	-0.03	11.18	-0.03	7.60
1.251	-0.03	11.18	-0.08	7.55
1.280	-0.03	11.18	-0.08	7.55
1.310	-0.09	11.13	-0.08	7.55
1.340	-0.09	11.13	-0.10	7.53
1.370	-0.09	11.13	-0.10	7.53
1.400	-0.04	11.17	-0.10	7.53
1.429	-0.04	11.17	-0.00	7.63
1.459	-0.04	11.17	-0.00	7.63
1.489	-0.08	11.13	-0.00	7.63
1.519	-0.08	11.13	-0.12	7.51
1.548	-0.08	11.13	-0.12	7.51
1.578	-0.05	11.17	-0.12	7.51
1.608	-0.05	11.17	-0.02	7.61
1.638	-0.05	11.17	-0.02	7.61
1.668	-0.01	11.20	-0.02	7.61
1.697	-0.01	11.20	-0.08	7.55
1.727	-0.01	11.20	-0.08	7.55
1.757	-0.07	11.15	-0.08	7.55
1.787	-0.07	11.15	-0.10	7.53
1.816	-0.07	11.15	-0.10	7.53
1.846	-0.02	11.19	-0.10	7.53
1.876	-0.02	11.19	-0.00	7.63
1.906	-0.02	11.19	-0.00	7.63
1.936	-0.01	11.20	-0.00	7.63
1.965	-0.01	11.20	-0.12	7.51
1.995	-0.01	11.20	-0.12	7.51
2.025	0.07	11.28	-0.12	7.51
2.055	0.07	11.28	-0.02	7.61
2.084	0.07	11.28	-0.02	7.61
2.114	0.12	11.33	-0.02	7.61
2.144	0.12	11.33	-0.08	7.55
2.174	0.12	11.33	-0.08	7.55
2.204	0.21	11.42	-0.08	7.55
2.233	0.21	11.42	-0.09	7.54
2.263	0.21	11.42	-0.09	7.54
2.293	0.31	11.53	-0.09	7.54
2.323	0.31	11.53	-0.01	7.63
2.352	0.31	11.53	-0.01	7.63
2.382	0.39	11.60	-0.01	7.63
2.412	0.39	11.60	-0.12	7.51
2.442	0.39	11.60	-0.12	7.51
2.472	0.41	11.62	-0.12	7.51
2.501	0.41	11.62	-0.02	7.61
2.531	0.41	11.62	-0.02	7.61
2.561	0.39	11.60	-0.02	7.61
2.591	0.39	11.60	-0.09	7.55
2.620	0.39	11.60	-0.09	7.55
2.650	0.54	11.75	-0.09	7.55
2.680	0.54	11.75	-0.09	7.54
2.710	0.54	11.75	-0.09	7.54
2.740	0.57	11.79	-0.09	7.54
2.769	0.57	11.79	-0.00	7.63
2.799	0.57	11.79	-0.00	7.63
2.829	0.62	11.84	-0.00	7.63
2.859	0.62	11.84	-0.12	7.51
2.888	0.62	11.84	-0.12	7.51
2.918	0.69	11.90	-0.12	7.51
2.948	0.69	11.90	-0.02	7.61
2.978	0.69	11.90	-0.02	7.61
3.008	0.68	11.90	-0.02	7.61
3.037	0.68	11.90	-0.09	7.54
3.067	0.68	11.90	-0.09	7.54
3.097	0.69	11.91	-0.09	7.54
3.127	0.69	11.91	-0.09	7.54
3.156	0.69	11.91	-0.09	7.54
3.186	0.80	12.02	-0.09	7.54
3.216	0.80	12.02	-0.01	7.63
3.246	0.80	12.02	-0.01	7.63
3.276	0.81	12.02	-0.01	7.63
3.305	0.81	12.02	-0.12	7.51
3.335	0.81	12.02	-0.12	7.51
3.365	0.84	12.05	-0.12	7.51
3.395	0.84	12.05	-0.02	7.62
3.424	0.84	12.05	-0.02	7.62
3.454	0.85	12.07	-0.02	7.62
3.484	0.85	12.07	-0.09	7.54
3.514	0.85	12.07	-0.09	7.54
3.544	0.83	12.04	-0.09	7.54
3.573	0.83	12.04	-0.09	7.55
3.603	0.83	12.04	-0.09	7.55
3.633	19.64	30.85	-0.09	7.55
3.663	19.64	30.85	-0.00	7.63
3.692	19.64	30.85	-0.00	7.63
3.722	20.02	31.24	-0.00	7.63
3.752	20.02	31.24	-0.12	7.51
3.782	20.02	31.24	-0.12	7.51
3.812	17.31	28.53	-0.12	7.51
3.841	17.31	28.53	-0.01	7.62
3.871	17.31	28.53	-0.01	7.62
3.901	17.93	29.14	-0.01	7.62
3.931	17.93	29.14	-0.09	7.54
3.960	17.93	29.14	-0.09	7.54
3.990	17.88	29.09	-0.09	7.54
4.020	17.88	29.09	-0.08	7.55
4.050	17.88	29.09	-0.08	7.55
4.079	17.62	28.84	-0.08	7.55
4.109	17.62	28.84	-0.00	7.63
4.139	17.62	28.84	-0.00	7.63
4.169	17.58	28.80	-0.00	7.63
4.198	17.58	28.80	-0.12	7.51
4.228	17.58	28.80	-0.12	7.51
4.258	17.77	28.98	-0.12	7.51
4.288	17.77	28.98	-0.01	7.62
4.317	17.77	28.98	-0.01	7.62
4.347	18.12	29.34	-0.01	7.62
4.377	18.12	29.34	-0.09	7.54
4.407	18.12	29.34	-0.09	7.54
4.436	18.14	29.35	-0.09	7.54
4.466	18.14	29.35	-0.08	7.55
4.496	18.14	29.35	-0.08	7.55
4.526	18.30	29.51	-0.08	7.55
4.555	18.30	29.51	-0.00	7.63
4.585	18.30	29.51	-0.00	7.63
4.615	18.47	29.69	-0.00	7.63
4.645	18.47	29.69	-0.12	7.51
4.675	18.47	29.69	-0.12	7.51
4.704	18.27	29.48	-0.12	7.51
4.734	18.27	29.48	-0.01	7.62
4.764	18.27	29.48	-0.01	7.62
4.794	18.49	29.70	-0.01	7.62
4.823	18.49	29.70	-0.09	7.54
4.853	18.49	29.70	-0.09	7.54
4.883	18.35	29.57	-0.09	7.54
4.913	18.35	29.57	-0.07	7.56
4.942	18.35	29.57	-0.07	7.56
4.972	18.37	29.58	-0.07	7.56
5.002	18.37	29.58	-0.01	7.63
5.032	18.37	29.58	-0.01	7.63
5.062	18.31	29.52	-0.01	7.63
5.091	18.31	29.52	-0.12	7.51
5.121	18.31	29.52	-0.12	7.51
5.151	18.32	29.53	-0.12	7.51
5.181	18.32	29.53	-0.01	7.62
5.210	18.32	29.53	-0.01	7.62
5.240	18.58	29.79	-0.01	7.62
5.270	18.58	29.79	-0.09	7.54
5.300	18.58	29.79	-0.09	7.54
5.329	18.38	29.60	-0.09	7.54
5.359	18.38	29.60	-0.07	7.56
5.389	18.38	29.60	-0.07	7.56
5.419	18.31	29.52	-0.07	7.56
5.449	18.31	29.52	-0.00	7.63
5.478	18.31	29.52	-0.00	7.63
5.508	18.40	29.61	-0.00	7.63
5.538	18.40	29.61	-0.12	7.51
5.568	18.40	29.61	-0.12	7.51
5.597	18.32	29.53	-0.12	7.51
5.627	18.32	29.53	-0.01	7.62
5.657	18.32	29.53	-0.01	7.62
5.687	18.43	29.64	-0.01	7.62
5.716	18.43	29.64	-0.09	7.54
5.746	18.43	29.64	-0.09	7.54
5.776	18.36	29.57	-0.09	7.54
5.806	18.36	29.57	-0.07	7.56
5.836	18.36	29.57	-0.07	7.56
5.865	18.38	29.59	-0.07	7.56
5.895	18.38	29.59	-0.00	7.63
5.925	18.38	29.59	-0.00	7.63
5.955	18.20	29.42	-0.00	7.63
5.984	18.20	29.42	-0.12	7.51
6.014	18.20	29.42	-0.12	7.51
6.044	18.28	29.50	-0.12	7.51
6.074	18.28	29.50	-0.01	7.62
6.103	18.28	29.50	-0.01	7.62
6.133	18.36	29.58	-0.01	7.62
6.163	18.36	29.58	-0.09	7.54
6.193	18.36	29.58	-0.09	7.54
6.223	18.28	29.49	-0.09	7.54
6.252	18.28	29.49	-0.06	7.57
6.282	18.28	29.49	-0.06	7.57
6.312	18.28	29.50	-0.06	7.57
6.342	18.28	29.50	-0.01	7.62
6.371	18.28	29.50	-0.01	7.62
6.401	18.31	29.52	-0.01	7.62
6.431	18.31	29.52	-0.12	7.51
6.461	18.31	29.52	-0.12	7.51
6.490	18.10	29.31	-0.12	7.51
6.520	18.10	29.31	-0.01	7.62
6.550	18.10	29.31	-0.01	7.62
6.580	18.45	29.67	-0.01	7.62
6.610	18.45	29.67	-0.10	7.54
6.639	18.45	29.67	-0.10	7.54
6.669	18.31	29.53	-0.10	7.54
6.699	18.31	29.53	-0.06	7.57
6.729	18.31	29.53	-0.06	7.57
6.758	18.25	29.47	-0.06	7.57
6.788	18.25	29.47	-0.01	7.62
6.818	18.25	29.47	-0.01	7.62
6.848	18.26	29.48	-0.01	7.62
6.877	18.26	29.48	-0.12	7.51
6.907	18.26	29.48	-0.12	7.51
6.937	18.24	29.45	-0.12	7.51
6.967	18.24	29.45	-0.01	7.62
6.997	18.24	29.45	-0.01	7.62
7.026	18.46	29.67	-0.01	7.62
7.056	18.46	29.67	-0.10	7.54
7.086	18.46	29.67	-0.10	7.54
7.116	18.36	29.58	-0.10	7.54
7.145	18.36	29.58	-0.06	7.58
7.175	18.36	29.58	-0.06	7.58
7.205	18.39	29.60	-0.06	7.58
7.235	18.39	29.60	-0.01	7.62
7.264	18.39	29.60	-0.01	7.62
7.294	18.31	29.52	-0.01	7.62
7.324	18.31	29.52	-0.12	7.51
7.354	18.31	29.52	-0.12	7.51
7.384	18.35	29.56	-0.12	7.51
7.413	18.35	29.56	-0.00	7.63
7.443	18.35	29.56	-0.00	7.63
7.473	18.35	29.57	-0.00	7.63
7.503	18.35	29.57	-0.10	7.53
7.532	18.35	29.57	-0.10	7.53
7.562	18.30	29.52	-0.10	7.53
7.592	18.30	29.52	-0.06	7.58
7.622	18.30	29.52	-0.06	7.58
7.651	18.23	29.44	-0.06	7.58
7.681	18.23	29.44	-0.02	7.61
7.711	18.23	29.44	-0.02	7.61
7.741	18.22	29.44	-0.02	7.61
7.771	18.22	29.44	-0.12	7.51
7.800	18.22	29.44	-0.12	7.51
7.830	18.24	29.45	-0.12	7.51
7.860	18.24	29.45	-0.00	7.63
7.890	18.24	29.45	-0.00	7.63
7.919	18.47	29.68	-0.00	7.63
7.949	18.47	29.68	-0.10	7.54
7.979	18.47	29.68	-0.10	7.54
8.009	18.41	29.62	-0.10	7.54
8.038	18.41	29.62	-0.05	7.58
8.068	18.41	29.62	-0.05	7.58
8.098	18.36	29.57	-0.05	7.58
8.128	18.36	29.57	-0.01	7.62
8.158	18.36	29.57	-0.01	7.62
8.187	18.39	29.60	-0.01	7.62
8.217	18.39	29.60	-0.12	7.51
8.247	18.39	29.60	-0.12	7.51
8.277	18.35	29.57	-0.12	7.51
8.306	18.35	29.57	-0.00	7.63
8.336	18.35	29.57	-0.00	7.63
8.366	18.45	29.66	-0.00	7.63
8.396	18.45	29.66	-0.10	7.53
8.425	18.45	29.66	-0.10	7.53
8.455	18.37	29.58	-0.10	7.53
8.485	18.37	29.58	-0.04	7.59
8.515	18.37	29.58	-0.04	7.59
8.545	18.36	29.57	-0.04	7.59
8.574	18.36	29.57	-0.02	7.61
8.604	18.36	29.57	-0.02	7.61
8.634	18.30	29.52	-0.02	7.61
8.664	18.30	29.52	-0.12	7.51
8.693	18.30	29.52	-0.12	7.51
8.723	18.33	29.54	-0.12	7.51
8.753	18.33	29.54	-0.00	7.63
8.783	18.33	29.54	-0.00	7.63
8.812	18.48	29.69	-0.00	7.63
8.842	18.48	29.69	-0.10	7.53
8.872	18.48	29.69	-0.10	7.53
8.902	18.39	29.60	-0.10	7.53
8.932	18.39	29.60	-0.04	7.59
8.961	18.39	29.60	-0.04	7.59
8.991	18.46	29.68	-0.04	7.59
9.021	18.46	29.68	-0.02	7.61
9.051	18.46	29.68	-0.02	7.61
9.080	18.39	29.60	-0.02	7.61
9.110	18.39	29.60	-0.12	7.52
9.140	18.39	29.60	-0.12	7.52
9.170	18.41	29.63	-0.12	7.52
9.199	18.41	29.63	-0.00	7.63
9.229	18.41	29.63	-0.00	7.63
9.259	18.49	29.70	-0.00	7.63
9.289	18.49	29.70	-0.10	7.54
9.319	18.49	29.70	-0.10	7.54
9.348	18.51	29.73	-0.10	7.54
9.378	18.51	29.73	-0.04	7.59
9.408	18.51	29.73	-0.04	7.59
9.438	18.45	29.67	-0.04	7.59
9.467	18.45	29.67	-0.02	7.61
9.497	18.45	29.67	-0.02	7.61
9.527	18.49	29.70	-0.02	7.61
9.557	18.49	29.70	-0.12	7.51
9.587	18.49	29.70	-0.12	7.51
9.616	18.40	29.62	-0.12	7.51
9.646	18.40	29.62	-0.00	7.63
9.676	18.40	29.62	-0.00	7.63
9.706	18.63	29.85	-0.00	7.63
9.735	18.63	29.85	-0.10	7.53
9.765	18.63	29.85	-0.10	7.53
9.795	18.56	29.77	-0.10	7.53
9.825	18.56	29.77	-0.04	7.59
9.854	18.56	29.77	-0.04	7.59
9.884	18.57	29.78	-0.04	7.59
9.914	18.57	29.78	-0.03	7.60
9.944	18.57	29.78	-0.03	7.60
9.973	18.55	29.77	-0.03	7.60
10.003	18.55	29.77	-0.12	7.52
10.033	18.55	29.77	-0.12	7.52
10.063	18.60	29.81	-0.12	7.52
10.093	18.60	29.81	-0.00	7.63
10.122	18.60	29.81	-0.00	7.63
10.152	18.68	29.89	-0.00	7.63
10.182	18.68	29.89	-0.10	7.53
10.212	18.68	29.89	-0.10	7.53
10.241	18.67	29.88	-0.10	7.53
10.271	18.67	29.88	-0.04	7.60
10.301	18.67	29.88	-0.04	7.60
10.331	18.57	29.78	-0.04	7.60
10.360	18.57	29.78	-0.03	7.60
10.390	18.57	29.78	-0.03	7.60
10.420	18.63	29.84	-0.03	7.60
10.450	18.63	29.84	-0.12	7.51
10.479	18.63	29.84	-0.12	7.51
10.509	18.66	29.87	-0.12	7.51
10.539	18.66	29.87	-0.00	7.63
10.569	18.66	29.87	-0.00	7.63
10.598	18.81	30.03	-0.00	7.63
10.628	18.81	30.03	-0.10	7.53
10.658	18.81	30.03	-0.10	7.53
10.688	18.77	29.99	-0.10	7.53
10.718	18.77	29.99	-0.04	7.60
10.747	18.77	29.99	-0.04	7.60
10.777	18.65	29.87	-0.04	7.60
10.807	18.65	29.87	-0.04	7.59
10.837	18.65	29.87	-0.04	7.59
10.866	18.74	29.95	-0.04	7.59
10.896	18.74	29.95	-0.11	7.52
10.926	18.74	29.95	-0.11	7.52
10.956	18.74	29.96	-0.11	7.52
10.985	18.74	29.96	0.00	7.63
11.015	18.74	29.96	0.00	7.63
11.045	18.72	29.94	0.00	7.63
11.075	18.72	29.94	-0.10	7.53
11.104	18.72	29.94	-0.10	7.53
11.134	18.79	30.01	-0.10	7.53
11.164	18.79	30.01	-0.03	7.60
11.194	18.79	30.01	-0.03	7.60
11.223	18.71	29.92	-0.03	7.60
11.253	18.71	29.92	-0.04	7.59
11.283	18.71	29.92	-0.04	7.59
11.313	18.70	29.91	-0.04	7.59
11.342	18.70	29.91	-0.12	7.51
11.372	18.70	29.91	-0.12	7.51
11.402	18.82	30.03	-0.12	7.51
11.432	18.82	30.03	0.00	7.64
11.461	18.82	30.03	0.00	7.64
11.491	18.79	30.00	0.00	7.64
11.521	18.79	30.00	-0.11	7.53
11.551	18.79	30.00	-0.11	7.53
11.581	18.79	30.01	-0.11	7.53
11.610	18.79	30.01	-0.03	7.60
11.640	18.79	30.01	-0.03	7.60
11.670	18.80	30.01	-0.03	7.60
11.700	18.80	30.01	-0.04	7.59
11.729	18.80	30.01	-0.04	7.59
11.759	18.77	29.99	-0.04	7.59
11.789	18.77	29.99	-0.12	7.51
11.819	18.77	29.99	-0.12	7.51
11.848	18.71	29.92	-0.12	7.51
11.878	18.71	29.92	0.00	7.64
11.908	18.71	29.92	0.00	7.64
11.938	18.76	29.97	0.00	7.64
11.967	18.76	29.97	-0.11	7.53
11.997	18.76	29.97	-0.11	7.53
12.027	18.84	30.05	-0.11	7.53
12.057	18.84	30.05	-0.03	7.60
12.086	18.84	30.05	-0.03	7.60
12.116	18.79	30.01	-0.03	7.60
12.146	18.79	30.01	-0.05	7.59
12.176	18.79	30.01	-0.05	7.59
12.206	18.72	29.93	-0.05	7.59
12.235	18.72	29.93	-0.11	7.52
12.265	18.72	29.93	-0.11	7.52
12.295	18.76	29.97	-0.11	7.52
12.325	18.76	29.97	0.00	7.63
12.354	18.76	29.97	0.00	7.63
12.384	18.75	29.96	0.00	7.63
12.414	18.75	29.96	-0.11	7.53
12.444	18.75	29.96	-0.11	7.53
12.473	18.78	29.99	-0.11	7.53
12.503	18.78	29.99	-0.03	7.60
12.533	18.78	29.99	-0.03	7.60
12.563	18.73	29.94	-0.03	7.60
12.592	18.73	29.94	-0.05	7.58
12.622	18.73	29.94	-0.05	7.58
12.652	18.84	30.06	-0.05	7.58
12.682	18.84	30.06	-0.12	7.51
12.711	18.84	30.06	-0.12	7.51
12.741	18.84	30.05	-0.12	7.51
12.771	18.84	30.05	-0.00	7.63
12.801	18.84	30.05	-0.00	7.63
12.830	18.72	29.94	-0.00	7.63
12.860	18.72	29.94	-0.11	7.52
12.890	18.72	29.94	-0.11	7.52
12.920	18.86	30.07	-0.11	7.52
12.949	18.86	30.07	-0.03	7.60
12.979	18.86	30.07	-0.03	7.60
13.009	18.76	29.97	-0.03	7.60
13.039	18.76	29.97	-0.05	7.59
13.068	18.76	29.97	-0.05	7.59
13.098	18.81	30.02	-0.05	7.59
13.128	18.81	30.02	-0.12	7.51
13.158	18.81	30.02	-0.12	7.51
13.188	18.81	30.03	-0.12	7.51
13.217	18.81	30.03	-0.00	7.63
13.247	18.81	30.03	-0.00	7.63
13.277	18.79	30.00	-0.00	7.63
13.307	18.79	30.00	-0.11	7.52
13.336	18.79	30.00	-0.11	7.52
13.366	18.85	30.07	-0.11	7.52
13.396	18.85	30.07	-0.03	7.60
13.426	18.85	30.07	-0.03	7.60
13.455	18.85	30.06	-0.03	7.60
13.485	18.85	30.06	-0.05	7.58
13.515	18.85	30.06	-0.05	7.58
13.545	18.81	30.02	-0.05	7.58
13.574	18.81	30.02	-0.12	7.52
13.604	18.81	30.02	-0.12	7.52
13.634	18.85	30.06	-0.12	7.52
13.664	18.85	30.06	0.00	7.63
13.693	18.85	30.06	0.00	7.63
13.723	18.72	29.93	0.00	7.63
13.753	18.72	29.93	-0.11	7.52
13.783	18.72	29.93	-0.11	7.52
13.812	18.91	30.12	-0.11	7.52
13.842	18.91	30.12	-0.03	7.60
13.872	18.91	30.12	-0.03	7.60
13.902	18.79	30.00	-0.03	7.60
13.931	18.79	30.00	-0.05	7.58
13.961	18.79	30.00	-0.05	7.58
13.991	18.80	30.02	-0.05	7.58
14.021	18.80	30.02	-0.12	7.52
14.050	18.80	30.02	-0.12	7.52
14.080	18.83	30.04	-0.12	7.52
14.110	18.83	30.04	-0.00	7.63
14.140	18.83	30.04	-0.00	7.63
14.170	18.78	30.00	-0.00	7.63
14.199	18.78	30.00	-0.11	7.52
14.229	18.78	30.00	-0.11	7.52
14.259	18.86	30.08	-0.11	7.52
14.289	18.86	30.08	-0.03	7.60
14.318	18.86	30.08	-0.03	7.60
14.348	18.84	30.05	-0.03	7.60
14.378	18.84	30.05	-0.05	7.58
14.408	18.84	30.05	-0.05	7.58
14.437	18.78	30.00	-0.05	7.58
14.467	18.78	30.00	-0.11	7.52
14.497	18.78	30.00	-0.11	7.52
14.527	18.84	30.05	-0.11	7.52
14.556	18.84	30.05	0.00	7.63
14.586	18.84	30.05	0.00	7.63
14.616	18.80	30.01	0.00	7.63
14.646	18.80	30.01	-0.11	7.53
14.675	18.80	30.01	-0.11	7.53
14.705	18.80	30.02	-0.11	7.53
14.735	18.80	30.02	-0.03	7.60
14.765	18.80	30.02	-0.03	7.60
14.794	18.83	30.04	-0.03	7.60
14.824	18.83	30.04	-0.05	7.58
14.854	18.83	30.04	-0.05	7.58
14.884	18.81	30.03	-0.05	7.58
14.913	18.81	30.03	-0.12	7.52
14.943	18.81	30.03	-0.12	7.52
14.973	18.80	30.01	-0.12	7.52
15.003	18.80	30.01	-0.00	7.63
15.032	18.80	30.01	-0.00	7.63
15.062	18.84	30.05	-0.00	7.63
15.092	18.84	30.05	-0.11	7.52
15.122	18.84	30.05	-0.11	7.52
15.152	18.85	30.07	-0.11	7.52
15.181	18.85	30.07	-0.03	7.60
15.211	18.85	30.07	-0.03	7.60
15.241	18.91	30.12	-0.03	7.60
15.271	18.91	30.12	-0.06	7.57
15.300	18.91	30.12	-0.06	7.57
15.330	18.85	30.06	-0.06	7.57
15.360	18.85	30.06	-0.11	7.52
15.390	18.85	30.06	-0.11	7.52
15.419	18.90	30.11	-0.11	7.52
15.449	18.90	30.11	0.00	7.63
15.479	18.90	30.11	0.00	7.63
15.509	18.79	30.00	0.00	7.63
15.538	18.79	30.00	-0.11	7.52
15.568	18.79	30.00	-0.11	7.52
15.598	19.00	30.22	-0.11	7.52
15.628	19.00	30.22	-0.03	7.60
15.657	19.00	30.22	-0.03	7.60
15.687	18.87	30.09	-0.03	7.60
15.717	18.87	30.09	-0.06	7.57
15.747	18.87	30.09	-0.06	7.57
15.776	18.92	30.13	-0.06	7.57
15.806	18.92	30.13	-0.11	7.52
15.836	18.92	30.13	-0.11	7.52
15.866	18.89	30.10	-0.11	7.52
15.895	18.89	30.10	0.00	7.63
15.925	18.89	30.10	0.00	7.63
15.955	18.82	30.03	0.00	7.63
15.985	18.82	30.03	-0.11	7.52
16.014	18.82	30.03	-0.11	7.52
16.044	18.99	30.21	-0.11	7.52
16.074	18.99	30.21	-0.03	7.60
16.104	18.99	30.21	-0.03	7.60
16.133	18.94	30.15	-0.03	7.60
16.163	18.94	30.15	-0.06	7.57
16.193	18.94	30.15	-0.06	7.57
16.223	18.89	30.11	-0.06	7.57
16.252	18.89	30.11	-0.11	7.52
16.282	18.89	30.11	-0.11	7.52
16.312	18.96	30.18	-0.11	7.52
16.342	18.96	30.18	-0.00	7.63
16.371	18.96	30.18	-0.00	7.63
16.401	18.90	30.12	-0.00	7.63
16.431	18.90	30.12	-0.11	7.52
16.461	18.90	30.12	-0.11	7.52
16.491	18.95	30.16	-0.11	7.52
16.520	18.95	30.16	-0.02	7.61
16.550	18.95	30.16	-0.02	7.61
16.580	18.95	30.16	-0.02	7.61
16.610	18.95	30.16	-0.06	7.57
16.639	18.95	30.16	-0.06	7.57
16.669	18.86	30.07	-0.06	7.57
16.699	18.86	30.07	-0.12	7.52
16.729	18.86	30.07	-0.12	7.52
16.758	18.86	30.07	-0.12	7.52
16.788	18.86	30.07	-0.00	7.63
16.818	18.86	30.07	-0.00	7.63
16.848	18.97	30.18	-0.00	7.63
16.877	18.97	30.18	-0.11	7.52
16.907	18.97	30.18	-0.11	7.52
16.937	19.04	30.26	-0.11	7.52
16.967	19.04	30.26	-0.03	7.60
16.996	19.04	30.26	-0.03	7.60
17.026	18.97	30.19	-0.03	7.60
17.056	18.97	30.19	-0.06	7.57
17.086	18.97	30.19	-0.06	7.57
17.115	18.95	30.17	-0.06	7.57
17.145	18.95	30.17	-0.11	7.52
17.175	18.95	30.17	-0.11	7.52
17.205	18.95	30.17	-0.11	7.52
17.235	18.95	30.17	0.00	7.63
17.264	18.95	30.17	0.00	7.63
17.294	18.95	30.16	0.00	7.63
17.324	18.95	30.16	-0.11	7.52
17.354	18.95	30.16	-0.11	7.52
17.383	18.98	30.19	-0.11	7.52
17.413	18.98	30.19	-0.02	7.61
17.443	18.98	30.19	-0.02	7.61
17.473	18.97	30.18	-0.02	7.61
17.502	18.97	30.18	-0.06	7.57
17.532	18.97	30.18	-0.06	7.57
17.562	18.96	30.17	-0.06	7.57
17.592	18.96	30.17	-0.11	7.52
17.621	18.96	30.17	-0.11	7.52
17.651	18.96	30.18	-0.11	7.52
17.681	18.96	30.18	0.00	7.63
17.711	18.96	30.18	0.00	7.63
17.740	18.87	30.08	0.00	7.63
17.770	18.87	30.08	-0.11	7.52
17.800	18.87	30.08	-0.11	7.52
17.830	19.08	30.29	-0.11	7.52
17.859	19.08	30.29	-0.02	7.61
17.889	19.08	30.29	-0.02	7.61
17.919	18.97	30.19	-0.02	7.61
17.949	18.97	30.19	-0.06	7.58
17.978	18.97	30.19	-0.06	7.58
18.008	18.98	30.19	-0.06	7.58
18.038	18.98	30.19	-0.11	7.52
18.068	18.98	30.19	-0.11	7.52
18.097	18.99	30.21	-0.11	7.52
18.127	18.99	30.21	-0.00	7.63
18.157	18.99	30.21	-0.00	7.63
18.187	18.98	30.19	-0.00	7.63
18.217	18.98	30.19	-0.11	7.52
18.246	18.98	30.19	-0.11	7.52
18.276	19.06	30.28	-0.11	7.52
18.306	19.06	30.28	-0.02	7.61
18.336	19.06	30.28	-0.02	7.61
18.365	18.95	30.16	-0.02	7.61
18.395	18.95	30.16	-0.06	7.57
18.425	18.95	30.16	-0.06	7.57
18.455	18.99	30.20	-0.06	7.57
18.484	18.99	30.20	-0.11	7.52
18.514	18.99	30.20	-0.11	7.52
18.544	18.97	30.18	-0.11	7.52
18.574	18.97	30.18	0.00	7.63
18.603	18.97	30.18	0.00	7.63
18.633	18.99	30.20	0.00	7.63
18.663	18.99	30.20	-0.11	7.52
18.693	18.99	30.20	-0.11	7.52
18.722	19.03	30.24	-0.11	7.52
18.752	19.03	30.24	-0.03	7.60
18.782	19.03	30.24	-0.03	7.60
18.812	19.02	30.23	-0.03	7.60
18.841	19.02	30.23	-0.06	7.57
18.871	19.02	30.23	-0.06	7.57
18.901	19.00	30.21	-0.06	7.57
18.931	19.00	30.21	-0.11	7.52
18.960	19.00	30.21	-0.11	7.52
18.990	19.01	30.22	-0.11	7.52
19.020	19.01	30.22	-0.00	7.63
19.050	19.01	30.22	-0.00	7.63
19.079	18.94	30.16	-0.00	7.63
19.109	18.94	30.16	-0.11	7.52
19.139	18.94	30.16	-0.11	7.52
19.169	19.05	30.27	-0.11	7.52
19.199	19.05	30.27	-0.02	7.61
19.228	19.05	30.27	-0.02	7.61
19.258	19.03	30.25	-0.02	7.61
19.288	19.03	30.25	-0.06	7.57
19.318	19.03	30.25	-0.06	7.57
19.347	19.06	30.27	-0.06	7.57
19.377	19.06	30.27	-0.11	7.52
19.407	19.06	30.27	-0.11	7.52
19.437	18.98	30.19	-0.11	7.52
19.466	18.98	30.19	0.00	7.63
19.496	18.98	30.19	0.00	7.63
19.526	19.07	30.28	0.00	7.63
19.556	19.07	30.28	-0.11	7.52
19.585	19.07	30.28	-0.11	7.52
19.615	19.05	30.26	-0.11	7.52
19.645	19.05	30.26	-0.03	7.60
19.675	19.05	30.26	-0.03	7.60
19.704	19.06	30.27	-0.03	7.60
19.734	19.06	30.27	-0.06	7.57
19.764	19.06	30.27	-0.06	7.57
19.794	19.04	30.25	-0.06	7.57
19.823	19.04	30.25	-0.11	7.52
19.853	19.04	30.25	-0.11	7.52
19.883	19.01	30.23	-0.11	7.52
19.913	19.01	30.23	-0.00	7.63
19.943	19.01	30.23	-0.00	7.63
19.972	19.08	30.29	-0.00	7.63
20.002	19.08	30.29	-0.11	7.52
20.032	19.08	30.29	-0.11	7.52
20.062	19.05	30.26	-0.11	7.52
20.091	19.05	30.26	-0.02	7.61
20.121	19.05	30.26	-0.02	7.61
20.151	19.13	30.35	-0.02	7.61
20.181	19.13	30.35	-0.06	7.57
20.210	19.13	30.35	-0.06	7.57
20.240	19.06	30.27	-0.06	7.57
20.270	19.06	30.27	-0.11	7.52
20.300	19.06	30.27	-0.11	7.52
20.329	19.08	30.29	-0.11	7.52
20.359	19.08	30.29	-0.00	7.63
20.389	19.08	30.29	-0.00	7.63
20.419	19.03	30.24	-0.00	7.63
20.448	19.03	30.24	-0.11	7.52
20.478	19.03	30.24	-0.11	7.52
20.508	19.10	30.31	-0.11	7.52
20.538	19.10	30.31	-0.02	7.61
20.568	19.10	30.31	-0.02	7.61
20.597	19.09	30.30	-0.02	7.61
20.627	19.09	30.30	-0.06	7.57
20.657	19.09	30.30	-0.06	7.57
20.687	19.07	30.28	-0.06	7.57
20.716	19.07	30.28	-0.11	7.52
20.746	19.07	30.28	-0.11	7.52
20.776	19.04	30.25	-0.11	7.52
20.806	19.04	30.25	-0.00	7.63
20.835	19.04	30.25	-0.00	7.63
20.865	19.11	30.33	-0.00	7.63
20.895	19.11	30.33	-0.11	7.52
20.925	19.11	30.33	-0.11	7.52
20.954	18.99	30.21	-0.11	7.52
20.984	18.99	30.21	-0.02	7.61
21.014	18.99	30.21	-0.02	7.61
21.044	19.13	30.34	-0.02	7.61
21.073	19.13	30.34	-0.06	7.57
21.103	19.13	30.34	-0.06	7.57
21.133	19.02	30.23	-0.06	7.57
21.163	19.02	30.23	-0.11	7.52
21.193	19.02	30.23	-0.11	7.52
21.222	19.07	30.29	-0.11	7.52
21.252	19.07	30.29	0.00	7.63
21.282	19.07	30.29	0.00	7.63
21.312	19.05	30.26	0.00	7.63
21.341	19.05	30.26	-0.11	7.52
21.371	19.05	30.26	-0.11	7.52
21.401	19.01	30.22	-0.11	7.52
21.430	19.01	30.22	-0.02	7.61
21.460	19.01	30.22	-0.02	7.61
21.490	19.14	30.36	-0.02	7.61
21.520	19.14	30.36	-0.06	7.57
21.550	19.14	30.36	-0.06	7.57
21.579	19.07	30.28	-0.06	7.57
21.609	19.07	30.28	-0.11	7.52
21.639	19.07	30.28	-0.11	7.52
21.669	19.11	30.33	-0.11	7.52
21.698	19.11	30.33	0.00	7.63
21.728	19.11	30.33	0.00	7.63
21.758	19.12	30.34	0.00	7.63
21.788	19.12	30.34	-0.11	7.52
21.817	19.12	30.34	-0.11	7.52
21.847	19.00	30.21	-0.11	7.52
21.877	19.00	30.21	-0.02	7.61
21.907	19.00	30.21	-0.02	7.61
21.936	19.15	30.37	-0.02	7.61
21.966	19.15	30.37	-0.06	7.58
21.996	19.15	30.37	-0.06	7.58
22.026	19.11	30.32	-0.06	7.58
22.055	19.11	30.32	-0.11	7.52
22.085	19.11	30.32	-0.11	7.52
22.115	19.07	30.28	-0.11	7.52
22.145	19.07	30.28	0.00	7.63
22.175	19.07	30.28	0.00	7.63
22.204	19.06	30.28	0.00	7.63
22.234	19.06	30.28	-0.11	7.52
22.264	19.06	30.28	-0.11	7.52
22.294	19.09	30.30	-0.11	7.52
22.323	19.09	30.30	-0.03	7.60
22.353	19.09	30.30	-0.03	7.60
22.383	19.16	30.38	-0.03	7.60
22.413	19.16	30.38	-0.06	7.58
22.442	19.16	30.38	-0.06	7.58
22.472	19.11	30.33	-0.06	7.58
22.502	19.11	30.33	-0.11	7.52
22.532	19.11	30.33	-0.11	7.52
22.561	19.13	30.34	-0.11	7.52
22.591	19.13	30.34	0.00	7.63
22.621	19.13	30.34	0.00	7.63
22.651	19.06	30.27	0.00	7.63
22.680	19.06	30.27	-0.11	7.52
22.710	19.06	30.27	-0.11	7.52
22.740	19.05	30.26	-0.11	7.52
22.770	19.05	30.26	-0.03	7.60
22.799	19.05	30.26	-0.03	7.60
22.829	19.15	30.37	-0.03	7.60
22.859	19.15	30.37	-0.05	7.58
22.889	19.15	30.37	-0.05	7.58
22.918	19.08	30.29	-0.05	7.58
22.948	19.08	30.29	-0.12	7.51
22.978	19.08	30.29	-0.12	7.51
23.008	19.09	30.30	-0.12	7.51
23.038	19.09	30.30	-0.00	7.63
23.067	19.09	30.30	-0.00	7.63
23.097	19.06	30.28	-0.00	7.63
23.127	19.06	30.28	-0.11	7.52
23.157	19.06	30.28	-0.11	7.52
23.186	19.01	30.23	-0.11	7.52
23.216	19.01	30.23	-0.02	7.61
23.246	19.01	30.23	-0.02	7.61
23.276	19.12	30.34	-0.02	7.61
23.305	19.12	30.34	-0.05	7.58
23.335	19.12	30.34	-0.05	7.58
23.365	19.11	30.33	-0.05	7.58
23.395	19.11	30.33	-0.11	7.52
23.424	19.11	30.33	-0.11	7.52
23.454	19.06	30.27	-0.11	7.52
23.484	19.06	30.27	0.00	7.63
23.514	19.06	30.27	0.00	7.63
23.543	19.07	30.29	0.00	7.63
23.573	19.07	30.29	-0.11	7.52
23.603	19.07	30.29	-0.11	7.52
23.633	19.00	30.22	-0.11	7.52
23.662	19.00	30.22	-0.03	7.60
23.692	19.00	30.22	-0.03	7.60
23.722	19.12	30.33	-0.03	7.60
23.752	19.12	30.33	-0.05	7.58
23.781	19.12	30.33	-0.05	7.58
23.811	19.08	30.30	-0.05	7.58
23.841	19.08	30.30	-0.12	7.52
23.871	19.08	30.30	-0.12	7.52
23.900	19.04	30.26	-0.12	7.52
23.930	19.04	30.26	0.00	7.63
23.960	19.04	30.26	0.00	7.63
23.990	19.07	30.28	0.00	7.63
24.019	19.07	30.28	-0.11	7.52
24.049	19.07	30.28	-0.11	7.52
24.079	19.10	30.31	-0.11	7.52
24.109	19.10	30.31	-0.03	7.60
24.138	19.10	30.31	-0.03	7.60
24.168	19.11	30.33	-0.03	7.60
24.198	19.11	30.33	-0.05	7.58
24.228	19.11	30.33	-0.05	7.58
24.258	19.16	30.37	-0.05	7.58
24.287	19.16	30.37	-0.12	7.51
24.317	19.16	30.37	-0.12	7.51
24.347	19.07	30.28	-0.12	7.51
24.377	19.07	30.28	-0.00	7.63
24.406	19.07	30.28	-0.00	7.63
24.436	19.06	30.28	-0.00	7.63
24.466	19.06	30.28	-0.11	7.53
24.496	19.06	30.28	-0.11	7.53
24.525	19.10	30.32	-0.11	7.53
24.555	19.10	30.32	-0.03	7.60
24.585	19.10	30.32	-0.03	7.60
24.615	19.05	30.26	-0.03	7.60
24.644	19.05	30.26	-0.04	7.59
24.674	19.05	30.26	-0.04	7.59
24.704	19.09	30.30	-0.04	7.59
24.734	19.09	30.30	-0.12	7.52
24.763	19.09	30.30	-0.12	7.52
24.793	19.08	30.29	-0.12	7.52
24.823	19.08	30.29	0.00	7.64
24.853	19.08	30.29	0.00	7.64
24.882	19.08	30.29	0.00	7.64
24.912	19.08	30.29	-0.10	7.53
24.942	19.08	30.29	-0.10	7.53
24.972	19.07	30.28	-0.10	7.53
25.002	19.07	30.28	-0.03	7.60
25.031	19.07	30.28	-0.03	7.60
25.061	19.09	30.30	-0.03	7.60
25.091	19.09	30.30	-0.04	7.59
25.121	19.09	30.30	-0.04	7.59
25.150	19.14	30.35	-0.04	7.59
25.180	19.14	30.35	-0.12	7.51
25.210	19.14	30.35	-0.12	7.51
25.240	19.09	30.30	-0.12	7.51
25.269	19.09	30.30	0.00	7.63
25.299	19.09	30.30	0.00	7.63
25.329	19.13	30.34	0.00	7.63
25.359	19.13	30.34	-0.11	7.53
25.388	19.13	30.34	-0.11	7.53
25.418	19.11	30.32	-0.11	7.53
25.448	19.11	30.32	-0.03	7.60
25.478	19.11	30.32	-0.03	7.60
25.507	19.02	30.23	-0.03	7.60
25.537	19.02	30.23	-0.04	7.59
25.567	19.02	30.23	-0.04	7.59
25.597	19.11	30.33	-0.04	7.59
25.626	19.11	30.33	-0.12	7.51
25.656	19.11	30.33	-0.12	7.51
25.686	19.10	30.31	-0.12	7.51
25.716	19.10	30.31	0.00	7.64
25.745	19.10	30.31	0.00	7.64
25.775	19.07	30.29	0.00	7.64
25.805	19.07	30.29	-0.11	7.53
25.835	19.07	30.29	-0.11	7.53
25.865	19.10	30.31	-0.11	7.53
25.894	19.10	30.31	-0.03	7.60
25.924	19.10	30.31	-0.03	7.60
25.954	19.02	30.23	-0.03	7.60
25.984	19.02	30.23	-0.04	7.59
26.013	19.02	30.23	-0.04	7.59
26.043	19.12	30.34	-0.04	7.59
26.073	19.12	30.34	-0.12	7.51
26.103	19.12	30.34	-0.12	7.51
26.132	19.14	30.35	-0.12	7.51
26.162	19.14	30.35	0.00	7.63
26.192	19.14	30.35	0.00	7.63
26.222	19.07	30.28	0.00	7.63
26.251	19.07	30.28	-0.10	7.53
26.281	19.07	30.28	-0.10	7.53
26.311	19.11	30.32	-0.10	7.53
26.341	19.11	30.32	-0.04	7.60
26.370	19.11	30.32	-0.04	7.60
26.400	19.07	30.29	-0.04	7.60
26.430	19.07	30.29	-0.03	7.60
26.460	19.07	30.29	-0.03	7.60
26.490	19.11	30.32	-0.03	7.60
26.519	19.11	30.32	-0.12	7.51
26.549	19.11	30.32	-0.12	7.51
26.579	19.07	30.29	-0.12	7.51
26.609	19.07	30.29	0.00	7.63
26.638	19.07	30.29	0.00	7.63
26.668	19.07	30.29	0.00	7.63
26.698	19.07	30.29	-0.10	7.53
26.728	19.07	30.29	-0.10	7.53
26.757	19.03	30.24	-0.10	7.53
26.787	19.03	30.24	-0.04	7.59
26.817	19.03	30.24	-0.04	7.59
26.847	19.05	30.26	-0.04	7.59
26.876	19.05	30.26	-0.03	7.60
26.906	19.05	30.26	-0.03	7.60
26.936	19.13	30.34	-0.03	7.60
26.966	19.13	30.34	-0.12	7.51
26.995	19.13	30.34	-0.12	7.51
27.025	19.12	30.33	-0.12	7.51
27.055	19.12	30.33	0.00	7.63
27.085	19.12	30.33	0.00	7.63
27.114	19.09	30.30	0.00	7.63
27.144	19.09	30.30	-0.10	7.54
27.174	19.09	30.30	-0.10	7.54
27.204	19.14	30.35	-0.10	7.54
27.233	19.14	30.35	-0.04	7.59
27.263	19.14	30.35	-0.04	7.59
27.293	19.05	30.27	-0.04	7.59
27.323	19.05	30.27	-0.03	7.60
27.353	19.05	30.27	-0.03	7.60
27.382	19.16	30.37	-0.03	7.60
27.412	19.16	30.37	-0.12	7.51
27.442	19.16	30.37	-0.12	7.51
27.472	19.06	30.27	-0.12	7.51
27.501	19.06	30.27	0.00	7.63
27.531	19.06	30.27	0.00	7.63
27.561	19.05	30.26	0.00	7.63
27.591	19.05	30.26	-0.10	7.53
27.620	19.05	30.26	-0.10	7.53
27.650	19.08	30.30	-0.10	7.53
27.680	19.08	30.30	-0.04	7.60
27.710	19.08	30.30	-0.04	7.60
27.739	19.10	30.32	-0.04	7.60
27.769	19.10	30.32	-0.03	7.60
27.799	19.10	30.32	-0.03	7.60
27.829	19.12	30.33	-0.03	7.60
27.858	19.12	30.33	-0.12	7.51
27.888	19.12	30.33	-0.12	7.51
27.918	19.14	30.35	-0.12	7.51
27.948	19.14	30.35	0.00	7.64
27.977	19.14	30.35	0.00	7.64
28.007	19.12	30.34	0.00	7.64
28.037	19.12	30.34	-0.10	7.54
28.067	19.12	30.34	-0.10	7.54
28.097	19.10	30.31	-0.10	7.54
28.126	19.10	30.31	-0.04	7.59
28.156	19.10	30.31	-0.04	7.59
28.186	19.09	30.30	-0.04	7.59
28.216	19.09	30.30	-0.02	7.61
28.245	19.09	30.30	-0.02	7.61
28.275	19.10	30.31	-0.02	7.61
28.305	19.10	30.31	-0.12	7.52
28.335	19.10	30.31	-0.12	7.52
28.364	19.11	30.33	-0.12	7.52
28.394	19.11	30.33	0.00	7.63
28.424	19.11	30.33	0.00	7.63
28.454	19.11	30.33	0.00	7.63
28.483	19.11	30.33	-0.10	7.53
28.513	19.11	30.33	-0.10	7.53
28.543	19.07	30.28	-0.10	7.53
28.573	19.07	30.28	-0.04	7.59
28.602	19.07	30.28	-0.04	7.59
28.632	19.08	30.29	-0.04	7.59
28.662	19.08	30.29	-0.02	7.61
28.692	19.08	30.29	-0.02	7.61
28.721	19.14	30.35	-0.02	7.61
28.751	19.14	30.35	-0.12	7.52
28.781	19.14	30.35	-0.12	7.52
28.811	19.15	30.37	-0.12	7.52
28.840	19.15	30.37	0.00	7.63
28.870	19.15	30.37	0.00	7.63
28.900	19.09	30.30	0.00	7.63
28.930	19.09	30.30	-0.10	7.53
28.959	19.09	30.30	-0.10	7.53
28.989	19.12	30.33	-0.10	7.53
29.019	19.12	30.33	-0.04	7.59
29.049	19.12	30.33	-0.04	7.59
29.078	19.13	30.34	-0.04	7.59
29.108	19.13	30.34	-0.02	7.61
29.138	19.13	30.34	-0.02	7.61
29.168	19.09	30.30	-0.02	7.61
29.197	19.09	30.30	-0.12	7.52
29.227	19.09	30.30	-0.12	7.52
29.257	19.15	30.36	-0.12	7.52
29.287	19.15	30.36	-0.00	7.63
29.316	19.15	30.36	-0.00	7.63
29.346	19.09	30.30	-0.00	7.63
29.376	19.09	30.30	-0.10	7.53
29.406	19.09	30.30	-0.10	7.53
29.436	19.08	30.29	-0.10	7.53
29.465	19.08	30.29	-0.05	7.59
29.495	19.08	30.29	-0.05	7.59
29.525	19.04	30.25	-0.05	7.59
29.555	19.04	30.25	-0.02	7.61
29.584	19.04	30.25	-0.02	7.61
29.614	19.01	30.23	-0.02	7.61
29.644	19.01	30.23	-0.12	7.51
29.674	19.01	30.23	-0.12	7.51
29.703	19.11	30.33	-0.12	7.51
29.733	19.11	30.33	-0.00	7.63
29.763	19.11	30.33	-0.00	7.63
29.793	19.12	30.33	-0.00	7.63
29.822	19.12	30.33	-0.10	7.53
29.852	19.12	30.33	-0.10	7.53
29.882	19.09	30.30	-0.10	7.53
29.912	19.09	30.30	-0.05	7.58
29.941	19.09	30.30	-0.05	7.58
29.971	19.10	30.31	-0.05	7.58
30.001	19.10	30.31	-0.02	7.61
30.031	19.10	30.31	-0.02	7.61
30.061	19.05	30.27	-0.02	7.61
30.090	19.05	30.27	-0.12	7.51
30.120	19.05	30.27	-0.12	7.51
30.150	19.13	30.34	-0.12	7.51
30.180	19.13	30.34	0.00	7.63
30.209	19.13	30.34	0.00	7.63
30.239	19.10	30.32	0.00	7.63
30.269	19.10	30.32	-0.10	7.53
30.298	19.10	30.32	-0.10	7.53
30.328	19.13	30.34	-0.10	7.53
30.358	19.13	30.34	-0.05	7.58
30.388	19.13	30.34	-0.05	7.58
30.418	19.10	30.31	-0.05	7.58
30.447	19.10	30.31	-0.02	7.62
30.477	19.10	30.31	-0.02	7.62
30.507	19.05	30.27	-0.02	7.62
30.537	19.05	30.27	-0.12	7.51
30.566	19.05	30.27	-0.12	7.51
30.596	19.19	30.40	-0.12	7.51
30.626	19.19	30.40	-0.00	7.63
30.656	19.19	30.40	-0.00	7.63
30.685	19.16	30.37	-0.00	7.63
30.715	19.16	30.37	-0.09	7.54
30.745	19.16	30.37	-0.09	7.54
30.775	19.13	30.34	-0.09	7.54
30.804	19.13	30.34	-0.05	7.59
30.834	19.13	30.34	-0.05	7.59
30.864	19.13	30.35	-0.05	7.59
30.894	19.13	30.35	-0.02	7.61
30.923	19.13	30.35	-0.02	7.61
30.953	19.13	30.34	-0.02	7.61
30.983	19.13	30.34	-0.12	7.51
31.013	19.13	30.34	-0.12	7.51
31.043	19.16	30.37	-0.12	7.51
31.072	19.16	30.37	-0.00	7.63
31.102	19.16	30.37	-0.00	7.63
31.132	19.14	30.35	-0.00	7.63
31.162	19.14	30.35	-0.10	7.53
31.191	19.14	30.35	-0.10	7.53
31.221	19.06	30.27	-0.10	7.53
31.251	19.06	30.27	-0.05	7.59
31.281	19.06	30.27	-0.05	7.59
31.310	19.10	30.32	-0.05	7.59
31.340	19.10	30.32	-0.02	7.62
31.370	19.10	30.32	-0.02	7.62
31.400	19.09	30.30	-0.02	7.62
31.429	19.09	30.30	-0.12	7.51
31.459	19.09	30.30	-0.12	7.51
31.489	19.16	30.37	-0.12	7.51
31.519	19.16	30.37	-0.00	7.63
31.548	19.16	30.37	-0.00	7.63
31.578	19.12	30.33	-0.00	7.63
31.608	19.12	30.33	-0.10	7.53
31.638	19.12	30.33	-0.10	7.53
31.668	19.12	30.33	-0.10	7.53
31.697	19.12	30.33	-0.05	7.58
31.727	19.12	30.33	-0.05	7.58
31.757	19.11	30.33	-0.05	7.58
31.787	19.11	30.33	-0.02	7.61
31.816	19.11	30.33	-0.02	7.61
31.846	19.11	30.32	-0.02	7.61
31.876	19.11	30.32	-0.11	7.52
31.906	19.11	30.32	-0.11	7.52
31.935	19.14	30.35	-0.11	7.52
31.965	19.14	30.35	-0.00	7.63
31.995	19.14	30.35	-0.00	7.63
32.025	19.16	30.37	-0.00	7.63
32.054	19.16	30.37	-0.10	7.53
32.084	19.16	30.37	-0.10	7.53
32.114	19.06	30.27	-0.10	7.53
32.144	19.06	30.27	-0.04	7.59
32.173	19.06	30.27	-0.04	7.59
32.203	19.09	30.30	-0.04	7.59
32.233	19.09	30.30	-0.02	7.62
32.263	19.09	30.30	-0.02	7.62
32.292	19.11	30.32	-0.02	7.62
32.322	19.11	30.32	-0.12	7.51
32.352	19.11	30.32	-0.12	7.51
32.382	19.16	30.37	-0.12	7.51
32.412	19.16	30.37	-0.00	7.63
32.441	19.16	30.37	-0.00	7.63
32.471	19.15	30.36	-0.00	7.63
32.501	19.15	30.36	-0.10	7.53
32.531	19.15	30.36	-0.10	7.53
32.560	19.09	30.30	-0.10	7.53
32.590	19.09	30.30	-0.05	7.58
32.620	19.09	30.30	-0.05	7.58
32.650	19.09	30.30	-0.05	7.58
32.679	19.09	30.30	-0.02	7.61
32.709	19.09	30.30	-0.02	7.61
32.739	19.16	30.37	-0.02	7.61
32.769	19.16	30.37	-0.12	7.51
32.798	19.16	30.37	-0.12	7.51
32.828	19.12	30.33	-0.12	7.51
32.858	19.12	30.33	-0.00	7.63
32.888	19.12	30.33	-0.00	7.63
32.917	19.13	30.34	-0.00	7.63
32.947	19.13	30.34	-0.10	7.53
32.977	19.13	30.34	-0.10	7.53
33.007	19.11	30.32	-0.10	7.53
33.036	19.11	30.32	-0.04	7.59
33.066	19.11	30.32	-0.04	7.59
33.096	19.07	30.28	-0.04	7.59
33.126	19.07	30.28	-0.02	7.61
33.156	19.07	30.28	-0.02	7.61
33.185	19.13	30.34	-0.02	7.61
33.215	19.13	30.34	-0.12	7.52
33.245	19.13	30.34	-0.12	7.52
33.275	19.10	30.32	-0.12	7.52
33.304	19.10	30.32	-0.00	7.63
33.334	19.10	30.32	-0.00	7.63
33.364	19.12	30.33	-0.00	7.63
33.394	19.12	30.33	-0.10	7.53
33.423	19.12	30.33	-0.10	7.53
33.453	19.10	30.31	-0.10	7.53
33.483	19.10	30.31	-0.05	7.59
33.513	19.10	30.31	-0.05	7.59
33.542	19.07	30.28	-0.05	7.59
33.572	19.07	30.28	-0.02	7.61
33.602	19.07	30.28	-0.02	7.61
33.632	19.14	30.35	-0.02	7.61
33.661	19.14	30.35	-0.12	7.51
33.691	19.14	30.35	-0.12	7.51
33.721	19.04	30.25	-0.12	7.51
33.751	19.04	30.25	0.00	7.63
33.780	19.04	30.25	0.00	7.63
33.810	19.13	30.35	0.00	7.63
33.840	19.13	30.35	-0.10	7.53
33.870	19.13	30.35	-0.10	7.53
33.900	19.13	30.34	-0.10	7.53
33.929	19.13	30.34	-0.04	7.59
33.959	19.13	30.34	-0.04	7.59
33.989	19.11	30.33	-0.04	7.59
34.019	19.11	30.33	-0.03	7.60
34.048	19.11	30.33	-0.03	7.60
34.078	19.10	30.32	-0.03	7.60
34.108	19.10	30.32	-0.12	7.51
34.138	19.10	30.32	-0.12	7.51
34.167	19.05	30.27	-0.12	7.51
34.197	19.05	30.27	-0.00	7.63
34.227	19.05	30.27	-0.00	7.63
34.257	19.21	30.43	-0.00	7.63
34.286	19.21	30.43	-0.10	7.53
34.316	19.21	30.43	-0.10	7.53
34.346	19.13	30.34	-0.10	7.53
34.376	19.13	30.34	-0.04	7.59
34.405	19.13	30.34	-0.04	7.59
34.435	19.17	30.38	-0.04	7.59
34.465	19.17	30.38	-0.03	7.60
34.495	19.17	30.38	-0.03	7.60
34.525	19.14	30.35	-0.03	7.60
34.554	19.14	30.35	-0.12	7.51
34.584	19.14	30.35	-0.12	7.51
34.614	19.09	30.30	-0.12	7.51
34.644	19.09	30.30	0.00	7.63
34.673	19.09	30.30	0.00	7.63
34.703	19.20	30.41	0.00	7.63
34.733	19.20	30.41	-0.10	7.53
34.762	19.20	30.41	-0.10	7.53
34.792	19.16	30.37	-0.10	7.53
34.822	19.16	30.37	-0.04	7.59
34.852	19.16	30.37	-0.04	7.59
34.881	19.11	30.32	-0.04	7.59
34.911	19.11	30.32	-0.03	7.60
34.941	19.11	30.32	-0.03	7.60
34.971	19.11	30.32	-0.03	7.60
35.001	19.11	30.32	-0.12	7.51
35.030	19.11	30.32	-0.12	7.51
35.060	19.18	30.39	-0.12	7.51
35.090	19.18	30.39	-0.00	7.63
35.120	19.18	30.39	-0.00	7.63
35.149	19.25	30.46	-0.00	7.63
35.179	19.25	30.46	-0.10	7.53
35.209	19.25	30.46	-0.10	7.53
35.239	19.20	30.42	-0.10	7.53
35.268	19.20	30.42	-0.03	7.60
35.298	19.20	30.42	-0.03	7.60
35.328	19.15	30.36	-0.03	7.60
35.358	19.15	30.36	-0.04	7.60
35.387	19.15	30.36	-0.04	7.60
35.417	19.21	30.42	-0.04	7.60
35.447	19.21	30.42	-0.12	7.52
35.477	19.21	30.42	-0.12	7.52
35.507	19.17	30.38	-0.12	7.52
35.536	19.17	30.38	0.00	7.63
35.566	19.17	30.38	0.00	7.63
35.596	19.21	30.43	0.00	7.63
35.625	19.21	30.43	-0.10	7.53
35.655	19.21	30.43	-0.10	7.53
35.685	19.18	30.39	-0.10	7.53
35.715	19.18	30.39	-0.03	7.60
35.744	19.18	30.39	-0.03	7.60
35.774	19.14	30.35	-0.03	7.60
35.804	19.14	30.35	-0.04	7.59
35.834	19.14	30.35	-0.04	7.59
35.863	19.19	30.40	-0.04	7.59
35.893	19.19	30.40	-0.12	7.52
35.923	19.19	30.40	-0.12	7.52
35.953	19.15	30.36	-0.12	7.52
35.983	19.15	30.36	0.00	7.63
36.012	19.15	30.36	0.00	7.63
36.042	19.19	30.41	0.00	7.63
36.072	19.19	30.41	-0.10	7.53
36.101	19.19	30.41	-0.10	7.53
36.131	19.19	30.40	-0.10	7.53
36.161	19.19	30.40	-0.03	7.60
36.191	19.19	30.40	-0.03	7.60
36.220	19.15	30.36	-0.03	7.60
36.250	19.15	30.36	-0.05	7.59
36.280	19.15	30.36	-0.05	7.59
36.310	19.14	30.35	-0.05	7.59
36.340	19.14	30.35	-0.11	7.52
36.369	19.14	30.35	-0.11	7.52
36.399	19.18	30.39	-0.11	7.52
36.429	19.18	30.39	0.00	7.64
36.459	19.18	30.39	0.00	7.64
36.488	19.14	30.35	0.00	7.64
36.518	19.14	30.35	-0.11	7.52
36.548	19.14	30.35	-0.11	7.52
36.578	19.18	30.39	-0.11	7.52
36.607	19.18	30.39	-0.03	7.60
36.637	19.18	30.39	-0.03	7.60
36.667	19.14	30.36	-0.03	7.60
36.697	19.14	30.36	-0.05	7.59
36.726	19.14	30.36	-0.05	7.59
36.756	19.19	30.40	-0.05	7.59
36.786	19.19	30.40	-0.12	7.52
36.816	19.19	30.40	-0.12	7.52
36.845	19.15	30.37	-0.12	7.52
36.875	19.15	30.37	-0.00	7.63
36.905	19.15	30.37	-0.00	7.63
36.935	19.11	30.33	-0.00	7.63
36.965	19.11	30.33	-0.11	7.52
36.994	19.11	30.33	-0.11	7.52
37.024	19.18	30.40	-0.11	7.52
37.054	19.18	30.40	-0.03	7.60
37.084	19.18	30.40	-0.03	7.60
37.113	19.16	30.38	-0.03	7.60
37.143	19.16	30.38	-0.05	7.58
37.173	19.16	30.38	-0.05	7.58
37.203	19.18	30.39	-0.05	7.58
37.232	19.18	30.39	-0.11	7.52
37.262	19.18	30.39	-0.11	7.52
37.292	19.21	30.43	-0.11	7.52
37.322	19.21	30.43	0.00	7.63
37.351	19.21	30.43	0.00	7.63
37.381	19.16	30.37	0.00	7.63
37.411	19.16	30.37	-0.11	7.52
37.441	19.16	30.37	-0.11	7.52
37.470	19.16	30.37	-0.11	7.52
37.500	19.16	30.37	-0.02	7.61
37.530	19.16	30.37	-0.02	7.61
37.560	19.15	30.36	-0.02	7.61
37.589	19.15	30.36	-0.06	7.57
37.619	19.15	30.36	-0.06	7.57
37.649	19.13	30.34	-0.06	7.57
37.679	19.13	30.34	-0.11	7.52
37.708	19.13	30.34	-0.11	7.52
37.738	19.12	30.33	-0.11	7.52
37.768	19.12	30.33	0.00	7.63
37.798	19.12	30.33	0.00	7.63
37.827	19.14	30.36	0.00	7.63
37.857	19.14	30.36	-0.11	7.52
37.887	19.14	30.36	-0.11	7.52
37.917	19.22	30.43	-0.11	7.52
37.946	19.22	30.43	-0.02	7.61
37.976	19.22	30.43	-0.02	7.61
38.006	19.21	30.43	-0.02	7.61
38.036	19.21	30.43	-0.07	7.57
38.065	19.21	30.43	-0.07	7.57
38.095	19.21	30.42	-0.07	7.57
38.125	19.21	30.42	-0.10	7.53
38.155	19.21	30.42	-0.10	7.53
38.184	19.15	30.36	-0.10	7.53
38.214	19.15	30.36	0.00	7.63
38.244	19.15	30.36	0.00	7.63
38.274	19.23	30.44	0.00	7.63
38.303	19.23	30.44	-0.12	7.52
38.333	19.23	30.44	-0.12	7.52
38.363	19.19	30.40	-0.12	7.52
38.393	19.19	30.40	-0.02	7.61
38.422	19.19	30.40	-0.02	7.61
38.452	19.16	30.37	-0.02	7.61
38.482	19.16	30.37	-0.07	7.56
38.512	19.16	30.37	-0.07	7.56
38.541	19.14	30.35	-0.07	7.56
38.571	19.14	30.35	-0.10	7.54
38.601	19.14	30.35	-0.10	7.54
38.631	19.14	30.36	-0.10	7.54
38.660	19.14	30.36	0.00	7.63
38.690	19.14	30.36	0.00	7.63
38.720	19.22	30.43	0.00	7.63
38.750	19.22	30.43	-0.12	7.51
38.779	19.22	30.43	-0.12	7.51
38.809	19.23	30.44	-0.12	7.51
38.839	19.23	30.44	-0.02	7.61
38.869	19.23	30.44	-0.02	7.61
38.898	19.20	30.41	-0.02	7.61
38.928	19.20	30.41	-0.08	7.55
38.958	19.20	30.41	-0.08	7.55
38.988	19.23	30.44	-0.08	7.55
39.017	19.23	30.44	-0.09	7.54
39.047	19.23	30.44	-0.09	7.54
39.077	19.13	30.34	-0.09	7.54
39.107	19.13	30.34	-0.00	7.63
39.137	19.13	30.34	-0.00	7.63
39.166	19.22	30.44	-0.00	7.63
39.196	19.22	30.44	-0.12	7.51
39.226	19.22	30.44	-0.12	7.51
39.256	19.11	30.32	-0.12	7.51
39.285	19.11	30.32	-0.01	7.62
39.315	19.11	30.32	-0.01	7.62
39.345	19.20	30.42	-0.01	7.62
39.375	19.20	30.42	-0.09	7.55
39.404	19.20	30.42	-0.09	7.55
39.434	19.16	30.37	-0.09	7.55
39.464	19.16	30.37	-0.08	7.55
39.494	19.16	30.37	-0.08	7.55
39.523	19.16	30.37	-0.08	7.55
39.553	19.16	30.37	-0.00	7.63
39.583	19.16	30.37	-0.00	7.63
39.613	19.18	30.39	-0.00	7.63
39.642	19.18	30.39	-0.12	7.51
39.672	19.18	30.39	-0.12	7.51
39.702	19.11	30.33	-0.12	7.51
39.732	19.11	30.33	-0.01	7.62
39.762	19.11	30.33	-0.01	7.62
39.791	19.15	30.36	-0.01	7.62
39.821	19.15	30.36	-0.09	7.54
39.851	19.15	30.36	-0.09	7.54
39.881	19.14	30.36	-0.09	7.54
39.910	19.14	30.36	-0.07	7.56
39.940	19.14	30.36	-0.07	7.56
39.970	19.15	30.36	-0.07	7.56
40.000	19.15	30.36	-0.00	7.63
40.029	19.15	30.36	-0.00	7.63
40.059	19.11	30.33	-0.00	7.63
40.089	19.11	30.33	-0.12	7.51
40.119	19.11	30.33	-0.12	7.51
40.148	19.10	30.31	-0.12	7.51
40.178	19.10	30.31	-0.01	7.62
40.208	19.10	30.31	-0.01	7.62
40.238	19.16	30.37	-0.01	7.62
40.267	19.16	30.37	-0.09	7.54
40.297	19.16	30.37	-0.09	7.54
40.327	19.14	30.35	-0.09	7.54
40.357	19.14	30.35	-0.06	7.58
40.386	19.14	30.35	-0.06	7.58
40.416	19.15	30.37	-0.06	7.58
40.446	19.15	30.37	-0.01	7.62
40.476	19.15	30.37	-0.01	7.62
40.506	19.02	30.23	-0.01	7.62
40.535	19.02	30.23	-0.12	7.51
40.565	19.02	30.23	-0.12	7.51
40.595	19.13	30.34	-0.12	7.51
40.625	19.13	30.34	-0.00	7.63
40.654	19.13	30.34	-0.00	7.63
40.684	19.21	30.42	-0.00	7.63
40.714	19.21	30.42	-0.10	7.54
40.744	19.21	30.42	-0.10	7.54
40.773	19.21	30.42	-0.10	7.54
40.803	19.21	30.42	-0.05	7.59
40.833	19.21	30.42	-0.05	7.59
40.863	19.13	30.34	-0.05	7.59
40.892	19.13	30.34	-0.02	7.61
40.922	19.13	30.34	-0.02	7.61
40.952	19.15	30.36	-0.02	7.61
40.982	19.15	30.36	-0.11	7.52
41.011	19.15	30.36	-0.11	7.52
41.041	19.17	30.39	-0.11	7.52
41.071	19.17	30.39	-0.00	7.63
41.101	19.17	30.39	-0.00	7.63
41.131	19.15	30.36	-0.00	7.63
41.160	19.15	30.36	-0.10	7.53
41.190	19.15	30.36	-0.10	7.53
41.220	19.14	30.35	-0.10	7.53
41.250	19.14	30.35	-0.04	7.59
41.279	19.14	30.35	-0.04	7.59
41.309	19.11	30.33	-0.04	7.59
41.339	19.11	30.33	-0.03	7.60
41.369	19.11	30.33	-0.03	7.60
41.398	19.10	30.31	-0.03	7.60
41.428	19.10	30.31	-0.11	7.52
41.458	19.10	30.31	-0.11	7.52
41.488	19.17	30.38	-0.11	7.52
41.517	19.17	30.38	0.00	7.63
41.547	19.17	30.38	0.00	7.63
41.577	19.14	30.36	0.00	7.63
41.607	19.14	30.36	-0.10	7.53
41.636	19.14	30.36	-0.10	7.53
41.666	19.18	30.39	-0.10	7.53
41.696	19.18	30.39	-0.03	7.60
41.726	19.18	30.39	-0.03	7.60
41.756	19.19	30.40	-0.03	7.60
41.785	19.19	30.40	-0.05	7.59
41.815	19.19	30.40	-0.05	7.59
41.845	19.15	30.36	-0.05	7.59
41.875	19.15	30.36	-0.12	7.52
41.904	19.15	30.36	-0.12	7.52
41.934	19.16	30.38	-0.12	7.52
41.964	19.16	30.38	-0.00	7.63
41.994	19.16	30.38	-0.00	7.63
42.023	19.14	30.35	-0.00	7.63
42.053	19.14	30.35	-0.11	7.52
42.083	19.14	30.35	-0.11	7.52
42.113	19.11	30.33	-0.11	7.52
42.142	19.11	30.33	-0.02	7.61
42.172	19.11	30.33	-0.02	7.61
42.202	19.09	30.31	-0.02	7.61
42.232	19.09	30.31	-0.06	7.57
42.262	19.09	30.31	-0.06	7.57
42.291	19.14	30.35	-0.06	7.57
42.321	19.14	30.35	-0.11	7.52
42.351	19.14	30.35	-0.11	7.52
42.381	19.14	30.35	-0.11	7.52
42.410	19.14	30.35	0.00	7.64
42.440	19.14	30.35	0.00	7.64
42.470	19.14	30.36	0.00	7.64
42.500	19.14	30.36	-0.11	7.52
42.529	19.14	30.36	-0.11	7.52
42.559	19.19	30.40	-0.11	7.52
42.589	19.19	30.40	-0.02	7.61
42.619	19.19	30.40	-0.02	7.61
42.648	19.16	30.37	-0.02	7.61
42.678	19.16	30.37	-0.07	7.56
42.708	19.16	30.37	-0.07	7.56
42.738	19.15	30.37	-0.07	7.56
42.767	19.15	30.37	-0.10	7.53
42.797	19.15	30.37	-0.10	7.53
42.827	19.10	30.31	-0.10	7.53
42.857	19.10	30.31	-0.00	7.63
42.886	19.10	30.31	-0.00	7.63
42.916	19.08	30.29	-0.00	7.63
42.946	19.08	30.29	-0.12	7.51
42.976	19.08	30.29	-0.12	7.51
43.006	19.15	30.36	-0.12	7.51
43.035	19.15	30.36	-0.02	7.61
43.065	19.15	30.36	-0.02	7.61
43.095	19.17	30.38	-0.02	7.61
43.125	19.17	30.38	-0.08	7.55
43.154	19.17	30.38	-0.08	7.55
43.184	19.16	30.37	-0.08	7.55
43.214	19.16	30.37	-0.08	7.55
43.244	19.16	30.37	-0.08	7.55
43.273	19.15	30.37	-0.08	7.55
43.303	19.15	30.37	-0.01	7.63
43.333	19.15	30.37	-0.01	7.63
43.363	19.13	30.35	-0.01	7.63
43.392	19.13	30.35	-0.12	7.51
43.422	19.13	30.35	-0.12	7.51
43.452	19.25	30.46	-0.12	7.51
43.482	19.25	30.46	-0.01	7.62
43.512	19.25	30.46	-0.01	7.62
43.541	19.19	30.40	-0.01	7.62
43.571	19.19	30.40	-0.09	7.54
43.601	19.19	30.40	-0.09	7.54
43.631	19.15	30.36	-0.09	7.54
43.660	19.15	30.36	-0.07	7.57
43.690	19.15	30.36	-0.07	7.57
43.720	19.17	30.38	-0.07	7.57
43.750	19.17	30.38	-0.01	7.63
43.779	19.17	30.38	-0.01	7.63
43.809	19.17	30.39	-0.01	7.63
43.839	19.17	30.39	-0.12	7.51
43.869	19.17	30.39	-0.12	7.51
43.898	19.18	30.40	-0.12	7.51
43.928	19.18	30.40	-0.01	7.63
43.958	19.18	30.40	-0.01	7.63
43.988	19.14	30.35	-0.01	7.63
44.017	19.14	30.35	-0.10	7.53
44.047	19.14	30.35	-0.10	7.53
44.077	19.13	30.34	-0.10	7.53
44.107	19.13	30.34	-0.05	7.58
44.136	19.13	30.34	-0.05	7.58
44.166	19.15	30.37	-0.05	7.58
44.196	19.15	30.37	-0.01	7.62
44.226	19.15	30.37	-0.01	7.62
44.256	19.17	30.38	-0.01	7.62
44.285	19.17	30.38	-0.12	7.52
44.315	19.17	30.38	-0.12	7.52
44.345	19.22	30.44	-0.12	7.52
44.375	19.22	30.44	-0.00	7.63
44.404	19.22	30.44	-0.00	7.63
44.434	19.20	30.42	-0.00	7.63
44.464	19.20	30.42	-0.10	7.53
44.494	19.20	30.42	-0.10	7.53
44.523	19.21	30.43	-0.10	7.53
44.553	19.21	30.43	-0.04	7.60
44.583	19.21	30.43	-0.04	7.60
44.613	19.21	30.42	-0.04	7.60
44.642	19.21	30.42	-0.03	7.60
44.672	19.21	30.42	-0.03	7.60
44.702	19.17	30.39	-0.03	7.60
44.732	19.17	30.39	-0.12	7.51
44.761	19.17	30.39	-0.12	7.51
44.791	19.16	30.38	-0.12	7.51
44.821	19.16	30.38	0.00	7.63
44.851	19.16	30.38	0.00	7.63
44.880	19.16	30.38	0.00	7.63
44.910	19.16	30.38	-0.10	7.53
44.940	19.16	30.38	-0.10	7.53
44.970	19.14	30.35	-0.10	7.53
44.999	19.14	30.35	-0.03	7.60
45.029	19.14	30.35	-0.03	7.60
45.059	19.19	30.40	-0.03	7.60
45.089	19.19	30.40	-0.05	7.59
45.118	19.19	30.40	-0.05	7.59
45.148	19.14	30.35	-0.05	7.59
45.178	19.14	30.35	-0.12	7.51
45.208	19.14	30.35	-0.12	7.51
45.238	19.13	30.35	-0.12	7.51
45.267	19.13	30.35	-0.00	7.63
45.297	19.13	30.35	-0.00	7.63
45.327	19.20	30.41	-0.00	7.63
45.357	19.20	30.41	-0.11	7.52
45.386	19.20	30.41	-0.11	7.52
45.416	19.18	30.39	-0.11	7.52
45.446	19.18	30.39	-0.03	7.60
45.476	19.18	30.39	-0.03	7.60
45.505	19.18	30.39	-0.03	7.60
45.535	19.18	30.39	-0.06	7.57
45.565	19.18	30.39	-0.06	7.57
45.595	19.23	30.44	-0.06	7.57
45.624	19.23	30.44	-0.10	7.53
45.654	19.23	30.44	-0.10	7.53
45.684	19.13	30.34	-0.10	7.53
45.714	19.13	30.34	0.00	7.63
45.743	19.13	30.34	0.00	7.63
45.773	19.21	30.43	0.00	7.63
45.803	19.21	30.43	-0.12	7.52
45.833	19.21	30.43	-0.12	7.52
45.862	19.18	30.39	-0.12	7.52
45.892	19.18	30.39	-0.02	7.61
45.922	19.18	30.39	-0.02	7.61
45.952	19.20	30.42	-0.02	7.61
45.981	19.20	30.42	-0.07	7.56
46.011	19.20	30.42	-0.07	7.56
46.041	19.14	30.36	-0.07	7.56
46.071	19.14	30.36	-0.09	7.54
46.100	19.14	30.36	-0.09	7.54
46.130	19.21	30.42	-0.09	7.54
46.160	19.21	30.42	0.00	7.63
46.190	19.21	30.42	0.00	7.63
46.219	19.25	30.47	0.00	7.63
46.249	19.25	30.47	-0.12	7.51
46.279	19.25	30.47	-0.12	7.51
46.309	19.18	30.39	-0.12	7.51
46.338	19.18	30.39	-0.02	7.62
46.368	19.18	30.39	-0.02	7.62
46.398	19.18	30.39	-0.02	7.62
46.428	19.18	30.39	-0.08	7.55
46.457	19.18	30.39	-0.08	7.55
46.487	19.21	30.43	-0.08	7.55
46.517	19.21	30.43	-0.08	7.55
46.547	19.21	30.43	-0.08	7.55
46.576	19.20	30.42	-0.08	7.55
46.606	19.20	30.42	-0.00	7.63
46.636	19.20	30.42	-0.00	7.63
46.666	19.28	30.49	-0.00	7.63
46.696	19.28	30.49	-0.12	7.51
46.725	19.28	30.49	-0.12	7.51
46.755	19.24	30.45	-0.12	7.51
46.785	19.24	30.45	-0.01	7.62
46.815	19.24	30.45	-0.01	7.62
46.844	19.24	30.45	-0.01	7.62
46.874	19.24	30.45	-0.09	7.54
46.904	19.24	30.45	-0.09	7.54
46.934	19.22	30.43	-0.09	7.54
46.963	19.22	30.43	-0.06	7.57
46.993	19.22	30.43	-0.06	7.57
47.023	19.20	30.41	-0.06	7.57
47.053	19.20	30.41	-0.01	7.62
47.082	19.20	30.41	-0.01	7.62
47.112	19.25	30.46	-0.01	7.62
47.142	19.25	30.46	-0.11	7.52
47.172	19.25	30.46	-0.11	7.52
47.201	19.26	30.47	-0.11	7.52
47.231	19.26	30.47	-0.00	7.63
47.261	19.26	30.47	-0.00	7.63
47.291	19.23	30.45	-0.00	7.63
47.321	19.23	30.45	-0.10	7.54
47.350	19.23	30.45	-0.10	7.54
47.380	19.23	30.44	-0.10	7.54
47.410	19.23	30.44	-0.05	7.58
47.440	19.23	30.44	-0.05	7.58
47.469	19.20	30.42	-0.05	7.58
47.499	19.20	30.42	-0.02	7.61
47.529	19.20	30.42	-0.02	7.61
47.559	19.17	30.38	-0.02	7.61
47.588	19.17	30.38	-0.12	7.52
47.618	19.17	30.38	-0.12	7.52
47.648	19.19	30.41	-0.12	7.52
47.678	19.19	30.41	0.00	7.63
47.707	19.19	30.41	0.00	7.63
47.737	19.17	30.39	0.00	7.63
47.767	19.17	30.39	-0.10	7.53
47.797	19.17	30.39	-0.10	7.53
47.826	19.14	30.35	-0.10	7.53
47.856	19.14	30.35	-0.04	7.59
47.886	19.14	30.35	-0.04	7.59
47.916	19.20	30.41	-0.04	7.59
47.945	19.20	30.41	-0.03	7.60
47.975	19.20	30.41	-0.03	7.60
48.005	19.16	30.38	-0.03	7.60
48.035	19.16	30.38	-0.11	7.52
48.064	19.16	30.38	-0.11	7.52
48.094	19.22	30.43	-0.11	7.52
48.124	19.22	30.43	0.00	7.64
48.154	19.22	30.43	0.00	7.64
48.184	19.20	30.41	0.00	7.64
48.213	19.20	30.41	-0.10	7.53
48.243	19.20	30.41	-0.10	7.53
48.273	19.17	30.38	-0.10	7.53
48.303	19.17	30.38	-0.03	7.60
48.332	19.17	30.38	-0.03	7.60
48.362	19.19	30.40	-0.03	7.60
48.392	19.19	30.40	-0.05	7.59
48.422	19.19	30.40	-0.05	7.59
48.451	19.13	30.34	-0.05	7.59
48.481	19.13	30.34	-0.12	7.52
48.511	19.13	30.34	-0.12	7.52
48.541	19.19	30.40	-0.12	7.52
48.570	19.19	30.40	-0.00	7.63
48.600	19.19	30.40	-0.00	7.63
48.630	19.15	30.37	-0.00	7.63
48.660	19.15	30.37	-0.11	7.52
48.689	19.15	30.37	-0.11	7.52
48.719	19.15	30.36	-0.11	7.52
48.749	19.15	30.36	-0.03	7.60
48.779	19.15	30.36	-0.03	7.60
48.809	19.14	30.35	-0.03	7.60
48.838	19.14	30.35	-0.06	7.57
48.868	19.14	30.35	-0.06	7.57
48.898	19.09	30.30	-0.06	7.57
48.928	19.09	30.30	-0.11	7.53
48.957	19.09	30.30	-0.11	7.53
48.987	19.24	30.46	-0.11	7.53
49.017	19.24	30.46	0.00	7.63
49.047	19.24	30.46	0.00	7.63
49.076	19.13	30.34	0.00	7.63
49.106	19.13	30.34	-0.11	7.52
49.136	19.13	30.34	-0.11	7.52
49.166	19.22	30.43	-0.11	7.52
49.195	19.22	30.43	-0.02	7.61
49.225	19.22	30.43	-0.02	7.61
49.255	19.18	30.39	-0.02	7.61
49.285	19.18	30.39	-0.07	7.56
49.314	19.18	30.39	-0.07	7.56
49.344	19.13	30.34	-0.07	7.56
49.374	19.13	30.34	-0.10	7.53
49.404	19.13	30.34	-0.10	7.53
49.433	19.21	30.42	-0.10	7.53
49.463	19.21	30.42	0.00	7.63
49.493	19.21	30.42	0.00	7.63
49.523	19.16	30.38	0.00	7.63
49.552	19.16	30.38	-0.12	7.51
49.582	19.16	30.38	-0.12	7.51
49.612	19.11	30.32	-0.12	7.51
49.642	19.11	30.32	-0.02	7.61
49.671	19.11	30.32	-0.02	7.61
49.701	19.17	30.38	-0.02	7.61
49.731	19.17	30.38	-0.08	7.55
49.761	19.17	30.38	-0.08	7.55
49.790	19.12	30.33	-0.08	7.55
49.820	19.12	30.33	-0.09	7.54
49.850	19.12	30.33	-0.09	7.54
49.880	19.21	30.42	-0.09	7.54
49.909	19.21	30.42	-0.00	7.63
49.939	19.21	30.42	-0.00	7.63
49.969	19.19	30.41	-0.00	7.63
49.999	19.19	30.41	-0.12	7.51
50.028	19.19	30.41	-0.12	7.51
50.058	19.17	30.38	-0.12	7.51
50.088	19.17	30.38	-0.01	7.62
50.118	19.17	30.38	-0.01	7.62
50.148	19.16	30.37	-0.01	7.62
50.177	19.16	30.37	-0.09	7.54
50.207	19.16	30.37	-0.09	7.54
50.237	19.17	30.38	-0.09	7.54
50.267	19.17	30.38	-0.07	7.56
50.296	19.17	30.38	-0.07	7.56
50.326	19.20	30.41	-0.07	7.56
50.356	19.20	30.41	-0.01	7.63
50.386	19.20	30.41	-0.01	7.63
50.415	19.20	30.41	-0.01	7.63
50.445	19.20	30.41	-0.11	7.52
50.475	19.20	30.41	-0.11	7.52
50.505	19.12	30.33	-0.11	7.52
50.534	19.12	30.33	-0.01	7.63
50.564	19.12	30.33	-0.01	7.63
50.594	19.11	30.32	-0.01	7.63
50.624	19.11	30.32	-0.09	7.54
50.653	19.11	30.32	-0.09	7.54
50.683	19.13	30.34	-0.09	7.54
50.713	19.13	30.34	-0.06	7.58
50.743	19.13	30.34	-0.06	7.58
50.773	19.13	30.34	-0.06	7.58
50.802	19.13	30.34	-0.01	7.62
50.832	19.13	30.34	-0.01	7.62
50.862	19.17	30.38	-0.01	7.62
50.892	19.17	30.38	-0.12	7.51
50.921	19.17	30.38	-0.12	7.51
50.951	19.12	30.33	-0.12	7.51
50.981	19.12	30.33	-0.00	7.63
51.011	19.12	30.33	-0.00	7.63
51.040	19.20	30.41	-0.00	7.63
51.070	19.20	30.41	-0.10	7.54
51.100	19.20	30.41	-0.10	7.54
51.130	19.15	30.36	-0.10	7.54
51.159	19.15	30.36	-0.05	7.58
51.189	19.15	30.36	-0.05	7.58
51.219	19.06	30.28	-0.05	7.58
51.249	19.06	30.28	-0.02	7.61
51.278	19.06	30.28	-0.02	7.61
51.308	19.17	30.38	-0.02	7.61
51.338	19.17	30.38	-0.12	7.51
51.368	19.17	30.38	-0.12	7.51
51.398	19.10	30.32	-0.12	7.51
51.427	19.10	30.32	0.00	7.63
51.457	19.10	30.32	0.00	7.63
51.487	19.15	30.37	0.00	7.63
51.517	19.15	30.37	-0.10	7.54
51.546	19.15	30.37	-0.10	7.54
51.576	19.12	30.33	-0.10	7.54
51.606	19.12	30.33	-0.04	7.59
51.636	19.12	30.33	-0.04	7.59
51.665	19.12	30.33	-0.04	7.59
51.695	19.12	30.33	-0.03	7.60
51.725	19.12	30.33	-0.03	7.60
51.755	19.27	30.49	-0.03	7.60
51.784	19.27	30.49	-0.12	7.51
51.814	19.27	30.49	-0.12	7.51
51.844	19.16	30.38	-0.12	7.51
51.874	19.16	30.38	-0.00	7.63
51.903	19.16	30.38	-0.00	7.63
51.933	19.19	30.40	-0.00	7.63
51.963	19.19	30.40	-0.10	7.53
51.993	19.19	30.40	-0.10	7.53
52.023	19.16	30.37	-0.10	7.53
52.052	19.16	30.37	-0.03	7.60
52.082	19.16	30.37	-0.03	7.60
52.112	19.16	30.37	-0.03	7.60
52.142	19.16	30.37	-0.04	7.59
52.171	19.16	30.37	-0.04	7.59
52.201	19.25	30.47	-0.04	7.59
52.231	19.25	30.47	-0.11	7.52
52.261	19.25	30.47	-0.11	7.52
52.290	19.18	30.40	-0.11	7.52
52.320	19.18	30.40	0.00	7.63
52.350	19.18	30.40	0.00	7.63
52.380	19.13	30.34	0.00	7.63
52.409	19.13	30.34	-0.11	7.52
52.439	19.13	30.34	-0.11	7.52
52.469	19.12	30.33	-0.11	7.52
52.499	19.12	30.33	-0.03	7.60
52.528	19.12	30.33	-0.03	7.60
52.558	19.20	30.42	-0.03	7.60
52.588	19.20	30.42	-0.05	7.58
52.618	19.20	30.42	-0.05	7.58
52.647	19.13	30.34	-0.05	7.58
52.677	19.13	30.34	-0.11	7.52
52.707	19.13	30.34	-0.11	7.52
52.737	19.17	30.38	-0.11	7.52
52.767	19.17	30.38	0.00	7.63
52.796	19.17	30.38	0.00	7.63
52.826	19.15	30.36	0.00	7.63
52.856	19.15	30.36	-0.11	7.52
52.885	19.15	30.36	-0.11	7.52
52.915	19.18	30.39	-0.11	7.52
52.945	19.18	30.39	-0.03	7.60
52.975	19.18	30.39	-0.03	7.60
53.004	19.16	30.38	-0.03	7.60
53.034	19.16	30.38	-0.06	7.57
53.064	19.16	30.38	-0.06	7.57
53.094	19.13	30.35	-0.06	7.57
53.124	19.13	30.35	-0.11	7.52
53.153	19.13	30.35	-0.11	7.52
53.183	19.16	30.37	-0.11	7.52
53.213	19.16	30.37	0.00	7.63
53.243	19.16	30.37	0.00	7.63
53.272	19.15	30.36	0.00	7.63
53.302	19.15	30.36	-0.11	7.52
53.332	19.15	30.36	-0.11	7.52
53.362	19.15	30.36	-0.11	7.52
53.391	19.15	30.36	-0.02	7.61
53.421	19.15	30.36	-0.02	7.61
53.451	19.16	30.37	-0.02	7.61
53.481	19.16	30.37	-0.06	7.57
53.510	19.16	30.37	-0.06	7.57
53.540	19.15	30.36	-0.06	7.57
53.570	19.15	30.36	-0.10	7.53
53.600	19.15	30.36	-0.10	7.53
53.629	19.17	30.39	-0.10	7.53
53.659	19.17	30.39	0.00	7.63
53.689	19.17	30.39	0.00	7.63
53.719	19.16	30.37	0.00	7.63
53.748	19.16	30.37	-0.12	7.52
53.778	19.16	30.37	-0.12	7.52
53.808	19.15	30.37	-0.12	7.52
53.838	19.15	30.37	-0.02	7.61
53.867	19.15	30.37	-0.02	7.61
53.897	19.15	30.37	-0.02	7.61
53.927	19.15	30.37	-0.08	7.55
53.957	19.15	30.37	-0.08	7.55
53.986	19.02	30.24	-0.08	7.55
54.016	19.02	30.24	-0.10	7.54
54.046	19.02	30.24	-0.10	7.54
54.076	19.16	30.38	-0.10	7.54
54.106	19.16	30.38	-0.00	7.63
54.135	19.16	30.38	-0.00	7.63
54.165	19.08	30.29	-0.00	7.63
54.195	19.08	30.29	-0.12	7.52
54.225	19.08	30.29	-0.12	7.52
54.254	19.07	30.29	-0.12	7.52
54.284	19.07	30.29	-0.02	7.61
54.314	19.07	30.29	-0.02	7.61
54.344	19.11	30.33	-0.02	7.61
54.373	19.11	30.33	-0.08	7.55
54.403	19.11	30.33	-0.08	7.55
54.433	19.10	30.31	-0.08	7.55
54.463	19.10	30.31	-0.09	7.54
54.492	19.10	30.31	-0.09	7.54
54.522	19.22	30.44	-0.09	7.54
54.552	19.22	30.44	0.00	7.63
54.582	19.22	30.44	0.00	7.63
54.611	19.16	30.37	0.00	7.63
54.641	19.16	30.37	-0.12	7.51
54.671	19.16	30.37	-0.12	7.51
54.701	19.18	30.39	-0.12	7.51
54.731	19.18	30.39	-0.01	7.62
54.760	19.18	30.39	-0.01	7.62
54.790	19.16	30.38	-0.01	7.62
54.820	19.16	30.38	-0.09	7.55
54.850	19.16	30.38	-0.09	7.55
54.879	19.15	30.37	-0.09	7.55
54.909	19.15	30.37	-0.08	7.55
54.939	19.15	30.37	-0.08	7.55
54.969	19.26	30.47	-0.08	7.55
54.998	19.26	30.47	-0.00	7.63
55.028	19.26	30.47	-0.00	7.63
55.058	19.17	30.38	-0.00	7.63
55.088	19.17	30.38	-0.12	7.51
55.117	19.17	30.38	-0.12	7.51
55.147	19.20	30.41	-0.12	7.51
55.177	19.20	30.41	-0.01	7.62
55.207	19.20	30.41	-0.01	7.62
55.236	19.15	30.37	-0.01	7.62
55.266	19.15	30.37	-0.09	7.54
55.296	19.15	30.37	-0.09	7.54
55.326	19.18	30.40	-0.09	7.54
55.356	19.18	30.40	-0.07	7.56
55.385	19.18	30.40	-0.07	7.56
55.415	19.24	30.45	-0.07	7.56
55.445	19.24	30.45	-0.00	7.63
55.475	19.24	30.45	-0.00	7.63
55.504	19.17	30.38	-0.00	7.63
55.534	19.17	30.38	-0.12	7.51
55.564	19.17	30.38	-0.12	7.51
55.594	19.21	30.43	-0.12	7.51
55.623	19.21	30.43	-0.01	7.62
55.653	19.21	30.43	-0.01	7.62
55.683	19.17	30.39	-0.01	7.62
55.713	19.17	30.39	-0.09	7.54
55.742	19.17	30.39	-0.09	7.54
55.772	19.14	30.35	-0.09	7.54
55.802	19.14	30.35	-0.06	7.57
55.832	19.14	30.35	-0.06	7.57
55.861	19.21	30.42	-0.06	7.57
55.891	19.21	30.42	-0.00	7.63
55.921	19.21	30.42	-0.00	7.63
55.951	19.19	30.40	-0.00	7.63
55.980	19.19	30.40	-0.12	7.52
56.010	19.19	30.40	-0.12	7.52
56.040	19.17	30.38	-0.12	7.52
56.070	19.17	30.38	-0.01	7.62
56.100	19.17	30.38	-0.01	7.62
56.129	19.17	30.38	-0.01	7.62
56.159	19.17	30.38	-0.09	7.54
56.189	19.17	30.38	-0.09	7.54
56.219	19.14	30.35	-0.09	7.54
56.248	19.14	30.35	-0.06	7.57
56.278	19.14	30.35	-0.06	7.57
56.308	19.21	30.42	-0.06	7.57
56.338	19.21	30.42	-0.01	7.62
56.367	19.21	30.42	-0.01	7.62
56.397	19.14	30.35	-0.01	7.62
56.427	19.14	30.35	-0.12	7.51
56.457	19.14	30.35	-0.12	7.51
56.486	19.20	30.42	-0.12	7.51
56.516	19.20	30.42	-0.00	7.63
56.546	19.20	30.42	-0.00	7.63
56.576	19.19	30.40	-0.00	7.63
56.605	19.19	30.40	-0.09	7.54
56.635	19.19	30.40	-0.09	7.54
56.665	19.20	30.41	-0.09	7.54
56.695	19.20	30.41	-0.06	7.58
56.724	19.20	30.41	-0.06	7.58
56.754	19.15	30.36	-0.06	7.58
56.784	19.15	30.36	-0.01	7.62
56.814	19.15	30.36	-0.01	7.62
56.844	19.22	30.44	-0.01	7.62
56.873	19.22	30.44	-0.12	7.52
56.903	19.22	30.44	-0.12	7.52
56.933	19.16	30.37	-0.12	7.52
56.963	19.16	30.37	-0.00	7.63
56.992	19.16	30.37	-0.00	7.63
57.022	19.20	30.41	-0.00	7.63
57.052	19.20	30.41	-0.10	7.54
57.082	19.20	30.41	-0.10	7.54
57.111	19.20	30.42	-0.10	7.54
57.141	19.20	30.42	-0.05	7.58
57.171	19.20	30.42	-0.05	7.58
57.201	19.16	30.37	-0.05	7.58
57.230	19.16	30.37	-0.01	7.62
57.260	19.16	30.37	-0.01	7.62
57.290	19.18	30.39	-0.01	7.62
57.320	19.18	30.39	-0.12	7.51
57.350	19.18	30.39	-0.12	7.51
57.379	19.17	30.39	-0.12	7.51
57.409	19.17	30.39	-0.00	7.63
57.439	19.17	30.39	-0.00	7.63
57.469	19.18	30.40	-0.00	7.63
57.498	19.18	30.40	-0.10	7.53
57.528	19.18	30.40	-0.10	7.53
57.558	19.20	30.41	-0.10	7.53
57.588	19.20	30.41	-0.05	7.59
57.617	19.20	30.41	-0.05	7.59
57.647	19.13	30.34	-0.05	7.59
57.677	19.13	30.34	-0.02	7.61
57.707	19.13	30.34	-0.02	7.61
57.736	19.20	30.42	-0.02	7.61
57.766	19.20	30.42	-0.11	7.52
57.796	19.20	30.42	-0.11	7.52
57.826	19.18	30.39	-0.11	7.52
57.855	19.18	30.39	-0.00	7.63
57.885	19.18	30.39	-0.00	7.63
57.915	19.17	30.38	-0.00	7.63
57.945	19.17	30.38	-0.10	7.53
57.974	19.17	30.38	-0.10	7.53
58.004	19.13	30.34	-0.10	7.53
58.034	19.13	30.34	-0.04	7.60
58.064	19.13	30.34	-0.04	7.60
58.094	19.17	30.39	-0.04	7.60
58.123	19.17	30.39	-0.02	7.61
58.153	19.17	30.39	-0.02	7.61
58.183	19.24	30.45	-0.02	7.61
58.213	19.24	30.45	-0.12	7.51
58.242	19.24	30.45	-0.12	7.51
58.272	19.16	30.37	-0.12	7.51
58.302	19.16	30.37	0.00	7.64
58.332	19.16	30.37	0.00	7.64
58.361	19.21	30.42	0.00	7.64
58.391	19.21	30.42	-0.10	7.53
58.421	19.21	30.42	-0.10	7.53
58.451	19.16	30.37	-0.10	7.53
58.480	19.16	30.37	-0.04	7.59
58.510	19.16	30.37	-0.04	7.59
58.540	19.17	30.38	-0.04	7.59
58.570	19.17	30.38	-0.03	7.60
58.599	19.17	30.38	-0.03	7.60
58.629	19.15	30.37	-0.03	7.60
58.659	19.15	30.37	-0.11	7.52
58.689	19.15	30.37	-0.11	7.52
58.719	19.20	30.41	-0.11	7.52
58.748	19.20	30.41	0.00	7.63
58.778	19.20	30.41	0.00	7.63
58.808	19.15	30.36	0.00	7.63
58.838	19.15	30.36	-0.10	7.53
58.867	19.15	30.36	-0.10	7.53
58.897	19.16	30.37	-0.10	7.53
58.927	19.16	30.37	-0.03	7.60
58.957	19.16	30.37	-0.03	7.60
58.986	19.21	30.43	-0.03	7.60
59.016	19.21	30.43	-0.04	7.60
59.046	19.21	30.43	-0.04	7.60
59.076	19.23	30.45	-0.04	7.60
59.105	19.23	30.45	-0.12	7.52
59.135	19.23	30.45	-0.12	7.52
59.165	19.29	30.50	-0.12	7.52
59.195	19.29	30.50	0.00	7.63
59.224	19.29	30.50	0.00	7.63
59.254	19.22	30.43	0.00	7.63
59.284	19.22	30.43	-0.10	7.53
59.314	19.22	30.43	-0.10	7.53
59.344	19.23	30.44	-0.10	7.53
59.373	19.23	30.44	-0.03	7.60
59.403	19.23	30.44	-0.03	7.60
59.433	19.26	30.47	-0.03	7.60
59.463	19.26	30.47	-0.04	7.59
59.492	19.26	30.47	-0.04	7.59
59.522	19.16	30.37	-0.04	7.59
59.552	19.16	30.37	-0.11	7.52
59.582	19.16	30.37	-0.11	7.52
59.611	19.24	30.45	-0.11	7.52
59.641	19.24	30.45	0.00	7.63
59.671	19.24	30.45	0.00	7.63
59.701	19.19	30.41	0.00	7.63
59.730	19.19	30.41	-0.11	7.53
59.760	19.19	30.41	-0.11	7.53
59.790	19.20	30.41	-0.11	7.53
59.820	19.20	30.41	-0.03	7.60
59.849	19.20	30.41	-0.03	7.60
59.879	19.19	30.41	-0.03	7.60
59.909	19.19	30.41	-0.04	7.59
59.939	19.19	30.41	-0.04	7.59
59.969	19.20	30.41	-0.04	7.59
59.998	19.20	30.41	-0.11	7.52
60.028	19.20	30.41	-0.11	7.52
60.058	19.22	30.44	-0.11	7.52
60.088	19.22	30.44	0.00	7.63
60.117	19.22	30.44	0.00	7.63
60.147	19.21	30.42	0.00	7.63
60.177	19.21	30.42	-0.11	7.53
60.207	19.21	30.42	-0.11	7.53
60.236	19.22	30.43	-0.11	7.53
60.266	19.22	30.43	-0.03	7.60
60.296	19.22	30.43	-0.03	7.60
60.326	19.22	30.43	-0.03	7.60
60.355	19.22	30.43	-0.05	7.59
60.385	19.22	30.43	-0.05	7.59
60.415	19.11	30.33	-0.05	7.59
60.445	19.11	30.33	-0.12	7.52
60.474	19.11	30.33	-0.12	7.52
60.504	19.23	30.44	-0.12	7.52
60.534	19.23	30.44	0.00	7.63
60.564	19.23	30.44	0.00	7.63
60.593	19.14	30.35	0.00	7.63
60.623	19.14	30.35	-0.11	7.52
60.653	19.14	30.35	-0.11	7.52
60.683	19.22	30.43	-0.11	7.52
60.712	19.22	30.43	-0.02	7.61
60.742	19.22	30.43	-0.02	7.61
60.772	19.20	30.41	-0.02	7.61
60.802	19.20	30.41	-0.05	7.58
60.831	19.20	30.41	-0.05	7.58
60.861	19.20	30.42	-0.05	7.58
60.891	19.20	30.42	-0.11	7.52
60.921	19.20	30.42	-0.11	7.52
60.951	19.23	30.44	-0.11	7.52
60.980	19.23	30.44	-0.00	7.63
61.010	19.23	30.44	-0.00	7.63
61.040	19.21	30.42	-0.00	7.63
61.070	19.21	30.42	-0.11	7.52
61.099	19.21	30.42	-0.11	7.52
61.129	19.25	30.46	-0.11	7.52
61.159	19.25	30.46	-0.02	7.61
61.189	19.25	30.46	-0.02	7.61
61.218	19.21	30.42	-0.02	7.61
61.248	19.21	30.42	-0.05	7.58
61.278	19.21	30.42	-0.05	7.58
61.308	19.21	30.43	-0.05	7.58
61.337	19.21	30.43	-0.11	7.52
61.367	19.21	30.43	-0.11	7.52
61.397	19.23	30.44	-0.11	7.52
61.427	19.23	30.44	0.00	7.63
61.456	19.23	30.44	0.00	7.63
61.486	19.23	30.44	0.00	7.63
61.516	19.23	30.44	-0.11	7.52
61.546	19.23	30.44	-0.11	7.52
61.575	19.18	30.39	-0.11	7.52
61.605	19.18	30.39	-0.02	7.61
61.635	19.18	30.39	-0.02	7.61
61.665	19.18	30.39	-0.02	7.61
61.694	19.18	30.39	-0.06	7.57
61.724	19.18	30.39	-0.06	7.57
61.754	19.21	30.42	-0.06	7.57
61.784	19.21	30.42	-0.11	7.53
61.813	19.21	30.42	-0.11	7.53
61.843	19.21	30.42	-0.11	7.53
61.873	19.21	30.42	0.00	7.64
61.903	19.21	30.42	0.00	7.64
61.933	19.24	30.46	0.00	7.64
61.962	19.24	30.46	-0.12	7.52
61.992	19.24	30.46	-0.12	7.52
62.022	19.19	30.41	-0.12	7.52
62.052	19.19	30.41	-0.02	7.61
62.081	19.19	30.41	-0.02	7.61
62.111	19.19	30.40	-0.02	7.61
62.141	19.19	30.40	-0.07	7.57
62.171	19.19	30.40	-0.07	7.57
62.200	19.17	30.39	-0.07	7.57
62.230	19.17	30.39	-0.11	7.52
62.260	19.17	30.39	-0.11	7.52
62.290	19.18	30.39	-0.11	7.52
62.319	19.18	30.39	0.00	7.63
62.349	19.18	30.39	0.00	7.63
62.379	19.19	30.40	0.00	7.63
62.409	19.19	30.40	-0.12	7.51
62.438	19.19	30.40	-0.12	7.51
62.468	19.19	30.40	-0.12	7.51
62.498	19.19	30.40	-0.02	7.61
62.528	19.19	30.40	-0.02	7.61
62.557	19.17	30.38	-0.02	7.61
62.587	19.17	30.38	-0.07	7.56
62.617	19.17	30.38	-0.07	7.56
62.647	19.18	30.40	-0.07	7.56
62.676	19.18	30.40	-0.10	7.53
62.706	19.18	30.40	-0.10	7.53
62.736	19.16	30.37	-0.10	7.53
62.766	19.16	30.37	0.00	7.63
62.796	19.16	30.37	0.00	7.63
62.825	19.20	30.42	0.00	7.63
62.855	19.20	30.42	-0.11	7.52
62.885	19.20	30.42	-0.11	7.52
62.915	19.19	30.40	-0.11	7.52
62.944	19.19	30.40	-0.02	7.61
62.974	19.19	30.40	-0.02	7.61
63.004	19.19	30.40	-0.02	7.61
63.034	19.19	30.40	-0.07	7.56
63.063	19.19	30.40	-0.07	7.56
63.093	19.18	30.39	-0.07	7.56
63.123	19.18	30.39	-0.10	7.53
63.153	19.18	30.39	-0.10	7.53
63.182	19.15	30.36	-0.10	7.53
63.212	19.15	30.36	0.00	7.63
63.242	19.15	30.36	0.00	7.63
63.272	19.20	30.41	0.00	7.63
63.301	19.20	30.41	-0.11	7.52
63.331	19.20	30.41	-0.11	7.52
63.361	19.17	30.38	-0.11	7.52
63.391	19.17	30.38	-0.02	7.61
63.420	19.17	30.38	-0.02	7.61
63.450	19.11	30.33	-0.02	7.61
63.480	19.11	30.33	-0.07	7.56
63.510	19.11	30.33	-0.07	7.56
63.539	19.14	30.35	-0.07	7.56
63.569	19.14	30.35	-0.10	7.53
63.599	19.14	30.35	-0.10	7.53
63.629	19.12	30.33	-0.10	7.53
63.658	19.12	30.33	-0.00	7.63
63.688	19.12	30.33	-0.00	7.63
63.718	19.29	30.50	-0.00	7.63
63.748	19.29	30.50	-0.11	7.52
63.778	19.29	30.50	-0.11	7.52
63.807	19.26	30.47	-0.11	7.52
63.837	19.26	30.47	-0.02	7.62
63.867	19.26	30.47	-0.02	7.62
63.897	19.19	30.40	-0.02	7.62
63.926	19.19	30.40	-0.07	7.56
63.956	19.19	30.40	-0.07	7.56
63.986	19.24	30.46	-0.07	7.56
64.016	19.24	30.46	-0.10	7.53
64.045	19.24	30.46	-0.10	7.53
64.075	19.09	30.30	-0.10	7.53
64.105	19.09	30.30	0.00	7.63
64.135	19.09	30.30	0.00	7.63
64.164	18.73	29.95	0.00	7.63
64.194	18.73	29.95	-0.12	7.51
64.224	18.73	29.95	-0.12	7.51
64.254	-4.70	6.52	-0.12	7.51
64.283	-4.70	6.52	-0.02	7.61
64.313	-4.70	6.52	-0.02	7.61
64.343	-5.20	6.01	-0.02	7.61
64.373	-5.20	6.01	-0.08	7.55
64.403	-5.20	6.01	-0.08	7.55
64.432	6.03	17.24	-0.08	7.55
64.462	6.03	17.24	-0.10	7.53
64.492	6.03	17.24	-0.10	7.53
64.522	3.96	15.18	-0.10	7.53
64.551	3.96	15.18	0.00	7.63
64.581	3.96	15.18	0.00	7.63
64.611	-1.83	9.39	0.00	7.63
64.641	-1.83	9.39	-0.13	7.50
64.671	-1.83	9.39	-0.13	7.50
64.700	1.77	12.99	-0.13	7.50
64.730	1.77	12.99	-0.02	7.62
64.760	1.77	12.99	-0.02	7.62
64.790	3.51	14.73	-0.02	7.62
64.819	3.51	14.73	-0.08	7.55
64.849	3.51	14.73	-0.08	7.55
64.879	0.72	11.93	-0.08	7.55
64.909	0.72	11.93	-0.10	7.54
64.938	0.72	11.93	-0.10	7.54
64.968	0.89	12.10	-0.10	7.54
64.998	0.89	12.10	0.01	7.64
65.028	0.89	12.10	0.01	7.64
65.058	2.08	13.29	0.01	7.64
65.087	2.08	13.29	-0.12	7.51
65.117	2.08	13.29	-0.12	7.51
65.147	1.81	13.03	-0.12	7.51
65.177	1.81	13.03	-0.02	7.61
65.206	1.81	13.03	-0.02	7.61
65.236	1.56	12.77	-0.02	7.61
65.266	1.56	12.77	-0.09	7.55
65.296	1.56	12.77	-0.09	7.55
65.325	1.52	12.73	-0.09	7.55
65.355	1.52	12.73	-0.09	7.54
65.385	1.52	12.73	-0.09	7.54
65.415	1.57	12.79	-0.09	7.54
65.445	1.57	12.79	0.00	7.63
65.474	1.57	12.79	0.00	7.63
65.504	1.67	12.88	0.00	7.63
65.534	1.67	12.88	-0.13	7.50
65.564	1.67	12.88	-0.13	7.50
65.593	1.72	12.93	-0.13	7.50
65.623	1.72	12.93	-0.01	7.62
65.653	1.72	12.93	-0.01	7.62
65.683	1.80	13.01	-0.01	7.62
65.713	1.80	13.01	-0.08	7.55
65.742	1.80	13.01	-0.08	7.55
65.772	1.90	13.11	-0.08	7.55
65.802	1.90	13.11	-0.09	7.54
65.832	1.90	13.11	-0.09	7.54
65.861	1.87	13.08	-0.09	7.54
65.891	1.87	13.08	0.01	7.64
65.921	1.87	13.08	0.01	7.64
65.951	1.70	12.92	0.01	7.64
65.980	1.70	12.92	-0.12	7.51
66.010	1.70	12.92	-0.12	7.51
66.040	1.40	12.61	-0.12	7.51
66.070	1.40	12.61	-0.02	7.62
66.100	1.40	12.61	-0.02	7.62
66.129	1.35	12.56	-0.02	7.62
66.159	1.35	12.56	-0.09	7.55
66.189	1.35	12.56	-0.09	7.55
66.219	1.65	12.86	-0.09	7.55
66.248	1.65	12.86	-0.09	7.55
66.278	1.65	12.86	-0.09	7.55
66.308	1.43	12.65	-0.09	7.55
66.338	1.43	12.65	0.00	7.64
66.367	1.43	12.65	0.00	7.64
66.397	1.67	12.89	0.00	7.64
66.427	1.67	12.89	-0.13	7.50
66.457	1.67	12.89	-0.13	7.50
66.487	1.46	12.67	-0.13	7.50
66.516	1.46	12.67	-0.01	7.62
66.546	1.46	12.67	-0.01	7.62
66.576	0.15	11.36	-0.01	7.62
66.606	0.15	11.36	-0.09	7.54
66.635	0.15	11.36	-0.09	7.54
66.665	-1.80	9.41	-0.09	7.54
66.695	-1.80	9.41	-0.09	7.55
66.725	-1.80	9.41	-0.09	7.55
66.755	-1.77	9.45	-0.09	7.55
66.784	-1.77	9.45	0.00	7.63
66.814	-1.77	9.45	0.00	7.63
66.844	-1.01	10.20	0.00	7.63
66.874	-1.01	10.20	-0.12	7.51
66.903	-1.01	10.20	-0.12	7.51
66.933	-0.40	10.81	-0.12	7.51
66.963	-0.40	10.81	-0.01	7.62
66.993	-0.40	10.81	-0.01	7.62
67.022	0.02	11.23	-0.01	7.62
67.052	0.02	11.23	-0.09	7.54
67.082	0.02	11.23	-0.09	7.54
67.112	-0.15	11.06	-0.09	7.54
67.142	-0.15	11.06	-0.08	7.55
67.171	-0.15	11.06	-0.08	7.55
67.201	-1.31	9.90	-0.08	7.55
67.231	-1.31	9.90	0.00	7.64
67.261	-1.31	9.90	0.00	7.64
67.290	-2.51	8.70	0.00	7.64
67.320	-2.51	8.70	-0.12	7.51
67.350	-2.51	8.70	-0.12	7.51
67.380	-2.86	8.35	-0.12	7.51
67.409	-2.86	8.35	-0.01	7.62
67.439	-2.86	8.35	-0.01	7.62
67.469	-2.86	8.35	-0.01	7.62
67.499	-2.86	8.35	-0.09	7.54
67.529	-2.86	8.35	-0.09	7.54
