Contador    P0  P1
0	-2.22	-2.22
1	-2.22	-2.22
2	6.98	-2.22
3	6.98	7.66
4	6.98	7.66
5	6.98	7.66
6	6.98	7.61
7	6.98	7.61
8	6.98	7.61
9	6.98	7.68
10	6.98	7.68
11	6.98	7.68
12	6.98	7.64
13	6.98	7.64
14	6.98	7.64
15	6.98	7.61
16	6.98	7.61
17	6.98	7.61
18	6.98	7.69
19	6.98	7.69
20	6.98	7.69
21	-0.00	-0.08
22	-0.00	-0.08
23	-0.00	-0.08
24	-0.00	-0.01
25	-0.00	-0.01
26	-0.00	-0.01
27	-0.00	-0.06
28	-0.00	-0.06
29	-0.00	-0.06
30	-0.00	-0.07
31	-0.00	-0.07
32	-0.00	-0.07
33	-0.00	-0.01
34	-0.00	-0.01
35	-0.00	-0.01
36	-0.00	-0.09
37	-0.00	-0.09
38	0.00	-0.09
39	0.00	-0.01
40	0.00	-0.01
41	-0.00	-0.01
42	-0.00	-0.06
43	-0.00	-0.06
44	0.00	-0.06
45	0.00	-0.06
46	0.00	-0.06
47	-0.00	-0.06
48	-0.00	-0.01
49	-0.00	-0.01
50	0.00	-0.01
51	0.00	-0.08
52	0.00	-0.08
53	0.01	-0.08
54	0.01	-0.01
55	0.01	-0.01
56	0.03	-0.01
57	0.03	-0.07
58	0.03	-0.07
59	0.03	-0.07
60	0.03	-0.06
61	0.03	-0.06
62	0.04	-0.06
63	0.04	-0.01
64	0.04	-0.01
65	0.04	-0.01
66	0.04	-0.09
67	0.04	-0.09
68	0.04	-0.09
69	0.04	-0.01
70	0.04	-0.01
71	0.04	-0.01
72	0.04	-0.07
73	0.04	-0.07
74	0.04	-0.07
75	0.04	-0.04
76	0.04	-0.04
77	0.04	-0.04
78	0.04	-0.01
79	0.04	-0.01
80	0.05	-0.01
81	0.05	-0.08
82	0.05	-0.08
83	0.04	-0.08
84	0.04	-0.00
85	0.04	-0.00
86	0.05	-0.00
87	0.05	-0.08
88	0.05	-0.08
89	0.05	-0.08
90	0.05	-0.04
91	0.05	-0.04
92	0.05	-0.04
93	0.05	-0.01
94	0.05	-0.01
95	0.05	-0.01
96	0.05	-0.09
97	0.05	-0.09
98	0.05	-0.09
99	0.05	0.00
100	0.05	0.00
101	0.05	0.00
102	0.05	-0.07
103	0.05	-0.07
104	0.05	-0.07
105	0.05	-0.03
106	0.05	-0.03
107	0.05	-0.03
108	0.05	-0.02
109	0.05	-0.02
110	0.04	-0.02
111	0.04	-0.08
112	0.04	-0.08
113	0.04	-0.08
114	0.04	-0.00
115	0.04	-0.00
116	0.04	-0.00
117	0.04	-0.08
118	0.04	-0.08
119	0.04	-0.08
120	0.04	-0.02
121	0.04	-0.02
122	0.04	-0.02
123	0.04	-0.02
124	0.04	-0.02
125	0.04	-0.02
126	0.04	-0.08
127	0.04	-0.08
128	0.04	-0.08
129	0.04	-0.00
130	0.04	-0.00
131	0.04	-0.00
132	0.04	-0.08
133	0.04	-0.08
134	0.04	-0.08
135	0.04	-0.02
136	0.04	-0.02
137	0.04	-0.02
138	0.04	-0.03
139	0.04	-0.03
140	0.04	-0.03
141	0.04	-0.08
142	0.04	-0.08
143	0.04	-0.08
144	0.04	0.00
145	0.04	0.00
146	0.04	0.00
147	0.04	-0.08
148	0.04	-0.08
149	0.04	-0.08
150	0.04	-0.02
151	0.04	-0.02
152	0.04	-0.02
153	0.04	-0.04
154	0.04	-0.04
155	0.04	-0.04
156	0.04	-0.07
157	0.04	-0.07
158	0.04	-0.07
159	0.04	-0.00
160	0.04	-0.00
161	0.03	-0.00
162	0.03	-0.09
163	0.03	-0.09
164	0.04	-0.09
165	0.04	-0.01
166	0.04	-0.01
167	0.04	-0.01
168	0.04	-0.05
169	0.04	-0.05
170	0.04	-0.05
171	0.04	-0.07
172	0.04	-0.07
173	0.03	-0.07
174	0.03	-0.00
175	0.03	-0.00
176	0.03	-0.00
177	0.03	-0.08
178	0.03	-0.08
179	0.03	-0.08
180	0.03	-0.01
181	0.03	-0.01
182	0.03	-0.01
183	0.03	-0.06
184	0.03	-0.06
185	0.03	-0.06
186	0.03	-0.07
187	0.03	-0.07
188	0.03	-0.07
189	0.03	-0.01
190	0.03	-0.01
191	0.03	-0.01
192	0.03	-0.09
193	0.03	-0.09
194	0.03	-0.09
195	0.03	-0.01
196	0.03	-0.01
197	0.03	-0.01
198	0.03	-0.06
199	0.03	-0.06
200	0.03	-0.06
201	0.03	-0.06
202	0.03	-0.06
203	0.03	-0.06
204	0.03	-0.01
205	0.03	-0.01
206	0.03	-0.01
207	0.03	-0.09
208	0.03	-0.09
209	0.03	-0.09
210	0.03	-0.01
211	0.03	-0.01
212	0.03	-0.01
213	0.03	-0.07
214	0.03	-0.07
215	0.12	-0.07
216	0.12	-0.05
217	0.12	-0.05
218	11.14	-0.05
219	11.14	-0.01
220	11.14	-0.01
221	21.72	-0.01
222	21.72	-0.09
223	21.72	-0.09
224	22.98	-0.09
225	22.98	-0.01
226	22.98	-0.01
227	24.15	-0.01
228	24.15	-0.07
229	24.15	-0.07
230	25.56	-0.07
231	25.56	-0.04
232	25.56	-0.04
233	25.36	-0.04
234	25.36	-0.01
235	25.36	-0.01
236	25.39	-0.01
237	25.39	-0.08
238	25.39	-0.08
239	25.68	-0.08
240	25.68	-0.01
241	25.68	-0.01
242	25.63	-0.01
243	25.63	-0.07
244	25.63	-0.07
245	25.60	-0.07
246	25.60	-0.04
247	25.60	-0.04
248	25.73	-0.04
249	25.73	-0.01
250	25.73	-0.01
251	25.73	-0.01
252	25.73	-0.08
253	25.73	-0.08
254	25.71	-0.08
255	25.71	-0.00
256	25.71	-0.00
257	25.75	-0.00
258	25.75	-0.07
259	25.75	-0.07
260	25.73	-0.07
261	25.73	-0.03
262	25.73	-0.03
263	25.78	-0.03
264	25.78	-0.01
265	25.78	-0.01
266	25.80	-0.01
267	25.80	-0.08
268	25.80	-0.08
269	25.80	-0.08
270	25.80	-0.00
271	25.80	-0.00
272	25.80	-0.00
273	25.80	-0.08
274	25.80	-0.08
275	25.83	-0.08
276	25.83	-0.02
277	25.83	-0.02
278	25.85	-0.02
279	25.85	-0.03
280	25.85	-0.03
281	25.84	-0.03
282	25.84	-0.07
283	25.84	-0.07
284	25.87	-0.07
285	25.87	0.00
286	25.87	0.00
287	25.83	0.00
288	25.83	-0.08
289	25.83	-0.08
290	25.85	-0.08
291	25.85	-0.02
292	25.85	-0.02
293	25.82	-0.02
294	25.82	-0.03
295	25.82	-0.03
296	25.79	-0.03
297	25.79	-0.07
298	25.79	-0.07
299	25.72	-0.07
300	25.72	0.00
301	25.72	0.00
302	25.67	0.00
303	25.67	-0.08
304	25.67	-0.08
305	25.67	-0.08
306	25.67	-0.02
307	25.67	-0.02
308	25.64	-0.02
309	25.64	-0.04
310	25.64	-0.04
311	25.61	-0.04
312	25.61	-0.07
313	25.61	-0.07
314	25.61	-0.07
315	25.61	0.00
316	25.61	0.00
317	25.56	0.00
318	25.56	-0.08
319	25.56	-0.08
320	25.57	-0.08
321	25.57	-0.01
322	25.57	-0.01
323	25.53	-0.01
324	25.53	-0.05
325	25.53	-0.05
326	25.46	-0.05
327	25.46	-0.08
328	25.46	-0.08
329	25.43	-0.08
330	25.43	0.00
331	25.43	0.00
332	25.40	0.00
333	25.40	-0.08
334	25.40	-0.08
335	25.40	-0.08
336	25.40	-0.01
337	25.40	-0.01
338	25.38	-0.01
339	25.38	-0.05
340	25.38	-0.05
341	25.37	-0.05
342	25.37	-0.07
343	25.37	-0.07
344	25.36	-0.07
345	25.36	-0.00
346	25.36	-0.00
347	25.34	-0.00
348	25.34	-0.09
349	25.34	-0.09
350	25.32	-0.09
351	25.32	-0.01
352	25.32	-0.01
353	25.30	-0.01
354	25.30	-0.06
355	25.30	-0.06
356	25.30	-0.06
357	25.30	-0.07
358	25.30	-0.07
359	25.26	-0.07
360	25.26	-0.01
361	25.26	-0.01
362	25.34	-0.01
363	25.34	-0.09
364	25.34	-0.09
365	25.33	-0.09
366	25.33	-0.01
367	25.33	-0.01
368	25.31	-0.01
369	25.31	-0.06
370	25.31	-0.06
371	25.33	-0.06
372	25.33	-0.06
373	25.33	-0.06
374	25.30	-0.06
375	25.30	-0.01
376	25.30	-0.01
377	25.33	-0.01
378	25.33	-0.09
379	25.33	-0.09
380	25.32	-0.09
381	25.32	-0.01
382	25.32	-0.01
383	25.30	-0.01
384	25.30	-0.07
385	25.30	-0.07
386	25.28	-0.07
387	25.28	-0.06
388	25.28	-0.06
389	25.27	-0.06
390	25.27	-0.01
391	25.27	-0.01
392	25.32	-0.01
393	25.32	-0.09
394	25.32	-0.09
395	25.36	-0.09
396	25.36	-0.01
397	25.36	-0.01
398	25.34	-0.01
399	25.34	-0.07
400	25.34	-0.07
401	25.22	-0.07
402	25.22	-0.05
403	25.22	-0.05
404	25.24	-0.05
405	25.24	-0.01
406	25.24	-0.01
407	25.30	-0.01
408	25.30	-0.08
409	25.30	-0.08
410	25.33	-0.08
411	25.33	-0.00
412	25.33	-0.00
413	25.29	-0.00
414	25.29	-0.07
415	25.29	-0.07
416	25.26	-0.07
417	25.26	-0.04
418	25.26	-0.04
419	25.34	-0.04
420	25.34	-0.01
421	25.34	-0.01
422	25.36	-0.01
423	25.36	-0.08
424	25.36	-0.08
425	25.36	-0.08
426	25.36	-0.00
427	25.36	-0.00
428	25.35	-0.00
429	25.35	-0.08
430	25.35	-0.08
431	25.36	-0.08
432	25.36	-0.03
433	25.36	-0.03
434	25.36	-0.03
435	25.36	-0.02
436	25.36	-0.02
437	25.38	-0.02
438	25.38	-0.08
439	25.38	-0.08
440	25.35	-0.08
441	25.35	0.00
442	25.35	0.00
443	25.33	0.00
444	25.33	-0.08
445	25.33	-0.08
446	25.33	-0.08
447	25.33	-0.03
448	25.33	-0.03
449	25.38	-0.03
450	25.38	-0.02
451	25.38	-0.02
452	25.40	-0.02
453	25.40	-0.08
454	25.40	-0.08
455	25.39	-0.08
456	25.39	0.00
457	25.39	0.00
458	25.41	0.00
459	25.41	-0.08
460	25.41	-0.08
461	25.43	-0.08
462	25.43	-0.02
463	25.43	-0.02
464	25.45	-0.02
465	25.45	-0.03
466	25.45	-0.03
467	25.47	-0.03
468	25.47	-0.08
469	25.47	-0.08
470	25.42	-0.08
471	25.42	0.00
472	25.42	0.00
473	25.43	0.00
474	25.43	-0.08
475	25.43	-0.08
476	25.45	-0.08
477	25.45	-0.02
478	25.45	-0.02
479	25.46	-0.02
480	25.46	-0.03
481	25.46	-0.03
482	25.44	-0.03
483	25.44	-0.08
484	25.44	-0.08
485	25.42	-0.08
486	25.42	0.00
487	25.42	0.00
488	25.41	0.00
489	25.41	-0.08
490	25.41	-0.08
491	25.41	-0.08
492	25.41	-0.02
493	25.41	-0.02
494	25.40	-0.02
495	25.40	-0.04
496	25.40	-0.04
497	25.40	-0.04
498	25.40	-0.07
499	25.40	-0.07
500	25.36	-0.07
501	25.36	0.00
502	25.36	0.00
503	25.33	0.00
504	25.33	-0.08
505	25.33	-0.08
506	25.35	-0.08
507	25.35	-0.01
508	25.35	-0.01
509	25.38	-0.01
510	25.38	-0.04
511	25.38	-0.04
512	25.36	-0.04
513	25.36	-0.07
514	25.36	-0.07
515	25.38	-0.07
516	25.38	0.00
517	25.38	0.00
518	25.38	0.00
519	25.38	-0.08
520	25.38	-0.08
521	25.41	-0.08
522	25.41	-0.01
523	25.41	-0.01
524	25.40	-0.01
525	25.40	-0.05
526	25.40	-0.05
527	25.42	-0.05
528	25.42	-0.07
529	25.42	-0.07
530	25.40	-0.07
531	25.40	-0.00
532	25.40	-0.00
533	25.44	-0.00
534	25.44	-0.09
535	25.44	-0.09
536	25.45	-0.09
537	25.45	-0.01
538	25.45	-0.01
539	25.45	-0.01
540	25.45	-0.06
541	25.45	-0.06
542	25.45	-0.06
543	25.45	-0.07
544	25.45	-0.07
545	25.43	-0.07
546	25.43	-0.01
547	25.43	-0.01
548	25.42	-0.01
549	25.42	-0.09
550	25.42	-0.09
551	25.38	-0.09
552	25.38	-0.01
553	25.38	-0.01
554	25.37	-0.01
555	25.37	-0.06
556	25.37	-0.06
557	25.36	-0.06
558	25.36	-0.06
559	25.36	-0.06
560	25.34	-0.06
561	25.34	-0.01
562	25.34	-0.01
563	25.40	-0.01
564	25.40	-0.09
565	25.40	-0.09
566	25.41	-0.09
567	25.41	-0.01
568	25.41	-0.01
569	25.41	-0.01
570	25.41	-0.06
571	25.41	-0.06
572	25.40	-0.06
573	25.40	-0.06
574	25.40	-0.06
575	25.37	-0.06
576	25.37	-0.01
577	25.37	-0.01
578	25.40	-0.01
579	25.40	-0.09
580	25.40	-0.09
581	25.38	-0.09
582	25.38	-0.01
583	25.38	-0.01
584	25.35	-0.01
585	25.35	-0.07
586	25.35	-0.07
587	25.35	-0.07
588	25.35	-0.06
589	25.35	-0.06
590	25.37	-0.06
591	25.37	-0.01
592	25.37	-0.01
593	25.42	-0.01
594	25.42	-0.09
595	25.42	-0.09
596	25.41	-0.09
597	25.41	-0.01
598	25.41	-0.01
599	25.44	-0.01
600	25.44	-0.07
601	25.44	-0.07
602	25.46	-0.07
603	25.46	-0.05
604	25.46	-0.05
605	25.48	-0.05
606	25.48	-0.01
607	25.48	-0.01
608	25.49	-0.01
609	25.49	-0.09
610	25.49	-0.09
611	25.49	-0.09
612	25.49	-0.01
613	25.49	-0.01
614	25.47	-0.01
615	25.47	-0.07
616	25.47	-0.07
617	25.49	-0.07
618	25.49	-0.04
619	25.49	-0.04
620	25.52	-0.04
621	25.52	-0.01
622	25.52	-0.01
623	25.55	-0.01
624	25.55	-0.09
625	25.55	-0.09
626	25.55	-0.09
627	25.55	-0.01
628	25.55	-0.01
629	25.54	-0.01
630	25.54	-0.07
631	25.54	-0.07
632	25.52	-0.07
633	25.52	-0.04
634	25.52	-0.04
635	25.53	-0.04
636	25.53	-0.01
637	25.53	-0.01
638	25.54	-0.01
639	25.54	-0.09
640	25.54	-0.09
641	25.54	-0.09
642	25.54	-0.00
643	25.54	-0.00
644	25.55	-0.00
645	25.55	-0.07
646	25.55	-0.07
647	25.51	-0.07
648	25.51	-0.04
649	25.51	-0.04
650	25.59	-0.04
651	25.59	-0.01
652	25.59	-0.01
653	25.58	-0.01
654	25.58	-0.08
655	25.58	-0.08
656	25.60	-0.08
657	25.60	-0.01
658	25.60	-0.01
659	25.61	-0.01
660	25.61	-0.07
661	25.61	-0.07
662	25.60	-0.07
663	25.60	-0.03
664	25.60	-0.03
665	25.64	-0.03
666	25.64	-0.02
667	25.64	-0.02
668	25.68	-0.02
669	25.68	-0.08
670	25.68	-0.08
671	25.66	-0.08
672	25.66	-0.00
673	25.66	-0.00
674	25.68	-0.00
675	25.68	-0.08
676	25.68	-0.08
677	25.73	-0.08
678	25.73	-0.02
679	25.73	-0.02
680	25.74	-0.02
681	25.74	-0.02
682	25.74	-0.02
683	25.75	-0.02
684	25.75	-0.08
685	25.75	-0.08
686	25.76	-0.08
687	25.76	-0.00
688	25.76	-0.00
689	25.78	-0.00
690	25.78	-0.08
691	25.78	-0.08
692	25.84	-0.08
693	25.84	-0.02
694	25.84	-0.02
695	25.87	-0.02
696	25.87	-0.02
697	25.87	-0.02
698	25.85	-0.02
699	25.85	-0.08
700	25.85	-0.08
701	25.85	-0.08
702	25.85	0.00
703	25.85	0.00
704	25.84	0.00
705	25.84	-0.08
706	25.84	-0.08
707	25.94	-0.08
708	25.94	-0.02
709	25.94	-0.02
710	25.97	-0.02
711	25.97	-0.03
712	25.97	-0.03
713	25.96	-0.03
714	25.96	-0.08
715	25.96	-0.08
716	25.98	-0.08
717	25.98	0.00
718	25.98	0.00
719	25.95	0.00
720	25.95	-0.08
721	25.95	-0.08
722	25.97	-0.08
723	25.97	-0.02
724	25.97	-0.02
725	25.99	-0.02
726	25.99	-0.03
727	25.99	-0.03
728	25.97	-0.03
729	25.97	-0.07
730	25.97	-0.07
731	25.96	-0.07
732	25.96	0.00
733	25.96	0.00
734	25.97	0.00
735	25.97	-0.08
736	25.97	-0.08
737	25.99	-0.08
738	25.99	-0.02
739	25.99	-0.02
740	25.98	-0.02
741	25.98	-0.03
742	25.98	-0.03
743	25.93	-0.03
744	25.93	-0.07
745	25.93	-0.07
746	25.96	-0.07
747	25.96	0.00
748	25.96	0.00
749	25.97	0.00
750	25.97	-0.08
751	25.97	-0.08
752	25.98	-0.08
753	25.98	-0.01
754	25.98	-0.01
755	25.98	-0.01
756	25.98	-0.04
757	25.98	-0.04
758	25.96	-0.04
759	25.96	-0.07
760	25.96	-0.07
761	25.95	-0.07
762	25.95	0.00
763	25.95	0.00
764	26.00	0.00
765	26.00	-0.08
766	26.00	-0.08
767	26.02	-0.08
768	26.02	-0.02
769	26.02	-0.02
770	26.01	-0.02
771	26.01	-0.04
772	26.01	-0.04
773	26.00	-0.04
774	26.00	-0.07
775	26.00	-0.07
776	25.98	-0.07
777	25.98	0.00
778	25.98	0.00
779	26.00	0.00
780	26.00	-0.08
781	26.00	-0.08
782	26.01	-0.08
783	26.01	-0.01
784	26.01	-0.01
785	26.00	-0.01
786	26.00	-0.04
787	26.00	-0.04
788	25.98	-0.04
789	25.98	-0.07
790	25.98	-0.07
791	25.95	-0.07
792	25.95	-0.00
793	25.95	-0.00
794	25.99	-0.00
795	25.99	-0.08
796	25.99	-0.08
797	25.98	-0.08
798	25.98	-0.01
799	25.98	-0.01
800	25.95	-0.01
801	25.95	-0.05
802	25.95	-0.05
803	25.98	-0.05
804	25.98	-0.07
805	25.98	-0.07
806	25.95	-0.07
807	25.95	-0.00
808	25.95	-0.00
809	25.97	-0.00
810	25.97	-0.08
811	25.97	-0.08
812	25.99	-0.08
813	25.99	-0.01
814	25.99	-0.01
815	25.99	-0.01
816	25.99	-0.05
817	25.99	-0.05
818	25.98	-0.05
819	25.98	-0.07
820	25.98	-0.07
821	25.99	-0.07
822	25.99	0.00
823	25.99	0.00
824	25.98	0.00
825	25.98	-0.08
826	25.98	-0.08
827	25.97	-0.08
828	25.97	-0.01
829	25.97	-0.01
830	25.99	-0.01
831	25.99	-0.05
832	25.99	-0.05
833	26.01	-0.05
834	26.01	-0.07
835	26.01	-0.07
836	26.01	-0.07
837	26.01	-0.00
838	26.01	-0.00
839	25.99	-0.00
840	25.99	-0.08
841	25.99	-0.08
842	25.99	-0.08
843	25.99	-0.01
844	25.99	-0.01
845	25.99	-0.01
846	25.99	-0.06
847	25.99	-0.06
848	25.98	-0.06
849	25.98	-0.07
850	25.98	-0.07
851	26.03	-0.07
852	26.03	-0.00
853	26.03	-0.00
854	25.99	-0.00
855	25.99	-0.08
856	25.99	-0.08
857	26.01	-0.08
858	26.01	-0.01
859	26.01	-0.01
860	26.01	-0.01
861	26.01	-0.06
862	26.01	-0.06
863	26.02	-0.06
864	26.02	-0.07
865	26.02	-0.07
866	26.03	-0.07
867	26.03	-0.00
868	26.03	-0.00
869	26.04	-0.00
870	26.04	-0.08
871	26.04	-0.08
872	26.00	-0.08
873	26.00	-0.01
874	26.00	-0.01
875	25.99	-0.01
876	25.99	-0.06
877	25.99	-0.06
878	25.97	-0.06
879	25.97	-0.07
880	25.97	-0.07
881	25.96	-0.07
882	25.96	-0.01
883	25.96	-0.01
884	25.98	-0.01
885	25.98	-0.09
886	25.98	-0.09
887	25.98	-0.09
888	25.98	-0.01
889	25.98	-0.01
890	26.01	-0.01
891	26.01	-0.06
892	26.01	-0.06
893	26.05	-0.06
894	26.05	-0.07
895	26.05	-0.07
896	26.07	-0.07
897	26.07	-0.01
898	26.07	-0.01
899	26.06	-0.01
900	26.06	-0.09
901	26.06	-0.09
902	26.04	-0.09
903	26.04	-0.01
904	26.04	-0.01
905	26.01	-0.01
906	26.01	-0.06
907	26.01	-0.06
908	26.06	-0.06
909	26.06	-0.06
910	26.06	-0.06
911	26.07	-0.06
912	26.07	-0.01
913	26.07	-0.01
914	26.05	-0.01
915	26.05	-0.09
916	26.05	-0.09
917	26.04	-0.09
918	26.04	-0.00
919	26.04	-0.00
920	26.02	-0.00
921	26.02	-0.06
922	26.02	-0.06
923	26.04	-0.06
924	26.04	-0.06
925	26.04	-0.06
926	26.03	-0.06
927	26.03	-0.01
928	26.03	-0.01
929	26.00	-0.01
930	26.00	-0.08
931	26.00	-0.08
932	26.00	-0.08
933	26.00	-0.01
934	26.00	-0.01
935	25.96	-0.01
936	25.96	-0.06
937	25.96	-0.06
938	26.00	-0.06
939	26.00	-0.06
940	26.00	-0.06
941	26.01	-0.06
942	26.01	-0.01
943	26.01	-0.01
944	26.00	-0.01
945	26.00	-0.09
946	26.00	-0.09
947	26.02	-0.09
948	26.02	-0.01
949	26.02	-0.01
950	26.00	-0.01
951	26.00	-0.06
952	26.00	-0.06
953	25.99	-0.06
954	25.99	-0.06
955	25.99	-0.06
956	25.97	-0.06
957	25.97	-0.01
958	25.97	-0.01
959	25.97	-0.01
960	25.97	-0.09
961	25.97	-0.09
962	25.96	-0.09
963	25.96	-0.01
964	25.96	-0.01
965	26.00	-0.01
966	26.00	-0.06
967	26.00	-0.06
968	26.01	-0.06
969	26.01	-0.06
970	26.01	-0.06
971	26.04	-0.06
972	26.04	-0.01
973	26.04	-0.01
974	26.01	-0.01
975	26.01	-0.09
976	26.01	-0.09
977	26.02	-0.09
978	26.02	-0.00
979	26.02	-0.00
980	26.05	-0.00
981	26.05	-0.07
982	26.05	-0.07
983	26.06	-0.07
984	26.06	-0.05
985	26.06	-0.05
986	26.06	-0.05
987	26.06	-0.01
988	26.06	-0.01
989	26.02	-0.01
990	26.02	-0.09
991	26.02	-0.09
992	26.00	-0.09
993	26.00	-0.01
994	26.00	-0.01
995	26.02	-0.01
996	26.02	-0.07
997	26.02	-0.07
998	26.03	-0.07
999	26.03	-0.05
1000	26.03	-0.05
1001	26.06	-0.05
1002	26.06	-0.01
1003	26.06	-0.01
1004	26.08	-0.01
1005	26.08	-0.09
1006	26.08	-0.09
1007	26.06	-0.09
1008	26.06	-0.01
1009	26.06	-0.01
1010	26.05	-0.01
1011	26.05	-0.07
1012	26.05	-0.07
1013	26.07	-0.07
1014	26.07	-0.05
1015	26.07	-0.05
1016	26.05	-0.05
1017	26.05	-0.01
1018	26.05	-0.01
1019	26.04	-0.01
1020	26.04	-0.09
1021	26.04	-0.09
1022	26.05	-0.09
1023	26.05	-0.00
1024	26.05	-0.00
1025	26.06	-0.00
1026	26.06	-0.07
1027	26.06	-0.07
1028	26.04	-0.07
1029	26.04	-0.05
1030	26.04	-0.05
1031	26.03	-0.05
1032	26.03	-0.01
1033	26.03	-0.01
1034	26.07	-0.01
1035	26.07	-0.09
1036	26.07	-0.09
1037	26.04	-0.09
1038	26.04	-0.01
1039	26.04	-0.01
1040	26.04	-0.01
1041	26.04	-0.07
1042	26.04	-0.07
1043	25.99	-0.07
1044	25.99	-0.05
1045	25.99	-0.05
1046	25.97	-0.05
1047	25.97	-0.01
1048	25.97	-0.01
1049	25.95	-0.01
1050	25.95	-0.09
1051	25.95	-0.09
1052	25.99	-0.09
1053	25.99	-0.01
1054	25.99	-0.01
1055	25.99	-0.01
1056	25.99	-0.07
1057	25.99	-0.07
1058	25.98	-0.07
1059	25.98	-0.05
1060	25.98	-0.05
1061	25.99	-0.05
1062	25.99	-0.01
1063	25.99	-0.01
1064	25.98	-0.01
1065	25.98	-0.09
1066	25.98	-0.09
1067	26.01	-0.09
1068	26.01	-0.01
1069	26.01	-0.01
1070	26.03	-0.01
1071	26.03	-0.07
1072	26.03	-0.07
1073	26.02	-0.07
1074	26.02	-0.05
1075	26.02	-0.05
1076	26.01	-0.05
1077	26.01	-0.01
1078	26.01	-0.01
1079	26.00	-0.01
1080	26.00	-0.09
1081	26.00	-0.09
1082	26.03	-0.09
1083	26.03	-0.01
1084	26.03	-0.01
1085	26.02	-0.01
1086	26.02	-0.07
1087	26.02	-0.07
1088	26.06	-0.07
1089	26.06	-0.05
1090	26.06	-0.05
1091	26.09	-0.05
1092	26.09	-0.01
1093	26.09	-0.01
1094	26.08	-0.01
1095	26.08	-0.09
1096	26.08	-0.09
1097	26.08	-0.09
1098	26.08	-0.01
1099	26.08	-0.01
1100	26.04	-0.01
1101	26.04	-0.07
1102	26.04	-0.07
1103	26.01	-0.07
1104	26.01	-0.05
1105	26.01	-0.05
1106	26.03	-0.05
1107	26.03	-0.01
1108	26.03	-0.01
1109	26.05	-0.01
1110	26.05	-0.09
1111	26.05	-0.09
1112	26.05	-0.09
1113	26.05	-0.00
1114	26.05	-0.00
1115	26.04	-0.00
1116	26.04	-0.07
1117	26.04	-0.07
1118	26.04	-0.07
1119	26.04	-0.05
1120	26.04	-0.05
1121	26.05	-0.05
1122	26.05	-0.01
1123	26.05	-0.01
1124	26.09	-0.01
1125	26.09	-0.09
1126	26.09	-0.09
1127	26.09	-0.09
1128	26.09	-0.01
1129	26.09	-0.01
1130	26.07	-0.01
1131	26.07	-0.07
1132	26.07	-0.07
1133	26.03	-0.07
1134	26.03	-0.05
1135	26.03	-0.05
1136	26.02	-0.05
1137	26.02	-0.01
1138	26.02	-0.01
1139	26.07	-0.01
1140	26.07	-0.08
1141	26.07	-0.08
1142	26.07	-0.08
1143	26.07	-0.01
1144	26.07	-0.01
1145	26.09	-0.01
1146	26.09	-0.07
1147	26.09	-0.07
1148	26.08	-0.07
1149	26.08	-0.05
1150	26.08	-0.05
1151	26.06	-0.05
1152	26.06	-0.01
1153	26.06	-0.01
1154	26.06	-0.01
1155	26.06	-0.09
1156	26.06	-0.09
1157	26.06	-0.09
1158	26.06	-0.01
1159	26.06	-0.01
1160	26.07	-0.01
1161	26.07	-0.07
1162	26.07	-0.07
1163	26.06	-0.07
1164	26.06	-0.05
1165	26.06	-0.05
1166	26.01	-0.05
1167	26.01	-0.01
1168	26.01	-0.01
1169	26.06	-0.01
1170	26.06	-0.09
1171	26.06	-0.09
1172	26.04	-0.09
1173	26.04	-0.00
1174	26.04	-0.00
1175	26.02	-0.00
1176	26.02	-0.07
1177	26.02	-0.07
1178	26.01	-0.07
1179	26.01	-0.05
1180	26.01	-0.05
1181	26.00	-0.05
1182	26.00	-0.01
1183	26.00	-0.01
1184	26.00	-0.01
1185	26.00	-0.09
1186	26.00	-0.09
1187	25.99	-0.09
1188	25.99	-0.00
1189	25.99	-0.00
1190	25.97	-0.00
1191	25.97	-0.07
1192	25.97	-0.07
1193	25.96	-0.07
1194	25.96	-0.05
1195	25.96	-0.05
1196	26.01	-0.05
1197	26.01	-0.01
1198	26.01	-0.01
1199	26.04	-0.01
1200	26.04	-0.09
1201	26.04	-0.09
1202	26.05	-0.09
1203	26.05	-0.00
1204	26.05	-0.00
1205	26.04	-0.00
1206	26.04	-0.07
1207	26.04	-0.07
1208	26.03	-0.07
1209	26.03	-0.05
1210	26.03	-0.05
1211	26.07	-0.05
1212	26.07	-0.01
1213	26.07	-0.01
1214	26.06	-0.01
1215	26.06	-0.09
1216	26.06	-0.09
1217	26.05	-0.09
1218	26.05	-0.00
1219	26.05	-0.00
1220	26.02	-0.00
1221	26.02	-0.07
1222	26.02	-0.07
1223	26.01	-0.07
1224	26.01	-0.06
1225	26.01	-0.06
1226	26.04	-0.06
1227	26.04	-0.01
1228	26.04	-0.01
1229	26.06	-0.01
1230	26.06	-0.09
1231	26.06	-0.09
1232	26.06	-0.09
1233	26.06	-0.01
1234	26.06	-0.01
1235	26.10	-0.01
1236	26.10	-0.07
1237	26.10	-0.07
1238	26.10	-0.07
1239	26.10	-0.06
1240	26.10	-0.06
1241	26.15	-0.06
1242	26.15	-0.01
1243	26.15	-0.01
1244	26.11	-0.01
1245	26.11	-0.09
1246	26.11	-0.09
1247	26.03	-0.09
1248	26.03	-0.01
1249	26.03	-0.01
1250	26.00	-0.01
1251	26.00	-0.06
1252	26.00	-0.06
1253	26.04	-0.06
1254	26.04	-0.06
1255	26.04	-0.06
1256	26.08	-0.06
1257	26.08	-0.01
1258	26.08	-0.01
1259	26.09	-0.01
1260	26.09	-0.09
1261	26.09	-0.09
1262	26.08	-0.09
1263	26.08	-0.01
1264	26.08	-0.01
1265	26.09	-0.01
1266	26.09	-0.06
1267	26.09	-0.06
1268	26.09	-0.06
1269	26.09	-0.07
1270	26.09	-0.07
1271	26.11	-0.07
1272	26.11	-0.01
1273	26.11	-0.01
1274	26.10	-0.01
1275	26.10	-0.09
1276	26.10	-0.09
1277	26.08	-0.09
1278	26.08	-0.01
1279	26.08	-0.01
1280	26.02	-0.01
1281	26.02	-0.06
1282	26.02	-0.06
1283	26.07	-0.06
1284	26.07	-0.07
1285	26.07	-0.07
1286	26.08	-0.07
1287	26.08	-0.00
1288	26.08	-0.00
1289	26.06	-0.00
1290	26.06	-0.09
1291	26.06	-0.09
1292	26.08	-0.09
1293	26.08	-0.01
1294	26.08	-0.01
1295	26.07	-0.01
1296	26.07	-0.05
1297	26.07	-0.05
1298	26.12	-0.05
1299	26.12	-0.07
1300	26.12	-0.07
1301	26.15	-0.07
1302	26.15	-0.00
1303	26.15	-0.00
1304	26.11	-0.00
1305	26.11	-0.09
1306	26.11	-0.09
1307	26.10	-0.09
1308	26.10	-0.01
1309	26.10	-0.01
1310	26.08	-0.01
1311	26.08	-0.05
1312	26.08	-0.05
1313	26.10	-0.05
1314	26.10	-0.07
1315	26.10	-0.07
1316	26.06	-0.07
1317	26.06	0.00
1318	26.06	0.00
1319	26.05	0.00
1320	26.05	-0.08
1321	26.05	-0.08
1322	26.08	-0.08
1323	26.08	-0.01
1324	26.08	-0.01
1325	26.07	-0.01
1326	26.07	-0.04
1327	26.07	-0.04
1328	26.07	-0.04
1329	26.07	-0.07
1330	26.07	-0.07
1331	26.07	-0.07
1332	26.07	0.00
1333	26.07	0.00
1334	26.09	0.00
1335	26.09	-0.08
1336	26.09	-0.08
1337	26.06	-0.08
1338	26.06	-0.02
1339	26.06	-0.02
1340	26.11	-0.02
1341	26.11	-0.03
1342	26.11	-0.03
1343	26.09	-0.03
1344	26.09	-0.07
1345	26.09	-0.07
1346	26.08	-0.07
1347	26.08	0.00
1348	26.08	0.00
1349	26.06	0.00
1350	26.06	-0.08
1351	26.06	-0.08
1352	26.07	-0.08
1353	26.07	-0.02
1354	26.07	-0.02
1355	26.11	-0.02
1356	26.11	-0.02
1357	26.11	-0.02
1358	26.10	-0.02
1359	26.10	-0.08
1360	26.10	-0.08
1361	26.08	-0.08
1362	26.08	0.00
1363	26.08	0.00
1364	26.09	0.00
1365	26.09	-0.08
1366	26.09	-0.08
1367	26.06	-0.08
1368	26.06	-0.02
1369	26.06	-0.02
1370	26.10	-0.02
1371	26.10	-0.02
1372	26.10	-0.02
1373	26.10	-0.02
1374	26.10	-0.08
1375	26.10	-0.08
1376	26.10	-0.08
1377	26.10	-0.00
1378	26.10	-0.00
1379	26.08	-0.00
1380	26.08	-0.07
1381	26.08	-0.07
1382	26.08	-0.07
1383	26.08	-0.04
1384	26.08	-0.04
1385	26.07	-0.04
1386	26.07	-0.01
1387	26.07	-0.01
1388	26.07	-0.01
1389	26.07	-0.09
1390	26.07	-0.09
1391	26.03	-0.09
1392	26.03	-0.01
1393	26.03	-0.01
1394	26.01	-0.01
1395	26.01	-0.07
1396	26.01	-0.07
1397	26.04	-0.07
1398	26.04	-0.05
1399	26.04	-0.05
1400	26.08	-0.05
1401	26.08	-0.01
1402	26.08	-0.01
1403	26.07	-0.01
1404	26.07	-0.09
1405	26.07	-0.09
1406	26.06	-0.09
1407	26.06	-0.01
1408	26.06	-0.01
1409	26.06	-0.01
1410	26.06	-0.07
1411	26.06	-0.07
1412	26.08	-0.07
1413	26.08	-0.05
1414	26.08	-0.05
1415	26.06	-0.05
1416	26.06	-0.01
1417	26.06	-0.01
1418	26.06	-0.01
1419	26.06	-0.08
1420	26.06	-0.08
1421	26.02	-0.08
1422	26.02	-0.01
1423	26.02	-0.01
1424	25.97	-0.01
1425	25.97	-0.06
1426	25.97	-0.06
1427	26.01	-0.06
1428	26.01	-0.06
1429	26.01	-0.06
1430	26.05	-0.06
1431	26.05	-0.01
1432	26.05	-0.01
1433	26.06	-0.01
1434	26.06	-0.09
1435	26.06	-0.09
1436	26.07	-0.09
1437	26.07	-0.01
1438	26.07	-0.01
1439	26.05	-0.01
1440	26.05	-0.06
1441	26.05	-0.06
1442	26.03	-0.06
1443	26.03	-0.07
1444	26.03	-0.07
1445	26.07	-0.07
1446	26.07	-0.01
1447	26.07	-0.01
1448	26.04	-0.01
1449	26.04	-0.09
1450	26.04	-0.09
1451	26.03	-0.09
1452	26.03	-0.01
1453	26.03	-0.01
1454	26.04	-0.01
1455	26.04	-0.05
1456	26.04	-0.05
1457	26.06	-0.05
1458	26.06	-0.08
1459	26.06	-0.08
1460	26.07	-0.08
1461	26.07	0.00
1462	26.07	0.00
1463	26.07	0.00
1464	26.07	-0.08
1465	26.07	-0.08
1466	26.11	-0.08
1467	26.11	-0.01
1468	26.11	-0.01
1469	26.11	-0.01
1470	26.11	-0.04
1471	26.11	-0.04
1472	26.11	-0.04
1473	26.11	-0.08
1474	26.11	-0.08
1475	26.10	-0.08
1476	26.10	0.00
1477	26.10	0.00
1478	26.09	0.00
1479	26.09	-0.08
1480	26.09	-0.08
1481	26.08	-0.08
1482	26.08	-0.02
1483	26.08	-0.02
1484	26.11	-0.02
1485	26.11	-0.03
1486	26.11	-0.03
1487	26.14	-0.03
1488	26.14	-0.08
1489	26.14	-0.08
1490	26.11	-0.08
1491	26.11	0.00
1492	26.11	0.00
1493	26.11	0.00
1494	26.11	-0.08
1495	26.11	-0.08
1496	26.09	-0.08
1497	26.09	-0.03
1498	26.09	-0.03
1499	26.14	-0.03
1500	26.14	-0.02
1501	26.14	-0.02
1502	26.10	-0.02
1503	26.10	-0.08
1504	26.10	-0.08
1505	26.09	-0.08
1506	26.09	-0.00
1507	26.09	-0.00
1508	26.05	-0.00
1509	26.05	-0.08
1510	26.05	-0.08
1511	26.04	-0.08
1512	26.04	-0.03
1513	26.04	-0.03
1514	26.10	-0.03
1515	26.10	-0.01
1516	26.10	-0.01
1517	26.12	-0.01
1518	26.12	-0.08
1519	26.12	-0.08
1520	26.11	-0.08
1521	26.11	-0.00
1522	26.11	-0.00
1523	26.11	-0.00
1524	26.11	-0.07
1525	26.11	-0.07
1526	26.11	-0.07
1527	26.11	-0.04
1528	26.11	-0.04
1529	26.11	-0.04
1530	26.11	-0.01
1531	26.11	-0.01
1532	26.11	-0.01
1533	26.11	-0.09
1534	26.11	-0.09
1535	26.09	-0.09
1536	26.09	-0.01
1537	26.09	-0.01
1538	26.09	-0.01
1539	26.09	-0.07
1540	26.09	-0.07
1541	26.11	-0.07
1542	26.11	-0.05
1543	26.11	-0.05
1544	26.13	-0.05
1545	26.13	-0.01
1546	26.13	-0.01
1547	26.10	-0.01
1548	26.10	-0.09
1549	26.10	-0.09
1550	26.12	-0.09
1551	26.12	-0.01
1552	26.12	-0.01
1553	26.13	-0.01
1554	26.13	-0.07
1555	26.13	-0.07
1556	26.12	-0.07
1557	26.12	-0.06
1558	26.12	-0.06
1559	26.12	-0.06
1560	26.12	-0.01
1561	26.12	-0.01
1562	26.14	-0.01
1563	26.14	-0.09
1564	26.14	-0.09
1565	26.13	-0.09
1566	26.13	-0.01
1567	26.13	-0.01
1568	26.11	-0.01
1569	26.11	-0.06
1570	26.11	-0.06
1571	26.15	-0.06
1572	26.15	-0.07
1573	26.15	-0.07
1574	26.14	-0.07
1575	26.14	-0.00
1576	26.14	-0.00
1577	26.13	-0.00
1578	26.13	-0.08
1579	26.13	-0.08
1580	26.14	-0.08
1581	26.14	-0.01
1582	26.14	-0.01
1583	26.12	-0.01
1584	26.12	-0.05
1585	26.12	-0.05
1586	26.15	-0.05
1587	26.15	-0.08
1588	26.15	-0.08
1589	26.12	-0.08
1590	26.12	0.00
1591	26.12	0.00
1592	26.12	0.00
1593	26.12	-0.08
1594	26.12	-0.08
1595	26.10	-0.08
1596	26.10	-0.02
1597	26.10	-0.02
1598	26.10	-0.02
1599	26.10	-0.04
1600	26.10	-0.04
1601	26.12	-0.04
1602	26.12	-0.07
1603	26.12	-0.07
1604	26.14	-0.07
1605	26.14	0.00
1606	26.14	0.00
1607	26.12	0.00
1608	26.12	-0.08
1609	26.12	-0.08
1610	26.14	-0.08
1611	26.14	-0.02
1612	26.14	-0.02
1613	26.12	-0.02
1614	26.12	-0.02
1615	26.12	-0.02
1616	26.16	-0.02
1617	26.16	-0.08
1618	26.16	-0.08
1619	26.14	-0.08
1620	26.14	0.00
1621	26.14	0.00
1622	26.12	0.00
1623	26.12	-0.08
1624	26.12	-0.08
1625	26.10	-0.08
1626	26.10	-0.02
1627	26.10	-0.02
1628	26.18	-0.02
1629	26.18	-0.02
1630	26.18	-0.02
1631	26.22	-0.02
1632	26.22	-0.08
1633	26.22	-0.08
1634	26.20	-0.08
1635	26.20	0.00
1636	26.20	0.00
1637	26.18	0.00
1638	26.18	-0.08
1639	26.18	-0.08
1640	26.15	-0.08
1641	26.15	-0.04
1642	26.15	-0.04
1643	26.12	-0.04
1644	26.12	-0.01
1645	26.12	-0.01
1646	26.11	-0.01
1647	26.11	-0.09
1648	26.11	-0.09
1649	26.11	-0.09
1650	26.11	-0.00
1651	26.11	-0.00
1652	26.10	-0.00
1653	26.10	-0.07
1654	26.10	-0.07
1655	26.09	-0.07
1656	26.09	-0.04
1657	26.09	-0.04
1658	26.20	-0.04
1659	26.20	-0.01
1660	26.20	-0.01
1661	26.24	-0.01
1662	26.24	-0.09
1663	26.24	-0.09
1664	26.23	-0.09
1665	26.23	-0.00
1666	26.23	-0.00
1667	26.23	-0.00
1668	26.23	-0.07
1669	26.23	-0.07
1670	26.21	-0.07
1671	26.21	-0.05
1672	26.21	-0.05
1673	26.21	-0.05
1674	26.21	-0.01
1675	26.21	-0.01
1676	26.19	-0.01
1677	26.19	-0.09
1678	26.19	-0.09
1679	26.17	-0.09
1680	26.17	-0.01
1681	26.17	-0.01
1682	26.17	-0.01
1683	26.17	-0.07
1684	26.17	-0.07
1685	26.19	-0.07
1686	26.19	-0.06
1687	26.19	-0.06
1688	26.19	-0.06
1689	26.19	-0.01
1690	26.19	-0.01
1691	26.16	-0.01
1692	26.16	-0.09
1693	26.16	-0.09
1694	26.14	-0.09
1695	26.14	-0.01
1696	26.14	-0.01
1697	26.14	-0.01
1698	26.14	-0.06
1699	26.14	-0.06
1700	26.15	-0.06
1701	26.15	-0.07
1702	26.15	-0.07
1703	26.15	-0.07
1704	26.15	-0.00
1705	26.15	-0.00
1706	26.15	-0.00
1707	26.15	-0.09
1708	26.15	-0.09
1709	26.14	-0.09
1710	26.14	-0.01
1711	26.14	-0.01
1712	26.13	-0.01
1713	26.13	-0.05
1714	26.13	-0.05
1715	26.19	-0.05
1716	26.19	-0.07
1717	26.19	-0.07
1718	26.23	-0.07
1719	26.23	0.00
1720	26.23	0.00
1721	26.24	0.00
1722	26.24	-0.08
1723	26.24	-0.08
1724	26.23	-0.08
1725	26.23	-0.01
1726	26.23	-0.01
1727	26.22	-0.01
1728	26.22	-0.04
1729	26.22	-0.04
1730	26.22	-0.04
1731	26.22	-0.07
1732	26.22	-0.07
1733	26.21	-0.07
1734	26.21	0.00
1735	26.21	0.00
1736	26.18	0.00
1737	26.18	-0.08
1738	26.18	-0.08
1739	26.16	-0.08
1740	26.16	-0.02
1741	26.16	-0.02
1742	26.16	-0.02
1743	26.16	-0.03
1744	26.16	-0.03
1745	26.20	-0.03
1746	26.20	-0.07
1747	26.20	-0.07
1748	26.19	-0.07
1749	26.19	0.00
1750	26.19	0.00
1751	26.17	0.00
1752	26.17	-0.08
1753	26.17	-0.08
1754	26.18	-0.08
1755	26.18	-0.02
1756	26.18	-0.02
1757	26.18	-0.02
1758	26.18	-0.02
1759	26.18	-0.02
1760	26.19	-0.02
1761	26.19	-0.08
1762	26.19	-0.08
1763	26.17	-0.08
1764	26.17	0.00
1765	26.17	0.00
1766	26.15	0.00
1767	26.15	-0.08
1768	26.15	-0.08
1769	26.12	-0.08
1770	26.12	-0.03
1771	26.12	-0.03
1772	26.10	-0.03
1773	26.10	-0.01
1774	26.10	-0.01
1775	26.12	-0.01
1776	26.12	-0.08
1777	26.12	-0.08
1778	26.12	-0.08
1779	26.12	-0.00
1780	26.12	-0.00
1781	26.18	-0.00
1782	26.18	-0.07
1783	26.18	-0.07
1784	26.16	-0.07
1785	26.16	-0.04
1786	26.16	-0.04
1787	26.16	-0.04
1788	26.16	-0.01
1789	26.16	-0.01
1790	26.16	-0.01
1791	26.16	-0.09
1792	26.16	-0.09
1793	26.13	-0.09
1794	26.13	-0.01
1795	26.13	-0.01
1796	26.13	-0.01
1797	26.13	-0.07
1798	26.13	-0.07
1799	26.11	-0.07
1800	26.11	-0.04
1801	26.11	-0.04
1802	26.17	-0.04
1803	26.17	-0.01
1804	26.17	-0.01
1805	26.17	-0.01
1806	26.17	-0.09
1807	26.17	-0.09
1808	26.15	-0.09
1809	26.15	-0.01
1810	26.15	-0.01
1811	26.16	-0.01
1812	26.16	-0.07
1813	26.16	-0.07
1814	26.15	-0.07
1815	26.15	-0.05
1816	26.15	-0.05
1817	26.15	-0.05
1818	26.15	-0.01
1819	26.15	-0.01
1820	26.16	-0.01
1821	26.16	-0.09
1822	26.16	-0.09
1823	26.14	-0.09
1824	26.14	-0.01
1825	26.14	-0.01
1826	26.15	-0.01
1827	26.15	-0.06
1828	26.15	-0.06
1829	26.18	-0.06
1830	26.18	-0.06
1831	26.18	-0.06
1832	26.19	-0.06
1833	26.19	-0.01
1834	26.19	-0.01
1835	26.18	-0.01
1836	26.18	-0.09
1837	26.18	-0.09
1838	26.19	-0.09
1839	26.19	-0.01
1840	26.19	-0.01
1841	26.21	-0.01
1842	26.21	-0.06
1843	26.21	-0.06
1844	26.21	-0.06
1845	26.21	-0.07
1846	26.21	-0.07
1847	26.23	-0.07
1848	26.23	-0.01
1849	26.23	-0.01
1850	26.22	-0.01
1851	26.22	-0.08
1852	26.22	-0.08
1853	26.21	-0.08
1854	26.21	-0.01
1855	26.21	-0.01
1856	26.17	-0.01
1857	26.17	-0.06
1858	26.17	-0.06
1859	26.19	-0.06
1860	26.19	-0.07
1861	26.19	-0.07
1862	26.20	-0.07
1863	26.20	0.00
1864	26.20	0.00
1865	26.20	0.00
1866	26.20	-0.08
1867	26.20	-0.08
1868	26.17	-0.08
1869	26.17	-0.01
1870	26.17	-0.01
1871	26.16	-0.01
1872	26.16	-0.05
1873	26.16	-0.05
1874	26.19	-0.05
1875	26.19	-0.07
1876	26.19	-0.07
1877	26.16	-0.07
1878	26.16	0.00
1879	26.16	0.00
1880	26.14	0.00
1881	26.14	-0.08
1882	26.14	-0.08
1883	26.13	-0.08
1884	26.13	-0.01
1885	26.13	-0.01
1886	26.11	-0.01
1887	26.11	-0.04
1888	26.11	-0.04
1889	26.16	-0.04
1890	26.16	-0.07
1891	26.16	-0.07
1892	26.17	-0.07
1893	26.17	0.00
1894	26.17	0.00
1895	26.18	0.00
1896	26.18	-0.08
1897	26.18	-0.08
1898	26.17	-0.08
1899	26.17	-0.01
1900	26.17	-0.01
1901	26.18	-0.01
1902	26.18	-0.04
1903	26.18	-0.04
1904	26.19	-0.04
1905	26.19	-0.08
1906	26.19	-0.08
1907	26.21	-0.08
1908	26.21	0.00
1909	26.21	0.00
1910	26.16	0.00
1911	26.16	-0.08
1912	26.16	-0.08
1913	26.20	-0.08
1914	26.20	-0.02
1915	26.20	-0.02
1916	26.20	-0.02
1917	26.20	-0.03
1918	26.20	-0.03
1919	26.20	-0.03
1920	26.20	-0.08
1921	26.20	-0.08
1922	26.18	-0.08
1923	26.18	0.00
1924	26.18	0.00
1925	26.20	0.00
1926	26.20	-0.08
1927	26.20	-0.08
1928	26.18	-0.08
1929	26.18	-0.02
1930	26.18	-0.02
1931	26.20	-0.02
1932	26.20	-0.02
1933	26.20	-0.02
1934	26.21	-0.02
1935	26.21	-0.08
1936	26.21	-0.08
1937	26.19	-0.08
1938	26.19	0.00
1939	26.19	0.00
1940	26.17	0.00
1941	26.17	-0.08
1942	26.17	-0.08
1943	26.15	-0.08
1944	26.15	-0.02
1945	26.15	-0.02
1946	26.19	-0.02
1947	26.19	-0.02
1948	26.19	-0.02
1949	26.20	-0.02
1950	26.20	-0.08
1951	26.20	-0.08
1952	26.18	-0.08
1953	26.18	0.00
1954	26.18	0.00
1955	26.18	0.00
1956	26.18	-0.08
1957	26.18	-0.08
1958	26.16	-0.08
1959	26.16	-0.03
1960	26.16	-0.03
1961	26.18	-0.03
1962	26.18	-0.02
1963	26.18	-0.02
1964	26.19	-0.02
1965	26.19	-0.08
1966	26.19	-0.08
1967	26.17	-0.08
1968	26.17	0.00
1969	26.17	0.00
1970	26.19	0.00
1971	26.19	-0.08
1972	26.19	-0.08
1973	26.20	-0.08
1974	26.20	-0.03
1975	26.20	-0.03
1976	26.21	-0.03
1977	26.21	-0.02
1978	26.21	-0.02
1979	26.20	-0.02
1980	26.20	-0.08
1981	26.20	-0.08
1982	26.19	-0.08
1983	26.19	0.00
1984	26.19	0.00
1985	26.21	0.00
1986	26.21	-0.07
1987	26.21	-0.07
1988	26.19	-0.07
1989	26.19	-0.04
1990	26.19	-0.04
1991	26.17	-0.04
1992	26.17	-0.01
1993	26.17	-0.01
1994	26.16	-0.01
1995	26.16	-0.08
1996	26.16	-0.08
1997	26.16	-0.08
1998	26.16	0.00
1999	26.16	0.00
2000	26.16	0.00
2001	26.16	-0.08
2002	26.16	-0.08
2003	26.20	-0.08
2004	26.20	-0.04
2005	26.20	-0.04
2006	26.20	-0.04
2007	26.20	-0.01
2008	26.20	-0.01
2009	26.19	-0.01
2010	26.19	-0.09
2011	26.19	-0.09
2012	26.20	-0.09
2013	26.20	-0.01
2014	26.20	-0.01
2015	26.20	-0.01
2016	26.20	-0.07
2017	26.20	-0.07
2018	26.22	-0.07
2019	26.22	-0.04
2020	26.22	-0.04
2021	26.19	-0.04
2022	26.19	-0.01
2023	26.19	-0.01
2024	26.18	-0.01
2025	26.18	-0.09
2026	26.18	-0.09
2027	26.14	-0.09
2028	26.14	-0.00
2029	26.14	-0.00
2030	26.14	-0.00
2031	26.14	-0.07
2032	26.14	-0.07
2033	26.21	-0.07
2034	26.21	-0.04
2035	26.21	-0.04
2036	26.25	-0.04
2037	26.25	-0.01
2038	26.25	-0.01
2039	26.23	-0.01
2040	26.23	-0.08
2041	26.23	-0.08
2042	26.25	-0.08
2043	26.25	-0.00
2044	26.25	-0.00
2045	26.22	-0.00
2046	26.22	-0.07
2047	26.22	-0.07
2048	26.23	-0.07
2049	26.23	-0.04
2050	26.23	-0.04
2051	26.21	-0.04
2052	26.21	-0.01
2053	26.21	-0.01
2054	26.19	-0.01
2055	26.19	-0.08
2056	26.19	-0.08
2057	26.19	-0.08
2058	26.19	-0.01
2059	26.19	-0.01
2060	26.23	-0.01
2061	26.23	-0.07
2062	26.23	-0.07
2063	26.24	-0.07
2064	26.24	-0.05
2065	26.24	-0.05
2066	26.22	-0.05
2067	26.22	-0.01
2068	26.22	-0.01
2069	26.21	-0.01
2070	26.21	-0.09
2071	26.21	-0.09
2072	26.20	-0.09
2073	26.20	-0.00
2074	26.20	-0.00
2075	26.19	-0.00
2076	26.19	-0.07
2077	26.19	-0.07
2078	26.18	-0.07
2079	26.18	-0.05
2080	26.18	-0.05
2081	26.20	-0.05
2082	26.20	-0.01
2083	26.20	-0.01
2084	26.20	-0.01
2085	26.20	-0.09
2086	26.20	-0.09
2087	26.16	-0.09
2088	26.16	-0.01
2089	26.16	-0.01
2090	26.23	-0.01
2091	26.23	-0.07
2092	26.23	-0.07
2093	26.23	-0.07
2094	26.23	-0.05
2095	26.23	-0.05
2096	26.19	-0.05
2097	26.19	-0.01
2098	26.19	-0.01
2099	26.19	-0.01
2100	26.19	-0.09
2101	26.19	-0.09
2102	26.14	-0.09
2103	26.14	-0.00
2104	26.14	-0.00
2105	26.17	-0.00
2106	26.17	-0.07
2107	26.17	-0.07
2108	26.17	-0.07
2109	26.17	-0.05
2110	26.17	-0.05
2111	26.17	-0.05
2112	26.17	-0.01
2113	26.17	-0.01
2114	26.17	-0.01
2115	26.17	-0.09
2116	26.17	-0.09
2117	26.21	-0.09
2118	26.21	-0.01
2119	26.21	-0.01
2120	26.23	-0.01
2121	26.23	-0.07
2122	26.23	-0.07
2123	26.22	-0.07
2124	26.22	-0.05
2125	26.22	-0.05
2126	26.19	-0.05
2127	26.19	-0.01
2128	26.19	-0.01
2129	26.21	-0.01
2130	26.21	-0.09
2131	26.21	-0.09
2132	26.20	-0.09
2133	26.20	-0.01
2134	26.20	-0.01
2135	26.19	-0.01
2136	26.19	-0.07
2137	26.19	-0.07
2138	26.18	-0.07
2139	26.18	-0.05
2140	26.18	-0.05
2141	26.15	-0.05
2142	26.15	-0.01
2143	26.15	-0.01
2144	26.14	-0.01
2145	26.14	-0.09
2146	26.14	-0.09
2147	26.18	-0.09
2148	26.18	-0.01
2149	26.18	-0.01
2150	26.19	-0.01
2151	26.19	-0.07
2152	26.19	-0.07
2153	26.22	-0.07
2154	26.22	-0.06
2155	26.22	-0.06
2156	26.22	-0.06
2157	26.22	-0.01
2158	26.22	-0.01
2159	26.18	-0.01
2160	26.18	-0.08
2161	26.18	-0.08
2162	26.20	-0.08
2163	26.20	-0.01
2164	26.20	-0.01
2165	26.21	-0.01
2166	26.21	-0.06
2167	26.21	-0.06
2168	26.22	-0.06
2169	26.22	-0.06
2170	26.22	-0.06
2171	26.21	-0.06
2172	26.21	-0.01
2173	26.21	-0.01
2174	26.19	-0.01
2175	26.19	-0.09
2176	26.19	-0.09
2177	26.25	-0.09
2178	26.25	-0.01
2179	26.25	-0.01
2180	26.23	-0.01
2181	26.23	-0.07
2182	26.23	-0.07
2183	26.21	-0.07
2184	26.21	-0.06
2185	26.21	-0.06
2186	26.22	-0.06
2187	26.22	-0.01
2188	26.22	-0.01
2189	26.17	-0.01
2190	26.17	-0.09
2191	26.17	-0.09
2192	26.22	-0.09
2193	26.22	-0.01
2194	26.22	-0.01
2195	26.21	-0.01
2196	26.21	-0.07
2197	26.21	-0.07
2198	26.16	-0.07
2199	26.16	-0.05
2200	26.16	-0.05
2201	26.15	-0.05
2202	26.15	-0.01
2203	26.15	-0.01
2204	26.19	-0.01
2205	26.19	-0.09
2206	26.19	-0.09
2207	26.23	-0.09
2208	26.23	-0.01
2209	26.23	-0.01
2210	26.24	-0.01
2211	26.24	-0.07
2212	26.24	-0.07
2213	26.22	-0.07
2214	26.22	-0.06
2215	26.22	-0.06
2216	26.24	-0.06
2217	26.24	-0.01
2218	26.24	-0.01
2219	26.24	-0.01
2220	26.24	-0.09
2221	26.24	-0.09
2222	26.26	-0.09
2223	26.26	-0.01
2224	26.26	-0.01
2225	26.25	-0.01
2226	26.25	-0.06
2227	26.25	-0.06
2228	26.26	-0.06
2229	26.26	-0.06
2230	26.26	-0.06
2231	26.22	-0.06
2232	26.22	-0.01
2233	26.22	-0.01
2234	26.24	-0.01
2235	26.24	-0.09
2236	26.24	-0.09
2237	26.24	-0.09
2238	26.24	-0.01
2239	26.24	-0.01
2240	26.22	-0.01
2241	26.22	-0.07
2242	26.22	-0.07
2243	26.20	-0.07
2244	26.20	-0.05
2245	26.20	-0.05
2246	26.18	-0.05
2247	26.18	-0.01
2248	26.18	-0.01
2249	26.22	-0.01
2250	26.22	-0.09
2251	26.22	-0.09
2252	26.21	-0.09
2253	26.21	-0.01
2254	26.21	-0.01
2255	26.16	-0.01
2256	26.16	-0.07
2257	26.16	-0.07
2258	26.14	-0.07
2259	26.14	-0.05
2260	26.14	-0.05
2261	26.15	-0.05
2262	26.15	-0.01
2263	26.15	-0.01
2264	26.18	-0.01
2265	26.18	-0.09
2266	26.18	-0.09
2267	26.18	-0.09
2268	26.18	-0.00
2269	26.18	-0.00
2270	26.19	-0.00
2271	26.19	-0.07
2272	26.19	-0.07
2273	26.19	-0.07
2274	26.19	-0.05
2275	26.19	-0.05
2276	26.19	-0.05
2277	26.19	-0.01
2278	26.19	-0.01
2279	26.19	-0.01
2280	26.19	-0.09
2281	26.19	-0.09
2282	26.19	-0.09
2283	26.19	-0.01
2284	26.19	-0.01
2285	26.17	-0.01
2286	26.17	-0.07
2287	26.17	-0.07
2288	26.17	-0.07
2289	26.17	-0.05
2290	26.17	-0.05
2291	26.25	-0.05
2292	26.25	-0.01
2293	26.25	-0.01
2294	26.23	-0.01
2295	26.23	-0.09
2296	26.23	-0.09
2297	26.18	-0.09
2298	26.18	-0.00
2299	26.18	-0.00
2300	26.17	-0.00
2301	26.17	-0.07
2302	26.17	-0.07
2303	26.17	-0.07
2304	26.17	-0.05
2305	26.17	-0.05
2306	26.19	-0.05
2307	26.19	-0.01
2308	26.19	-0.01
2309	26.21	-0.01
2310	26.21	-0.09
2311	26.21	-0.09
2312	26.18	-0.09
2313	26.18	-0.00
2314	26.18	-0.00
2315	26.18	-0.00
2316	26.18	-0.07
2317	26.18	-0.07
2318	26.19	-0.07
2319	26.19	-0.04
2320	26.19	-0.04
2321	26.25	-0.04
2322	26.25	-0.01
2323	26.25	-0.01
2324	26.27	-0.01
2325	26.27	-0.08
2326	26.27	-0.08
2327	26.26	-0.08
2328	26.26	-0.00
2329	26.26	-0.00
2330	26.25	-0.00
2331	26.25	-0.07
2332	26.25	-0.07
2333	26.22	-0.07
2334	26.22	-0.04
2335	26.22	-0.04
2336	26.24	-0.04
2337	26.24	-0.01
2338	26.24	-0.01
2339	26.23	-0.01
2340	26.23	-0.08
2341	26.23	-0.08
2342	26.20	-0.08
2343	26.20	-0.01
2344	26.20	-0.01
2345	26.23	-0.01
2346	26.23	-0.08
2347	26.23	-0.08
2348	26.28	-0.08
2349	26.28	-0.04
2350	26.28	-0.04
2351	26.32	-0.04
2352	26.32	-0.01
2353	26.32	-0.01
2354	26.27	-0.01
2355	26.27	-0.09
2356	26.27	-0.09
2357	26.25	-0.09
2358	26.25	-0.00
2359	26.25	-0.00
2360	26.24	-0.00
2361	26.24	-0.08
2362	26.24	-0.08
2363	26.25	-0.08
2364	26.25	-0.03
2365	26.25	-0.03
2366	26.25	-0.03
2367	26.25	-0.01
2368	26.25	-0.01
2369	26.24	-0.01
2370	26.24	-0.08
2371	26.24	-0.08
2372	26.22	-0.08
2373	26.22	-0.00
2374	26.22	-0.00
2375	26.18	-0.00
2376	26.18	-0.08
2377	26.18	-0.08
2378	26.24	-0.08
2379	26.24	-0.03
2380	26.24	-0.03
2381	26.25	-0.03
2382	26.25	-0.02
2383	26.25	-0.02
2384	26.25	-0.02
2385	26.25	-0.08
2386	26.25	-0.08
2387	26.22	-0.08
2388	26.22	0.00
2389	26.22	0.00
2390	26.19	0.00
2391	26.19	-0.08
2392	26.19	-0.08
2393	26.20	-0.08
2394	26.20	-0.03
2395	26.20	-0.03
2396	26.22	-0.03
2397	26.22	-0.02
2398	26.22	-0.02
2399	26.17	-0.02
2400	26.17	-0.08
2401	26.17	-0.08
2402	26.14	-0.08
2403	26.14	0.00
2404	26.14	0.00
2405	26.13	0.00
2406	26.13	-0.08
2407	26.13	-0.08
2408	26.18	-0.08
2409	26.18	-0.02
2410	26.18	-0.02
2411	26.19	-0.02
2412	26.19	-0.03
2413	26.19	-0.03
2414	26.18	-0.03
2415	26.18	-0.07
2416	26.18	-0.07
2417	26.17	-0.07
2418	26.17	0.00
2419	26.17	0.00
2420	26.11	0.00
2421	26.11	-0.08
2422	26.11	-0.08
2423	26.14	-0.08
2424	26.14	-0.02
2425	26.14	-0.02
2426	26.17	-0.02
2427	26.17	-0.03
2428	26.17	-0.03
2429	26.14	-0.03
2430	26.14	-0.08
2431	26.14	-0.08
2432	26.15	-0.08
2433	26.15	0.00
2434	26.15	0.00
2435	26.17	0.00
2436	26.17	-0.08
2437	26.17	-0.08
2438	26.22	-0.08
2439	26.22	-0.02
2440	26.22	-0.02
2441	26.21	-0.02
2442	26.21	-0.03
2443	26.21	-0.03
2444	26.18	-0.03
2445	26.18	-0.07
2446	26.18	-0.07
2447	26.20	-0.07
2448	26.20	-0.00
2449	26.20	-0.00
2450	26.19	-0.00
2451	26.19	-0.08
2452	26.19	-0.08
2453	26.20	-0.08
2454	26.20	-0.01
2455	26.20	-0.01
2456	26.23	-0.01
2457	26.23	-0.04
2458	26.23	-0.04
2459	26.19	-0.04
2460	26.19	-0.07
2461	26.19	-0.07
2462	26.15	-0.07
2463	26.15	-0.00
2464	26.15	-0.00
2465	26.14	-0.00
2466	26.14	-0.08
2467	26.14	-0.08
2468	26.15	-0.08
2469	26.15	-0.01
2470	26.15	-0.01
2471	26.15	-0.01
2472	26.15	-0.05
2473	26.15	-0.05
2474	26.15	-0.05
2475	26.15	-0.08
2476	26.15	-0.08
2477	26.17	-0.08
2478	26.17	-0.00
2479	26.17	-0.00
2480	26.20	-0.00
2481	26.20	-0.08
2482	26.20	-0.08
2483	26.20	-0.08
2484	26.20	-0.01
2485	26.20	-0.01
2486	26.17	-0.01
2487	26.17	-0.05
2488	26.17	-0.05
2489	26.13	-0.05
2490	26.13	-0.07
2491	26.13	-0.07
2492	26.11	-0.07
2493	26.11	-0.00
2494	26.11	-0.00
2495	26.16	-0.00
2496	26.16	-0.08
2497	26.16	-0.08
2498	26.12	-0.08
2499	26.12	-0.01
2500	26.12	-0.01
2501	26.15	-0.01
2502	26.15	-0.06
2503	26.15	-0.06
2504	26.15	-0.06
2505	26.15	-0.06
2506	26.15	-0.06
2507	26.15	-0.06
2508	26.15	-0.01
2509	26.15	-0.01
2510	26.15	-0.01
2511	26.15	-0.09
2512	26.15	-0.09
2513	26.17	-0.09
2514	26.17	-0.01
2515	26.17	-0.01
2516	26.20	-0.01
2517	26.20	-0.07
2518	26.20	-0.07
2519	26.20	-0.07
2520	26.20	-0.06
2521	26.20	-0.06
2522	26.18	-0.06
2523	26.18	-0.01
2524	26.18	-0.01
2525	26.23	-0.01
2526	26.23	-0.09
2527	26.23	-0.09
2528	26.22	-0.09
2529	26.22	-0.01
2530	26.22	-0.01
2531	26.20	-0.01
2532	26.20	-0.07
2533	26.20	-0.07
2534	26.22	-0.07
2535	26.22	-0.05
2536	26.22	-0.05
2537	26.20	-0.05
2538	26.20	-0.01
2539	26.20	-0.01
2540	26.23	-0.01
2541	26.23	-0.09
2542	26.23	-0.09
2543	26.23	-0.09
2544	26.23	-0.01
2545	26.23	-0.01
2546	26.23	-0.01
2547	26.23	-0.07
2548	26.23	-0.07
2549	26.23	-0.07
2550	26.23	-0.04
2551	26.23	-0.04
2552	26.20	-0.04
2553	26.20	-0.01
2554	26.20	-0.01
2555	26.23	-0.01
2556	26.23	-0.09
2557	26.23	-0.09
2558	26.23	-0.09
2559	26.23	-0.00
2560	26.23	-0.00
2561	26.22	-0.00
2562	26.22	-0.07
2563	26.22	-0.07
2564	26.26	-0.07
2565	26.26	-0.04
2566	26.26	-0.04
2567	26.26	-0.04
2568	26.26	-0.01
2569	26.26	-0.01
2570	26.26	-0.01
2571	26.26	-0.09
2572	26.26	-0.09
2573	26.25	-0.09
2574	26.25	-0.01
2575	26.25	-0.01
2576	26.23	-0.01
2577	26.23	-0.07
2578	26.23	-0.07
2579	26.23	-0.07
2580	26.23	-0.03
2581	26.23	-0.03
2582	26.24	-0.03
2583	26.24	-0.02
2584	26.24	-0.02
2585	26.23	-0.02
2586	26.23	-0.08
2587	26.23	-0.08
2588	26.21	-0.08
2589	26.21	0.00
2590	26.21	0.00
2591	26.20	0.00
2592	26.20	-0.08
2593	26.20	-0.08
2594	26.22	-0.08
2595	26.22	-0.02
2596	26.22	-0.02
2597	26.23	-0.02
2598	26.23	-0.02
2599	26.23	-0.02
2600	26.23	-0.02
2601	26.23	-0.08
2602	26.23	-0.08
2603	26.23	-0.08
2604	26.23	0.00
2605	26.23	0.00
2606	26.19	0.00
2607	26.19	-0.08
2608	26.19	-0.08
2609	26.17	-0.08
2610	26.17	-0.02
2611	26.17	-0.02
2612	26.19	-0.02
2613	26.19	-0.03
2614	26.19	-0.03
2615	26.21	-0.03
2616	26.21	-0.07
2617	26.21	-0.07
2618	26.22	-0.07
2619	26.22	0.00
2620	26.22	0.00
2621	26.22	0.00
2622	26.22	-0.08
2623	26.22	-0.08
2624	26.17	-0.08
2625	26.17	-0.02
2626	26.17	-0.02
2627	26.21	-0.02
2628	26.21	-0.04
2629	26.21	-0.04
2630	26.25	-0.04
2631	26.25	-0.07
2632	26.25	-0.07
2633	26.25	-0.07
2634	26.25	-0.00
2635	26.25	-0.00
2636	26.23	-0.00
2637	26.23	-0.08
2638	26.23	-0.08
2639	26.21	-0.08
2640	26.21	-0.01
2641	26.21	-0.01
2642	26.21	-0.01
2643	26.21	-0.05
2644	26.21	-0.05
2645	26.22	-0.05
2646	26.22	-0.07
2647	26.22	-0.07
2648	26.22	-0.07
2649	26.22	-0.00
2650	26.22	-0.00
2651	26.25	-0.00
2652	26.25	-0.08
2653	26.25	-0.08
2654	26.25	-0.08
2655	26.25	-0.01
2656	26.25	-0.01
2657	26.27	-0.01
2658	26.27	-0.06
2659	26.27	-0.06
2660	26.25	-0.06
2661	26.25	-0.07
2662	26.25	-0.07
2663	26.22	-0.07
2664	26.22	-0.01
2665	26.22	-0.01
2666	26.20	-0.01
2667	26.20	-0.09
2668	26.20	-0.09
2669	26.24	-0.09
2670	26.24	-0.01
2671	26.24	-0.01
2672	26.24	-0.01
2673	26.24	-0.06
2674	26.24	-0.06
2675	26.24	-0.06
2676	26.24	-0.06
2677	26.24	-0.06
2678	26.21	-0.06
2679	26.21	-0.01
2680	26.21	-0.01
2681	26.21	-0.01
2682	26.21	-0.09
2683	26.21	-0.09
2684	26.21	-0.09
2685	26.21	-0.01
2686	26.21	-0.01
2687	26.21	-0.01
2688	26.21	-0.07
2689	26.21	-0.07
2690	26.19	-0.07
2691	26.19	-0.05
2692	26.19	-0.05
2693	26.17	-0.05
2694	26.17	-0.01
2695	26.17	-0.01
2696	26.17	-0.01
2697	26.17	-0.08
2698	26.17	-0.08
2699	26.23	-0.08
2700	26.23	-0.01
2701	26.23	-0.01
2702	26.24	-0.01
2703	26.24	-0.07
2704	26.24	-0.07
2705	26.24	-0.07
2706	26.24	-0.05
2707	26.24	-0.05
2708	26.23	-0.05
2709	26.23	-0.01
2710	26.23	-0.01
2711	26.24	-0.01
2712	26.24	-0.09
2713	26.24	-0.09
2714	26.24	-0.09
2715	26.24	-0.00
2716	26.24	-0.00
2717	26.25	-0.00
2718	26.25	-0.07
2719	26.25	-0.07
2720	26.25	-0.07
2721	26.25	-0.03
2722	26.25	-0.03
2723	26.23	-0.03
2724	26.23	-0.01
2725	26.23	-0.01
2726	26.25	-0.01
2727	26.25	-0.08
2728	26.25	-0.08
2729	26.27	-0.08
2730	26.27	0.00
2731	26.27	0.00
2732	26.27	0.00
2733	26.27	-0.08
2734	26.27	-0.08
2735	26.26	-0.08
2736	26.26	-0.03
2737	26.26	-0.03
2738	26.22	-0.03
2739	26.22	-0.02
2740	26.22	-0.02
2741	26.25	-0.02
2742	26.25	-0.07
2743	26.25	-0.07
2744	26.24	-0.07
2745	26.24	-0.00
2746	26.24	-0.00
2747	26.21	-0.00
2748	26.21	-0.08
2749	26.21	-0.08
2750	26.21	-0.08
2751	26.21	-0.02
2752	26.21	-0.02
2753	26.18	-0.02
2754	26.18	-0.03
2755	26.18	-0.03
2756	26.20	-0.03
2757	26.20	-0.07
2758	26.20	-0.07
2759	26.20	-0.07
2760	26.20	0.00
2761	26.20	0.00
2762	26.18	0.00
2763	26.18	-0.08
2764	26.18	-0.08
2765	26.20	-0.08
2766	26.20	-0.02
2767	26.20	-0.02
2768	26.21	-0.02
2769	26.21	-0.04
2770	26.21	-0.04
2771	26.22	-0.04
2772	26.22	-0.07
2773	26.22	-0.07
2774	26.21	-0.07
2775	26.21	0.00
2776	26.21	0.00
2777	26.18	0.00
2778	26.18	-0.08
2779	26.18	-0.08
2780	26.15	-0.08
2781	26.15	-0.01
2782	26.15	-0.01
2783	26.17	-0.01
2784	26.17	-0.05
2785	26.17	-0.05
2786	26.18	-0.05
2787	26.18	-0.07
2788	26.18	-0.07
2789	26.16	-0.07
2790	26.16	-0.00
2791	26.16	-0.00
2792	26.15	-0.00
2793	26.15	-0.08
2794	26.15	-0.08
2795	26.16	-0.08
2796	26.16	-0.01
2797	26.16	-0.01
2798	26.20	-0.01
2799	26.20	-0.06
2800	26.20	-0.06
2801	26.23	-0.06
2802	26.23	-0.06
2803	26.23	-0.06
2804	26.21	-0.06
2805	26.21	-0.01
2806	26.21	-0.01
2807	26.19	-0.01
2808	26.19	-0.09
2809	26.19	-0.09
2810	26.13	-0.09
2811	26.13	-0.01
2812	26.13	-0.01
2813	26.17	-0.01
2814	26.17	-0.06
2815	26.17	-0.06
2816	26.21	-0.06
2817	26.21	-0.06
2818	26.21	-0.06
2819	26.19	-0.06
2820	26.19	-0.01
2821	26.19	-0.01
2822	26.20	-0.01
2823	26.20	-0.09
2824	26.20	-0.09
2825	26.19	-0.09
2826	26.19	-0.00
2827	26.19	-0.00
2828	26.24	-0.00
2829	26.24	-0.07
2830	26.24	-0.07
2831	26.25	-0.07
2832	26.25	-0.05
2833	26.25	-0.05
2834	26.25	-0.05
2835	26.25	-0.01
2836	26.25	-0.01
2837	26.24	-0.01
2838	26.24	-0.09
2839	26.24	-0.09
2840	26.25	-0.09
2841	26.25	-0.01
2842	26.25	-0.01
2843	26.26	-0.01
2844	26.26	-0.07
2845	26.26	-0.07
2846	26.24	-0.07
2847	26.24	-0.04
2848	26.24	-0.04
2849	26.23	-0.04
2850	26.23	-0.01
2851	26.23	-0.01
2852	26.21	-0.01
2853	26.21	-0.08
2854	26.21	-0.08
2855	26.24	-0.08
2856	26.24	-0.00
2857	26.24	-0.00
2858	26.24	-0.00
2859	26.24	-0.08
2860	26.24	-0.08
2861	26.24	-0.08
2862	26.24	-0.03
2863	26.24	-0.03
2864	26.22	-0.03
2865	26.22	-0.01
2866	26.22	-0.01
2867	26.20	-0.01
2868	26.20	-0.08
2869	26.20	-0.08
2870	26.26	-0.08
2871	26.26	0.00
2872	26.26	0.00
2873	26.26	0.00
2874	26.26	-0.08
2875	26.26	-0.08
2876	26.24	-0.08
2877	26.24	-0.02
2878	26.24	-0.02
2879	26.24	-0.02
2880	26.24	-0.03
2881	26.24	-0.03
2882	26.22	-0.03
2883	26.22	-0.08
2884	26.22	-0.08
2885	26.26	-0.08
2886	26.26	-0.00
2887	26.26	-0.00
2888	26.27	-0.00
2889	26.27	-0.08
2890	26.27	-0.08
2891	26.24	-0.08
2892	26.24	-0.02
2893	26.24	-0.02
2894	26.20	-0.02
2895	26.20	-0.04
2896	26.20	-0.04
2897	26.20	-0.04
2898	26.20	-0.07
2899	26.20	-0.07
2900	26.24	-0.07
2901	26.24	-0.00
2902	26.24	-0.00
2903	26.25	-0.00
2904	26.25	-0.08
2905	26.25	-0.08
2906	26.23	-0.08
2907	26.23	-0.01
2908	26.23	-0.01
2909	26.21	-0.01
2910	26.21	-0.05
2911	26.21	-0.05
2912	26.21	-0.05
2913	26.21	-0.07
2914	26.21	-0.07
2915	26.21	-0.07
2916	26.21	-0.00
2917	26.21	-0.00
2918	26.21	-0.00
2919	26.21	-0.09
2920	26.21	-0.09
2921	26.23	-0.09
2922	26.23	-0.01
2923	26.23	-0.01
2924	26.22	-0.01
2925	26.22	-0.06
2926	26.22	-0.06
2927	26.27	-0.06
2928	26.27	-0.07
2929	26.27	-0.07
2930	26.26	-0.07
2931	26.26	-0.01
2932	26.26	-0.01
2933	26.24	-0.01
2934	26.24	-0.09
2935	26.24	-0.09
2936	26.23	-0.09
2937	26.23	-0.01
2938	26.23	-0.01
2939	26.24	-0.01
2940	26.24	-0.07
2941	26.24	-0.07
2942	26.25	-0.07
2943	26.25	-0.06
2944	26.25	-0.06
2945	26.23	-0.06
2946	26.23	-0.01
2947	26.23	-0.01
2948	26.21	-0.01
2949	26.21	-0.09
2950	26.21	-0.09
2951	26.20	-0.09
2952	26.20	-0.01
2953	26.20	-0.01
2954	26.17	-0.01
2955	26.17	-0.07
2956	26.17	-0.07
2957	26.21	-0.07
2958	26.21	-0.05
2959	26.21	-0.05
2960	26.21	-0.05
2961	26.21	-0.01
2962	26.21	-0.01
2963	26.21	-0.01
2964	26.21	-0.09
2965	26.21	-0.09
2966	26.21	-0.09
2967	26.21	-0.01
2968	26.21	-0.01
2969	26.19	-0.01
2970	26.19	-0.07
2971	26.19	-0.07
2972	26.21	-0.07
2973	26.21	-0.04
2974	26.21	-0.04
2975	26.20	-0.04
2976	26.20	-0.01
2977	26.20	-0.01
2978	26.20	-0.01
2979	26.20	-0.08
2980	26.20	-0.08
2981	26.18	-0.08
2982	26.18	-0.00
2983	26.18	-0.00
2984	26.19	-0.00
2985	26.19	-0.08
2986	26.19	-0.08
2987	26.27	-0.08
2988	26.27	-0.03
2989	26.27	-0.03
2990	26.28	-0.03
2991	26.28	-0.02
2992	26.28	-0.02
2993	26.25	-0.02
2994	26.25	-0.08
2995	26.25	-0.08
2996	26.24	-0.08
2997	26.24	0.00
2998	26.24	0.00
2999	26.20	0.00
3000	26.20	-0.08
3001	26.20	-0.08
3002	26.25	-0.08
3003	26.25	-0.02
3004	26.25	-0.02
3005	26.28	-0.02
3006	26.28	-0.03
3007	26.28	-0.03
3008	26.27	-0.03
3009	26.27	-0.08
3010	26.27	-0.08
3011	26.26	-0.08
3012	26.26	0.00
3013	26.26	0.00
3014	26.29	0.00
3015	26.29	-0.08
3016	26.29	-0.08
3017	26.30	-0.08
3018	26.30	-0.01
3019	26.30	-0.01
3020	26.30	-0.01
3021	26.30	-0.04
3022	26.30	-0.04
3023	26.30	-0.04
3024	26.30	-0.07
3025	26.30	-0.07
3026	26.31	-0.07
3027	26.31	0.00
3028	26.31	0.00
3029	26.28	0.00
3030	26.28	-0.08
3031	26.28	-0.08
3032	26.29	-0.08
3033	26.29	-0.02
3034	26.29	-0.02
3035	26.26	-0.02
3036	26.26	-0.04
3037	26.26	-0.04
3038	26.28	-0.04
3039	26.28	-0.07
3040	26.28	-0.07
3041	26.26	-0.07
3042	26.26	-0.00
3043	26.26	-0.00
3044	26.31	-0.00
3045	26.31	-0.08
3046	26.31	-0.08
3047	26.27	-0.08
3048	26.27	-0.01
3049	26.27	-0.01
3050	26.26	-0.01
3051	26.26	-0.05
3052	26.26	-0.05
3053	26.23	-0.05
3054	26.23	-0.07
3055	26.23	-0.07
3056	26.23	-0.07
3057	26.23	-0.00
3058	26.23	-0.00
3059	26.23	-0.00
3060	26.23	-0.08
3061	26.23	-0.08
3062	26.27	-0.08
3063	26.27	-0.01
3064	26.27	-0.01
3065	26.24	-0.01
3066	26.24	-0.06
3067	26.24	-0.06
3068	26.22	-0.06
3069	26.22	-0.07
3070	26.22	-0.07
3071	26.20	-0.07
3072	26.20	-0.01
3073	26.20	-0.01
3074	26.27	-0.01
3075	26.27	-0.09
3076	26.27	-0.09
3077	26.30	-0.09
3078	26.30	-0.01
3079	26.30	-0.01
3080	26.29	-0.01
3081	26.29	-0.06
3082	26.29	-0.06
3083	26.26	-0.06
3084	26.26	-0.06
3085	26.26	-0.06
3086	26.22	-0.06
3087	26.22	-0.01
3088	26.22	-0.01
3089	26.25	-0.01
3090	26.25	-0.09
3091	26.25	-0.09
3092	26.24	-0.09
3093	26.24	-0.01
3094	26.24	-0.01
3095	26.26	-0.01
3096	26.26	-0.07
3097	26.26	-0.07
3098	26.22	-0.07
3099	26.22	-0.05
3100	26.22	-0.05
3101	26.26	-0.05
3102	26.26	-0.01
3103	26.26	-0.01
3104	26.24	-0.01
3105	26.24	-0.09
3106	26.24	-0.09
3107	26.26	-0.09
3108	26.26	-0.01
3109	26.26	-0.01
3110	26.26	-0.01
3111	26.26	-0.07
3112	26.26	-0.07
3113	26.28	-0.07
3114	26.28	-0.05
3115	26.28	-0.05
3116	26.28	-0.05
3117	26.28	-0.01
3118	26.28	-0.01
3119	26.32	-0.01
3120	26.32	-0.08
3121	26.32	-0.08
3122	26.30	-0.08
3123	26.30	-0.00
3124	26.30	-0.00
3125	26.27	-0.00
3126	26.27	-0.07
3127	26.27	-0.07
3128	26.23	-0.07
3129	26.23	-0.04
3130	26.23	-0.04
3131	26.24	-0.04
3132	26.24	-0.02
3133	26.24	-0.02
3134	26.26	-0.02
3135	26.26	-0.08
3136	26.26	-0.08
3137	26.25	-0.08
3138	26.25	-0.00
3139	26.25	-0.00
3140	26.23	-0.00
3141	26.23	-0.07
3142	26.23	-0.07
3143	26.28	-0.07
3144	26.28	-0.03
3145	26.28	-0.03
3146	26.28	-0.03
3147	26.28	-0.02
3148	26.28	-0.02
3149	26.33	-0.02
3150	26.33	-0.08
3151	26.33	-0.08
3152	26.31	-0.08
3153	26.31	0.00
3154	26.31	0.00
3155	26.31	0.00
3156	26.31	-0.08
3157	26.31	-0.08
3158	26.27	-0.08
3159	26.27	-0.02
3160	26.27	-0.02
3161	26.32	-0.02
3162	26.32	-0.03
3163	26.32	-0.03
3164	26.34	-0.03
3165	26.34	-0.07
3166	26.34	-0.07
3167	26.34	-0.07
3168	26.34	0.00
3169	26.34	0.00
3170	26.33	0.00
3171	26.33	-0.08
3172	26.33	-0.08
3173	26.32	-0.08
3174	26.32	-0.02
3175	26.32	-0.02
3176	26.32	-0.02
3177	26.32	-0.03
3178	26.32	-0.03
3179	26.32	-0.03
3180	26.32	-0.07
3181	26.32	-0.07
3182	26.30	-0.07
3183	26.30	0.00
3184	26.30	0.00
3185	26.27	0.00
3186	26.27	-0.08
3187	26.27	-0.08
3188	18.90	-0.08
3189	18.90	-0.02
3190	18.90	-0.02
3191	4.24	-0.02
3192	4.24	-0.04
3193	4.24	-0.04
3194	-1.62	-0.04
3195	-1.62	-0.07
3196	-1.62	-0.07
3197	-3.46	-0.07
3198	-3.46	-0.00
3199	-3.46	-0.00
3200	-1.39	-0.00
3201	-1.39	-0.08
3202	-1.39	-0.08
3203	0.73	-0.08
3204	0.73	-0.01
3205	0.73	-0.01
3206	1.92	-0.01
3207	1.92	-0.05
3208	1.92	-0.05
3209	1.59	-0.05
3210	1.59	-0.08
3211	1.59	-0.08
3212	0.54	-0.08
3213	0.54	-0.01
3214	0.54	-0.01
3215	-0.06	-0.01
3216	-0.06	-0.09
3217	-0.06	-0.09
3218	0.01	-0.09
3219	0.01	-0.01
3220	0.01	-0.01
3221	0.32	-0.01
3222	0.32	-0.06
3223	0.32	-0.06
3224	0.52	-0.06
3225	0.52	-0.07
3226	0.52	-0.07
3227	0.52	-0.07
3228	0.52	-0.01
3229	0.52	-0.01
3230	0.48	-0.01
3231	0.48	-0.09
3232	0.48	-0.09
3233	0.44	-0.09
3234	0.44	-0.01
3235	0.44	-0.01
3236	0.44	-0.01
3237	0.44	-0.06
3238	0.44	-0.06
3239	0.46	-0.06
3240	0.46	-0.07
3241	0.46	-0.07
3242	0.47	-0.07
3243	0.47	-0.01
3244	0.47	-0.01
3245	0.47	-0.01
3246	0.47	-0.09
3247	0.47	-0.09
3248	0.47	-0.09
3249	0.47	-0.01
3250	0.47	-0.01
3251	0.47	-0.01
3252	0.47	-0.06
3253	0.47	-0.06
3254	0.48	-0.06
3255	0.48	-0.07
3256	0.48	-0.07
3257	0.49	-0.07
3258	0.49	-0.01
3259	0.49	-0.01
3260	0.49	-0.01
3261	0.49	-0.09
3262	0.49	-0.09
3263	0.49	-0.09
3264	0.49	-0.01
3265	0.49	-0.01
3266	0.50	-0.01
3267	0.50	-0.07
3268	0.50	-0.07
