Contador    P0  P1
0	-2.22	-2.22
1	-2.22	-2.22
2	6.05	-2.22
3	6.05	7.64
4	6.05	7.64
5	6.06	7.64
6	6.06	7.68
7	6.06	7.68
8	6.06	7.68
9	6.06	7.63
10	6.06	7.63
11	6.06	7.63
12	6.06	7.61
13	6.06	7.61
14	6.06	7.61
15	6.06	7.68
16	6.06	7.68
17	6.06	7.68
18	6.06	7.60
19	6.06	7.60
20	6.06	7.60
21	-0.00	0.07
22	-0.00	0.07
23	-0.00	0.07
24	-0.00	0.04
25	-0.00	0.04
26	-0.00	0.04
27	-0.00	0.01
28	-0.00	0.01
29	0.00	0.01
30	0.00	0.08
31	0.00	0.08
32	-0.00	0.08
33	-0.00	0.00
34	-0.00	0.00
35	-0.00	0.00
36	-0.00	0.07
37	-0.00	0.07
38	-0.00	0.07
39	-0.00	0.04
40	-0.00	0.04
41	0.00	0.04
42	0.00	0.01
43	0.00	0.01
44	0.00	0.01
45	0.00	0.08
46	0.00	0.08
47	0.00	0.08
48	0.00	0.00
49	0.00	0.00
50	0.00	0.00
51	0.00	0.07
52	0.00	0.07
53	0.00	0.07
54	0.00	0.04
55	0.00	0.04
56	0.00	0.04
57	0.00	0.01
58	0.00	0.01
59	0.00	0.01
60	0.00	0.09
61	0.00	0.09
62	0.00	0.09
63	0.00	0.00
64	0.00	0.00
65	0.01	0.00
66	0.01	0.07
67	0.01	0.07
68	0.01	0.07
69	0.01	0.05
70	0.01	0.05
71	0.01	0.05
72	0.01	0.01
73	0.01	0.01
74	0.01	0.01
75	0.01	0.09
76	0.01	0.09
77	0.01	0.09
78	0.01	0.00
79	0.01	0.00
80	0.01	0.00
81	0.01	0.06
82	0.01	0.06
83	0.01	0.06
84	0.01	0.05
85	0.01	0.05
86	0.01	0.05
87	0.01	0.01
88	0.01	0.01
89	0.01	0.01
90	0.01	0.08
91	0.01	0.08
92	0.01	0.08
93	0.01	0.00
94	0.01	0.00
95	0.01	0.00
96	0.01	0.06
97	0.01	0.06
98	0.01	0.06
99	0.01	0.06
100	0.01	0.06
101	0.02	0.06
102	0.02	0.00
103	0.02	0.00
104	0.02	0.00
105	0.02	0.08
106	0.02	0.08
107	0.02	0.08
108	0.02	0.01
109	0.02	0.01
110	0.02	0.01
111	0.02	0.06
112	0.02	0.06
113	0.02	0.06
114	0.02	0.06
115	0.02	0.06
116	0.02	0.06
117	0.02	0.01
118	0.02	0.01
119	0.02	0.01
120	0.02	0.08
121	0.02	0.08
122	0.02	0.08
123	0.02	0.00
124	0.02	0.00
125	5.16	0.00
126	5.16	0.06
127	5.16	0.06
128	18.44	0.06
129	18.44	0.07
130	18.44	0.07
131	21.22	0.07
132	21.22	0.01
133	21.22	0.01
134	21.21	0.01
135	21.21	0.09
136	21.21	0.09
137	22.23	0.09
138	22.23	0.01
139	22.23	0.01
140	22.80	0.01
141	22.80	0.06
142	22.80	0.06
143	22.78	0.06
144	22.78	0.07
145	22.78	0.07
146	22.83	0.07
147	22.83	0.00
148	22.83	0.00
149	22.99	0.00
150	22.99	0.08
151	22.99	0.08
152	22.98	0.08
153	22.98	0.01
154	22.98	0.01
155	23.04	0.01
156	23.04	0.05
157	23.04	0.05
158	23.24	0.05
159	23.24	0.07
160	23.24	0.07
161	23.33	0.07
162	23.33	-0.00
163	23.33	-0.00
164	23.37	-0.00
165	23.37	0.08
166	23.37	0.08
167	23.48	0.08
168	23.48	0.01
169	23.48	0.01
170	23.59	0.01
171	23.59	0.05
172	23.59	0.05
173	23.64	0.05
174	23.64	0.07
175	23.64	0.07
176	23.68	0.07
177	23.68	0.00
178	23.68	0.00
179	23.70	0.00
180	23.70	0.08
181	23.70	0.08
182	23.72	0.08
183	23.72	0.01
184	23.72	0.01
185	23.77	0.01
186	23.77	0.04
187	23.77	0.04
188	23.81	0.04
189	23.81	0.07
190	23.81	0.07
191	23.81	0.07
192	23.81	0.00
193	23.81	0.00
194	23.83	0.00
195	23.83	0.08
196	23.83	0.08
197	23.84	0.08
198	23.84	0.01
199	23.84	0.01
200	23.86	0.01
201	23.86	0.04
202	23.86	0.04
203	23.86	0.04
204	23.86	0.07
205	23.86	0.07
206	23.86	0.07
207	23.86	0.00
208	23.86	0.00
209	23.85	0.00
210	23.85	0.08
211	23.85	0.08
212	23.87	0.08
213	23.87	0.02
214	23.87	0.02
215	23.86	0.02
216	23.86	0.04
217	23.86	0.04
218	23.85	0.04
219	23.85	0.07
220	23.85	0.07
221	23.84	0.07
222	23.84	-0.00
223	23.84	-0.00
224	23.84	-0.00
225	23.84	0.08
226	23.84	0.08
227	23.84	0.08
228	23.84	0.02
229	23.84	0.02
230	23.84	0.02
231	23.84	0.03
232	23.84	0.03
233	23.84	0.03
234	23.84	0.07
235	23.84	0.07
236	23.84	0.07
237	23.84	0.00
238	23.84	0.00
239	23.83	0.00
240	23.83	0.08
241	23.83	0.08
242	23.84	0.08
243	23.84	0.02
244	23.84	0.02
245	23.84	0.02
246	23.84	0.03
247	23.84	0.03
248	23.84	0.03
249	23.84	0.07
250	23.84	0.07
251	23.84	0.07
252	23.84	0.00
253	23.84	0.00
254	23.83	0.00
255	23.83	0.08
256	23.83	0.08
257	23.82	0.08
258	23.82	0.02
259	23.82	0.02
260	23.81	0.02
261	23.81	0.03
262	23.81	0.03
263	23.78	0.03
264	23.78	0.08
265	23.78	0.08
266	23.75	0.08
267	23.75	0.00
268	23.75	0.00
269	23.75	0.00
270	23.75	0.08
271	23.75	0.08
272	23.74	0.08
273	23.74	0.03
274	23.74	0.03
275	23.73	0.03
276	23.73	0.02
277	23.73	0.02
278	23.71	0.02
279	23.71	0.08
280	23.71	0.08
281	23.69	0.08
282	23.69	0.00
283	23.69	0.00
284	23.68	0.00
285	23.68	0.08
286	23.68	0.08
287	23.68	0.08
288	23.68	0.03
289	23.68	0.03
290	23.67	0.03
291	23.67	0.02
292	23.67	0.02
293	23.66	0.02
294	23.66	0.08
295	23.66	0.08
296	23.65	0.08
297	23.65	0.00
298	23.65	0.00
299	23.65	0.00
300	23.65	0.08
301	23.65	0.08
302	23.65	0.08
303	23.65	0.03
304	23.65	0.03
305	23.64	0.03
306	23.64	0.02
307	23.64	0.02
308	23.64	0.02
309	23.64	0.08
310	23.64	0.08
311	23.63	0.08
312	23.63	0.00
313	23.63	0.00
314	23.62	0.00
315	23.62	0.08
316	23.62	0.08
317	23.62	0.08
318	23.62	0.03
319	23.62	0.03
320	23.61	0.03
321	23.61	0.02
322	23.61	0.02
323	23.60	0.02
324	23.60	0.08
325	23.60	0.08
326	23.60	0.08
327	23.60	0.01
328	23.60	0.01
329	23.59	0.01
330	23.59	0.08
331	23.59	0.08
332	23.59	0.08
333	23.59	0.04
334	23.59	0.04
335	23.58	0.04
336	23.58	0.01
337	23.58	0.01
338	23.58	0.01
339	23.58	0.09
340	23.58	0.09
341	23.57	0.09
342	23.57	0.00
343	23.57	0.00
344	23.57	0.00
345	23.57	0.07
346	23.57	0.07
347	23.57	0.07
348	23.57	0.04
349	23.57	0.04
350	23.56	0.04
351	23.56	0.01
352	23.56	0.01
353	23.56	0.01
354	23.56	0.09
355	23.56	0.09
356	23.56	0.09
357	23.56	0.01
358	23.56	0.01
359	23.56	0.01
360	23.56	0.08
361	23.56	0.08
362	23.56	0.08
363	23.56	0.05
364	23.56	0.05
365	23.55	0.05
366	23.55	0.01
367	23.55	0.01
368	23.55	0.01
369	23.55	0.09
370	23.55	0.09
371	23.55	0.09
372	23.55	0.01
373	23.55	0.01
374	23.55	0.01
375	23.55	0.07
376	23.55	0.07
377	23.55	0.07
378	23.55	0.05
379	23.55	0.05
380	23.54	0.05
381	23.54	0.01
382	23.54	0.01
383	23.54	0.01
384	23.54	0.09
385	23.54	0.09
386	23.55	0.09
387	23.55	0.01
388	23.55	0.01
389	23.56	0.01
390	23.56	0.07
391	23.56	0.07
392	23.56	0.07
393	23.56	0.05
394	23.56	0.05
395	23.57	0.05
396	23.57	0.01
397	23.57	0.01
398	23.57	0.01
399	23.57	0.09
400	23.57	0.09
401	23.57	0.09
402	23.57	0.01
403	23.57	0.01
404	23.58	0.01
405	23.58	0.07
406	23.58	0.07
407	23.58	0.07
408	23.58	0.05
409	23.58	0.05
410	23.59	0.05
411	23.59	0.01
412	23.59	0.01
413	23.63	0.01
414	23.63	0.09
415	23.63	0.09
416	23.65	0.09
417	23.65	0.01
418	23.65	0.01
419	23.67	0.01
420	23.67	0.07
421	23.67	0.07
422	23.70	0.07
423	23.70	0.05
424	23.70	0.05
425	23.71	0.05
426	23.71	0.01
427	23.71	0.01
428	23.73	0.01
429	23.73	0.09
430	23.73	0.09
431	23.73	0.09
432	23.73	0.01
433	23.73	0.01
434	23.74	0.01
435	23.74	0.07
436	23.74	0.07
437	23.75	0.07
438	23.75	0.06
439	23.75	0.06
440	23.75	0.06
441	23.75	0.01
442	23.75	0.01
443	23.77	0.01
444	23.77	0.09
445	23.77	0.09
446	23.79	0.09
447	23.79	0.01
448	23.79	0.01
449	23.79	0.01
450	23.79	0.07
451	23.79	0.07
452	23.80	0.07
453	23.80	0.06
454	23.80	0.06
455	23.81	0.06
456	23.81	0.01
457	23.81	0.01
458	23.81	0.01
459	23.81	0.08
460	23.81	0.08
461	23.81	0.08
462	23.81	0.01
463	23.81	0.01
464	23.80	0.01
465	23.80	0.07
466	23.80	0.07
467	23.79	0.07
468	23.79	0.06
469	23.79	0.06
470	23.78	0.06
471	23.78	0.01
472	23.78	0.01
473	23.77	0.01
474	23.77	0.09
475	23.77	0.09
476	23.76	0.09
477	23.76	0.01
478	23.76	0.01
479	23.77	0.01
480	23.77	0.07
481	23.77	0.07
482	23.76	0.07
483	23.76	0.07
484	23.76	0.07
485	23.76	0.07
486	23.76	0.01
487	23.76	0.01
488	23.75	0.01
489	23.75	0.09
490	23.75	0.09
491	23.74	0.09
492	23.74	0.02
493	23.74	0.02
494	23.73	0.02
495	23.73	0.07
496	23.73	0.07
497	23.73	0.07
498	23.73	0.07
499	23.73	0.07
500	23.71	0.07
501	23.71	0.02
502	23.71	0.02
503	23.09	0.02
504	23.09	0.13
505	23.09	0.13
506	22.93	0.13
507	22.93	0.05
508	22.93	0.05
509	22.98	0.05
510	22.98	0.10
511	22.98	0.10
512	23.02	0.10
513	23.02	0.10
514	23.02	0.10
515	23.05	0.10
516	23.05	0.05
517	23.05	0.05
518	23.06	0.05
519	23.06	0.12
520	23.06	0.12
521	23.06	0.12
522	23.06	0.05
523	23.06	0.05
524	23.07	0.05
525	23.07	0.10
526	23.07	0.10
527	23.05	0.10
528	23.05	0.10
529	23.05	0.10
530	23.01	0.10
531	23.01	0.06
532	23.01	0.06
533	22.99	0.06
534	22.99	0.12
535	22.99	0.12
536	22.96	0.12
537	22.96	0.05
538	22.96	0.05
539	22.95	0.05
540	22.95	0.11
541	22.95	0.11
542	22.96	0.11
543	22.96	0.09
544	22.96	0.09
545	22.97	0.09
546	22.97	0.06
547	22.97	0.06
548	22.90	0.06
549	22.90	0.13
550	22.90	0.13
551	22.70	0.13
552	22.70	0.06
553	22.70	0.06
554	22.68	0.06
555	22.68	0.13
556	22.68	0.13
557	22.59	0.13
558	22.59	0.11
559	22.59	0.11
560	22.73	0.11
561	22.73	0.07
562	22.73	0.07
563	22.78	0.07
564	22.78	0.14
565	22.78	0.14
566	22.80	0.14
567	22.80	0.06
568	22.80	0.06
569	22.74	0.06
570	22.74	0.13
571	22.74	0.13
572	22.74	0.13
573	22.74	0.10
574	22.74	0.10
575	22.71	0.10
576	22.71	0.07
577	22.71	0.07
578	22.70	0.07
579	22.70	0.14
580	22.70	0.14
581	22.69	0.14
582	22.69	0.06
583	22.69	0.06
584	22.68	0.06
585	22.68	0.13
586	22.68	0.13
587	22.66	0.13
588	22.66	0.10
589	22.66	0.10
590	22.64	0.10
591	22.64	0.07
592	22.64	0.07
593	22.61	0.07
594	22.61	0.14
595	22.61	0.14
596	22.60	0.14
597	22.60	0.07
598	22.60	0.07
599	22.59	0.07
600	22.59	0.13
601	22.59	0.13
602	22.56	0.13
603	22.56	0.11
604	22.56	0.11
605	22.55	0.11
606	22.55	0.07
607	22.55	0.07
608	22.50	0.07
609	22.50	0.15
610	22.50	0.15
611	22.42	0.15
612	22.42	0.08
613	22.42	0.08
614	22.31	0.08
615	22.31	0.14
616	22.31	0.14
617	22.54	0.14
618	22.54	0.11
619	22.54	0.11
620	22.71	0.11
621	22.71	0.06
622	22.71	0.06
623	22.81	0.06
624	22.81	0.14
625	22.81	0.14
626	22.83	0.14
627	22.83	0.06
628	22.83	0.06
629	22.85	0.06
630	22.85	0.12
631	22.85	0.12
632	22.85	0.12
633	22.85	0.10
634	22.85	0.10
635	22.85	0.10
636	22.85	0.06
637	22.85	0.06
638	22.88	0.06
639	22.88	0.14
640	22.88	0.14
641	22.88	0.14
642	22.88	0.05
643	22.88	0.05
644	22.89	0.05
645	22.89	0.12
646	22.89	0.12
647	22.90	0.12
648	22.90	0.10
649	22.90	0.10
650	22.91	0.10
651	22.91	0.06
652	22.91	0.06
653	22.92	0.06
654	22.92	0.13
655	22.92	0.13
656	22.92	0.13
657	22.92	0.05
658	22.92	0.05
659	22.94	0.05
660	22.94	0.11
661	22.94	0.11
662	22.95	0.11
663	22.95	0.10
664	22.95	0.10
665	22.95	0.10
666	22.95	0.06
667	22.95	0.06
668	22.95	0.06
669	22.95	0.13
670	22.95	0.13
671	22.98	0.13
672	22.98	0.05
673	22.98	0.05
674	23.02	0.05
675	23.02	0.10
676	23.02	0.10
677	23.07	0.10
678	23.07	0.10
679	23.07	0.10
680	23.09	0.10
681	23.09	0.05
682	23.09	0.05
683	23.13	0.05
684	23.13	0.12
685	23.13	0.12
686	23.15	0.12
687	23.15	0.04
688	23.15	0.04
689	23.16	0.04
690	23.16	0.09
691	23.16	0.09
692	23.17	0.09
693	23.17	0.10
694	23.17	0.10
695	23.22	0.10
696	23.22	0.04
697	23.22	0.04
698	23.25	0.04
699	23.25	0.11
700	23.25	0.11
701	23.29	0.11
702	23.29	0.04
703	23.29	0.04
704	23.31	0.04
705	23.31	0.09
706	23.31	0.09
707	23.32	0.09
708	23.32	0.10
709	23.32	0.10
710	23.32	0.10
711	23.32	0.04
712	23.32	0.04
713	23.31	0.04
714	23.31	0.11
715	23.31	0.11
716	23.30	0.11
717	23.30	0.04
718	23.30	0.04
719	23.30	0.04
720	23.30	0.09
721	23.30	0.09
722	23.30	0.09
723	23.30	0.09
724	23.30	0.09
725	23.30	0.09
726	23.30	0.04
727	23.30	0.04
728	23.30	0.04
729	23.30	0.12
730	23.30	0.12
731	23.30	0.12
732	23.30	0.04
733	23.30	0.04
734	23.31	0.04
735	23.31	0.09
736	23.31	0.09
737	23.31	0.09
738	23.31	0.10
739	23.31	0.10
740	23.32	0.10
741	23.32	0.04
742	23.32	0.04
743	23.32	0.04
744	23.32	0.11
745	23.32	0.11
746	23.31	0.11
747	23.31	0.04
748	23.31	0.04
749	23.32	0.04
750	23.32	0.09
751	23.32	0.09
752	23.32	0.09
753	23.32	0.10
754	23.32	0.10
755	23.31	0.10
756	23.31	0.04
757	23.31	0.04
758	23.31	0.04
759	23.31	0.11
760	23.31	0.11
761	23.32	0.11
762	23.32	0.04
763	23.32	0.04
764	23.33	0.04
765	23.33	0.09
766	23.33	0.09
767	23.36	0.09
768	23.36	0.10
769	23.36	0.10
770	23.38	0.10
771	23.38	0.04
772	23.38	0.04
773	23.39	0.04
774	23.39	0.11
775	23.39	0.11
776	23.40	0.11
777	23.40	0.04
778	23.40	0.04
779	23.40	0.04
780	23.40	0.09
781	23.40	0.09
782	23.41	0.09
783	23.41	0.09
784	23.41	0.09
785	23.41	0.09
786	23.41	0.04
787	23.41	0.04
788	23.41	0.04
789	23.41	0.11
790	23.41	0.11
791	23.41	0.11
792	23.41	0.03
793	23.41	0.03
794	23.42	0.03
795	23.42	0.08
796	23.42	0.08
797	23.41	0.08
798	23.41	0.09
799	23.41	0.09
800	23.42	0.09
801	23.42	0.03
802	23.42	0.03
803	23.41	0.03
804	23.41	0.11
805	23.41	0.11
806	23.42	0.11
807	23.42	0.03
808	23.42	0.03
809	23.41	0.03
810	23.41	0.08
811	23.41	0.08
812	23.42	0.08
813	23.42	0.10
814	23.42	0.10
815	23.44	0.10
816	23.44	0.03
817	23.44	0.03
818	23.44	0.03
819	23.44	0.11
820	23.44	0.11
821	23.44	0.11
822	23.44	0.04
823	23.44	0.04
824	23.44	0.04
825	23.44	0.08
826	23.44	0.08
827	23.45	0.08
828	23.45	0.09
829	23.45	0.09
830	23.46	0.09
831	23.46	0.03
832	23.46	0.03
833	23.47	0.03
834	23.47	0.10
835	23.47	0.10
836	23.48	0.10
837	23.48	0.04
838	23.48	0.04
839	23.49	0.04
840	23.49	0.08
841	23.49	0.08
842	23.49	0.08
843	23.49	0.09
844	23.49	0.09
845	23.50	0.09
846	23.50	0.03
847	23.50	0.03
848	23.50	0.03
849	23.50	0.10
850	23.50	0.10
851	23.50	0.10
852	23.50	0.03
853	23.50	0.03
854	23.50	0.03
855	23.50	0.08
856	23.50	0.08
857	23.50	0.08
858	23.50	0.09
859	23.50	0.09
860	23.50	0.09
861	23.50	0.03
862	23.50	0.03
863	23.51	0.03
864	23.51	0.10
865	23.51	0.10
866	23.51	0.10
867	23.51	0.03
868	23.51	0.03
869	23.51	0.03
870	23.51	0.07
871	23.51	0.07
872	23.50	0.07
873	23.50	0.10
874	23.50	0.10
875	23.50	0.10
876	23.50	0.03
877	23.50	0.03
878	23.50	0.03
879	23.50	0.10
880	23.50	0.10
881	23.50	0.10
882	23.50	0.03
883	23.50	0.03
884	23.50	0.03
885	23.50	0.08
886	23.50	0.08
887	23.50	0.08
888	23.50	0.10
889	23.50	0.10
890	23.51	0.10
891	23.51	0.03
892	23.51	0.03
893	23.50	0.03
894	23.50	0.10
895	23.50	0.10
896	23.49	0.10
897	23.49	0.04
898	23.49	0.04
899	23.49	0.04
900	23.49	0.07
901	23.49	0.07
902	23.50	0.07
903	23.50	0.10
904	23.50	0.10
905	23.50	0.10
906	23.50	0.03
907	23.50	0.03
908	23.50	0.03
909	23.50	0.10
910	23.50	0.10
911	23.50	0.10
912	23.50	0.03
913	23.50	0.03
914	23.49	0.03
915	23.49	0.07
916	23.49	0.07
917	23.49	0.07
918	23.49	0.09
919	23.49	0.09
920	23.49	0.09
921	23.49	0.03
922	23.49	0.03
923	23.49	0.03
924	23.49	0.10
925	23.49	0.10
926	23.49	0.10
927	23.49	0.04
928	23.49	0.04
929	23.48	0.04
930	23.48	0.07
931	23.48	0.07
932	23.48	0.07
933	23.48	0.10
934	23.48	0.10
935	23.47	0.10
936	23.47	0.03
937	23.47	0.03
938	23.47	0.03
939	23.47	0.10
940	23.47	0.10
941	23.47	0.10
942	23.47	0.04
943	23.47	0.04
944	23.47	0.04
945	23.47	0.07
946	23.47	0.07
947	23.46	0.07
948	23.46	0.10
949	23.46	0.10
950	23.47	0.10
951	23.47	0.03
952	23.47	0.03
953	23.46	0.03
954	23.46	0.10
955	23.46	0.10
956	23.46	0.10
957	23.46	0.04
958	23.46	0.04
959	23.46	0.04
960	23.46	0.07
961	23.46	0.07
962	23.46	0.07
963	23.46	0.10
964	23.46	0.10
965	23.46	0.10
966	23.46	0.03
967	23.46	0.03
968	23.46	0.03
969	23.46	0.11
970	23.46	0.11
971	23.46	0.11
972	23.46	0.04
973	23.46	0.04
974	23.47	0.04
975	23.47	0.07
976	23.47	0.07
977	23.45	0.07
978	23.45	0.10
979	23.45	0.10
980	23.45	0.10
981	23.45	0.05
982	23.45	0.05
983	22.53	0.05
984	22.53	0.12
985	22.53	0.12
986	23.23	0.12
987	23.23	0.04
988	23.23	0.04
989	23.32	0.04
990	23.32	0.07
991	23.32	0.07
992	23.34	0.07
993	23.34	0.10
994	23.34	0.10
995	23.35	0.10
996	23.35	0.03
997	23.35	0.03
998	23.44	0.03
999	23.44	0.10
1000	23.44	0.10
1001	23.47	0.10
1002	23.47	0.04
1003	23.47	0.04
1004	23.49	0.04
1005	23.49	0.06
1006	23.49	0.06
1007	23.49	0.06
1008	23.49	0.10
1009	23.49	0.10
1010	23.50	0.10
1011	23.50	0.03
1012	23.50	0.03
1013	23.50	0.03
1014	23.50	0.10
1015	23.50	0.10
1016	23.50	0.10
1017	23.50	0.04
1018	23.50	0.04
1019	23.52	0.04
1020	23.52	0.06
1021	23.52	0.06
1022	23.52	0.06
1023	23.52	0.10
1024	23.52	0.10
1025	23.53	0.10
1026	23.53	0.03
1027	23.53	0.03
1028	23.53	0.03
1029	23.53	0.10
1030	23.53	0.10
1031	23.53	0.10
1032	23.53	0.04
1033	23.53	0.04
1034	23.54	0.04
1035	23.54	0.06
1036	23.54	0.06
1037	23.52	0.06
1038	23.52	0.10
1039	23.52	0.10
1040	23.52	0.10
1041	23.52	0.02
1042	23.52	0.02
1043	23.52	0.02
1044	23.52	0.10
1045	23.52	0.10
1046	23.52	0.10
1047	23.52	0.04
1048	23.52	0.04
1049	23.52	0.04
1050	23.52	0.06
1051	23.52	0.06
1052	23.52	0.06
1053	23.52	0.10
1054	23.52	0.10
1055	23.53	0.10
1056	23.53	0.03
1057	23.53	0.03
1058	23.52	0.03
1059	23.52	0.10
1060	23.52	0.10
1061	23.52	0.10
1062	23.52	0.04
1063	23.52	0.04
1064	23.52	0.04
1065	23.52	0.06
1066	23.52	0.06
1067	23.52	0.06
1068	23.52	0.10
1069	23.52	0.10
1070	23.52	0.10
1071	23.52	0.03
1072	23.52	0.03
1073	23.52	0.03
1074	23.52	0.10
1075	23.52	0.10
1076	23.52	0.10
1077	23.52	0.04
1078	23.52	0.04
1079	23.53	0.04
1080	23.53	0.06
1081	23.53	0.06
1082	23.54	0.06
1083	23.54	0.10
1084	23.54	0.10
1085	23.54	0.10
1086	23.54	0.02
1087	23.54	0.02
1088	23.55	0.02
1089	23.55	0.10
1090	23.55	0.10
1091	23.55	0.10
1092	23.55	0.04
1093	23.55	0.04
1094	23.56	0.04
1095	23.56	0.06
1096	23.56	0.06
1097	23.56	0.06
1098	23.56	0.10
1099	23.56	0.10
1100	23.56	0.10
1101	23.56	0.03
1102	23.56	0.03
1103	23.56	0.03
1104	23.56	0.10
1105	23.56	0.10
1106	23.57	0.10
1107	23.57	0.04
1108	23.57	0.04
1109	23.57	0.04
1110	23.57	0.06
1111	23.57	0.06
1112	23.58	0.06
1113	23.58	0.10
1114	23.58	0.10
1115	23.58	0.10
1116	23.58	0.02
1117	23.58	0.02
1118	23.57	0.02
1119	23.57	0.10
1120	23.57	0.10
1121	23.59	0.10
1122	23.59	0.04
1123	23.59	0.04
1124	23.59	0.04
1125	23.59	0.06
1126	23.59	0.06
1127	23.59	0.06
1128	23.59	0.10
1129	23.59	0.10
1130	23.59	0.10
1131	23.59	0.02
1132	23.59	0.02
1133	23.59	0.02
1134	23.59	0.10
1135	23.59	0.10
1136	23.59	0.10
1137	23.59	0.04
1138	23.59	0.04
1139	23.59	0.04
1140	23.59	0.06
1141	23.59	0.06
1142	23.59	0.06
1143	23.59	0.10
1144	23.59	0.10
1145	23.59	0.10
1146	23.59	0.03
1147	23.59	0.03
1148	23.59	0.03
1149	23.59	0.10
1150	23.59	0.10
1151	23.59	0.10
1152	23.59	0.04
1153	23.59	0.04
1154	23.59	0.04
1155	23.59	0.06
1156	23.59	0.06
1157	23.58	0.06
1158	23.58	0.10
1159	23.58	0.10
1160	23.58	0.10
1161	23.58	0.03
1162	23.58	0.03
1163	23.58	0.03
1164	23.58	0.10
1165	23.58	0.10
1166	23.59	0.10
1167	23.59	0.04
1168	23.59	0.04
1169	23.59	0.04
1170	23.59	0.06
1171	23.59	0.06
1172	23.59	0.06
1173	23.59	0.10
1174	23.59	0.10
1175	23.58	0.10
1176	23.58	0.02
1177	23.58	0.02
1178	23.59	0.02
1179	23.59	0.10
1180	23.59	0.10
1181	23.59	0.10
1182	23.59	0.04
1183	23.59	0.04
1184	23.59	0.04
1185	23.59	0.06
1186	23.59	0.06
1187	23.59	0.06
1188	23.59	0.09
1189	23.59	0.09
1190	23.59	0.09
1191	23.59	0.02
1192	23.59	0.02
1193	23.61	0.02
1194	23.61	0.10
1195	23.61	0.10
1196	23.61	0.10
1197	23.61	0.04
1198	23.61	0.04
1199	23.60	0.04
1200	23.60	0.05
1201	23.60	0.05
1202	23.61	0.05
1203	23.61	0.09
1204	23.61	0.09
1205	23.61	0.09
1206	23.61	0.02
1207	23.61	0.02
1208	23.61	0.02
1209	23.61	0.10
1210	23.61	0.10
1211	23.61	0.10
1212	23.61	0.04
1213	23.61	0.04
1214	23.61	0.04
1215	23.61	0.05
1216	23.61	0.05
1217	23.61	0.05
1218	23.61	0.10
1219	23.61	0.10
1220	23.62	0.10
1221	23.62	0.02
1222	23.62	0.02
1223	23.63	0.02
1224	23.63	0.10
1225	23.63	0.10
1226	23.63	0.10
1227	23.63	0.04
1228	23.63	0.04
1229	23.62	0.04
1230	23.62	0.06
1231	23.62	0.06
1232	23.63	0.06
1233	23.63	0.10
1234	23.63	0.10
1235	23.63	0.10
1236	23.63	0.03
1237	23.63	0.03
1238	23.63	0.03
1239	23.63	0.10
1240	23.63	0.10
1241	23.63	0.10
1242	23.63	0.04
1243	23.63	0.04
1244	23.62	0.04
1245	23.62	0.05
1246	23.62	0.05
1247	23.62	0.05
1248	23.62	0.09
1249	23.62	0.09
1250	23.63	0.09
1251	23.63	0.02
1252	23.63	0.02
1253	23.63	0.02
1254	23.63	0.10
1255	23.63	0.10
1256	23.63	0.10
1257	23.63	0.04
1258	23.63	0.04
1259	23.63	0.04
1260	23.63	0.05
1261	23.63	0.05
1262	23.63	0.05
1263	23.63	0.09
1264	23.63	0.09
1265	23.63	0.09
1266	23.63	0.02
1267	23.63	0.02
1268	23.63	0.02
1269	23.63	0.10
1270	23.63	0.10
1271	23.63	0.10
1272	23.63	0.04
1273	23.63	0.04
1274	23.62	0.04
1275	23.62	0.05
1276	23.62	0.05
1277	23.62	0.05
1278	23.62	0.09
1279	23.62	0.09
1280	23.63	0.09
1281	23.63	0.02
1282	23.63	0.02
1283	23.63	0.02
1284	23.63	0.10
1285	23.63	0.10
1286	23.63	0.10
1287	23.63	0.04
1288	23.63	0.04
1289	23.62	0.04
1290	23.62	0.05
1291	23.62	0.05
1292	23.62	0.05
1293	23.62	0.09
1294	23.62	0.09
1295	23.63	0.09
1296	23.63	0.02
1297	23.63	0.02
1298	23.64	0.02
1299	23.64	0.10
1300	23.64	0.10
1301	23.63	0.10
1302	23.63	0.04
1303	23.63	0.04
1304	23.63	0.04
1305	23.63	0.05
1306	23.63	0.05
1307	23.64	0.05
1308	23.64	0.09
1309	23.64	0.09
1310	23.63	0.09
1311	23.63	0.02
1312	23.63	0.02
1313	23.63	0.02
1314	23.63	0.10
1315	23.63	0.10
1316	23.64	0.10
1317	23.64	0.04
1318	23.64	0.04
1319	23.63	0.04
1320	23.63	0.05
1321	23.63	0.05
1322	23.64	0.05
1323	23.64	0.10
1324	23.64	0.10
1325	23.64	0.10
1326	23.64	0.02
1327	23.64	0.02
1328	23.65	0.02
1329	23.65	0.10
1330	23.65	0.10
1331	23.65	0.10
1332	23.65	0.04
1333	23.65	0.04
1334	23.65	0.04
1335	23.65	0.05
1336	23.65	0.05
1337	23.65	0.05
1338	23.65	0.10
1339	23.65	0.10
1340	23.65	0.10
1341	23.65	0.02
1342	23.65	0.02
1343	23.66	0.02
1344	23.66	0.10
1345	23.66	0.10
1346	23.66	0.10
1347	23.66	0.04
1348	23.66	0.04
1349	23.66	0.04
1350	23.66	0.05
1351	23.66	0.05
1352	23.66	0.05
1353	23.66	0.09
1354	23.66	0.09
1355	23.66	0.09
1356	23.66	0.02
1357	23.66	0.02
1358	23.66	0.02
1359	23.66	0.10
1360	23.66	0.10
1361	23.67	0.10
1362	23.67	0.04
1363	23.67	0.04
1364	23.67	0.04
1365	23.67	0.05
1366	23.67	0.05
1367	23.68	0.05
1368	23.68	0.09
1369	23.68	0.09
1370	23.68	0.09
1371	23.68	0.02
1372	23.68	0.02
1373	23.68	0.02
1374	23.68	0.10
1375	23.68	0.10
1376	23.69	0.10
1377	23.69	0.04
1378	23.69	0.04
1379	23.69	0.04
1380	23.69	0.05
1381	23.69	0.05
1382	23.69	0.05
1383	23.69	0.10
1384	23.69	0.10
1385	23.69	0.10
1386	23.69	0.02
1387	23.69	0.02
1388	23.69	0.02
1389	23.69	0.10
1390	23.69	0.10
1391	23.69	0.10
1392	23.69	0.04
1393	23.69	0.04
1394	23.71	0.04
1395	23.71	0.05
1396	23.71	0.05
1397	23.71	0.05
1398	23.71	0.10
1399	23.71	0.10
1400	23.71	0.10
1401	23.71	0.02
1402	23.71	0.02
1403	23.71	0.02
1404	23.71	0.10
1405	23.71	0.10
1406	23.71	0.10
1407	23.71	0.04
1408	23.71	0.04
1409	23.71	0.04
1410	23.71	0.05
1411	23.71	0.05
1412	23.71	0.05
1413	23.71	0.10
1414	23.71	0.10
1415	23.72	0.10
1416	23.72	0.02
1417	23.72	0.02
1418	23.72	0.02
1419	23.72	0.10
1420	23.72	0.10
1421	23.71	0.10
1422	23.71	0.04
1423	23.71	0.04
1424	23.72	0.04
1425	23.72	0.05
1426	23.72	0.05
1427	23.72	0.05
1428	23.72	0.09
1429	23.72	0.09
1430	23.72	0.09
1431	23.72	0.02
1432	23.72	0.02
1433	23.72	0.02
1434	23.72	0.10
1435	23.72	0.10
1436	23.72	0.10
1437	23.72	0.04
1438	23.72	0.04
1439	23.73	0.04
1440	23.73	0.05
1441	23.73	0.05
1442	23.73	0.05
1443	23.73	0.10
1444	23.73	0.10
1445	23.73	0.10
1446	23.73	0.02
1447	23.73	0.02
1448	23.72	0.02
1449	23.72	0.10
1450	23.72	0.10
1451	23.73	0.10
1452	23.73	0.04
1453	23.73	0.04
1454	23.72	0.04
1455	23.72	0.05
1456	23.72	0.05
1457	23.73	0.05
1458	23.73	0.09
1459	23.73	0.09
1460	23.73	0.09
1461	23.73	0.02
1462	23.73	0.02
1463	23.72	0.02
1464	23.72	0.10
1465	23.72	0.10
1466	23.73	0.10
1467	23.73	0.04
1468	23.73	0.04
1469	23.73	0.04
1470	23.73	0.05
1471	23.73	0.05
1472	23.72	0.05
1473	23.72	0.09
1474	23.72	0.09
1475	23.72	0.09
1476	23.72	0.02
1477	23.72	0.02
1478	23.72	0.02
1479	23.72	0.10
1480	23.72	0.10
1481	23.73	0.10
1482	23.73	0.04
1483	23.73	0.04
1484	23.73	0.04
1485	23.73	0.05
1486	23.73	0.05
1487	23.73	0.05
1488	23.73	0.09
1489	23.73	0.09
1490	23.72	0.09
1491	23.72	0.02
1492	23.72	0.02
1493	23.71	0.02
1494	23.71	0.10
1495	23.71	0.10
1496	23.72	0.10
1497	23.72	0.04
1498	23.72	0.04
1499	23.71	0.04
1500	23.71	0.05
1501	23.71	0.05
1502	23.71	0.05
1503	23.71	0.10
1504	23.71	0.10
1505	23.71	0.10
1506	23.71	0.02
1507	23.71	0.02
1508	23.72	0.02
1509	23.72	0.10
1510	23.72	0.10
1511	23.72	0.10
1512	23.72	0.04
1513	23.72	0.04
1514	23.72	0.04
1515	23.72	0.05
1516	23.72	0.05
1517	23.72	0.05
1518	23.72	0.10
1519	23.72	0.10
1520	23.72	0.10
1521	23.72	0.02
1522	23.72	0.02
1523	23.71	0.02
1524	23.71	0.10
1525	23.71	0.10
1526	23.71	0.10
1527	23.71	0.04
1528	23.71	0.04
1529	23.71	0.04
1530	23.71	0.05
1531	23.71	0.05
1532	23.71	0.05
1533	23.71	0.09
1534	23.71	0.09
1535	23.71	0.09
1536	23.71	0.02
1537	23.71	0.02
1538	23.72	0.02
1539	23.72	0.10
1540	23.72	0.10
1541	23.73	0.10
1542	23.73	0.04
1543	23.73	0.04
1544	23.74	0.04
1545	23.74	0.05
1546	23.74	0.05
1547	23.74	0.05
1548	23.74	0.10
1549	23.74	0.10
1550	23.74	0.10
1551	23.74	0.02
1552	23.74	0.02
1553	23.74	0.02
1554	23.74	0.10
1555	23.74	0.10
1556	23.74	0.10
1557	23.74	0.04
1558	23.74	0.04
1559	23.74	0.04
1560	23.74	0.05
1561	23.74	0.05
1562	23.74	0.05
1563	23.74	0.10
1564	23.74	0.10
1565	23.75	0.10
1566	23.75	0.02
1567	23.75	0.02
1568	23.74	0.02
1569	23.74	0.10
1570	23.74	0.10
1571	23.74	0.10
1572	23.74	0.04
1573	23.74	0.04
1574	23.74	0.04
1575	23.74	0.04
1576	23.74	0.04
1577	23.74	0.04
1578	23.74	0.09
1579	23.74	0.09
1580	23.74	0.09
1581	23.74	0.02
1582	23.74	0.02
1583	23.74	0.02
1584	23.74	0.10
1585	23.74	0.10
1586	23.74	0.10
1587	23.74	0.04
1588	23.74	0.04
1589	23.74	0.04
1590	23.74	0.04
1591	23.74	0.04
1592	23.73	0.04
1593	23.73	0.10
1594	23.73	0.10
1595	23.74	0.10
1596	23.74	0.02
1597	23.74	0.02
1598	23.73	0.02
1599	23.73	0.10
1600	23.73	0.10
1601	23.74	0.10
1602	23.74	0.04
1603	23.74	0.04
1604	23.74	0.04
1605	23.74	0.04
1606	23.74	0.04
1607	23.73	0.04
1608	23.73	0.10
1609	23.73	0.10
1610	23.73	0.10
1611	23.73	0.02
1612	23.73	0.02
1613	23.73	0.02
1614	23.73	0.10
1615	23.73	0.10
1616	23.74	0.10
1617	23.74	0.04
1618	23.74	0.04
1619	23.73	0.04
1620	23.73	0.04
1621	23.73	0.04
1622	23.74	0.04
1623	23.74	0.09
1624	23.74	0.09
1625	23.73	0.09
1626	23.73	0.02
1627	23.73	0.02
1628	23.74	0.02
1629	23.74	0.10
1630	23.74	0.10
1631	23.73	0.10
1632	23.73	0.05
1633	23.73	0.05
1634	23.74	0.05
1635	23.74	0.04
1636	23.74	0.04
1637	23.74	0.04
1638	23.74	0.10
1639	23.74	0.10
1640	23.74	0.10
1641	23.74	0.02
1642	23.74	0.02
1643	23.73	0.02
1644	23.73	0.10
1645	23.73	0.10
1646	23.74	0.10
1647	23.74	0.04
1648	23.74	0.04
1649	23.73	0.04
1650	23.73	0.04
1651	23.73	0.04
1652	23.73	0.04
1653	23.73	0.10
1654	23.73	0.10
1655	23.73	0.10
1656	23.73	0.02
1657	23.73	0.02
1658	23.73	0.02
1659	23.73	0.09
1660	23.73	0.09
1661	23.74	0.09
1662	23.74	0.05
1663	23.74	0.05
1664	23.73	0.05
1665	23.73	0.04
1666	23.73	0.04
1667	23.74	0.04
1668	23.74	0.09
1669	23.74	0.09
1670	23.74	0.09
1671	23.74	0.02
1672	23.74	0.02
1673	23.73	0.02
1674	23.73	0.09
1675	23.73	0.09
1676	23.74	0.09
1677	23.74	0.05
1678	23.74	0.05
1679	23.73	0.05
1680	23.73	0.04
1681	23.73	0.04
1682	23.74	0.04
1683	23.74	0.10
1684	23.74	0.10
1685	23.74	0.10
1686	23.74	0.02
1687	23.74	0.02
1688	23.75	0.02
1689	23.75	0.10
1690	23.75	0.10
1691	23.76	0.10
1692	23.76	0.05
1693	23.76	0.05
1694	23.75	0.05
1695	23.75	0.04
1696	23.75	0.04
1697	23.75	0.04
1698	23.75	0.10
1699	23.75	0.10
1700	23.75	0.10
1701	23.75	0.02
1702	23.75	0.02
1703	23.75	0.02
1704	23.75	0.10
1705	23.75	0.10
1706	23.75	0.10
1707	23.75	0.05
1708	23.75	0.05
1709	23.75	0.05
1710	23.75	0.03
1711	23.75	0.03
1712	23.75	0.03
1713	23.75	0.10
1714	23.75	0.10
1715	23.75	0.10
1716	23.75	0.02
1717	23.75	0.02
1718	23.75	0.02
1719	23.75	0.09
1720	23.75	0.09
1721	23.75	0.09
1722	23.75	0.05
1723	23.75	0.05
1724	23.74	0.05
1725	23.74	0.03
1726	23.74	0.03
1727	23.74	0.03
1728	23.74	0.11
1729	23.74	0.11
1730	23.74	0.11
1731	23.74	0.02
1732	23.74	0.02
1733	23.74	0.02
1734	23.74	0.09
1735	23.74	0.09
1736	23.74	0.09
1737	23.74	0.06
1738	23.74	0.06
1739	23.74	0.06
1740	23.74	0.03
1741	23.74	0.03
1742	23.74	0.03
1743	23.74	0.10
1744	23.74	0.10
1745	23.74	0.10
1746	23.74	0.02
1747	23.74	0.02
1748	23.74	0.02
1749	23.74	0.09
1750	23.74	0.09
1751	23.73	0.09
1752	23.73	0.06
1753	23.73	0.06
1754	23.73	0.06
1755	23.73	0.03
1756	23.73	0.03
1757	23.73	0.03
1758	23.73	0.11
1759	23.73	0.11
1760	23.73	0.11
1761	23.73	0.02
1762	23.73	0.02
1763	23.73	0.02
1764	23.73	0.09
1765	23.73	0.09
1766	23.72	0.09
1767	23.72	0.06
1768	23.72	0.06
1769	23.73	0.06
1770	23.73	0.03
1771	23.73	0.03
1772	23.73	0.03
1773	23.73	0.10
1774	23.73	0.10
1775	23.73	0.10
1776	23.73	0.03
1777	23.73	0.03
1778	23.73	0.03
1779	23.73	0.09
1780	23.73	0.09
1781	23.72	0.09
1782	23.72	0.07
1783	23.72	0.07
1784	23.73	0.07
1785	23.73	0.03
1786	23.73	0.03
1787	23.73	0.03
1788	23.73	0.11
1789	23.73	0.11
1790	23.72	0.11
1791	23.72	0.02
1792	23.72	0.02
1793	23.72	0.02
1794	23.72	0.09
1795	23.72	0.09
1796	23.73	0.09
1797	23.73	0.07
1798	23.73	0.07
1799	23.73	0.07
1800	23.73	0.03
1801	23.73	0.03
1802	23.73	0.03
1803	23.73	0.11
1804	23.73	0.11
1805	23.74	0.11
1806	23.74	0.03
1807	23.74	0.03
1808	23.74	0.03
1809	23.74	0.09
1810	23.74	0.09
1811	23.73	0.09
1812	23.73	0.07
1813	23.73	0.07
1814	23.74	0.07
1815	23.74	0.03
1816	23.74	0.03
1817	23.74	0.03
1818	23.74	0.10
1819	23.74	0.10
1820	23.74	0.10
1821	23.74	0.03
1822	23.74	0.03
1823	23.74	0.03
1824	23.74	0.09
1825	23.74	0.09
1826	23.74	0.09
1827	23.74	0.07
1828	23.74	0.07
1829	23.74	0.07
1830	23.74	0.03
1831	23.74	0.03
1832	23.74	0.03
1833	23.74	0.11
1834	23.74	0.11
1835	23.74	0.11
1836	23.74	0.03
1837	23.74	0.03
1838	23.74	0.03
1839	23.74	0.08
1840	23.74	0.08
1841	23.74	0.08
1842	23.74	0.07
1843	23.74	0.07
1844	23.74	0.07
1845	23.74	0.03
1846	23.74	0.03
1847	23.74	0.03
1848	23.74	0.11
1849	23.74	0.11
1850	23.74	0.11
1851	23.74	0.03
1852	23.74	0.03
1853	23.74	0.03
1854	23.74	0.09
1855	23.74	0.09
1856	23.74	0.09
1857	23.74	0.08
1858	23.74	0.08
1859	23.74	0.08
1860	23.74	0.03
1861	23.74	0.03
1862	23.74	0.03
1863	23.74	0.10
1864	23.74	0.10
1865	23.74	0.10
1866	23.74	0.02
1867	23.74	0.02
1868	23.74	0.02
1869	23.74	0.08
1870	23.74	0.08
1871	23.74	0.08
1872	23.74	0.08
1873	23.74	0.08
1874	23.74	0.08
1875	23.74	0.03
1876	23.74	0.03
1877	23.74	0.03
1878	23.74	0.10
1879	23.74	0.10
1880	23.73	0.10
1881	23.73	0.03
1882	23.73	0.03
1883	23.75	0.03
1884	23.75	0.08
1885	23.75	0.08
1886	23.76	0.08
1887	23.76	0.08
1888	23.76	0.08
1889	23.76	0.08
1890	23.76	0.03
1891	23.76	0.03
1892	23.77	0.03
1893	23.77	0.10
1894	23.77	0.10
1895	23.77	0.10
1896	23.77	0.03
1897	23.77	0.03
1898	23.77	0.03
1899	23.77	0.08
1900	23.77	0.08
1901	23.77	0.08
1902	23.77	0.09
1903	23.77	0.09
1904	23.77	0.09
1905	23.77	0.03
1906	23.77	0.03
1907	23.77	0.03
1908	23.77	0.11
1909	23.77	0.11
1910	23.78	0.11
1911	23.78	0.03
1912	23.78	0.03
1913	23.78	0.03
1914	23.78	0.08
1915	23.78	0.08
1916	23.78	0.08
1917	23.78	0.09
1918	23.78	0.09
1919	23.77	0.09
1920	23.77	0.03
1921	23.77	0.03
1922	23.78	0.03
1923	23.78	0.10
1924	23.78	0.10
1925	23.78	0.10
1926	23.78	0.03
1927	23.78	0.03
1928	23.78	0.03
1929	23.78	0.08
1930	23.78	0.08
1931	23.78	0.08
1932	23.78	0.09
1933	23.78	0.09
1934	23.77	0.09
1935	23.77	0.03
1936	23.77	0.03
1937	23.78	0.03
1938	23.78	0.10
1939	23.78	0.10
1940	23.78	0.10
1941	23.78	0.02
1942	23.78	0.02
1943	23.78	0.02
1944	23.78	0.07
1945	23.78	0.07
1946	23.78	0.07
1947	23.78	0.09
1948	23.78	0.09
1949	23.78	0.09
1950	23.78	0.02
1951	23.78	0.02
1952	23.78	0.02
1953	23.78	0.10
1954	23.78	0.10
1955	23.79	0.10
1956	23.79	0.03
1957	23.79	0.03
1958	23.79	0.03
1959	23.79	0.08
1960	23.79	0.08
1961	23.79	0.08
1962	23.79	0.09
1963	23.79	0.09
1964	23.79	0.09
1965	23.79	0.03
1966	23.79	0.03
1967	23.79	0.03
1968	23.79	0.11
1969	23.79	0.11
1970	23.79	0.11
1971	23.79	0.03
1972	23.79	0.03
1973	23.79	0.03
1974	23.79	0.07
1975	23.79	0.07
1976	23.80	0.07
1977	23.80	0.09
1978	23.80	0.09
1979	23.81	0.09
1980	23.81	0.03
1981	23.81	0.03
1982	23.81	0.03
1983	23.81	0.10
1984	23.81	0.10
1985	23.82	0.10
1986	23.82	0.03
1987	23.82	0.03
1988	23.82	0.03
1989	23.82	0.07
1990	23.82	0.07
1991	23.82	0.07
1992	23.82	0.09
1993	23.82	0.09
1994	23.82	0.09
1995	23.82	0.03
1996	23.82	0.03
1997	23.82	0.03
1998	23.82	0.10
1999	23.82	0.10
2000	23.82	0.10
2001	23.82	0.03
2002	23.82	0.03
2003	23.82	0.03
2004	23.82	0.07
2005	23.82	0.07
2006	23.82	0.07
2007	23.82	0.09
2008	23.82	0.09
2009	23.82	0.09
2010	23.82	0.02
2011	23.82	0.02
2012	23.82	0.02
2013	23.82	0.10
2014	23.82	0.10
2015	23.82	0.10
2016	23.82	0.03
2017	23.82	0.03
2018	23.82	0.03
2019	23.82	0.07
2020	23.82	0.07
2021	23.82	0.07
2022	23.82	0.09
2023	23.82	0.09
2024	23.82	0.09
2025	23.82	0.02
2026	23.82	0.02
2027	23.81	0.02
2028	23.81	0.10
2029	23.81	0.10
2030	23.81	0.10
2031	23.81	0.03
2032	23.81	0.03
2033	23.82	0.03
2034	23.82	0.07
2035	23.82	0.07
2036	23.81	0.07
2037	23.81	0.09
2038	23.81	0.09
2039	23.82	0.09
2040	23.82	0.02
2041	23.82	0.02
2042	23.81	0.02
2043	23.81	0.10
2044	23.81	0.10
2045	23.81	0.10
2046	23.81	0.03
2047	23.81	0.03
2048	23.82	0.03
2049	23.82	0.07
2050	23.82	0.07
2051	23.81	0.07
2052	23.81	0.09
2053	23.81	0.09
2054	23.81	0.09
2055	23.81	0.02
2056	23.81	0.02
2057	23.81	0.02
2058	23.81	0.10
2059	23.81	0.10
2060	23.81	0.10
2061	23.81	0.03
2062	23.81	0.03
2063	23.81	0.03
2064	23.81	0.07
2065	23.81	0.07
2066	23.80	0.07
2067	23.80	0.10
2068	23.80	0.10
2069	23.81	0.10
2070	23.81	0.02
2071	23.81	0.02
2072	23.81	0.02
2073	23.81	0.10
2074	23.81	0.10
2075	23.81	0.10
2076	23.81	0.03
2077	23.81	0.03
2078	23.81	0.03
2079	23.81	0.06
2080	23.81	0.06
2081	23.81	0.06
2082	23.81	0.10
2083	23.81	0.10
2084	23.81	0.10
2085	23.81	0.02
2086	23.81	0.02
2087	23.81	0.02
2088	23.81	0.10
2089	23.81	0.10
2090	23.81	0.10
2091	23.81	0.03
2092	23.81	0.03
2093	23.81	0.03
2094	23.81	0.06
2095	23.81	0.06
2096	23.81	0.06
2097	23.81	0.10
2098	23.81	0.10
2099	23.81	0.10
2100	23.81	0.02
2101	23.81	0.02
2102	23.81	0.02
2103	23.81	0.10
2104	23.81	0.10
2105	23.81	0.10
2106	23.81	0.03
2107	23.81	0.03
2108	23.81	0.03
2109	23.81	0.06
2110	23.81	0.06
2111	23.81	0.06
2112	23.81	0.10
2113	23.81	0.10
2114	23.81	0.10
2115	23.81	0.02
2116	23.81	0.02
2117	23.81	0.02
2118	23.81	0.10
2119	23.81	0.10
2120	23.81	0.10
2121	23.81	0.03
2122	23.81	0.03
2123	23.80	0.03
2124	23.80	0.05
2125	23.80	0.05
2126	23.81	0.05
2127	23.81	0.10
2128	23.81	0.10
2129	23.81	0.10
2130	23.81	0.01
2131	23.81	0.01
2132	23.81	0.01
2133	23.81	0.10
2134	23.81	0.10
2135	23.81	0.10
2136	23.81	0.03
2137	23.81	0.03
2138	23.81	0.03
2139	23.81	0.05
2140	23.81	0.05
2141	23.81	0.05
2142	23.81	0.10
2143	23.81	0.10
2144	23.81	0.10
2145	23.81	0.01
2146	23.81	0.01
2147	23.82	0.01
2148	23.82	0.10
2149	23.82	0.10
2150	23.82	0.10
2151	23.82	0.03
2152	23.82	0.03
2153	23.82	0.03
2154	23.82	0.05
2155	23.82	0.05
2156	23.82	0.05
2157	23.82	0.10
2158	23.82	0.10
2159	23.83	0.10
2160	23.83	0.01
2161	23.83	0.01
2162	23.84	0.01
2163	23.84	0.09
2164	23.84	0.09
2165	23.84	0.09
2166	23.84	0.03
2167	23.84	0.03
2168	23.84	0.03
2169	23.84	0.05
2170	23.84	0.05
2171	23.83	0.05
2172	23.83	0.10
2173	23.83	0.10
2174	23.83	0.10
2175	23.83	0.02
2176	23.83	0.02
2177	23.83	0.02
2178	23.83	0.09
2179	23.83	0.09
2180	23.83	0.09
2181	23.83	0.03
2182	23.83	0.03
2183	23.84	0.03
2184	23.84	0.05
2185	23.84	0.05
2186	23.83	0.05
2187	23.83	0.10
2188	23.83	0.10
2189	23.83	0.10
2190	23.83	0.02
2191	23.83	0.02
2192	23.83	0.02
2193	23.83	0.09
2194	23.83	0.09
2195	23.84	0.09
2196	23.84	0.04
2197	23.84	0.04
2198	23.84	0.04
2199	23.84	0.05
2200	23.84	0.05
2201	23.84	0.05
2202	23.84	0.10
2203	23.84	0.10
2204	23.84	0.10
2205	23.84	0.01
2206	23.84	0.01
2207	23.84	0.01
2208	23.84	0.09
2209	23.84	0.09
2210	23.84	0.09
2211	23.84	0.04
2212	23.84	0.04
2213	23.84	0.04
2214	23.84	0.04
2215	23.84	0.04
2216	23.84	0.04
2217	23.84	0.10
2218	23.84	0.10
2219	23.83	0.10
2220	23.83	0.02
2221	23.83	0.02
2222	23.84	0.02
2223	23.84	0.10
2224	23.84	0.10
2225	23.83	0.10
2226	23.83	0.04
2227	23.83	0.04
2228	23.83	0.04
2229	23.83	0.04
2230	23.83	0.04
2231	23.84	0.04
2232	23.84	0.10
2233	23.84	0.10
2234	23.84	0.10
2235	23.84	0.02
2236	23.84	0.02
2237	23.84	0.02
2238	23.84	0.10
2239	23.84	0.10
2240	23.84	0.10
2241	23.84	0.04
2242	23.84	0.04
2243	23.85	0.04
2244	23.85	0.04
2245	23.85	0.04
2246	23.85	0.04
2247	23.85	0.10
2248	23.85	0.10
2249	23.86	0.10
2250	23.86	0.02
2251	23.86	0.02
2252	23.86	0.02
2253	23.86	0.10
2254	23.86	0.10
2255	23.86	0.10
2256	23.86	0.04
2257	23.86	0.04
2258	23.86	0.04
2259	23.86	0.04
2260	23.86	0.04
2261	23.87	0.04
2262	23.87	0.10
2263	23.87	0.10
2264	23.87	0.10
2265	23.87	0.02
2266	23.87	0.02
2267	23.86	0.02
2268	23.86	0.10
2269	23.86	0.10
2270	23.87	0.10
2271	23.87	0.04
2272	23.87	0.04
2273	23.88	0.04
2274	23.88	0.04
2275	23.88	0.04
2276	23.88	0.04
2277	23.88	0.10
2278	23.88	0.10
2279	23.88	0.10
2280	23.88	0.02
2281	23.88	0.02
2282	23.88	0.02
2283	23.88	0.10
2284	23.88	0.10
2285	23.87	0.10
2286	23.87	0.04
2287	23.87	0.04
2288	23.87	0.04
2289	23.87	0.04
2290	23.87	0.04
2291	23.87	0.04
2292	23.87	0.10
2293	23.87	0.10
2294	23.87	0.10
2295	23.87	0.02
2296	23.87	0.02
2297	23.87	0.02
2298	23.87	0.10
2299	23.87	0.10
2300	23.87	0.10
2301	23.87	0.04
2302	23.87	0.04
2303	23.87	0.04
2304	23.87	0.03
2305	23.87	0.03
2306	23.87	0.03
2307	23.87	0.10
2308	23.87	0.10
2309	23.87	0.10
2310	23.87	0.02
2311	23.87	0.02
2312	23.86	0.02
2313	23.86	0.09
2314	23.86	0.09
2315	23.87	0.09
2316	23.87	0.05
2317	23.87	0.05
2318	23.87	0.05
2319	23.87	0.04
2320	23.87	0.04
2321	23.87	0.04
2322	23.87	0.10
2323	23.87	0.10
2324	23.87	0.10
2325	23.87	0.02
2326	23.87	0.02
2327	23.87	0.02
2328	23.87	0.09
2329	23.87	0.09
2330	23.87	0.09
2331	23.87	0.05
2332	23.87	0.05
2333	23.87	0.05
2334	23.87	0.03
2335	23.87	0.03
2336	23.87	0.03
2337	23.87	0.10
2338	23.87	0.10
2339	23.87	0.10
2340	23.87	0.02
2341	23.87	0.02
2342	23.87	0.02
2343	23.87	0.09
2344	23.87	0.09
2345	23.87	0.09
2346	23.87	0.05
2347	23.87	0.05
2348	23.87	0.05
2349	23.87	0.03
2350	23.87	0.03
2351	23.87	0.03
2352	23.87	0.10
2353	23.87	0.10
2354	23.87	0.10
2355	23.87	0.02
2356	23.87	0.02
2357	23.86	0.02
2358	23.86	0.09
2359	23.86	0.09
2360	23.87	0.09
2361	23.87	0.05
2362	23.87	0.05
2363	23.87	0.05
2364	23.87	0.03
2365	23.87	0.03
2366	23.87	0.03
2367	23.87	0.10
2368	23.87	0.10
2369	23.87	0.10
2370	23.87	0.02
2371	23.87	0.02
2372	23.87	0.02
2373	23.87	0.10
2374	23.87	0.10
2375	23.87	0.10
2376	23.87	0.05
2377	23.87	0.05
2378	23.87	0.05
2379	23.87	0.03
2380	23.87	0.03
2381	23.87	0.03
2382	23.87	0.10
2383	23.87	0.10
2384	23.86	0.10
2385	23.86	0.02
2386	23.86	0.02
2387	23.87	0.02
2388	23.87	0.09
2389	23.87	0.09
2390	23.87	0.09
2391	23.87	0.06
2392	23.87	0.06
2393	23.87	0.06
2394	23.87	0.03
2395	23.87	0.03
2396	23.87	0.03
2397	23.87	0.10
2398	23.87	0.10
2399	23.86	0.10
2400	23.86	0.02
2401	23.86	0.02
2402	23.87	0.02
2403	23.87	0.09
2404	23.87	0.09
2405	23.86	0.09
2406	23.86	0.06
2407	23.86	0.06
2408	23.86	0.06
2409	23.86	0.03
2410	23.86	0.03
2411	23.86	0.03
2412	23.86	0.10
2413	23.86	0.10
2414	23.86	0.10
2415	23.86	0.03
2416	23.86	0.03
2417	23.86	0.03
2418	23.86	0.09
2419	23.86	0.09
2420	23.86	0.09
2421	23.86	0.06
2422	23.86	0.06
2423	23.85	0.06
2424	23.85	0.03
2425	23.85	0.03
2426	23.86	0.03
2427	23.86	0.10
2428	23.86	0.10
2429	23.86	0.10
2430	23.86	0.02
2431	23.86	0.02
2432	23.86	0.02
2433	23.86	0.09
2434	23.86	0.09
2435	23.85	0.09
2436	23.85	0.06
2437	23.85	0.06
2438	23.86	0.06
2439	23.86	0.02
2440	23.86	0.02
2441	23.86	0.02
2442	23.86	0.11
2443	23.86	0.11
2444	23.85	0.11
2445	23.85	0.02
2446	23.85	0.02
2447	23.86	0.02
2448	23.86	0.09
2449	23.86	0.09
2450	23.85	0.09
2451	23.85	0.07
2452	23.85	0.07
2453	23.86	0.07
2454	23.86	0.03
2455	23.86	0.03
2456	23.86	0.03
2457	23.86	0.11
2458	23.86	0.11
2459	23.85	0.11
2460	23.85	0.03
2461	23.85	0.03
2462	23.85	0.03
2463	23.85	0.09
2464	23.85	0.09
2465	23.85	0.09
2466	23.85	0.07
2467	23.85	0.07
2468	23.85	0.07
2469	23.85	0.02
2470	23.85	0.02
2471	23.85	0.02
2472	23.85	0.11
2473	23.85	0.11
2474	23.85	0.11
2475	23.85	0.03
2476	23.85	0.03
2477	23.85	0.03
2478	23.85	0.09
2479	23.85	0.09
2480	23.85	0.09
2481	23.85	0.07
2482	23.85	0.07
2483	23.85	0.07
2484	23.85	0.03
2485	23.85	0.03
2486	23.84	0.03
2487	23.84	0.10
2488	23.84	0.10
2489	23.85	0.10
2490	23.85	0.02
2491	23.85	0.02
2492	23.84	0.02
2493	23.84	0.08
2494	23.84	0.08
2495	23.84	0.08
2496	23.84	0.07
2497	23.84	0.07
2498	23.85	0.07
2499	23.85	0.03
2500	23.85	0.03
2501	23.84	0.03
2502	23.84	0.10
2503	23.84	0.10
2504	23.84	0.10
2505	23.84	0.03
2506	23.84	0.03
2507	23.84	0.03
2508	23.84	0.08
2509	23.84	0.08
2510	23.83	0.08
2511	23.83	0.08
2512	23.83	0.08
2513	23.83	0.08
2514	23.83	0.02
2515	23.83	0.02
2516	23.84	0.02
2517	23.84	0.11
2518	23.84	0.11
2519	23.84	0.11
2520	23.84	0.03
2521	23.84	0.03
2522	23.84	0.03
2523	23.84	0.08
2524	23.84	0.08
2525	23.83	0.08
2526	23.83	0.08
2527	23.83	0.08
2528	23.84	0.08
2529	23.84	0.03
2530	23.84	0.03
2531	23.83	0.03
2532	23.83	0.11
2533	23.83	0.11
2534	23.83	0.11
2535	23.83	0.03
2536	23.83	0.03
2537	23.83	0.03
2538	23.83	0.08
2539	23.83	0.08
2540	23.83	0.08
2541	23.83	0.09
2542	23.83	0.09
2543	23.83	0.09
2544	23.83	0.03
2545	23.83	0.03
2546	23.83	0.03
2547	23.83	0.10
2548	23.83	0.10
2549	23.83	0.10
2550	23.83	0.03
2551	23.83	0.03
2552	23.83	0.03
2553	23.83	0.07
2554	23.83	0.07
2555	23.83	0.07
2556	23.83	0.09
2557	23.83	0.09
2558	23.83	0.09
2559	23.83	0.02
2560	23.83	0.02
2561	23.83	0.02
2562	23.83	0.10
2563	23.83	0.10
2564	23.83	0.10
2565	23.83	0.03
2566	23.83	0.03
2567	23.83	0.03
2568	23.83	0.07
2569	23.83	0.07
2570	23.83	0.07
2571	23.83	0.09
2572	23.83	0.09
2573	23.83	0.09
2574	23.83	0.02
2575	23.83	0.02
2576	23.82	0.02
2577	23.82	0.10
2578	23.82	0.10
2579	23.83	0.10
2580	23.83	0.03
2581	23.83	0.03
2582	23.83	0.03
2583	23.83	0.07
2584	23.83	0.07
2585	23.82	0.07
2586	23.82	0.10
2587	23.82	0.10
2588	23.82	0.10
2589	23.82	0.02
2590	23.82	0.02
2591	23.82	0.02
2592	23.82	0.10
2593	23.82	0.10
2594	23.82	0.10
2595	23.82	0.03
2596	23.82	0.03
2597	23.83	0.03
2598	23.83	0.06
2599	23.83	0.06
2600	23.82	0.06
2601	23.82	0.10
2602	23.82	0.10
2603	23.82	0.10
2604	23.82	0.02
2605	23.82	0.02
2606	23.83	0.02
2607	23.83	0.10
2608	23.83	0.10
2609	23.83	0.10
2610	23.83	0.03
2611	23.83	0.03
2612	23.83	0.03
2613	23.83	0.05
2614	23.83	0.05
2615	23.83	0.05
2616	23.83	0.10
2617	23.83	0.10
2618	23.83	0.10
2619	23.83	0.02
2620	23.83	0.02
2621	23.83	0.02
2622	23.83	0.10
2623	23.83	0.10
2624	23.83	0.10
2625	23.83	0.03
2626	23.83	0.03
2627	23.83	0.03
2628	23.83	0.05
2629	23.83	0.05
2630	23.83	0.05
2631	23.83	0.10
2632	23.83	0.10
2633	23.84	0.10
2634	23.84	0.01
2635	23.84	0.01
2636	23.84	0.01
2637	23.84	0.10
2638	23.84	0.10
2639	23.84	0.10
2640	23.84	0.04
2641	23.84	0.04
2642	23.83	0.04
2643	23.83	0.04
2644	23.83	0.04
2645	23.83	0.04
2646	23.83	0.10
2647	23.83	0.10
2648	23.84	0.10
2649	23.84	0.01
2650	23.84	0.01
2651	23.84	0.01
2652	23.84	0.10
2653	23.84	0.10
2654	23.83	0.10
2655	23.83	0.04
2656	23.83	0.04
2657	23.84	0.04
2658	23.84	0.04
2659	23.84	0.04
2660	23.84	0.04
2661	23.84	0.10
2662	23.84	0.10
2663	23.83	0.10
2664	23.83	0.02
2665	23.83	0.02
2666	23.84	0.02
2667	23.84	0.09
2668	23.84	0.09
2669	23.84	0.09
2670	23.84	0.04
2671	23.84	0.04
2672	23.84	0.04
2673	23.84	0.04
2674	23.84	0.04
2675	23.84	0.04
2676	23.84	0.10
2677	23.84	0.10
2678	23.84	0.10
2679	23.84	0.02
2680	23.84	0.02
2681	23.84	0.02
2682	23.84	0.10
2683	23.84	0.10
2684	23.84	0.10
2685	23.84	0.05
2686	23.84	0.05
2687	23.84	0.05
2688	23.84	0.03
2689	23.84	0.03
2690	23.84	0.03
2691	23.84	0.10
2692	23.84	0.10
2693	23.84	0.10
2694	23.84	0.02
2695	23.84	0.02
2696	23.84	0.02
2697	23.84	0.09
2698	23.84	0.09
2699	23.85	0.09
2700	23.85	0.05
2701	23.85	0.05
2702	23.86	0.05
2703	23.86	0.03
2704	23.86	0.03
2705	23.85	0.03
2706	23.85	0.10
2707	23.85	0.10
2708	23.86	0.10
2709	23.86	0.02
2710	23.86	0.02
2711	23.85	0.02
2712	23.85	0.09
2713	23.85	0.09
2714	23.85	0.09
2715	23.85	0.06
2716	23.85	0.06
2717	23.85	0.06
2718	23.85	0.03
2719	23.85	0.03
2720	23.85	0.03
2721	23.85	0.10
2722	23.85	0.10
2723	23.85	0.10
2724	23.85	0.03
2725	23.85	0.03
2726	23.85	0.03
2727	23.85	0.09
2728	23.85	0.09
2729	23.85	0.09
2730	23.85	0.06
2731	23.85	0.06
2732	23.86	0.06
2733	23.86	0.02
2734	23.86	0.02
2735	23.86	0.02
2736	23.86	0.11
2737	23.86	0.11
2738	23.85	0.11
2739	23.85	0.03
2740	23.85	0.03
2741	23.85	0.03
2742	23.85	0.09
2743	23.85	0.09
2744	23.85	0.09
2745	23.85	0.07
2746	23.85	0.07
2747	23.85	0.07
2748	23.85	0.03
2749	23.85	0.03
2750	23.85	0.03
2751	23.85	0.11
2752	23.85	0.11
2753	23.85	0.11
2754	23.85	0.03
2755	23.85	0.03
2756	23.84	0.03
2757	23.84	0.09
2758	23.84	0.09
2759	23.85	0.09
2760	23.85	0.07
2761	23.85	0.07
2762	23.85	0.07
2763	23.85	0.03
2764	23.85	0.03
2765	23.85	0.03
2766	23.85	0.10
2767	23.85	0.10
2768	23.84	0.10
2769	23.84	0.03
2770	23.84	0.03
2771	23.85	0.03
2772	23.85	0.08
2773	23.85	0.08
2774	23.84	0.08
2775	23.84	0.08
2776	23.84	0.08
2777	23.84	0.08
2778	23.84	0.03
2779	23.84	0.03
2780	23.85	0.03
2781	23.85	0.11
2782	23.85	0.11
2783	23.85	0.11
2784	23.85	0.03
2785	23.85	0.03
2786	23.85	0.03
2787	23.85	0.08
2788	23.85	0.08
2789	23.85	0.08
2790	23.85	0.09
2791	23.85	0.09
2792	23.85	0.09
2793	23.85	0.03
2794	23.85	0.03
2795	23.86	0.03
2796	23.86	0.10
2797	23.86	0.10
2798	23.85	0.10
2799	23.85	0.03
2800	23.85	0.03
2801	23.85	0.03
2802	23.85	0.07
2803	23.85	0.07
2804	23.86	0.07
2805	23.86	0.09
2806	23.86	0.09
2807	23.86	0.09
2808	23.86	0.02
2809	23.86	0.02
2810	23.86	0.02
2811	23.86	0.10
2812	23.86	0.10
2813	23.85	0.10
2814	23.85	0.03
2815	23.85	0.03
2816	23.85	0.03
2817	23.85	0.07
2818	23.85	0.07
2819	23.85	0.07
2820	23.85	0.10
2821	23.85	0.10
2822	23.86	0.10
2823	23.86	0.02
2824	23.86	0.02
2825	23.85	0.02
2826	23.85	0.10
2827	23.85	0.10
2828	23.86	0.10
2829	23.86	0.03
2830	23.86	0.03
2831	23.86	0.03
2832	23.86	0.06
2833	23.86	0.06
2834	23.86	0.06
2835	23.86	0.10
2836	23.86	0.10
2837	23.87	0.10
2838	23.87	0.02
2839	23.87	0.02
2840	23.87	0.02
2841	23.87	0.10
2842	23.87	0.10
2843	23.87	0.10
2844	23.87	0.03
2845	23.87	0.03
2846	23.88	0.03
2847	23.88	0.06
2848	23.88	0.06
2849	23.88	0.06
2850	23.88	0.10
2851	23.88	0.10
2852	23.88	0.10
2853	23.88	0.02
2854	23.88	0.02
2855	23.88	0.02
2856	23.88	0.10
2857	23.88	0.10
2858	23.88	0.10
2859	23.88	0.04
2860	23.88	0.04
2861	23.88	0.04
2862	23.88	0.05
2863	23.88	0.05
2864	23.88	0.05
2865	23.88	0.10
2866	23.88	0.10
2867	23.89	0.10
2868	23.89	0.01
2869	23.89	0.01
2870	23.89	0.01
2871	23.89	0.10
2872	23.89	0.10
2873	23.89	0.10
2874	23.89	0.04
2875	23.89	0.04
2876	23.89	0.04
2877	23.89	0.05
2878	23.89	0.05
2879	23.89	0.05
2880	23.89	0.10
2881	23.89	0.10
2882	23.89	0.10
2883	23.89	0.02
2884	23.89	0.02
2885	23.89	0.02
2886	23.89	0.09
2887	23.89	0.09
2888	23.89	0.09
2889	23.89	0.04
2890	23.89	0.04
2891	23.89	0.04
2892	23.89	0.04
2893	23.89	0.04
2894	23.89	0.04
2895	23.89	0.10
2896	23.89	0.10
2897	23.89	0.10
2898	23.89	0.02
2899	23.89	0.02
2900	23.90	0.02
2901	23.90	0.10
2902	23.90	0.10
2903	23.90	0.10
2904	23.90	0.04
2905	23.90	0.04
2906	23.90	0.04
2907	23.90	0.04
2908	23.90	0.04
2909	23.90	0.04
2910	23.90	0.10
2911	23.90	0.10
2912	23.90	0.10
2913	23.90	0.02
2914	23.90	0.02
2915	23.90	0.02
2916	23.90	0.10
2917	23.90	0.10
2918	23.90	0.10
2919	23.90	0.04
2920	23.90	0.04
2921	23.90	0.04
2922	23.90	0.04
2923	23.90	0.04
2924	23.90	0.04
2925	23.90	0.10
2926	23.90	0.10
2927	23.90	0.10
2928	23.90	0.02
2929	23.90	0.02
2930	23.89	0.02
2931	23.89	0.09
2932	23.89	0.09
2933	23.89	0.09
2934	23.89	0.05
2935	23.89	0.05
2936	23.88	0.05
2937	23.88	0.03
2938	23.88	0.03
2939	23.89	0.03
2940	23.89	0.10
2941	23.89	0.10
2942	23.89	0.10
2943	23.89	0.02
2944	23.89	0.02
2945	23.89	0.02
2946	23.89	0.10
2947	23.89	0.10
2948	23.89	0.10
2949	23.89	0.05
2950	23.89	0.05
2951	23.89	0.05
2952	23.89	0.03
2953	23.89	0.03
2954	23.90	0.03
2955	23.90	0.10
2956	23.90	0.10
2957	23.89	0.10
2958	23.89	0.02
2959	23.89	0.02
2960	23.89	0.02
2961	23.89	0.09
2962	23.89	0.09
2963	23.89	0.09
2964	23.89	0.05
2965	23.89	0.05
2966	23.89	0.05
2967	23.89	0.03
2968	23.89	0.03
2969	23.89	0.03
2970	23.89	0.10
2971	23.89	0.10
2972	23.89	0.10
2973	23.89	0.02
2974	23.89	0.02
2975	23.89	0.02
2976	23.89	0.09
2977	23.89	0.09
2978	23.88	0.09
2979	23.88	0.05
2980	23.88	0.05
2981	23.89	0.05
2982	23.89	0.02
2983	23.89	0.02
2984	23.88	0.02
2985	23.88	0.10
2986	23.88	0.10
2987	23.89	0.10
2988	23.89	0.03
2989	23.89	0.03
2990	23.89	0.03
2991	23.89	0.09
2992	23.89	0.09
2993	23.89	0.09
2994	23.89	0.06
2995	23.89	0.06
2996	23.89	0.06
2997	23.89	0.03
2998	23.89	0.03
2999	23.89	0.03
3000	23.89	0.10
3001	23.89	0.10
3002	23.89	0.10
3003	23.89	0.02
3004	23.89	0.02
3005	23.89	0.02
3006	23.89	0.09
3007	23.89	0.09
3008	23.90	0.09
3009	23.90	0.06
3010	23.90	0.06
3011	23.91	0.06
3012	23.91	0.03
3013	23.91	0.03
3014	23.91	0.03
3015	23.91	0.11
3016	23.91	0.11
3017	23.91	0.11
3018	23.91	0.03
3019	23.91	0.03
3020	23.91	0.03
3021	23.91	0.09
3022	23.91	0.09
3023	23.91	0.09
3024	23.91	0.07
3025	23.91	0.07
3026	23.91	0.07
3027	23.91	0.03
3028	23.91	0.03
3029	23.91	0.03
3030	23.91	0.11
3031	23.91	0.11
3032	23.91	0.11
3033	23.91	0.02
3034	23.91	0.02
3035	23.91	0.02
3036	23.91	0.09
3037	23.91	0.09
3038	23.92	0.09
3039	23.92	0.07
3040	23.92	0.07
3041	23.92	0.07
3042	23.92	0.02
3043	23.92	0.02
3044	23.92	0.02
3045	23.92	0.11
3046	23.92	0.11
3047	23.92	0.11
3048	23.92	0.02
3049	23.92	0.02
3050	23.91	0.02
3051	23.91	0.09
3052	23.91	0.09
3053	23.91	0.09
3054	23.91	0.08
3055	23.91	0.08
3056	23.91	0.08
3057	23.91	0.02
3058	23.91	0.02
3059	23.91	0.02
3060	23.91	0.11
3061	23.91	0.11
3062	23.91	0.11
3063	23.91	0.03
3064	23.91	0.03
3065	23.91	0.03
3066	23.91	0.08
3067	23.91	0.08
3068	23.91	0.08
3069	23.91	0.08
3070	23.91	0.08
3071	23.91	0.08
3072	23.91	0.03
3073	23.91	0.03
3074	23.92	0.03
3075	23.92	0.10
3076	23.92	0.10
3077	23.91	0.10
3078	23.91	0.02
3079	23.91	0.02
3080	23.91	0.02
3081	23.91	0.07
3082	23.91	0.07
3083	23.91	0.07
3084	23.91	0.09
3085	23.91	0.09
3086	23.91	0.09
3087	23.91	0.02
3088	23.91	0.02
3089	23.91	0.02
3090	23.91	0.10
3091	23.91	0.10
3092	23.91	0.10
3093	23.91	0.03
3094	23.91	0.03
3095	23.91	0.03
3096	23.91	0.07
3097	23.91	0.07
3098	23.91	0.07
3099	23.91	0.09
3100	23.91	0.09
3101	23.91	0.09
3102	23.91	0.02
3103	23.91	0.02
3104	23.91	0.02
3105	23.91	0.10
3106	23.91	0.10
3107	23.91	0.10
3108	23.91	0.02
3109	23.91	0.02
3110	23.91	0.02
3111	23.91	0.07
3112	23.91	0.07
3113	23.91	0.07
3114	23.91	0.09
3115	23.91	0.09
3116	23.91	0.09
3117	23.91	0.02
3118	23.91	0.02
3119	23.91	0.02
3120	23.91	0.10
3121	23.91	0.10
3122	23.91	0.10
3123	23.91	0.03
3124	23.91	0.03
3125	23.92	0.03
3126	23.92	0.07
3127	23.92	0.07
3128	23.91	0.07
3129	23.91	0.10
3130	23.91	0.10
3131	23.91	0.10
3132	23.91	0.02
3133	23.91	0.02
3134	23.91	0.02
3135	23.91	0.10
3136	23.91	0.10
3137	23.91	0.10
3138	23.91	0.03
3139	23.91	0.03
3140	23.91	0.03
3141	23.91	0.06
3142	23.91	0.06
3143	23.91	0.06
3144	23.91	0.10
3145	23.91	0.10
3146	23.91	0.10
3147	23.91	0.02
3148	23.91	0.02
3149	23.91	0.02
3150	23.91	0.10
3151	23.91	0.10
3152	23.91	0.10
3153	23.91	0.03
3154	23.91	0.03
3155	23.91	0.03
3156	23.91	0.06
3157	23.91	0.06
3158	23.92	0.06
3159	23.92	0.10
3160	23.92	0.10
3161	23.91	0.10
3162	23.91	0.02
3163	23.91	0.02
3164	23.92	0.02
3165	23.92	0.10
3166	23.92	0.10
3167	23.91	0.10
3168	23.91	0.03
3169	23.91	0.03
3170	23.91	0.03
3171	23.91	0.05
3172	23.91	0.05
3173	23.91	0.05
3174	23.91	0.10
3175	23.91	0.10
3176	23.91	0.10
3177	23.91	0.01
3178	23.91	0.01
3179	23.91	0.01
3180	23.91	0.10
3181	23.91	0.10
3182	23.92	0.10
3183	23.92	0.04
3184	23.92	0.04
3185	23.92	0.04
3186	23.92	0.05
3187	23.92	0.05
3188	23.91	0.05
3189	23.91	0.10
3190	23.91	0.10
3191	23.91	0.10
3192	23.91	0.02
3193	23.91	0.02
3194	23.92	0.02
3195	23.92	0.10
3196	23.92	0.10
3197	23.93	0.10
3198	23.93	0.04
3199	23.93	0.04
3200	23.93	0.04
3201	23.93	0.04
3202	23.93	0.04
3203	23.94	0.04
3204	23.94	0.10
3205	23.94	0.10
3206	23.93	0.10
3207	23.93	0.01
3208	23.93	0.01
3209	23.93	0.01
3210	23.93	0.10
3211	23.93	0.10
3212	23.93	0.10
3213	23.93	0.04
3214	23.93	0.04
3215	23.93	0.04
3216	23.93	0.04
3217	23.93	0.04
3218	23.93	0.04
3219	23.93	0.10
3220	23.93	0.10
3221	23.93	0.10
3222	23.93	0.01
3223	23.93	0.01
3224	23.92	0.01
3225	23.92	0.10
3226	23.92	0.10
3227	23.93	0.10
3228	23.93	0.04
3229	23.93	0.04
3230	23.93	0.04
3231	23.93	0.04
3232	23.93	0.04
3233	23.93	0.04
3234	23.93	0.10
3235	23.93	0.10
3236	23.93	0.10
3237	23.93	0.02
3238	23.93	0.02
3239	23.92	0.02
3240	23.92	0.09
3241	23.92	0.09
3242	23.94	0.09
3243	23.94	0.05
3244	23.94	0.05
3245	23.94	0.05
3246	23.94	0.03
3247	23.94	0.03
3248	23.94	0.03
3249	23.94	0.10
3250	23.94	0.10
3251	23.94	0.10
3252	23.94	0.02
3253	23.94	0.02
3254	23.94	0.02
3255	23.94	0.09
3256	23.94	0.09
3257	23.94	0.09
3258	23.94	0.05
3259	23.94	0.05
3260	23.94	0.05
3261	23.94	0.03
3262	23.94	0.03
3263	23.95	0.03
3264	23.95	0.10
3265	23.95	0.10
3266	23.95	0.10
3267	23.95	0.02
3268	23.95	0.02
3269	23.93	0.02
3270	23.93	0.09
3271	23.93	0.09
3272	23.94	0.09
3273	23.94	0.06
3274	23.94	0.06
3275	23.94	0.06
3276	23.94	0.02
3277	23.94	0.02
3278	23.94	0.02
3279	23.94	0.10
3280	23.94	0.10
3281	23.95	0.10
3282	23.95	0.02
3283	23.95	0.02
3284	23.95	0.02
3285	23.95	0.09
3286	23.95	0.09
3287	23.94	0.09
3288	23.94	0.06
3289	23.94	0.06
3290	23.94	0.06
3291	23.94	0.03
3292	23.94	0.03
3293	23.94	0.03
3294	23.94	0.11
3295	23.94	0.11
3296	23.94	0.11
3297	23.94	0.02
3298	23.94	0.02
3299	23.95	0.02
3300	23.95	0.09
3301	23.95	0.09
3302	23.95	0.09
3303	23.95	0.07
3304	23.95	0.07
3305	23.95	0.07
3306	23.95	0.03
3307	23.95	0.03
3308	23.95	0.03
3309	23.95	0.11
3310	23.95	0.11
3311	23.95	0.11
3312	23.95	0.02
3313	23.95	0.02
3314	23.95	0.02
3315	23.95	0.09
3316	23.95	0.09
3317	23.96	0.09
3318	23.96	0.07
3319	23.96	0.07
3320	23.96	0.07
3321	23.96	0.03
3322	23.96	0.03
3323	23.96	0.03
3324	23.96	0.10
3325	23.96	0.10
3326	23.95	0.10
3327	23.95	0.02
3328	23.95	0.02
3329	23.97	0.02
3330	23.97	0.08
3331	23.97	0.08
3332	23.96	0.08
3333	23.96	0.08
3334	23.96	0.08
3335	23.97	0.08
3336	23.97	0.02
3337	23.97	0.02
3338	23.97	0.02
3339	23.97	0.11
3340	23.97	0.11
3341	23.97	0.11
3342	23.97	0.02
3343	23.97	0.02
3344	23.97	0.02
3345	23.97	0.08
3346	23.97	0.08
3347	23.97	0.08
3348	23.97	0.08
3349	23.97	0.08
3350	23.98	0.08
3351	23.98	0.02
3352	23.98	0.02
3353	23.97	0.02
3354	23.97	0.10
3355	23.97	0.10
3356	23.97	0.10
3357	23.97	0.03
3358	23.97	0.03
3359	23.97	0.03
3360	23.97	0.08
3361	23.97	0.08
3362	23.97	0.08
3363	23.97	0.09
3364	23.97	0.09
3365	23.97	0.09
3366	23.97	0.03
3367	23.97	0.03
3368	23.97	0.03
3369	23.97	0.11
3370	23.97	0.11
3371	23.97	0.11
3372	23.97	0.03
3373	23.97	0.03
3374	23.97	0.03
3375	23.97	0.08
3376	23.97	0.08
3377	23.97	0.08
3378	23.97	0.09
3379	23.97	0.09
3380	23.97	0.09
3381	23.97	0.03
3382	23.97	0.03
3383	23.97	0.03
3384	23.97	0.10
3385	23.97	0.10
3386	23.99	0.10
3387	23.99	0.03
3388	23.99	0.03
3389	24.00	0.03
3390	24.00	0.07
3391	24.00	0.07
3392	24.00	0.07
3393	24.00	0.09
3394	24.00	0.09
3395	24.00	0.09
3396	24.00	0.02
3397	24.00	0.02
3398	24.00	0.02
3399	24.00	0.10
3400	24.00	0.10
3401	24.01	0.10
3402	24.01	0.03
3403	24.01	0.03
3404	24.00	0.03
3405	24.00	0.07
3406	24.00	0.07
3407	24.00	0.07
3408	24.00	0.10
3409	24.00	0.10
3410	24.00	0.10
3411	24.00	0.02
3412	24.00	0.02
3413	24.00	0.02
3414	24.00	0.10
3415	24.00	0.10
3416	24.01	0.10
3417	24.01	0.03
3418	24.01	0.03
3419	24.01	0.03
3420	24.01	0.06
3421	24.01	0.06
3422	24.02	0.06
3423	24.02	0.10
3424	24.02	0.10
3425	24.02	0.10
3426	24.02	0.02
3427	24.02	0.02
3428	24.02	0.02
3429	24.02	0.10
3430	24.02	0.10
3431	24.02	0.10
3432	24.02	0.03
3433	24.02	0.03
3434	24.02	0.03
3435	24.02	0.06
3436	24.02	0.06
3437	24.02	0.06
3438	24.02	0.10
3439	24.02	0.10
3440	24.02	0.10
3441	24.02	0.02
3442	24.02	0.02
3443	24.02	0.02
3444	24.02	0.10
3445	24.02	0.10
3446	24.02	0.10
3447	24.02	0.03
3448	24.02	0.03
3449	24.02	0.03
3450	24.02	0.06
3451	24.02	0.06
3452	24.02	0.06
3453	24.02	0.09
3454	24.02	0.09
3455	24.02	0.09
3456	24.02	0.01
3457	24.02	0.01
3458	24.02	0.01
3459	24.02	0.10
3460	24.02	0.10
3461	24.01	0.10
3462	24.01	0.03
3463	24.01	0.03
3464	24.01	0.03
3465	24.01	0.05
3466	24.01	0.05
3467	24.01	0.05
3468	24.01	0.10
3469	24.01	0.10
3470	24.01	0.10
3471	24.01	0.01
3472	24.01	0.01
3473	24.02	0.01
3474	24.02	0.10
3475	24.02	0.10
3476	24.02	0.10
3477	24.02	0.03
3478	24.02	0.03
3479	24.02	0.03
3480	24.02	0.05
3481	24.02	0.05
3482	24.02	0.05
3483	24.02	0.10
3484	24.02	0.10
3485	24.02	0.10
3486	24.02	0.01
3487	24.02	0.01
3488	24.02	0.01
3489	24.02	0.09
3490	24.02	0.09
3491	24.02	0.09
3492	24.02	0.04
3493	24.02	0.04
3494	24.01	0.04
3495	24.01	0.04
3496	24.01	0.04
3497	24.02	0.04
3498	24.02	0.10
3499	24.02	0.10
3500	24.02	0.10
3501	24.02	0.01
3502	24.02	0.01
3503	24.02	0.01
3504	24.02	0.10
3505	24.02	0.10
3506	24.01	0.10
3507	24.01	0.04
3508	24.01	0.04
3509	24.02	0.04
3510	24.02	0.04
3511	24.02	0.04
3512	24.01	0.04
3513	24.01	0.10
3514	24.01	0.10
3515	24.01	0.10
3516	24.01	0.02
3517	24.01	0.02
3518	24.01	0.02
3519	24.01	0.09
3520	24.01	0.09
3521	24.02	0.09
3522	24.02	0.04
3523	24.02	0.04
3524	24.01	0.04
3525	24.01	0.04
3526	24.01	0.04
3527	24.01	0.04
3528	24.01	0.10
3529	24.01	0.10
3530	24.02	0.10
3531	24.02	0.02
3532	24.02	0.02
3533	24.02	0.02
3534	24.02	0.09
3535	24.02	0.09
3536	24.02	0.09
3537	24.02	0.04
3538	24.02	0.04
3539	24.02	0.04
3540	24.02	0.04
3541	24.02	0.04
3542	24.01	0.04
3543	24.01	0.10
3544	24.01	0.10
3545	24.01	0.10
3546	24.01	0.01
3547	24.01	0.01
3548	24.01	0.01
3549	24.01	0.10
3550	24.01	0.10
3551	24.01	0.10
3552	24.01	0.05
3553	24.01	0.05
3554	24.01	0.05
3555	24.01	0.04
3556	24.01	0.04
3557	24.01	0.04
3558	24.01	0.10
3559	24.01	0.10
3560	24.01	0.10
3561	24.01	0.02
3562	24.01	0.02
3563	24.01	0.02
3564	24.01	0.10
3565	24.01	0.10
3566	24.01	0.10
3567	24.01	0.05
3568	24.01	0.05
3569	24.01	0.05
3570	24.01	0.03
3571	24.01	0.03
3572	24.01	0.03
3573	24.01	0.10
3574	24.01	0.10
3575	24.01	0.10
3576	24.01	0.02
3577	24.01	0.02
3578	24.01	0.02
3579	24.01	0.10
3580	24.01	0.10
3581	24.01	0.10
3582	24.01	0.05
3583	24.01	0.05
3584	24.01	0.05
3585	24.01	0.03
3586	24.01	0.03
3587	24.02	0.03
3588	24.02	0.10
3589	24.02	0.10
3590	24.02	0.10
3591	24.02	0.02
3592	24.02	0.02
3593	24.01	0.02
3594	24.01	0.09
3595	24.01	0.09
3596	24.01	0.09
3597	24.01	0.05
3598	24.01	0.05
3599	24.00	0.05
3600	24.00	0.03
3601	24.00	0.03
3602	24.01	0.03
3603	24.01	0.10
3604	24.01	0.10
3605	24.01	0.10
3606	24.01	0.02
3607	24.01	0.02
3608	24.01	0.02
3609	24.01	0.09
3610	24.01	0.09
3611	24.01	0.09
3612	24.01	0.05
3613	24.01	0.05
3614	24.01	0.05
3615	24.01	0.03
3616	24.01	0.03
3617	24.01	0.03
3618	24.01	0.10
3619	24.01	0.10
3620	24.01	0.10
3621	24.01	0.02
3622	24.01	0.02
3623	24.01	0.02
3624	24.01	0.09
3625	24.01	0.09
3626	24.01	0.09
3627	24.01	0.05
3628	24.01	0.05
3629	24.01	0.05
3630	24.01	0.03
3631	24.01	0.03
3632	24.01	0.03
3633	24.01	0.10
3634	24.01	0.10
3635	24.01	0.10
3636	24.01	0.02
3637	24.01	0.02
3638	24.01	0.02
3639	24.01	0.09
3640	24.01	0.09
3641	24.01	0.09
3642	24.01	0.05
3643	24.01	0.05
3644	24.01	0.05
3645	24.01	0.03
3646	24.01	0.03
3647	24.01	0.03
3648	24.01	0.10
3649	24.01	0.10
3650	24.01	0.10
3651	24.01	0.02
3652	24.01	0.02
3653	24.01	0.02
3654	24.01	0.09
3655	24.01	0.09
3656	24.00	0.09
3657	24.00	0.06
3658	24.00	0.06
3659	24.00	0.06
3660	24.00	0.03
3661	24.00	0.03
3662	24.01	0.03
3663	24.01	0.10
3664	24.01	0.10
3665	24.00	0.10
3666	24.00	0.02
3667	24.00	0.02
3668	24.01	0.02
3669	24.01	0.09
3670	24.01	0.09
3671	24.00	0.09
3672	24.00	0.06
3673	24.00	0.06
3674	24.01	0.06
3675	24.01	0.02
3676	24.01	0.02
3677	24.01	0.02
3678	24.01	0.10
3679	24.01	0.10
3680	24.01	0.10
3681	24.01	0.02
3682	24.01	0.02
3683	24.01	0.02
3684	24.01	0.09
3685	24.01	0.09
3686	24.00	0.09
3687	24.00	0.06
3688	24.00	0.06
3689	24.00	0.06
3690	24.00	0.02
3691	24.00	0.02
3692	24.01	0.02
3693	24.01	0.11
3694	24.01	0.11
3695	24.01	0.11
3696	24.01	0.03
3697	24.01	0.03
3698	24.00	0.03
3699	24.00	0.09
3700	24.00	0.09
3701	24.00	0.09
3702	24.00	0.06
3703	24.00	0.06
3704	24.01	0.06
3705	24.01	0.02
3706	24.01	0.02
3707	24.00	0.02
3708	24.00	0.11
3709	24.00	0.11
3710	24.00	0.11
3711	24.00	0.03
3712	24.00	0.03
3713	24.00	0.03
3714	24.00	0.09
3715	24.00	0.09
3716	24.00	0.09
3717	24.00	0.06
3718	24.00	0.06
3719	24.00	0.06
3720	24.00	0.03
3721	24.00	0.03
3722	24.00	0.03
3723	24.00	0.11
3724	24.00	0.11
3725	24.00	0.11
3726	24.00	0.03
3727	24.00	0.03
3728	24.00	0.03
3729	24.00	0.09
3730	24.00	0.09
3731	24.00	0.09
3732	24.00	0.07
3733	24.00	0.07
3734	24.00	0.07
3735	24.00	0.02
3736	24.00	0.02
3737	24.01	0.02
3738	24.01	0.11
3739	24.01	0.11
3740	24.00	0.11
3741	24.00	0.02
3742	24.00	0.02
3743	24.00	0.02
3744	24.00	0.09
3745	24.00	0.09
3746	24.00	0.09
3747	24.00	0.07
3748	24.00	0.07
3749	23.99	0.07
3750	23.99	0.03
3751	23.99	0.03
3752	24.00	0.03
3753	24.00	0.10
3754	24.00	0.10
3755	24.00	0.10
3756	24.00	0.03
3757	24.00	0.03
3758	24.00	0.03
3759	24.00	0.08
3760	24.00	0.08
3761	24.00	0.08
3762	24.00	0.08
3763	24.00	0.08
3764	24.00	0.08
3765	24.00	0.02
3766	24.00	0.02
3767	23.99	0.02
3768	23.99	0.11
3769	23.99	0.11
3770	24.00	0.11
3771	24.00	0.03
3772	24.00	0.03
3773	23.99	0.03
3774	23.99	0.08
3775	23.99	0.08
3776	23.99	0.08
3777	23.99	0.08
3778	23.99	0.08
3779	23.99	0.08
3780	23.99	0.03
3781	23.99	0.03
3782	24.00	0.03
3783	24.00	0.11
3784	24.00	0.11
3785	24.00	0.11
3786	24.00	0.02
3787	24.00	0.02
3788	24.00	0.02
3789	24.00	0.08
3790	24.00	0.08
3791	23.99	0.08
3792	23.99	0.08
3793	23.99	0.08
3794	24.00	0.08
3795	24.00	0.03
3796	24.00	0.03
3797	23.99	0.03
3798	23.99	0.11
3799	23.99	0.11
3800	23.99	0.11
3801	23.99	0.02
3802	23.99	0.02
3803	23.99	0.02
3804	23.99	0.08
3805	23.99	0.08
3806	23.99	0.08
3807	23.99	0.09
3808	23.99	0.09
3809	23.99	0.09
3810	23.99	0.02
3811	23.99	0.02
3812	23.99	0.02
3813	23.99	0.10
3814	23.99	0.10
3815	23.99	0.10
3816	23.99	0.02
3817	23.99	0.02
3818	23.99	0.02
3819	23.99	0.08
3820	23.99	0.08
3821	23.99	0.08
3822	23.99	0.09
3823	23.99	0.09
3824	23.99	0.09
3825	23.99	0.02
3826	23.99	0.02
3827	23.99	0.02
3828	23.99	0.10
3829	23.99	0.10
3830	23.99	0.10
3831	23.99	0.03
3832	23.99	0.03
3833	23.99	0.03
3834	23.99	0.07
3835	23.99	0.07
3836	23.99	0.07
3837	23.99	0.09
3838	23.99	0.09
3839	23.99	0.09
3840	23.99	0.02
3841	23.99	0.02
3842	23.99	0.02
3843	23.99	0.10
3844	23.99	0.10
3845	23.98	0.10
3846	23.98	0.03
3847	23.98	0.03
3848	23.98	0.03
3849	23.98	0.07
3850	23.98	0.07
3851	23.98	0.07
3852	23.98	0.09
3853	23.98	0.09
3854	23.99	0.09
3855	23.99	0.02
3856	23.99	0.02
3857	23.99	0.02
3858	23.99	0.10
3859	23.99	0.10
3860	23.98	0.10
3861	23.98	0.03
3862	23.98	0.03
3863	23.98	0.03
3864	23.98	0.07
3865	23.98	0.07
3866	23.98	0.07
3867	23.98	0.09
3868	23.98	0.09
3869	23.98	0.09
3870	23.98	0.02
3871	23.98	0.02
3872	23.98	0.02
3873	23.98	0.10
3874	23.98	0.10
3875	23.98	0.10
3876	23.98	0.03
3877	23.98	0.03
3878	23.99	0.03
3879	23.99	0.06
3880	23.99	0.06
3881	23.98	0.06
3882	23.98	0.10
3883	23.98	0.10
3884	23.99	0.10
3885	23.99	0.02
3886	23.99	0.02
3887	23.98	0.02
3888	23.98	0.10
3889	23.98	0.10
3890	23.98	0.10
3891	23.98	0.03
3892	23.98	0.03
3893	23.98	0.03
3894	23.98	0.06
3895	23.98	0.06
3896	23.98	0.06
3897	23.98	0.10
3898	23.98	0.10
3899	23.98	0.10
3900	23.98	0.02
3901	23.98	0.02
3902	23.98	0.02
3903	23.98	0.10
3904	23.98	0.10
3905	23.98	0.10
3906	23.98	0.03
3907	23.98	0.03
3908	23.98	0.03
3909	23.98	0.06
3910	23.98	0.06
3911	23.98	0.06
3912	23.98	0.10
3913	23.98	0.10
3914	23.98	0.10
3915	23.98	0.02
3916	23.98	0.02
3917	23.98	0.02
3918	23.98	0.10
3919	23.98	0.10
3920	23.98	0.10
3921	23.98	0.03
3922	23.98	0.03
3923	23.99	0.03
3924	23.99	0.06
3925	23.99	0.06
3926	23.99	0.06
3927	23.99	0.10
3928	23.99	0.10
3929	22.96	0.10
3930	22.96	0.01
3931	22.96	0.01
3932	9.86	0.01
3933	9.86	0.09
3934	9.86	0.09
3935	-0.67	0.09
3936	-0.67	0.03
3937	-0.67	0.03
3938	-1.41	0.03
3939	-1.41	0.05
3940	-1.41	0.05
3941	-1.75	0.05
3942	-1.75	0.09
3943	-1.75	0.09
3944	0.28	0.09
3945	0.28	0.01
3946	0.28	0.01
3947	1.72	0.01
3948	1.72	0.10
3949	1.72	0.10
3950	1.66	0.10
3951	1.66	0.03
3952	1.66	0.03
3953	1.17	0.03
3954	1.17	0.05
3955	1.17	0.05
3956	0.66	0.05
3957	0.66	0.09
3958	0.66	0.09
3959	0.57	0.09
3960	0.57	0.01
3961	0.57	0.01
3962	0.57	0.01
3963	0.57	0.10
3964	0.57	0.10
3965	0.60	0.10
3966	0.60	0.03
3967	0.60	0.03
3968	0.61	0.03
3969	0.61	0.05
3970	0.61	0.05
3971	0.61	0.05
3972	0.61	0.10
3973	0.61	0.10
3974	0.61	0.10
3975	0.61	0.01
3976	0.61	0.01
3977	0.60	0.01
3978	0.60	0.09
3979	0.60	0.09
3980	0.60	0.09
3981	0.60	0.03
3982	0.60	0.03
3983	0.54	0.03
3984	0.54	0.05
3985	0.54	0.05
3986	0.55	0.05
3987	0.55	0.10
3988	0.55	0.10
3989	0.55	0.10
3990	0.55	0.01
3991	0.55	0.01
3992	0.55	0.01
3993	0.55	0.09
3994	0.55	0.09
3995	0.55	0.09
3996	0.55	0.03
3997	0.55	0.03
3998	0.55	0.03
3999	0.55	0.04
4000	0.55	0.04
4001	0.56	0.04
4002	0.56	0.09
4003	0.56	0.09
4004	0.57	0.09
4005	0.57	0.01
4006	0.57	0.01
4007	0.58	0.01
4008	0.58	0.09
4009	0.58	0.09
4010	0.58	0.09
4011	0.58	0.03
4012	0.58	0.03
4013	0.61	0.03
4014	0.61	0.04
4015	0.61	0.04
4016	0.62	0.04
4017	0.62	0.10
4018	0.62	0.10
4019	0.62	0.10
4020	0.62	0.01
4021	0.62	0.01
4022	0.62	0.01
4023	0.62	0.10
4024	0.62	0.10
4025	0.62	0.10
4026	0.62	0.03
4027	0.62	0.03
4028	0.62	0.03
4029	0.62	0.04
4030	0.62	0.04
4031	0.62	0.04
4032	0.62	0.09
4033	0.62	0.09
4034	0.62	0.09
4035	0.62	0.01
4036	0.62	0.01
4037	0.62	0.01
4038	0.62	0.09
4039	0.62	0.09
4040	0.62	0.09
4041	0.62	0.04
4042	0.62	0.04
4043	0.62	0.04
4044	0.62	0.04
4045	0.62	0.04
4046	0.62	0.04
4047	0.62	0.09
4048	0.62	0.09
4049	0.62	0.09
4050	0.62	0.01
4051	0.62	0.01
4052	0.63	0.01
4053	0.63	0.09
4054	0.63	0.09
4055	0.63	0.09
4056	0.63	0.04
4057	0.63	0.04
4058	0.63	0.04
4059	0.63	0.04
4060	0.63	0.04
4061	0.64	0.04
4062	0.64	0.10
4063	0.64	0.10
4064	0.64	0.10
4065	0.64	0.01
4066	0.64	0.01
4067	0.64	0.01
4068	0.64	0.09
4069	0.64	0.09
