Contador    P0  P1
0	-2.22	-2.22
1	-2.22	-2.22
2	8.19	-2.22
3	8.19	7.62
4	8.19	7.62
5	8.22	7.62
6	8.22	7.72
7	8.22	7.72
8	8.21	7.72
9	8.21	7.62
10	8.21	7.62
11	8.22	7.62
12	8.22	7.70
13	8.22	7.70
14	8.22	7.70
15	8.22	7.65
16	8.22	7.65
17	8.22	7.65
18	8.22	7.64
19	8.22	7.64
20	8.22	7.64
21	0.00	0.06
22	0.00	0.06
23	-0.01	0.06
24	-0.01	-0.01
25	-0.01	-0.01
26	0.00	-0.01
27	0.00	0.06
28	0.00	0.06
29	-0.01	0.06
30	-0.01	0.01
31	-0.01	0.01
32	-0.01	0.01
33	-0.01	-0.00
34	-0.01	-0.00
35	-0.01	-0.00
36	-0.01	0.06
37	-0.01	0.06
38	-0.01	0.06
39	-0.01	-0.01
40	-0.01	-0.01
41	-0.01	-0.01
42	-0.01	0.06
43	-0.01	0.06
44	-0.02	0.06
45	-0.02	0.02
46	-0.02	0.02
47	-0.01	0.02
48	-0.01	-0.00
49	-0.01	-0.00
50	-0.02	-0.00
51	-0.02	0.06
52	-0.02	0.06
53	-0.02	0.06
54	-0.02	-0.01
55	-0.02	-0.01
56	-0.02	-0.01
57	-0.02	0.06
58	-0.02	0.06
59	-0.02	0.06
60	-0.02	0.02
61	-0.02	0.02
62	-0.02	0.02
63	-0.02	-0.00
64	-0.02	-0.00
65	-0.02	-0.00
66	-0.02	0.07
67	-0.02	0.07
68	-0.02	0.07
69	-0.02	-0.01
70	-0.02	-0.01
71	-0.02	-0.01
72	-0.02	0.05
73	-0.02	0.05
74	-0.02	0.05
75	-0.02	0.04
76	-0.02	0.04
77	-0.03	0.04
78	-0.03	-0.01
79	-0.03	-0.01
80	-0.02	-0.01
81	-0.02	0.07
82	-0.02	0.07
83	-0.03	0.07
84	-0.03	-0.01
85	-0.03	-0.01
86	-0.03	-0.01
87	-0.03	0.05
88	-0.03	0.05
89	-0.03	0.05
90	-0.03	0.04
91	-0.03	0.04
92	-0.03	0.04
93	-0.03	-0.01
94	-0.03	-0.01
95	-0.03	-0.01
96	-0.03	0.07
97	-0.03	0.07
98	-0.03	0.07
99	-0.03	-0.01
100	-0.03	-0.01
101	-0.03	-0.01
102	-0.03	0.04
103	-0.03	0.04
104	-0.04	0.04
105	-0.04	0.05
106	-0.04	0.05
107	-0.04	0.05
108	-0.04	-0.01
109	-0.04	-0.01
110	-0.04	-0.01
111	-0.04	0.06
112	-0.04	0.06
113	-0.04	0.06
114	-0.04	-0.01
115	-0.04	-0.01
116	-0.04	-0.01
117	-0.04	0.03
118	-0.04	0.03
119	-0.04	0.03
120	-0.04	0.06
121	-0.04	0.06
122	-0.04	0.06
123	-0.04	-0.02
124	-0.04	-0.02
125	-0.04	-0.02
126	-0.04	0.06
127	-0.04	0.06
128	-0.04	0.06
129	-0.04	-0.01
130	-0.04	-0.01
131	-0.04	-0.01
132	-0.04	0.02
133	-0.04	0.02
134	-0.04	0.02
135	-0.04	0.06
136	-0.04	0.06
137	-0.04	0.06
138	-0.04	-0.03
139	-0.04	-0.03
140	-0.04	-0.03
141	-0.04	0.06
142	-0.04	0.06
143	-0.04	0.06
144	-0.04	0.00
145	-0.04	0.00
146	-0.03	0.00
147	-0.03	0.00
148	-0.03	0.00
149	-0.03	0.00
150	-0.03	0.06
151	-0.03	0.06
152	-0.04	0.06
153	-0.04	-0.03
154	-0.04	-0.03
155	-0.04	-0.03
156	-0.04	0.06
157	-0.04	0.06
158	-0.04	0.06
159	-0.04	0.00
160	-0.04	0.00
161	-0.04	0.00
162	-0.04	-0.01
163	-0.04	-0.01
164	-0.03	-0.01
165	-0.03	0.07
166	-0.03	0.07
167	-0.04	0.07
168	-0.04	-0.02
169	-0.04	-0.02
170	-0.04	-0.02
171	-0.04	0.06
172	-0.04	0.06
173	-0.04	0.06
174	-0.04	0.01
175	-0.04	0.01
176	-0.04	0.01
177	-0.04	-0.01
178	-0.04	-0.01
179	-0.04	-0.01
180	-0.04	0.07
181	-0.04	0.07
182	-0.04	0.07
183	-0.04	-0.02
184	-0.04	-0.02
185	-0.04	-0.02
186	-0.04	0.06
187	-0.04	0.06
188	-0.04	0.06
189	-0.04	0.03
190	-0.04	0.03
191	-0.04	0.03
192	-0.04	-0.02
193	-0.04	-0.02
194	-0.04	-0.02
195	-0.04	0.07
196	-0.04	0.07
197	-0.04	0.07
198	-0.04	-0.02
199	-0.04	-0.02
200	-0.04	-0.02
201	-0.04	0.05
202	-0.04	0.05
203	-0.04	0.05
204	-0.04	0.03
205	-0.04	0.03
206	-0.04	0.03
207	-0.04	-0.01
208	-0.04	-0.01
209	-0.04	-0.01
210	-0.04	0.07
211	-0.04	0.07
212	-0.04	0.07
213	-0.04	-0.01
214	-0.04	-0.01
215	-0.04	-0.01
216	-0.04	0.05
217	-0.04	0.05
218	-0.04	0.05
219	-0.04	0.04
220	-0.04	0.04
221	-0.04	0.04
222	-0.04	-0.02
223	-0.04	-0.02
224	-0.04	-0.02
225	-0.04	0.07
226	-0.04	0.07
227	-0.04	0.07
228	-0.04	-0.01
229	-0.04	-0.01
230	-0.04	-0.01
231	-0.04	0.05
232	-0.04	0.05
233	-0.04	0.05
234	-0.04	0.05
235	-0.04	0.05
236	-0.04	0.05
237	-0.04	-0.02
238	-0.04	-0.02
239	-0.04	-0.02
240	-0.04	0.07
241	-0.04	0.07
242	-0.04	0.07
243	-0.04	-0.01
244	-0.04	-0.01
245	-0.04	-0.01
246	-0.04	0.04
247	-0.04	0.04
248	-0.04	0.04
249	-0.04	0.06
250	-0.04	0.06
251	-0.04	0.06
252	-0.04	-0.02
253	-0.04	-0.02
254	-0.04	-0.02
255	-0.04	0.07
256	-0.04	0.07
257	-0.04	0.07
258	-0.04	-0.01
259	-0.04	-0.01
260	-0.04	-0.01
261	-0.04	0.03
262	-0.04	0.03
263	-0.04	0.03
264	-0.04	0.06
265	-0.04	0.06
266	-0.04	0.06
267	-0.04	-0.03
268	-0.04	-0.03
269	-0.04	-0.03
270	-0.04	0.06
271	-0.04	0.06
272	-0.04	0.06
273	-0.04	-0.00
274	-0.04	-0.00
275	-0.04	-0.00
276	-0.04	0.01
277	-0.04	0.01
278	-0.04	0.01
279	-0.04	0.06
280	-0.04	0.06
281	-0.04	0.06
282	-0.04	-0.03
283	-0.04	-0.03
284	-0.04	-0.03
285	-0.04	0.06
286	-0.04	0.06
287	-0.04	0.06
288	-0.04	-0.00
289	-0.04	-0.00
290	-0.04	-0.00
291	-0.04	0.01
292	-0.04	0.01
293	-0.04	0.01
294	-0.04	0.06
295	-0.04	0.06
296	-0.04	0.06
297	-0.04	-0.03
298	-0.04	-0.03
299	-0.04	-0.03
300	-0.04	0.06
301	-0.04	0.06
302	-0.04	0.06
303	-0.04	0.00
304	-0.04	0.00
305	-0.04	0.00
306	-0.04	-0.00
307	-0.04	-0.00
308	-0.04	-0.00
309	-0.04	0.07
310	-0.04	0.07
311	-0.04	0.07
312	-0.04	-0.03
313	-0.04	-0.03
314	-0.04	-0.03
315	-0.04	0.06
316	-0.04	0.06
317	-0.04	0.06
318	-0.04	0.01
319	-0.04	0.01
320	-0.04	0.01
321	-0.04	-0.01
322	-0.04	-0.01
323	-0.04	-0.01
324	-0.04	0.07
325	-0.04	0.07
326	0.15	0.07
327	0.15	-0.02
328	0.15	-0.02
329	14.75	-0.02
330	14.75	0.06
331	14.75	0.06
332	18.61	0.06
333	18.61	0.02
334	18.61	0.02
335	19.53	0.02
336	19.53	-0.01
337	19.53	-0.01
338	19.33	-0.01
339	19.33	0.07
340	19.33	0.07
341	19.21	0.07
342	19.21	-0.02
343	19.21	-0.02
344	19.13	-0.02
345	19.13	0.06
346	19.13	0.06
347	19.18	0.06
348	19.18	0.03
349	19.18	0.03
350	19.11	0.03
351	19.11	-0.01
352	19.11	-0.01
353	19.06	-0.01
354	19.06	0.07
355	19.06	0.07
356	19.08	0.07
357	19.08	-0.01
358	19.08	-0.01
359	19.22	-0.01
360	19.22	0.05
361	19.22	0.05
362	19.25	0.05
363	19.25	0.03
364	19.25	0.03
365	19.19	0.03
366	19.19	-0.01
367	19.19	-0.01
368	19.19	-0.01
369	19.19	0.07
370	19.19	0.07
371	19.20	0.07
372	19.20	-0.01
373	19.20	-0.01
374	19.21	-0.01
375	19.21	0.05
376	19.21	0.05
377	19.29	0.05
378	19.29	0.04
379	19.29	0.04
380	19.22	0.04
381	19.22	-0.01
382	19.22	-0.01
383	19.21	-0.01
384	19.21	0.07
385	19.21	0.07
386	19.21	0.07
387	19.21	-0.01
388	19.21	-0.01
389	19.30	-0.01
390	19.30	0.05
391	19.30	0.05
392	19.30	0.05
393	19.30	0.05
394	19.30	0.05
395	19.23	0.05
396	19.23	-0.02
397	19.23	-0.02
398	19.24	-0.02
399	19.24	0.07
400	19.24	0.07
401	19.20	0.07
402	19.20	-0.01
403	19.20	-0.01
404	19.24	-0.01
405	19.24	0.04
406	19.24	0.04
407	19.23	0.04
408	19.23	0.06
409	19.23	0.06
410	19.17	0.06
411	19.17	-0.01
412	19.17	-0.01
413	19.18	-0.01
414	19.18	0.07
415	19.18	0.07
416	19.24	0.07
417	19.24	-0.01
418	19.24	-0.01
419	19.30	-0.01
420	19.30	0.04
421	19.30	0.04
422	19.27	0.04
423	19.27	0.06
424	19.27	0.06
425	19.24	0.06
426	19.24	-0.02
427	19.24	-0.02
428	19.26	-0.02
429	19.26	0.07
430	19.26	0.07
431	19.25	0.07
432	19.25	-0.00
433	19.25	-0.00
434	19.26	-0.00
435	19.26	0.03
436	19.26	0.03
437	19.23	0.03
438	19.23	0.07
439	19.23	0.07
440	19.21	0.07
441	19.21	-0.02
442	19.21	-0.02
443	19.20	-0.02
444	19.20	0.06
445	19.20	0.06
446	19.25	0.06
447	19.25	-0.01
448	19.25	-0.01
449	19.23	-0.01
450	19.23	0.02
451	19.23	0.02
452	19.21	0.02
453	19.21	0.06
454	19.21	0.06
455	19.24	0.06
456	19.24	-0.02
457	19.24	-0.02
458	19.20	-0.02
459	19.20	0.07
460	19.20	0.07
461	19.19	0.07
462	19.19	-0.00
463	19.19	-0.00
464	19.11	-0.00
465	19.11	0.02
466	19.11	0.02
467	19.03	0.02
468	19.03	0.06
469	19.03	0.06
470	18.99	0.06
471	18.99	-0.02
472	18.99	-0.02
473	18.88	-0.02
474	18.88	0.06
475	18.88	0.06
476	18.82	0.06
477	18.82	-0.00
478	18.82	-0.00
479	18.74	-0.00
480	18.74	0.01
481	18.74	0.01
482	18.69	0.01
483	18.69	0.07
484	18.69	0.07
485	18.71	0.07
486	18.71	-0.03
487	18.71	-0.03
488	18.73	-0.03
489	18.73	0.06
490	18.73	0.06
491	18.71	0.06
492	18.71	-0.00
493	18.71	-0.00
494	18.69	-0.00
495	18.69	0.01
496	18.69	0.01
497	18.66	0.01
498	18.66	0.07
499	18.66	0.07
500	18.63	0.07
501	18.63	-0.02
502	18.63	-0.02
503	18.72	-0.02
504	18.72	0.06
505	18.72	0.06
506	18.70	0.06
507	18.70	-0.00
508	18.70	-0.00
509	18.66	-0.00
510	18.66	0.01
511	18.66	0.01
512	18.70	0.01
513	18.70	0.07
514	18.70	0.07
515	18.65	0.07
516	18.65	-0.02
517	18.65	-0.02
518	18.70	-0.02
519	18.70	0.06
520	18.70	0.06
521	18.71	0.06
522	18.71	0.00
523	18.71	0.00
524	18.70	0.00
525	18.70	0.01
526	18.70	0.01
527	18.73	0.01
528	18.73	0.07
529	18.73	0.07
530	18.76	0.07
531	18.76	-0.02
532	18.76	-0.02
533	18.82	-0.02
534	18.82	0.06
535	18.82	0.06
536	18.82	0.06
537	18.82	0.00
538	18.82	0.00
539	18.84	0.00
540	18.84	0.00
541	18.84	0.00
542	18.86	0.00
543	18.86	0.07
544	18.86	0.07
545	18.92	0.07
546	18.92	-0.03
547	18.92	-0.03
548	19.01	-0.03
549	19.01	0.06
550	19.01	0.06
551	19.08	0.06
552	19.08	0.01
553	19.08	0.01
554	19.09	0.01
555	19.09	-0.00
556	19.09	-0.00
557	19.09	-0.00
558	19.09	0.07
559	19.09	0.07
560	19.17	0.07
561	19.17	-0.02
562	19.17	-0.02
563	19.18	-0.02
564	19.18	0.06
565	19.18	0.06
566	19.16	0.06
567	19.16	0.00
568	19.16	0.00
569	19.18	0.00
570	19.18	-0.00
571	19.18	-0.00
572	19.15	-0.00
573	19.15	0.07
574	19.15	0.07
575	19.18	0.07
576	19.18	-0.02
577	19.18	-0.02
578	19.17	-0.02
579	19.17	0.06
580	19.17	0.06
581	19.13	0.06
582	19.13	0.00
583	19.13	0.00
584	19.15	0.00
585	19.15	0.00
586	19.15	0.00
587	19.15	0.00
588	19.15	0.07
589	19.15	0.07
590	19.19	0.07
591	19.19	-0.02
592	19.19	-0.02
593	19.19	-0.02
594	19.19	0.06
595	19.19	0.06
596	19.15	0.06
597	19.15	0.00
598	19.15	0.00
599	19.19	0.00
600	19.19	-0.00
601	19.19	-0.00
602	19.18	-0.00
603	19.18	0.07
604	19.18	0.07
605	19.23	0.07
606	19.23	-0.02
607	19.23	-0.02
608	19.23	-0.02
609	19.23	0.06
610	19.23	0.06
611	19.23	0.06
612	19.23	0.00
613	19.23	0.00
614	19.23	0.00
615	19.23	-0.00
616	19.23	-0.00
617	19.27	-0.00
618	19.27	0.07
619	19.27	0.07
620	19.24	0.07
621	19.24	-0.02
622	19.24	-0.02
623	19.20	-0.02
624	19.20	0.06
625	19.20	0.06
626	19.23	0.06
627	19.23	0.00
628	19.23	0.00
629	19.22	0.00
630	19.22	-0.00
631	19.22	-0.00
632	19.24	-0.00
633	19.24	0.07
634	19.24	0.07
635	19.26	0.07
636	19.26	-0.02
637	19.26	-0.02
638	19.25	-0.02
639	19.25	0.06
640	19.25	0.06
641	19.24	0.06
642	19.24	0.00
643	19.24	0.00
644	19.20	0.00
645	19.20	-0.00
646	19.20	-0.00
647	19.25	-0.00
648	19.25	0.07
649	19.25	0.07
650	19.24	0.07
651	19.24	-0.02
652	19.24	-0.02
653	19.23	-0.02
654	19.23	0.06
655	19.23	0.06
656	19.23	0.06
657	19.23	0.00
658	19.23	0.00
659	19.21	0.00
660	19.21	-0.00
661	19.21	-0.00
662	19.26	-0.00
663	19.26	0.07
664	19.26	0.07
665	19.23	0.07
666	19.23	-0.02
667	19.23	-0.02
668	19.20	-0.02
669	19.20	0.06
670	19.20	0.06
671	19.18	0.06
672	19.18	0.00
673	19.18	0.00
674	19.24	0.00
675	19.24	0.00
676	19.24	0.00
677	19.24	0.00
678	19.24	0.07
679	19.24	0.07
680	19.20	0.07
681	19.20	-0.02
682	19.20	-0.02
683	19.20	-0.02
684	19.20	0.06
685	19.20	0.06
686	19.22	0.06
687	19.22	-0.00
688	19.22	-0.00
689	19.28	-0.00
690	19.28	0.00
691	19.28	0.00
692	19.29	0.00
693	19.29	0.07
694	19.29	0.07
695	19.26	0.07
696	19.26	-0.02
697	19.26	-0.02
698	19.23	-0.02
699	19.23	0.06
700	19.23	0.06
701	19.21	0.06
702	19.21	0.00
703	19.21	0.00
704	19.28	0.00
705	19.28	0.00
706	19.28	0.00
707	19.25	0.00
708	19.25	0.06
709	19.25	0.06
710	19.25	0.06
711	19.25	-0.02
712	19.25	-0.02
713	19.25	-0.02
714	19.25	0.06
715	19.25	0.06
716	19.24	0.06
717	19.24	-0.00
718	19.24	-0.00
719	19.26	-0.00
720	19.26	0.01
721	19.26	0.01
722	19.26	0.01
723	19.26	0.06
724	19.26	0.06
725	19.25	0.06
726	19.25	-0.03
727	19.25	-0.03
728	19.24	-0.03
729	19.24	0.06
730	19.24	0.06
731	19.24	0.06
732	19.24	-0.00
733	19.24	-0.00
734	19.26	-0.00
735	19.26	0.01
736	19.26	0.01
737	19.25	0.01
738	19.25	0.06
739	19.25	0.06
740	19.23	0.06
741	19.23	-0.02
742	19.23	-0.02
743	19.28	-0.02
744	19.28	0.06
745	19.28	0.06
746	19.26	0.06
747	19.26	-0.00
748	19.26	-0.00
749	19.27	-0.00
750	19.27	0.01
751	19.27	0.01
752	19.25	0.01
753	19.25	0.07
754	19.25	0.07
755	19.24	0.07
756	19.24	-0.02
757	19.24	-0.02
758	19.24	-0.02
759	19.24	0.06
760	19.24	0.06
761	19.29	0.06
762	19.29	-0.00
763	19.29	-0.00
764	19.32	-0.00
765	19.32	0.01
766	19.32	0.01
767	19.29	0.01
768	19.29	0.06
769	19.29	0.06
770	19.29	0.06
771	19.29	-0.03
772	19.29	-0.03
773	19.26	-0.03
774	19.26	0.06
775	19.26	0.06
776	19.30	0.06
777	19.30	-0.00
778	19.30	-0.00
779	19.32	-0.00
780	19.32	0.01
781	19.32	0.01
782	19.28	0.01
783	19.28	0.06
784	19.28	0.06
785	19.29	0.06
786	19.29	-0.03
787	19.29	-0.03
788	19.29	-0.03
789	19.29	0.06
790	19.29	0.06
791	19.32	0.06
792	19.32	-0.00
793	19.32	-0.00
794	19.30	-0.00
795	19.30	0.01
796	19.30	0.01
797	19.29	0.01
798	19.29	0.06
799	19.29	0.06
800	19.29	0.06
801	19.29	-0.03
802	19.29	-0.03
803	19.29	-0.03
804	19.29	0.06
805	19.29	0.06
806	19.30	0.06
807	19.30	-0.00
808	19.30	-0.00
809	19.29	-0.00
810	19.29	0.01
811	19.29	0.01
812	19.28	0.01
813	19.28	0.07
814	19.28	0.07
815	19.26	0.07
816	19.26	-0.03
817	19.26	-0.03
818	19.27	-0.03
819	19.27	0.06
820	19.27	0.06
821	19.28	0.06
822	19.28	-0.00
823	19.28	-0.00
824	19.27	-0.00
825	19.27	0.01
826	19.27	0.01
827	19.25	0.01
828	19.25	0.06
829	19.25	0.06
830	19.27	0.06
831	19.27	-0.02
832	19.27	-0.02
833	19.26	-0.02
834	19.26	0.06
835	19.26	0.06
836	19.28	0.06
837	19.28	-0.01
838	19.28	-0.01
839	19.26	-0.01
840	19.26	0.02
841	19.26	0.02
842	19.24	0.02
843	19.24	0.07
844	19.24	0.07
845	19.23	0.07
846	19.23	-0.02
847	19.23	-0.02
848	19.30	-0.02
849	19.30	0.06
850	19.30	0.06
851	19.31	0.06
852	19.31	-0.00
853	19.31	-0.00
854	19.27	-0.00
855	19.27	0.02
856	19.27	0.02
857	19.27	0.02
858	19.27	0.06
859	19.27	0.06
860	19.27	0.06
861	19.27	-0.02
862	19.27	-0.02
863	19.30	-0.02
864	19.30	0.06
865	19.30	0.06
866	19.32	0.06
867	19.32	-0.00
868	19.32	-0.00
869	19.31	-0.00
870	19.31	0.02
871	19.31	0.02
872	19.30	0.02
873	19.30	0.06
874	19.30	0.06
875	19.32	0.06
876	19.32	-0.02
877	19.32	-0.02
878	19.40	-0.02
879	19.40	0.07
880	19.40	0.07
881	19.40	0.07
882	19.40	-0.01
883	19.40	-0.01
884	19.36	-0.01
885	19.36	0.02
886	19.36	0.02
887	19.36	0.02
888	19.36	0.06
889	19.36	0.06
890	19.34	0.06
891	19.34	-0.02
892	19.34	-0.02
893	19.37	-0.02
894	19.37	0.07
895	19.37	0.07
896	19.37	0.07
897	19.37	-0.01
898	19.37	-0.01
899	19.37	-0.01
900	19.37	0.03
901	19.37	0.03
902	19.34	0.03
903	19.34	0.06
904	19.34	0.06
905	19.32	0.06
906	19.32	-0.02
907	19.32	-0.02
908	19.40	-0.02
909	19.40	0.07
910	19.40	0.07
911	19.36	0.07
912	19.36	-0.00
913	19.36	-0.00
914	19.34	-0.00
915	19.34	0.03
916	19.34	0.03
917	19.35	0.03
918	19.35	0.06
919	19.35	0.06
920	19.33	0.06
921	19.33	-0.02
922	19.33	-0.02
923	19.34	-0.02
924	19.34	0.07
925	19.34	0.07
926	19.34	0.07
927	19.34	-0.01
928	19.34	-0.01
929	19.33	-0.01
930	19.33	0.03
931	19.33	0.03
932	19.32	0.03
933	19.32	0.06
934	19.32	0.06
935	19.31	0.06
936	19.31	-0.02
937	19.31	-0.02
938	19.34	-0.02
939	19.34	0.06
940	19.34	0.06
941	19.31	0.06
942	19.31	-0.01
943	19.31	-0.01
944	19.31	-0.01
945	19.31	0.03
946	19.31	0.03
947	19.30	0.03
948	19.30	0.06
949	19.30	0.06
950	19.31	0.06
951	19.31	-0.02
952	19.31	-0.02
953	19.34	-0.02
954	19.34	0.07
955	19.34	0.07
956	19.31	0.07
957	19.31	-0.01
958	19.31	-0.01
959	19.25	-0.01
960	19.25	0.04
961	19.25	0.04
962	19.28	0.04
963	19.28	0.06
964	19.28	0.06
965	19.34	0.06
966	19.34	-0.02
967	19.34	-0.02
968	19.34	-0.02
969	19.34	0.07
970	19.34	0.07
971	19.30	0.07
972	19.30	-0.01
973	19.30	-0.01
974	19.32	-0.01
975	19.32	0.04
976	19.32	0.04
977	19.30	0.04
978	19.30	0.06
979	19.30	0.06
980	19.33	0.06
981	19.33	-0.02
982	19.33	-0.02
983	19.33	-0.02
984	19.33	0.07
985	19.33	0.07
986	19.31	0.07
987	19.31	-0.01
988	19.31	-0.01
989	19.31	-0.01
990	19.31	0.04
991	19.31	0.04
992	19.33	0.04
993	19.33	0.06
994	19.33	0.06
995	19.37	0.06
996	19.37	-0.02
997	19.37	-0.02
998	19.33	-0.02
999	19.33	0.07
1000	19.33	0.07
1001	19.32	0.07
1002	19.32	-0.01
1003	19.32	-0.01
1004	19.32	-0.01
1005	19.32	0.04
1006	19.32	0.04
1007	19.30	0.04
1008	19.30	0.06
1009	19.30	0.06
1010	19.33	0.06
1011	19.33	-0.02
1012	19.33	-0.02
1013	19.34	-0.02
1014	19.34	0.07
1015	19.34	0.07
1016	19.32	0.07
1017	19.32	-0.01
1018	19.32	-0.01
1019	19.31	-0.01
1020	19.31	0.04
1021	19.31	0.04
1022	19.34	0.04
1023	19.34	0.05
1024	19.34	0.05
1025	19.38	0.05
1026	19.38	-0.01
1027	19.38	-0.01
1028	19.36	-0.01
1029	19.36	0.07
1030	19.36	0.07
1031	19.37	0.07
1032	19.37	-0.01
1033	19.37	-0.01
1034	19.39	-0.01
1035	19.39	0.04
1036	19.39	0.04
1037	19.39	0.04
1038	19.39	0.05
1039	19.39	0.05
1040	19.40	0.05
1041	19.40	-0.02
1042	19.40	-0.02
1043	19.40	-0.02
1044	19.40	0.07
1045	19.40	0.07
1046	19.38	0.07
1047	19.38	-0.01
1048	19.38	-0.01
1049	19.37	-0.01
1050	19.37	0.04
1051	19.37	0.04
1052	19.41	0.04
1053	19.41	0.05
1054	19.41	0.05
1055	19.41	0.05
1056	19.41	-0.01
1057	19.41	-0.01
1058	19.38	-0.01
1059	19.38	0.07
1060	19.38	0.07
1061	19.36	0.07
1062	19.36	-0.01
1063	19.36	-0.01
1064	19.38	-0.01
1065	19.38	0.04
1066	19.38	0.04
1067	19.36	0.04
1068	19.36	0.05
1069	19.36	0.05
1070	19.39	0.05
1071	19.39	-0.01
1072	19.39	-0.01
1073	19.36	-0.01
1074	19.36	0.07
1075	19.36	0.07
1076	19.37	0.07
1077	19.37	-0.01
1078	19.37	-0.01
1079	19.35	-0.01
1080	19.35	0.04
1081	19.35	0.04
1082	19.39	0.04
1083	19.39	0.05
1084	19.39	0.05
1085	19.36	0.05
1086	19.36	-0.01
1087	19.36	-0.01
1088	19.33	-0.01
1089	19.33	0.07
1090	19.33	0.07
1091	19.34	0.07
1092	19.34	-0.01
1093	19.34	-0.01
1094	19.35	-0.01
1095	19.35	0.05
1096	19.35	0.05
1097	19.39	0.05
1098	19.39	0.05
1099	19.39	0.05
1100	19.35	0.05
1101	19.35	-0.01
1102	19.35	-0.01
1103	19.33	-0.01
1104	19.33	0.07
1105	19.33	0.07
1106	19.31	0.07
1107	19.31	-0.01
1108	19.31	-0.01
1109	19.33	-0.01
1110	19.33	0.04
1111	19.33	0.04
1112	19.36	0.04
1113	19.36	0.05
1114	19.36	0.05
1115	19.34	0.05
1116	19.34	-0.02
1117	19.34	-0.02
1118	19.33	-0.02
1119	19.33	0.07
1120	19.33	0.07
1121	19.36	0.07
1122	19.36	-0.01
1123	19.36	-0.01
1124	19.36	-0.01
1125	19.36	0.04
1126	19.36	0.04
1127	19.37	0.04
1128	19.37	0.05
1129	19.37	0.05
1130	19.34	0.05
1131	19.34	-0.02
1132	19.34	-0.02
1133	19.34	-0.02
1134	19.34	0.07
1135	19.34	0.07
1136	19.34	0.07
1137	19.34	-0.01
1138	19.34	-0.01
1139	19.38	-0.01
1140	19.38	0.04
1141	19.38	0.04
1142	19.38	0.04
1143	19.38	0.05
1144	19.38	0.05
1145	19.34	0.05
1146	19.34	-0.02
1147	19.34	-0.02
1148	19.33	-0.02
1149	19.33	0.07
1150	19.33	0.07
1151	19.34	0.07
1152	19.34	-0.01
1153	19.34	-0.01
1154	19.35	-0.01
1155	19.35	0.04
1156	19.35	0.04
1157	19.38	0.04
1158	19.38	0.05
1159	19.38	0.05
1160	19.37	0.05
1161	19.37	-0.02
1162	19.37	-0.02
1163	19.36	-0.02
1164	19.36	0.07
1165	19.36	0.07
1166	19.38	0.07
1167	19.38	-0.01
1168	19.38	-0.01
1169	19.41	-0.01
1170	19.41	0.04
1171	19.41	0.04
1172	19.37	0.04
1173	19.37	0.05
1174	19.37	0.05
1175	19.35	0.05
1176	19.35	-0.01
1177	19.35	-0.01
1178	19.38	-0.01
1179	19.38	0.07
1180	19.38	0.07
1181	19.37	0.07
1182	19.37	-0.01
1183	19.37	-0.01
1184	19.43	-0.01
1185	19.43	0.04
1186	19.43	0.04
1187	19.44	0.04
1188	19.44	0.05
1189	19.44	0.05
1190	19.40	0.05
1191	19.40	-0.02
1192	19.40	-0.02
1193	19.42	-0.02
1194	19.42	0.07
1195	19.42	0.07
1196	19.44	0.07
1197	19.44	-0.01
1198	19.44	-0.01
1199	19.45	-0.01
1200	19.45	0.05
1201	19.45	0.05
1202	19.42	0.05
1203	19.42	0.05
1204	19.42	0.05
1205	19.42	0.05
1206	19.42	-0.02
1207	19.42	-0.02
1208	19.39	-0.02
1209	19.39	0.07
1210	19.39	0.07
1211	19.43	0.07
1212	19.43	-0.01
1213	19.43	-0.01
1214	19.44	-0.01
1215	19.44	0.04
1216	19.44	0.04
1217	19.41	0.04
1218	19.41	0.05
1219	19.41	0.05
1220	19.42	0.05
1221	19.42	-0.02
1222	19.42	-0.02
1223	19.41	-0.02
1224	19.41	0.07
1225	19.41	0.07
1226	19.44	0.07
1227	19.44	-0.01
1228	19.44	-0.01
1229	19.42	-0.01
1230	19.42	0.04
1231	19.42	0.04
1232	19.42	0.04
1233	19.42	0.05
1234	19.42	0.05
1235	19.41	0.05
1236	19.41	-0.01
1237	19.41	-0.01
1238	19.40	-0.01
1239	19.40	0.07
1240	19.40	0.07
1241	19.42	0.07
1242	19.42	-0.01
1243	19.42	-0.01
1244	19.43	-0.01
1245	19.43	0.04
1246	19.43	0.04
1247	19.40	0.04
1248	19.40	0.05
1249	19.40	0.05
1250	19.41	0.05
1251	19.41	-0.01
1252	19.41	-0.01
1253	19.47	-0.01
1254	19.47	0.07
1255	19.47	0.07
1256	19.47	0.07
1257	19.47	-0.01
1258	19.47	-0.01
1259	19.43	-0.01
1260	19.43	0.04
1261	19.43	0.04
1262	19.40	0.04
1263	19.40	0.05
1264	19.40	0.05
1265	19.40	0.05
1266	19.40	-0.02
1267	19.40	-0.02
1268	19.42	-0.02
1269	19.42	0.07
1270	19.42	0.07
1271	19.43	0.07
1272	19.43	-0.01
1273	19.43	-0.01
1274	19.40	-0.01
1275	19.40	0.04
1276	19.40	0.04
1277	19.36	0.04
1278	19.36	0.05
1279	19.36	0.05
1280	19.38	0.05
1281	19.38	-0.01
1282	19.38	-0.01
1283	19.41	-0.01
1284	19.41	0.07
1285	19.41	0.07
1286	19.38	0.07
1287	19.38	-0.01
1288	19.38	-0.01
1289	19.41	-0.01
1290	19.41	0.04
1291	19.41	0.04
1292	19.41	0.04
1293	19.41	0.06
1294	19.41	0.06
1295	19.38	0.06
1296	19.38	-0.01
1297	19.38	-0.01
1298	19.40	-0.01
1299	19.40	0.07
1300	19.40	0.07
1301	19.41	0.07
1302	19.41	-0.01
1303	19.41	-0.01
1304	19.40	-0.01
1305	19.40	0.04
1306	19.40	0.04
1307	19.40	0.04
1308	19.40	0.05
1309	19.40	0.05
1310	19.40	0.05
1311	19.40	-0.02
1312	19.40	-0.02
1313	19.45	-0.02
1314	19.45	0.07
1315	19.45	0.07
1316	19.40	0.07
1317	19.40	-0.01
1318	19.40	-0.01
1319	19.38	-0.01
1320	19.38	0.04
1321	19.38	0.04
1322	19.35	0.04
1323	19.35	0.05
1324	19.35	0.05
1325	19.36	0.05
1326	19.36	-0.01
1327	19.36	-0.01
1328	19.38	-0.01
1329	19.38	0.07
1330	19.38	0.07
1331	19.37	0.07
1332	19.37	-0.01
1333	19.37	-0.01
1334	19.37	-0.01
1335	19.37	0.04
1336	19.37	0.04
1337	19.33	0.04
1338	19.33	0.05
1339	19.33	0.05
1340	19.39	0.05
1341	19.39	-0.01
1342	19.39	-0.01
1343	19.40	-0.01
1344	19.40	0.07
1345	19.40	0.07
1346	19.36	0.07
1347	19.36	-0.01
1348	19.36	-0.01
1349	19.37	-0.01
1350	19.37	0.04
1351	19.37	0.04
1352	19.34	0.04
1353	19.34	0.05
1354	19.34	0.05
1355	19.40	0.05
1356	19.40	-0.02
1357	19.40	-0.02
1358	19.39	-0.02
1359	19.39	0.07
1360	19.39	0.07
1361	19.39	0.07
1362	19.39	-0.01
1363	19.39	-0.01
1364	19.38	-0.01
1365	19.38	0.04
1366	19.38	0.04
1367	19.39	0.04
1368	19.39	0.06
1369	19.39	0.06
1370	19.43	0.06
1371	19.43	-0.01
1372	19.43	-0.01
1373	19.41	-0.01
1374	19.41	0.07
1375	19.41	0.07
1376	19.37	0.07
1377	19.37	-0.01
1378	19.37	-0.01
1379	19.44	-0.01
1380	19.44	0.04
1381	19.44	0.04
1382	19.37	0.04
1383	19.37	0.05
1384	19.37	0.05
1385	19.38	0.05
1386	19.38	-0.01
1387	19.38	-0.01
1388	19.36	-0.01
1389	19.36	0.07
1390	19.36	0.07
1391	19.37	0.07
1392	19.37	-0.01
1393	19.37	-0.01
1394	19.37	-0.01
1395	19.37	0.04
1396	19.37	0.04
1397	19.38	0.04
1398	19.38	0.06
1399	19.38	0.06
1400	19.39	0.06
1401	19.39	-0.02
1402	19.39	-0.02
1403	19.36	-0.02
1404	19.36	0.07
1405	19.36	0.07
1406	19.34	0.07
1407	19.34	-0.01
1408	19.34	-0.01
1409	19.37	-0.01
1410	19.37	0.04
1411	19.37	0.04
1412	19.35	0.04
1413	19.35	0.06
1414	19.35	0.06
1415	19.38	0.06
1416	19.38	-0.01
1417	19.38	-0.01
1418	19.38	-0.01
1419	19.38	0.07
1420	19.38	0.07
1421	19.37	0.07
1422	19.37	-0.01
1423	19.37	-0.01
1424	19.39	-0.01
1425	19.39	0.04
1426	19.39	0.04
1427	19.41	0.04
1428	19.41	0.06
1429	19.41	0.06
1430	19.41	0.06
1431	19.41	-0.01
1432	19.41	-0.01
1433	19.38	-0.01
1434	19.38	0.07
1435	19.38	0.07
1436	19.39	0.07
1437	19.39	-0.01
1438	19.39	-0.01
1439	19.36	-0.01
1440	19.36	0.04
1441	19.36	0.04
1442	19.42	0.04
1443	19.42	0.06
1444	19.42	0.06
1445	19.42	0.06
1446	19.42	-0.02
1447	19.42	-0.02
1448	19.38	-0.02
1449	19.38	0.07
1450	19.38	0.07
1451	19.38	0.07
1452	19.38	-0.01
1453	19.38	-0.01
1454	19.41	-0.01
1455	19.41	0.04
1456	19.41	0.04
1457	19.49	0.04
1458	19.49	0.06
1459	19.49	0.06
1460	19.46	0.06
1461	19.46	-0.01
1462	19.46	-0.01
1463	19.44	-0.01
1464	19.44	0.07
1465	19.44	0.07
1466	19.44	0.07
1467	19.44	-0.01
1468	19.44	-0.01
1469	19.40	-0.01
1470	19.40	0.04
1471	19.40	0.04
1472	19.40	0.04
1473	19.40	0.06
1474	19.40	0.06
1475	19.42	0.06
1476	19.42	-0.01
1477	19.42	-0.01
1478	19.41	-0.01
1479	19.41	0.07
1480	19.41	0.07
1481	19.39	0.07
1482	19.39	-0.01
1483	19.39	-0.01
1484	19.40	-0.01
1485	19.40	0.04
1486	19.40	0.04
1487	19.42	0.04
1488	19.42	0.06
1489	19.42	0.06
1490	19.40	0.06
1491	19.40	-0.02
1492	19.40	-0.02
1493	19.39	-0.02
1494	19.39	0.07
1495	19.39	0.07
1496	19.41	0.07
1497	19.41	-0.01
1498	19.41	-0.01
1499	19.38	-0.01
1500	19.38	0.04
1501	19.38	0.04
1502	19.42	0.04
1503	19.42	0.06
1504	19.42	0.06
1505	19.39	0.06
1506	19.39	-0.02
1507	19.39	-0.02
1508	19.39	-0.02
1509	19.39	0.07
1510	19.39	0.07
1511	19.41	0.07
1512	19.41	-0.01
1513	19.41	-0.01
1514	19.42	-0.01
1515	19.42	0.04
1516	19.42	0.04
1517	19.43	0.04
1518	19.43	0.06
1519	19.43	0.06
1520	19.36	0.06
1521	19.36	-0.01
1522	19.36	-0.01
1523	19.36	-0.01
1524	19.36	0.07
1525	19.36	0.07
1526	19.38	0.07
1527	19.38	-0.01
1528	19.38	-0.01
1529	19.40	-0.01
1530	19.40	0.04
1531	19.40	0.04
1532	19.41	0.04
1533	19.41	0.06
1534	19.41	0.06
1535	19.38	0.06
1536	19.38	-0.02
1537	19.38	-0.02
1538	19.38	-0.02
1539	19.38	0.07
1540	19.38	0.07
1541	19.37	0.07
1542	19.37	-0.01
1543	19.37	-0.01
1544	19.42	-0.01
1545	19.42	0.03
1546	19.42	0.03
1547	19.41	0.03
1548	19.41	0.06
1549	19.41	0.06
1550	19.38	0.06
1551	19.38	-0.02
1552	19.38	-0.02
1553	19.36	-0.02
1554	19.36	0.07
1555	19.36	0.07
1556	19.33	0.07
1557	19.33	-0.01
1558	19.33	-0.01
1559	19.37	-0.01
1560	19.37	0.03
1561	19.37	0.03
1562	19.37	0.03
1563	19.37	0.06
1564	19.37	0.06
1565	19.34	0.06
1566	19.34	-0.02
1567	19.34	-0.02
1568	19.37	-0.02
1569	19.37	0.07
1570	19.37	0.07
1571	19.36	0.07
1572	19.36	-0.01
1573	19.36	-0.01
1574	19.46	-0.01
1575	19.46	0.03
1576	19.46	0.03
1577	19.40	0.03
1578	19.40	0.06
1579	19.40	0.06
1580	19.40	0.06
1581	19.40	-0.02
1582	19.40	-0.02
1583	19.42	-0.02
1584	19.42	0.07
1585	19.42	0.07
1586	19.41	0.07
1587	19.41	-0.01
1588	19.41	-0.01
1589	19.42	-0.01
1590	19.42	0.03
1591	19.42	0.03
1592	19.45	0.03
1593	19.45	0.07
1594	19.45	0.07
1595	19.44	0.07
1596	19.44	-0.02
1597	19.44	-0.02
1598	19.39	-0.02
1599	19.39	0.07
1600	19.39	0.07
1601	19.40	0.07
1602	19.40	-0.01
1603	19.40	-0.01
1604	19.43	-0.01
1605	19.43	0.03
1606	19.43	0.03
1607	19.37	0.03
1608	19.37	0.06
1609	19.37	0.06
1610	19.40	0.06
1611	19.40	-0.02
1612	19.40	-0.02
1613	19.42	-0.02
1614	19.42	0.07
1615	19.42	0.07
1616	19.41	0.07
1617	19.41	-0.00
1618	19.41	-0.00
1619	19.40	-0.00
1620	19.40	0.03
1621	19.40	0.03
1622	19.40	0.03
1623	19.40	0.07
1624	19.40	0.07
1625	19.38	0.07
1626	19.38	-0.02
1627	19.38	-0.02
1628	19.39	-0.02
1629	19.39	0.07
1630	19.39	0.07
1631	19.42	0.07
1632	19.42	-0.01
1633	19.42	-0.01
1634	19.42	-0.01
1635	19.42	0.03
1636	19.42	0.03
1637	19.37	0.03
1638	19.37	0.07
1639	19.37	0.07
1640	19.37	0.07
1641	19.37	-0.02
1642	19.37	-0.02
1643	19.36	-0.02
1644	19.36	0.07
1645	19.36	0.07
1646	19.40	0.07
1647	19.40	-0.01
1648	19.40	-0.01
1649	19.43	-0.01
1650	19.43	0.02
1651	19.43	0.02
1652	19.40	0.02
1653	19.40	0.06
1654	19.40	0.06
1655	19.39	0.06
1656	19.39	-0.02
1657	19.39	-0.02
1658	19.37	-0.02
1659	19.37	0.07
1660	19.37	0.07
1661	19.43	0.07
1662	19.43	-0.01
1663	19.43	-0.01
1664	19.42	-0.01
1665	19.42	0.02
1666	19.42	0.02
1667	19.40	0.02
1668	19.40	0.07
1669	19.40	0.07
1670	19.41	0.07
1671	19.41	-0.02
1672	19.41	-0.02
1673	19.41	-0.02
1674	19.41	0.06
1675	19.41	0.06
1676	19.43	0.06
1677	19.43	-0.00
1678	19.43	-0.00
1679	19.46	-0.00
1680	19.46	0.02
1681	19.46	0.02
1682	19.40	0.02
1683	19.40	0.07
1684	19.40	0.07
1685	19.41	0.07
1686	19.41	-0.02
1687	19.41	-0.02
1688	19.42	-0.02
1689	19.42	0.06
1690	19.42	0.06
1691	19.43	0.06
1692	19.43	-0.00
1693	19.43	-0.00
1694	19.41	-0.00
1695	19.41	0.02
1696	19.41	0.02
1697	19.40	0.02
1698	19.40	0.06
1699	19.40	0.06
1700	19.43	0.06
1701	19.43	-0.02
1702	19.43	-0.02
1703	19.40	-0.02
1704	19.40	0.07
1705	19.40	0.07
1706	19.44	0.07
1707	19.44	-0.00
1708	19.44	-0.00
1709	19.40	-0.00
1710	19.40	0.02
1711	19.40	0.02
1712	19.40	0.02
1713	19.40	0.07
1714	19.40	0.07
1715	19.39	0.07
1716	19.39	-0.03
1717	19.39	-0.03
1718	19.42	-0.03
1719	19.42	0.07
1720	19.42	0.07
1721	19.44	0.07
1722	19.44	-0.00
1723	19.44	-0.00
1724	19.40	-0.00
1725	19.40	0.02
1726	19.40	0.02
1727	19.41	0.02
1728	19.41	0.07
1729	19.41	0.07
1730	19.40	0.07
1731	19.40	-0.03
1732	19.40	-0.03
1733	19.46	-0.03
1734	19.46	0.06
1735	19.46	0.06
1736	19.46	0.06
1737	19.46	-0.00
1738	19.46	-0.00
1739	19.42	-0.00
1740	19.42	0.01
1741	19.42	0.01
1742	19.41	0.01
1743	19.41	0.07
1744	19.41	0.07
1745	19.43	0.07
1746	19.43	-0.03
1747	19.43	-0.03
1748	19.45	-0.03
1749	19.45	0.06
1750	19.45	0.06
1751	19.44	0.06
1752	19.44	-0.00
1753	19.44	-0.00
1754	19.41	-0.00
1755	19.41	0.01
1756	19.41	0.01
1757	19.43	0.01
1758	19.43	0.07
1759	19.43	0.07
1760	19.44	0.07
1761	19.44	-0.03
1762	19.44	-0.03
1763	19.50	-0.03
1764	19.50	0.06
1765	19.50	0.06
1766	19.46	0.06
1767	19.46	-0.00
1768	19.46	-0.00
1769	19.46	-0.00
1770	19.46	0.01
1771	19.46	0.01
1772	19.43	0.01
1773	19.43	0.07
1774	19.43	0.07
1775	19.46	0.07
1776	19.46	-0.03
1777	19.46	-0.03
1778	19.46	-0.03
1779	19.46	0.06
1780	19.46	0.06
1781	19.43	0.06
1782	19.43	-0.00
1783	19.43	-0.00
1784	19.43	-0.00
1785	19.43	0.01
1786	19.43	0.01
1787	19.42	0.01
1788	19.42	0.07
1789	19.42	0.07
1790	19.45	0.07
1791	19.45	-0.03
1792	19.45	-0.03
1793	19.43	-0.03
1794	19.43	0.06
1795	19.43	0.06
1796	19.43	0.06
1797	19.43	-0.00
1798	19.43	-0.00
1799	19.44	-0.00
1800	19.44	0.00
1801	19.44	0.00
1802	19.44	0.00
1803	19.44	0.07
1804	19.44	0.07
1805	19.48	0.07
1806	19.48	-0.02
1807	19.48	-0.02
1808	19.45	-0.02
1809	19.45	0.06
1810	19.45	0.06
1811	19.42	0.06
1812	19.42	0.00
1813	19.42	0.00
1814	19.45	0.00
1815	19.45	0.00
1816	19.45	0.00
1817	19.40	0.00
1818	19.40	0.07
1819	19.40	0.07
1820	19.43	0.07
1821	19.43	-0.02
1822	19.43	-0.02
1823	19.44	-0.02
1824	19.44	0.06
1825	19.44	0.06
1826	19.37	0.06
1827	19.37	0.00
1828	19.37	0.00
1829	19.44	0.00
1830	19.44	0.00
1831	19.44	0.00
1832	19.44	0.00
1833	19.44	0.07
1834	19.44	0.07
1835	19.46	0.07
1836	19.46	-0.03
1837	19.46	-0.03
1838	19.40	-0.03
1839	19.40	0.06
1840	19.40	0.06
1841	19.44	0.06
1842	19.44	0.01
1843	19.44	0.01
1844	19.44	0.01
1845	19.44	-0.00
1846	19.44	-0.00
1847	19.44	-0.00
1848	19.44	0.07
1849	19.44	0.07
1850	19.45	0.07
1851	19.45	-0.03
1852	19.45	-0.03
1853	19.43	-0.03
1854	19.43	0.06
1855	19.43	0.06
1856	19.40	0.06
1857	19.40	0.00
1858	19.40	0.00
1859	19.43	0.00
1860	19.43	-0.00
1861	19.43	-0.00
1862	19.49	-0.00
1863	19.49	0.06
1864	19.49	0.06
1865	19.47	0.06
1866	19.47	-0.02
1867	19.47	-0.02
1868	19.42	-0.02
1869	19.42	0.06
1870	19.42	0.06
1871	19.44	0.06
1872	19.44	0.01
1873	19.44	0.01
1874	19.40	0.01
1875	19.40	-0.01
1876	19.40	-0.01
1877	19.46	-0.01
1878	19.46	0.07
1879	19.46	0.07
1880	19.43	0.07
1881	19.43	-0.02
1882	19.43	-0.02
1883	19.39	-0.02
1884	19.39	0.06
1885	19.39	0.06
1886	19.41	0.06
1887	19.41	0.01
1888	19.41	0.01
1889	19.43	0.01
1890	19.43	-0.01
1891	19.43	-0.01
1892	19.44	-0.01
1893	19.44	0.07
1894	19.44	0.07
1895	19.41	0.07
1896	19.41	-0.02
1897	19.41	-0.02
1898	19.41	-0.02
1899	19.41	0.06
1900	19.41	0.06
1901	19.41	0.06
1902	19.41	0.01
1903	19.41	0.01
1904	19.41	0.01
1905	19.41	-0.01
1906	19.41	-0.01
1907	19.43	-0.01
1908	19.43	0.07
1909	19.43	0.07
1910	19.40	0.07
1911	19.40	-0.02
1912	19.40	-0.02
1913	19.37	-0.02
1914	19.37	0.06
1915	19.37	0.06
1916	19.38	0.06
1917	19.38	0.01
1918	19.38	0.01
1919	19.43	0.01
1920	19.43	-0.01
1921	19.43	-0.01
1922	19.41	-0.01
1923	19.41	0.07
1924	19.41	0.07
1925	19.40	0.07
1926	19.40	-0.02
1927	19.40	-0.02
1928	19.42	-0.02
1929	19.42	0.06
1930	19.42	0.06
1931	19.40	0.06
1932	19.40	0.02
1933	19.40	0.02
1934	19.42	0.02
1935	19.42	-0.01
1936	19.42	-0.01
1937	19.41	-0.01
1938	19.41	0.07
1939	19.41	0.07
1940	19.39	0.07
1941	19.39	-0.02
1942	19.39	-0.02
1943	19.40	-0.02
1944	19.40	0.05
1945	19.40	0.05
1946	19.41	0.05
1947	19.41	0.02
1948	19.41	0.02
1949	19.42	0.02
1950	19.42	-0.02
1951	19.42	-0.02
1952	19.41	-0.02
1953	19.41	0.07
1954	19.41	0.07
1955	19.38	0.07
1956	19.38	-0.02
1957	19.38	-0.02
1958	19.40	-0.02
1959	19.40	0.06
1960	19.40	0.06
1961	19.40	0.06
1962	19.40	0.02
1963	19.40	0.02
1964	19.43	0.02
1965	19.43	-0.02
1966	19.43	-0.02
1967	19.43	-0.02
1968	19.43	0.07
1969	19.43	0.07
1970	19.40	0.07
1971	19.40	-0.02
1972	19.40	-0.02
1973	19.40	-0.02
1974	19.40	0.05
1975	19.40	0.05
1976	19.42	0.05
1977	19.42	0.03
1978	19.42	0.03
1979	19.44	0.03
1980	19.44	-0.02
1981	19.44	-0.02
1982	19.41	-0.02
1983	19.41	0.07
1984	19.41	0.07
1985	19.37	0.07
1986	19.37	-0.01
1987	19.37	-0.01
1988	19.37	-0.01
1989	19.37	0.05
1990	19.37	0.05
1991	19.39	0.05
1992	19.39	0.03
1993	19.39	0.03
1994	19.47	0.03
1995	19.47	-0.01
1996	19.47	-0.01
1997	19.46	-0.01
1998	19.46	0.07
1999	19.46	0.07
2000	19.41	0.07
2001	19.41	-0.01
2002	19.41	-0.01
2003	19.42	-0.01
2004	19.42	0.05
2005	19.42	0.05
2006	19.44	0.05
2007	19.44	0.04
2008	19.44	0.04
2009	19.42	0.04
2010	19.42	-0.01
2011	19.42	-0.01
2012	19.41	-0.01
2013	19.41	0.08
2014	19.41	0.08
2015	19.42	0.08
2016	19.42	-0.01
2017	19.42	-0.01
2018	19.40	-0.01
2019	19.40	0.05
2020	19.40	0.05
2021	19.43	0.05
2022	19.43	0.04
2023	19.43	0.04
2024	19.42	0.04
2025	19.42	-0.02
2026	19.42	-0.02
2027	19.40	-0.02
2028	19.40	0.07
2029	19.40	0.07
2030	19.37	0.07
2031	19.37	-0.01
2032	19.37	-0.01
2033	19.38	-0.01
2034	19.38	0.05
2035	19.38	0.05
2036	19.41	0.05
2037	19.41	0.05
2038	19.41	0.05
2039	19.38	0.05
2040	19.38	-0.02
2041	19.38	-0.02
2042	19.34	-0.02
2043	19.34	0.07
2044	19.34	0.07
2045	19.38	0.07
2046	19.38	-0.01
2047	19.38	-0.01
2048	19.38	-0.01
2049	19.38	0.04
2050	19.38	0.04
2051	19.44	0.04
2052	19.44	0.05
2053	19.44	0.05
2054	19.45	0.05
2055	19.45	-0.02
2056	19.45	-0.02
2057	19.40	-0.02
2058	19.40	0.07
2059	19.40	0.07
2060	19.40	0.07
2061	19.40	-0.01
2062	19.40	-0.01
2063	19.40	-0.01
2064	19.40	0.04
2065	19.40	0.04
2066	19.44	0.04
2067	19.44	0.06
2068	19.44	0.06
2069	19.41	0.06
2070	19.41	-0.02
2071	19.41	-0.02
2072	19.40	-0.02
2073	19.40	0.07
2074	19.40	0.07
2075	19.42	0.07
2076	19.42	-0.01
2077	19.42	-0.01
2078	19.40	-0.01
2079	19.40	0.03
2080	19.40	0.03
2081	19.43	0.03
2082	19.43	0.06
2083	19.43	0.06
2084	19.41	0.06
2085	19.41	-0.02
2086	19.41	-0.02
2087	19.41	-0.02
2088	19.41	0.07
2089	19.41	0.07
2090	19.43	0.07
2091	19.43	-0.00
2092	19.43	-0.00
2093	19.44	-0.00
2094	19.44	0.03
2095	19.44	0.03
2096	19.42	0.03
2097	19.42	0.07
2098	19.42	0.07
2099	19.40	0.07
2100	19.40	-0.02
2101	19.40	-0.02
2102	19.42	-0.02
2103	19.42	0.07
2104	19.42	0.07
2105	19.39	0.07
2106	19.39	-0.00
2107	19.39	-0.00
2108	19.40	-0.00
2109	19.40	0.01
2110	19.40	0.01
2111	19.44	0.01
2112	19.44	0.07
2113	19.44	0.07
2114	19.39	0.07
2115	19.39	-0.03
2116	19.39	-0.03
2117	19.39	-0.03
2118	19.39	0.06
2119	19.39	0.06
2120	19.40	0.06
2121	19.40	-0.00
2122	19.40	-0.00
2123	19.45	-0.00
2124	19.45	0.01
2125	19.45	0.01
2126	19.42	0.01
2127	19.42	0.07
2128	19.42	0.07
2129	19.39	0.07
2130	19.39	-0.02
2131	19.39	-0.02
2132	19.39	-0.02
2133	19.39	0.06
2134	19.39	0.06
2135	19.39	0.06
2136	19.39	0.00
2137	19.39	0.00
2138	19.44	0.00
2139	19.44	-0.00
2140	19.44	-0.00
2141	19.43	-0.00
2142	19.43	0.07
2143	19.43	0.07
2144	19.40	0.07
2145	19.40	-0.02
2146	19.40	-0.02
2147	19.43	-0.02
2148	19.43	0.06
2149	19.43	0.06
2150	19.42	0.06
2151	19.42	0.01
2152	19.42	0.01
2153	19.46	0.01
2154	19.46	-0.01
2155	19.46	-0.01
2156	19.42	-0.01
2157	19.42	0.07
2158	19.42	0.07
2159	19.39	0.07
2160	19.39	-0.02
2161	19.39	-0.02
2162	19.41	-0.02
2163	19.41	0.06
2164	19.41	0.06
2165	19.40	0.06
2166	19.40	0.02
2167	19.40	0.02
2168	19.44	0.02
2169	19.44	-0.02
2170	19.44	-0.02
2171	19.43	-0.02
2172	19.43	0.07
2173	19.43	0.07
2174	19.40	0.07
2175	19.40	-0.02
2176	19.40	-0.02
2177	19.42	-0.02
2178	19.42	0.06
2179	19.42	0.06
2180	19.42	0.06
2181	19.42	0.03
2182	19.42	0.03
2183	19.43	0.03
2184	19.43	-0.01
2185	19.43	-0.01
2186	19.39	-0.01
2187	19.39	0.07
2188	19.39	0.07
2189	19.41	0.07
2190	19.41	-0.01
2191	19.41	-0.01
2192	19.40	-0.01
2193	19.40	0.05
2194	19.40	0.05
2195	19.43	0.05
2196	19.43	0.05
2197	19.43	0.05
2198	19.45	0.05
2199	19.45	-0.02
2200	19.45	-0.02
2201	19.43	-0.02
2202	19.43	0.08
2203	19.43	0.08
2204	19.42	0.08
2205	19.42	-0.01
2206	19.42	-0.01
2207	19.41	-0.01
2208	19.41	0.05
2209	19.41	0.05
2210	19.44	0.05
2211	19.44	0.05
2212	19.44	0.05
2213	19.44	0.05
2214	19.44	-0.02
2215	19.44	-0.02
2216	19.39	-0.02
2217	19.39	0.07
2218	19.39	0.07
2219	19.39	0.07
2220	19.39	-0.01
2221	19.39	-0.01
2222	19.40	-0.01
2223	19.40	0.04
2224	19.40	0.04
2225	19.43	0.04
2226	19.43	0.06
2227	19.43	0.06
2228	19.44	0.06
2229	19.44	-0.02
2230	19.44	-0.02
2231	19.41	-0.02
2232	19.41	0.07
2233	19.41	0.07
2234	19.41	0.07
2235	19.41	-0.01
2236	19.41	-0.01
2237	19.36	-0.01
2238	19.36	0.03
2239	19.36	0.03
2240	19.40	0.03
2241	19.40	0.06
2242	19.40	0.06
2243	19.38	0.06
2244	19.38	-0.02
2245	19.38	-0.02
2246	19.36	-0.02
2247	19.36	0.07
2248	19.36	0.07
2249	19.37	0.07
2250	19.37	-0.00
2251	19.37	-0.00
2252	19.38	-0.00
2253	19.38	0.01
2254	19.38	0.01
2255	19.43	0.01
2256	19.43	0.07
2257	19.43	0.07
2258	19.42	0.07
2259	19.42	-0.03
2260	19.42	-0.03
2261	19.41	-0.03
2262	19.41	0.06
2263	19.41	0.06
2264	19.40	0.06
2265	19.40	-0.00
2266	19.40	-0.00
2267	19.42	-0.00
2268	19.42	0.00
2269	19.42	0.00
2270	19.41	0.00
2271	19.41	0.07
2272	19.41	0.07
2273	19.39	0.07
2274	19.39	-0.02
2275	19.39	-0.02
2276	19.38	-0.02
2277	19.38	0.06
2278	19.38	0.06
2279	19.38	0.06
2280	19.38	0.01
2281	19.38	0.01
2282	19.40	0.01
2283	19.40	-0.00
2284	19.40	-0.00
2285	19.41	-0.00
2286	19.41	0.07
2287	19.41	0.07
2288	19.40	0.07
2289	19.40	-0.03
2290	19.40	-0.03
2291	19.39	-0.03
2292	19.39	0.06
2293	19.39	0.06
2294	19.37	0.06
2295	19.37	0.01
2296	19.37	0.01
2297	19.47	0.01
2298	19.47	-0.01
2299	19.47	-0.01
2300	19.45	-0.01
2301	19.45	0.07
2302	19.45	0.07
2303	19.42	0.07
2304	19.42	-0.02
2305	19.42	-0.02
2306	19.40	-0.02
2307	19.40	0.06
2308	19.40	0.06
2309	19.39	0.06
2310	19.39	0.02
2311	19.39	0.02
2312	19.43	0.02
2313	19.43	-0.01
2314	19.43	-0.01
2315	19.43	-0.01
2316	19.43	0.07
2317	19.43	0.07
2318	19.41	0.07
2319	19.41	-0.01
2320	19.41	-0.01
2321	19.39	-0.01
2322	19.39	0.05
2323	19.39	0.05
2324	19.39	0.05
2325	19.39	0.04
2326	19.39	0.04
2327	19.44	0.04
2328	19.44	-0.02
2329	19.44	-0.02
2330	19.42	-0.02
2331	19.42	0.07
2332	19.42	0.07
2333	19.42	0.07
2334	19.42	-0.01
2335	19.42	-0.01
2336	19.39	-0.01
2337	19.39	0.05
2338	19.39	0.05
2339	19.38	0.05
2340	19.38	0.05
2341	19.38	0.05
2342	19.40	0.05
2343	19.40	-0.02
2344	19.40	-0.02
2345	19.41	-0.02
2346	19.41	0.07
2347	19.41	0.07
2348	19.38	0.07
2349	19.38	-0.01
2350	19.38	-0.01
2351	19.34	-0.01
2352	19.34	0.04
2353	19.34	0.04
2354	19.40	0.04
2355	19.40	0.06
2356	19.40	0.06
2357	19.45	0.06
2358	19.45	-0.02
2359	19.45	-0.02
2360	19.41	-0.02
2361	19.41	0.07
2362	19.41	0.07
2363	19.41	0.07
2364	19.41	-0.01
2365	19.41	-0.01
2366	19.40	-0.01
2367	19.40	0.03
2368	19.40	0.03
2369	19.39	0.03
2370	19.39	0.06
2371	19.39	0.06
2372	19.41	0.06
2373	19.41	-0.02
2374	19.41	-0.02
2375	19.43	-0.02
2376	19.43	0.07
2377	19.43	0.07
2378	19.42	0.07
2379	19.42	-0.01
2380	19.42	-0.01
2381	19.38	-0.01
2382	19.38	0.02
2383	19.38	0.02
2384	19.44	0.02
2385	19.44	0.06
2386	19.44	0.06
2387	19.45	0.06
2388	19.45	-0.02
2389	19.45	-0.02
2390	19.43	-0.02
2391	19.43	0.06
2392	19.43	0.06
2393	19.47	0.06
2394	19.47	-0.00
2395	19.47	-0.00
2396	19.42	-0.00
2397	19.42	0.01
2398	19.42	0.01
2399	19.47	0.01
2400	19.47	0.07
2401	19.47	0.07
2402	19.46	0.07
2403	19.46	-0.03
2404	19.46	-0.03
2405	19.45	-0.03
2406	19.45	0.06
2407	19.45	0.06
2408	19.45	0.06
2409	19.45	-0.00
2410	19.45	-0.00
2411	19.47	-0.00
2412	19.47	-0.00
2413	19.47	-0.00
2414	19.51	-0.00
2415	19.51	0.07
2416	19.51	0.07
2417	19.50	0.07
2418	19.50	-0.03
2419	19.50	-0.03
2420	19.49	-0.03
2421	19.49	0.06
2422	19.49	0.06
2423	19.51	0.06
2424	19.51	0.01
2425	19.51	0.01
2426	19.47	0.01
2427	19.47	-0.01
2428	19.47	-0.01
2429	19.50	-0.01
2430	19.50	0.07
2431	19.50	0.07
2432	19.47	0.07
2433	19.47	-0.02
2434	19.47	-0.02
2435	19.45	-0.02
2436	19.45	0.05
2437	19.45	0.05
2438	19.43	0.05
2439	19.43	0.02
2440	19.43	0.02
2441	19.42	0.02
2442	19.42	-0.02
2443	19.42	-0.02
2444	19.46	-0.02
2445	19.46	0.07
2446	19.46	0.07
2447	19.42	0.07
2448	19.42	-0.02
2449	19.42	-0.02
2450	19.42	-0.02
2451	19.42	0.06
2452	19.42	0.06
2453	19.44	0.06
2454	19.44	0.03
2455	19.44	0.03
2456	19.47	0.03
2457	19.47	-0.01
2458	19.47	-0.01
2459	19.47	-0.01
2460	19.47	0.07
2461	19.47	0.07
2462	19.44	0.07
2463	19.44	-0.02
2464	19.44	-0.02
2465	19.44	-0.02
2466	19.44	0.05
2467	19.44	0.05
2468	19.45	0.05
2469	19.45	0.04
2470	19.45	0.04
2471	19.49	0.04
2472	19.49	-0.02
2473	19.49	-0.02
2474	19.47	-0.02
2475	19.47	0.07
2476	19.47	0.07
2477	19.48	0.07
2478	19.48	-0.01
2479	19.48	-0.01
2480	19.48	-0.01
2481	19.48	0.05
2482	19.48	0.05
2483	19.43	0.05
2484	19.43	0.05
2485	19.43	0.05
2486	19.46	0.05
2487	19.46	-0.02
2488	19.46	-0.02
2489	19.43	-0.02
2490	19.43	0.07
2491	19.43	0.07
2492	19.41	0.07
2493	19.41	-0.01
2494	19.41	-0.01
2495	19.45	-0.01
2496	19.45	0.04
2497	19.45	0.04
2498	19.46	0.04
2499	19.46	0.06
2500	19.46	0.06
2501	19.51	0.06
2502	19.51	-0.02
2503	19.51	-0.02
2504	19.47	-0.02
2505	19.47	0.07
2506	19.47	0.07
2507	19.42	0.07
2508	19.42	-0.01
2509	19.42	-0.01
2510	19.42	-0.01
2511	19.42	0.04
2512	19.42	0.04
2513	19.45	0.04
2514	19.45	0.06
2515	19.45	0.06
2516	19.46	0.06
2517	19.46	-0.02
2518	19.46	-0.02
2519	19.43	-0.02
2520	19.43	0.07
2521	19.43	0.07
2522	19.44	0.07
2523	19.44	-0.01
2524	19.44	-0.01
2525	19.43	-0.01
2526	19.43	0.02
2527	19.43	0.02
2528	19.45	0.02
2529	19.45	0.07
2530	19.45	0.07
2531	19.44	0.07
2532	19.44	-0.02
2533	19.44	-0.02
2534	19.43	-0.02
2535	19.43	0.06
2536	19.43	0.06
2537	19.43	0.06
2538	19.43	-0.00
2539	19.43	-0.00
2540	19.42	-0.00
2541	19.42	0.01
2542	19.42	0.01
2543	19.44	0.01
2544	19.44	0.07
2545	19.44	0.07
2546	19.45	0.07
2547	19.45	-0.03
2548	19.45	-0.03
2549	19.42	-0.03
2550	19.42	0.06
2551	19.42	0.06
2552	19.43	0.06
2553	19.43	0.00
2554	19.43	0.00
2555	19.43	0.00
2556	19.43	0.01
2557	19.43	0.01
2558	19.47	0.01
2559	19.47	0.07
2560	19.47	0.07
2561	19.44	0.07
2562	19.44	-0.02
2563	19.44	-0.02
2564	19.44	-0.02
2565	19.44	0.06
2566	19.44	0.06
2567	19.44	0.06
2568	19.44	0.01
2569	19.44	0.01
2570	19.42	0.01
2571	19.42	-0.00
2572	19.42	-0.00
2573	19.48	-0.00
2574	19.48	0.07
2575	19.48	0.07
2576	19.45	0.07
2577	19.45	-0.02
2578	19.45	-0.02
2579	19.44	-0.02
2580	19.44	0.06
2581	19.44	0.06
2582	19.41	0.06
2583	19.41	0.01
2584	19.41	0.01
2585	19.46	0.01
2586	19.46	-0.01
2587	19.46	-0.01
2588	19.46	-0.01
2589	19.46	0.07
2590	19.46	0.07
2591	19.44	0.07
2592	19.44	-0.03
2593	19.44	-0.03
2594	19.42	-0.03
2595	19.42	0.06
2596	19.42	0.06
2597	19.43	0.06
2598	19.43	0.02
2599	19.43	0.02
2600	19.43	0.02
2601	19.43	-0.01
2602	19.43	-0.01
2603	19.44	-0.01
2604	19.44	0.07
2605	19.44	0.07
2606	19.42	0.07
2607	19.42	-0.02
2608	19.42	-0.02
2609	19.41	-0.02
2610	19.41	0.06
2611	19.41	0.06
2612	19.42	0.06
2613	19.42	0.02
2614	19.42	0.02
2615	19.54	0.02
2616	19.54	-0.01
2617	19.54	-0.01
2618	19.47	-0.01
2619	19.47	0.07
2620	19.47	0.07
2621	19.41	0.07
2622	19.41	-0.01
2623	19.41	-0.01
2624	19.44	-0.01
2625	19.44	0.06
2626	19.44	0.06
2627	19.41	0.06
2628	19.41	0.03
2629	19.41	0.03
2630	19.45	0.03
2631	19.45	-0.01
2632	19.45	-0.01
2633	19.46	-0.01
2634	19.46	0.07
2635	19.46	0.07
2636	19.40	0.07
2637	19.40	-0.01
2638	19.40	-0.01
2639	19.40	-0.01
2640	19.40	0.05
2641	19.40	0.05
2642	19.40	0.05
2643	19.40	0.04
2644	19.40	0.04
2645	19.43	0.04
2646	19.43	-0.02
2647	19.43	-0.02
2648	19.45	-0.02
2649	19.45	0.07
2650	19.45	0.07
2651	19.41	0.07
2652	19.41	-0.01
2653	19.41	-0.01
2654	19.43	-0.01
2655	19.43	0.05
2656	19.43	0.05
2657	19.44	0.05
2658	19.44	0.04
2659	19.44	0.04
2660	19.42	0.04
2661	19.42	-0.02
2662	19.42	-0.02
2663	19.42	-0.02
2664	19.42	0.07
2665	19.42	0.07
2666	19.40	0.07
2667	19.40	-0.01
2668	19.40	-0.01
2669	19.42	-0.01
2670	19.42	0.05
2671	19.42	0.05
2672	19.45	0.05
2673	19.45	0.05
2674	19.45	0.05
2675	19.48	0.05
2676	19.48	-0.02
2677	19.48	-0.02
2678	19.45	-0.02
2679	19.45	0.07
2680	19.45	0.07
2681	19.43	0.07
2682	19.43	-0.01
2683	19.43	-0.01
2684	19.43	-0.01
2685	19.43	0.04
2686	19.43	0.04
2687	19.45	0.04
2688	19.45	0.06
2689	19.45	0.06
2690	19.46	0.06
2691	19.46	-0.01
2692	19.46	-0.01
2693	19.46	-0.01
2694	19.46	0.07
2695	19.46	0.07
2696	19.40	0.07
2697	19.40	-0.01
2698	19.40	-0.01
2699	19.39	-0.01
2700	19.39	0.04
2701	19.39	0.04
2702	19.45	0.04
2703	19.45	0.06
2704	19.45	0.06
2705	19.46	0.06
2706	19.46	-0.02
2707	19.46	-0.02
2708	19.42	-0.02
2709	19.42	0.07
2710	19.42	0.07
2711	19.45	0.07
2712	19.45	-0.01
2713	19.45	-0.01
2714	19.45	-0.01
2715	19.45	0.04
2716	19.45	0.04
2717	19.48	0.04
2718	19.48	0.06
2719	19.48	0.06
2720	19.47	0.06
2721	19.47	-0.02
2722	19.47	-0.02
2723	19.46	-0.02
2724	19.46	0.06
2725	19.46	0.06
2726	19.43	0.06
2727	19.43	-0.01
2728	19.43	-0.01
2729	19.44	-0.01
2730	19.44	0.03
2731	19.44	0.03
2732	19.50	0.03
2733	19.50	0.06
2734	19.50	0.06
2735	19.50	0.06
2736	19.50	-0.02
2737	19.50	-0.02
2738	19.45	-0.02
2739	19.45	0.07
2740	19.45	0.07
2741	19.45	0.07
2742	19.45	-0.01
2743	19.45	-0.01
2744	19.45	-0.01
2745	19.45	0.02
2746	19.45	0.02
2747	19.49	0.02
2748	19.49	0.06
2749	19.49	0.06
2750	19.47	0.06
2751	19.47	-0.02
2752	19.47	-0.02
2753	19.46	-0.02
2754	19.46	0.06
2755	19.46	0.06
2756	19.43	0.06
2757	19.43	-0.00
2758	19.43	-0.00
2759	19.43	-0.00
2760	19.43	0.02
2761	19.43	0.02
2762	19.48	0.02
2763	19.48	0.06
2764	19.48	0.06
2765	19.45	0.06
2766	19.45	-0.02
2767	19.45	-0.02
2768	19.43	-0.02
2769	19.43	0.06
2770	19.43	0.06
2771	19.46	0.06
2772	19.46	-0.00
2773	19.46	-0.00
2774	19.44	-0.00
2775	19.44	0.02
2776	19.44	0.02
2777	19.48	0.02
2778	19.48	0.07
2779	19.48	0.07
2780	19.47	0.07
2781	19.47	-0.03
2782	19.47	-0.03
2783	19.44	-0.03
2784	19.44	0.06
2785	19.44	0.06
2786	19.42	0.06
2787	19.42	-0.00
2788	19.42	-0.00
2789	19.48	-0.00
2790	19.48	0.01
2791	19.48	0.01
2792	19.51	0.01
2793	19.51	0.07
2794	19.51	0.07
2795	19.46	0.07
2796	19.46	-0.03
2797	19.46	-0.03
2798	19.45	-0.03
2799	19.45	0.06
2800	19.45	0.06
2801	19.46	0.06
2802	19.46	-0.00
2803	19.46	-0.00
2804	19.48	-0.00
2805	19.48	0.01
2806	19.48	0.01
2807	19.50	0.01
2808	19.50	0.06
2809	19.50	0.06
2810	19.47	0.06
2811	19.47	-0.03
2812	19.47	-0.03
2813	19.43	-0.03
2814	19.43	0.06
2815	19.43	0.06
2816	19.45	0.06
2817	19.45	-0.00
2818	19.45	-0.00
2819	19.52	-0.00
2820	19.52	0.01
2821	19.52	0.01
2822	19.47	0.01
2823	19.47	0.07
2824	19.47	0.07
2825	19.43	0.07
2826	19.43	-0.03
2827	19.43	-0.03
2828	19.44	-0.03
2829	19.44	0.06
2830	19.44	0.06
2831	19.42	0.06
2832	19.42	-0.00
2833	19.42	-0.00
2834	19.47	-0.00
2835	19.47	0.00
2836	19.47	0.00
2837	19.46	0.00
2838	19.46	0.07
2839	19.46	0.07
2840	19.47	0.07
2841	19.47	-0.02
2842	19.47	-0.02
2843	19.46	-0.02
2844	19.46	0.06
2845	19.46	0.06
2846	19.46	0.06
2847	19.46	-0.00
2848	19.46	-0.00
2849	19.48	-0.00
2850	19.48	0.00
2851	19.48	0.00
2852	19.48	0.00
2853	19.48	0.07
2854	19.48	0.07
2855	19.48	0.07
2856	19.48	-0.03
2857	19.48	-0.03
2858	19.46	-0.03
2859	19.46	0.06
2860	19.46	0.06
2861	19.45	0.06
2862	19.45	0.00
2863	19.45	0.00
2864	19.50	0.00
2865	19.50	0.00
2866	19.50	0.00
2867	19.47	0.00
2868	19.47	0.07
2869	19.47	0.07
2870	19.42	0.07
2871	19.42	-0.02
2872	19.42	-0.02
2873	19.42	-0.02
2874	19.42	0.06
2875	19.42	0.06
2876	19.45	0.06
2877	19.45	0.01
2878	19.45	0.01
2879	19.46	0.01
2880	19.46	-0.00
2881	19.46	-0.00
2882	19.45	-0.00
2883	19.45	0.07
2884	19.45	0.07
2885	19.45	0.07
2886	19.45	-0.02
2887	19.45	-0.02
2888	19.42	-0.02
2889	19.42	0.06
2890	19.42	0.06
2891	19.45	0.06
2892	19.45	0.01
2893	19.45	0.01
2894	19.48	0.01
2895	19.48	0.00
2896	19.48	0.00
2897	19.46	0.00
2898	19.46	0.06
2899	19.46	0.06
2900	19.46	0.06
2901	19.46	-0.03
2902	19.46	-0.03
2903	19.48	-0.03
2904	19.48	0.06
2905	19.48	0.06
2906	19.55	0.06
2907	19.55	0.01
2908	19.55	0.01
2909	19.50	0.01
2910	19.50	-0.00
2911	19.50	-0.00
2912	19.48	-0.00
2913	19.48	0.07
2914	19.48	0.07
2915	19.51	0.07
2916	19.51	-0.02
2917	19.51	-0.02
2918	19.48	-0.02
2919	19.48	0.06
2920	19.48	0.06
2921	19.54	0.06
2922	19.54	0.01
2923	19.54	0.01
2924	19.54	0.01
2925	19.54	-0.00
2926	19.54	-0.00
2927	19.53	-0.00
2928	19.53	0.07
2929	19.53	0.07
2930	19.55	0.07
2931	19.55	-0.03
2932	19.55	-0.03
2933	19.53	-0.03
2934	19.53	0.06
2935	19.53	0.06
2936	19.55	0.06
2937	19.55	0.01
2938	19.55	0.01
2939	19.52	0.01
2940	19.52	-0.00
2941	19.52	-0.00
2942	19.50	-0.00
2943	19.50	0.07
2944	19.50	0.07
2945	19.53	0.07
2946	19.53	-0.03
2947	19.53	-0.03
2948	19.47	-0.03
2949	19.47	0.06
2950	19.47	0.06
2951	19.49	0.06
2952	19.49	0.01
2953	19.49	0.01
2954	19.49	0.01
2955	19.49	-0.01
2956	19.49	-0.01
2957	19.48	-0.01
2958	19.48	0.07
2959	19.48	0.07
2960	19.49	0.07
2961	19.49	-0.03
2962	19.49	-0.03
2963	19.50	-0.03
2964	19.50	0.06
2965	19.50	0.06
2966	19.52	0.06
2967	19.52	0.01
2968	19.52	0.01
2969	19.50	0.01
2970	19.50	-0.01
2971	19.50	-0.01
2972	19.50	-0.01
2973	19.50	0.07
2974	19.50	0.07
2975	19.50	0.07
2976	19.50	-0.02
2977	19.50	-0.02
2978	19.53	-0.02
2979	19.53	0.06
2980	19.53	0.06
2981	19.51	0.06
2982	19.51	0.01
2983	19.51	0.01
2984	19.49	0.01
2985	19.49	-0.01
2986	19.49	-0.01
2987	19.48	-0.01
2988	19.48	0.07
2989	19.48	0.07
2990	19.48	0.07
2991	19.48	-0.02
2992	19.48	-0.02
2993	19.54	-0.02
2994	19.54	0.06
2995	19.54	0.06
2996	19.51	0.06
2997	19.51	0.01
2998	19.51	0.01
2999	19.51	0.01
3000	19.51	-0.01
3001	19.51	-0.01
3002	19.49	-0.01
3003	19.49	0.07
3004	19.49	0.07
3005	19.50	0.07
3006	19.50	-0.02
3007	19.50	-0.02
3008	19.50	-0.02
3009	19.50	0.06
3010	19.50	0.06
3011	19.48	0.06
3012	19.48	0.01
3013	19.48	0.01
3014	19.45	0.01
3015	19.45	-0.01
3016	19.45	-0.01
3017	19.46	-0.01
3018	19.46	0.07
3019	19.46	0.07
3020	19.51	0.07
3021	19.51	-0.02
3022	19.51	-0.02
3023	19.51	-0.02
3024	19.51	0.06
3025	19.51	0.06
3026	19.49	0.06
3027	19.49	0.01
3028	19.49	0.01
3029	19.45	0.01
3030	19.45	-0.01
3031	19.45	-0.01
3032	19.45	-0.01
3033	19.45	0.07
3034	19.45	0.07
3035	19.48	0.07
3036	19.48	-0.02
3037	19.48	-0.02
3038	19.50	-0.02
3039	19.50	0.06
3040	19.50	0.06
3041	19.48	0.06
3042	19.48	0.01
3043	19.48	0.01
3044	19.48	0.01
3045	19.48	-0.01
3046	19.48	-0.01
3047	19.50	-0.01
3048	19.50	0.07
3049	19.50	0.07
3050	19.54	0.07
3051	19.54	-0.02
3052	19.54	-0.02
3053	19.49	-0.02
3054	19.49	0.06
3055	19.49	0.06
3056	19.48	0.06
3057	19.48	0.01
3058	19.48	0.01
3059	19.49	0.01
3060	19.49	-0.01
3061	19.49	-0.01
3062	19.48	-0.01
3063	19.48	0.07
3064	19.48	0.07
3065	19.50	0.07
3066	19.50	-0.02
3067	19.50	-0.02
3068	19.47	-0.02
3069	19.47	0.06
3070	19.47	0.06
3071	19.47	0.06
3072	19.47	0.02
3073	19.47	0.02
3074	19.50	0.02
3075	19.50	-0.01
3076	19.50	-0.01
3077	19.54	-0.01
3078	19.54	0.07
3079	19.54	0.07
3080	19.50	0.07
3081	19.50	-0.02
3082	19.50	-0.02
3083	19.50	-0.02
3084	19.50	0.05
3085	19.50	0.05
3086	19.47	0.05
3087	19.47	0.01
3088	19.47	0.01
3089	19.45	0.01
3090	19.45	-0.01
3091	19.45	-0.01
3092	19.49	-0.01
3093	19.49	0.07
3094	19.49	0.07
3095	19.50	0.07
3096	19.50	-0.02
3097	19.50	-0.02
3098	19.46	-0.02
3099	19.46	0.06
3100	19.46	0.06
3101	19.47	0.06
3102	19.47	0.02
3103	19.47	0.02
3104	19.45	0.02
3105	19.45	-0.01
3106	19.45	-0.01
3107	19.54	-0.01
3108	19.54	0.07
3109	19.54	0.07
3110	19.49	0.07
3111	19.49	-0.01
3112	19.49	-0.01
3113	19.45	-0.01
3114	19.45	0.06
3115	19.45	0.06
3116	19.42	0.06
3117	19.42	0.02
3118	19.42	0.02
3119	19.44	0.02
3120	19.44	-0.01
3121	19.44	-0.01
3122	19.49	-0.01
3123	19.49	0.07
3124	19.49	0.07
3125	19.46	0.07
3126	19.46	-0.02
3127	19.46	-0.02
3128	19.44	-0.02
3129	19.44	0.06
3130	19.44	0.06
3131	19.42	0.06
3132	19.42	0.03
3133	19.42	0.03
3134	19.45	0.03
3135	19.45	-0.02
3136	19.45	-0.02
3137	19.50	-0.02
3138	19.50	0.07
3139	19.50	0.07
3140	19.44	0.07
3141	19.44	-0.02
3142	19.44	-0.02
3143	19.44	-0.02
3144	19.44	0.05
3145	19.44	0.05
3146	19.44	0.05
3147	19.44	0.03
3148	19.44	0.03
3149	19.43	0.03
3150	19.43	-0.02
3151	19.43	-0.02
3152	19.46	-0.02
3153	19.46	0.07
3154	19.46	0.07
3155	19.46	0.07
3156	19.46	-0.01
3157	19.46	-0.01
3158	19.46	-0.01
3159	19.46	0.05
3160	19.46	0.05
3161	19.46	0.05
3162	19.46	0.03
3163	19.46	0.03
3164	19.45	0.03
3165	19.45	-0.01
3166	19.45	-0.01
3167	19.50	-0.01
3168	19.50	0.07
3169	19.50	0.07
3170	19.47	0.07
3171	19.47	-0.01
3172	19.47	-0.01
3173	19.44	-0.01
3174	19.44	0.05
3175	19.44	0.05
3176	19.45	0.05
3177	19.45	0.03
3178	19.45	0.03
3179	19.44	0.03
3180	19.44	-0.01
3181	19.44	-0.01
3182	19.50	-0.01
3183	19.50	0.08
3184	19.50	0.08
3185	19.48	0.08
3186	19.48	-0.02
3187	19.48	-0.02
3188	19.45	-0.02
3189	19.45	0.05
3190	19.45	0.05
3191	19.47	0.05
3192	19.47	0.04
3193	19.47	0.04
3194	19.51	0.04
3195	19.51	-0.02
3196	19.51	-0.02
3197	19.48	-0.02
3198	19.48	0.07
3199	19.48	0.07
3200	19.46	0.07
3201	19.46	-0.01
3202	19.46	-0.01
3203	19.47	-0.01
3204	19.47	0.05
3205	19.47	0.05
3206	19.47	0.05
3207	19.47	0.04
3208	19.47	0.04
3209	19.49	0.04
3210	19.49	-0.02
3211	19.49	-0.02
3212	19.49	-0.02
3213	19.49	0.08
3214	19.49	0.08
3215	19.47	0.08
3216	19.47	-0.01
3217	19.47	-0.01
3218	19.43	-0.01
3219	19.43	0.05
3220	19.43	0.05
3221	19.45	0.05
3222	19.45	0.04
3223	19.45	0.04
3224	19.52	0.04
3225	19.52	-0.02
3226	19.52	-0.02
3227	19.49	-0.02
3228	19.49	0.07
3229	19.49	0.07
3230	19.47	0.07
3231	19.47	-0.01
3232	19.47	-0.01
3233	19.48	-0.01
3234	19.48	0.05
3235	19.48	0.05
3236	19.44	0.05
3237	19.44	0.05
3238	19.44	0.05
3239	19.47	0.05
3240	19.47	-0.02
3241	19.47	-0.02
3242	19.47	-0.02
3243	19.47	0.07
3244	19.47	0.07
3245	19.44	0.07
3246	19.44	-0.01
3247	19.44	-0.01
3248	19.44	-0.01
3249	19.44	0.05
3250	19.44	0.05
3251	19.44	0.05
3252	19.44	0.05
3253	19.44	0.05
3254	19.50	0.05
3255	19.50	-0.01
3256	19.50	-0.01
3257	19.46	-0.01
3258	19.46	0.07
3259	19.46	0.07
3260	19.45	0.07
3261	19.45	-0.01
3262	19.45	-0.01
3263	19.45	-0.01
3264	19.45	0.04
3265	19.45	0.04
3266	19.44	0.04
3267	19.44	0.05
3268	19.44	0.05
3269	19.49	0.05
3270	19.49	-0.01
3271	19.49	-0.01
3272	19.47	-0.01
3273	19.47	0.07
3274	19.47	0.07
3275	19.45	0.07
3276	19.45	-0.01
3277	19.45	-0.01
3278	19.44	-0.01
3279	19.44	0.04
3280	19.44	0.04
3281	19.45	0.04
3282	19.45	0.05
3283	19.45	0.05
3284	19.48	0.05
3285	19.48	-0.02
3286	19.48	-0.02
3287	19.44	-0.02
3288	19.44	0.07
3289	19.44	0.07
3290	19.45	0.07
3291	19.45	-0.01
3292	19.45	-0.01
3293	19.45	-0.01
3294	19.45	0.04
3295	19.45	0.04
3296	19.47	0.04
3297	19.47	0.05
3298	19.47	0.05
3299	19.49	0.05
3300	19.49	-0.02
3301	19.49	-0.02
3302	19.45	-0.02
3303	19.45	0.07
3304	19.45	0.07
3305	19.40	0.07
3306	19.40	-0.01
3307	19.40	-0.01
3308	19.41	-0.01
3309	19.41	0.04
3310	19.41	0.04
3311	19.45	0.04
3312	19.45	0.05
3313	19.45	0.05
3314	19.43	0.05
3315	19.43	-0.02
3316	19.43	-0.02
3317	19.43	-0.02
3318	19.43	0.07
3319	19.43	0.07
3320	19.46	0.07
3321	19.46	-0.01
3322	19.46	-0.01
3323	19.45	-0.01
3324	19.45	0.04
3325	19.45	0.04
3326	19.47	0.04
3327	19.47	0.05
3328	19.47	0.05
3329	19.46	0.05
3330	19.46	-0.02
3331	19.46	-0.02
3332	19.44	-0.02
3333	19.44	0.07
3334	19.44	0.07
3335	19.42	0.07
3336	19.42	-0.01
3337	19.42	-0.01
3338	19.43	-0.01
3339	19.43	0.04
3340	19.43	0.04
3341	19.51	0.04
3342	19.51	0.05
3343	19.51	0.05
3344	19.48	0.05
3345	19.48	-0.02
3346	19.48	-0.02
3347	19.44	-0.02
3348	19.44	0.07
3349	19.44	0.07
3350	19.44	0.07
3351	19.44	-0.01
3352	19.44	-0.01
3353	19.45	-0.01
3354	19.45	0.04
3355	19.45	0.04
3356	19.49	0.04
3357	19.49	0.06
3358	19.49	0.06
3359	19.50	0.06
3360	19.50	-0.01
3361	19.50	-0.01
3362	19.46	-0.01
3363	19.46	0.07
3364	19.46	0.07
3365	19.45	0.07
3366	19.45	-0.01
3367	19.45	-0.01
3368	19.49	-0.01
3369	19.49	0.04
3370	19.49	0.04
3371	19.49	0.04
3372	19.49	0.06
3373	19.49	0.06
3374	19.48	0.06
3375	19.48	-0.02
3376	19.48	-0.02
3377	19.46	-0.02
3378	19.46	0.07
3379	19.46	0.07
3380	19.47	0.07
3381	19.47	-0.01
3382	19.47	-0.01
3383	19.46	-0.01
3384	19.46	0.04
3385	19.46	0.04
3386	19.47	0.04
3387	19.47	0.06
3388	19.47	0.06
3389	19.46	0.06
3390	19.46	-0.02
3391	19.46	-0.02
3392	19.45	-0.02
3393	19.45	0.07
3394	19.45	0.07
3395	19.45	0.07
3396	19.45	-0.01
3397	19.45	-0.01
3398	16.46	-0.01
3399	16.46	0.04
3400	16.46	0.04
3401	0.69	0.04
3402	0.69	0.05
3403	0.69	0.05
3404	-2.08	0.05
3405	-2.08	-0.02
3406	-2.08	-0.02
3407	-0.16	-0.02
3408	-0.16	0.07
3409	-0.16	0.07
3410	1.62	0.07
3411	1.62	-0.01
3412	1.62	-0.01
3413	1.71	-0.01
3414	1.71	0.03
3415	1.71	0.03
3416	0.29	0.03
3417	0.29	0.06
3418	0.29	0.06
3419	0.05	0.06
3420	0.05	-0.02
3421	0.05	-0.02
3422	0.65	-0.02
3423	0.65	0.07
3424	0.65	0.07
3425	0.95	0.07
3426	0.95	-0.01
3427	0.95	-0.01
3428	0.63	-0.01
3429	0.63	0.03
3430	0.63	0.03
3431	0.36	0.03
3432	0.36	0.05
3433	0.36	0.05
3434	0.47	0.05
3435	0.47	-0.02
3436	0.47	-0.02
3437	0.67	-0.02
3438	0.67	0.07
3439	0.67	0.07
3440	0.64	0.07
3441	0.64	-0.01
3442	0.64	-0.01
3443	0.51	-0.01
3444	0.51	0.03
3445	0.51	0.03
3446	0.50	0.03
3447	0.50	0.06
3448	0.50	0.06
3449	0.57	0.06
3450	0.57	-0.02
3451	0.57	-0.02
3452	0.58	-0.02
3453	0.58	0.07
3454	0.58	0.07
3455	0.55	0.07
3456	0.55	-0.01
3457	0.55	-0.01
3458	0.53	-0.01
3459	0.53	0.04
3460	0.53	0.04
3461	0.55	0.04
3462	0.55	0.06
3463	0.55	0.06
3464	0.56	0.06
3465	0.56	-0.02
3466	0.56	-0.02
3467	0.55	-0.02
3468	0.55	0.07
3469	0.55	0.07
3470	0.59	0.07
3471	0.59	-0.01
3472	0.59	-0.01
3473	0.61	-0.01
3474	0.61	0.04
3475	0.61	0.04
3476	0.62	0.04
3477	0.62	0.05
3478	0.62	0.05
3479	0.60	0.05
3480	0.60	-0.02
3481	0.60	-0.02
3482	0.58	-0.02
3483	0.58	0.07
3484	0.58	0.07
3485	0.58	0.07
3486	0.58	-0.01
3487	0.58	-0.01
3488	0.58	-0.01
3489	0.58	0.04
3490	0.58	0.04
3491	0.58	0.04
3492	0.58	0.06
3493	0.58	0.06
3494	0.58	0.06
3495	0.58	-0.02
3496	0.58	-0.02
3497	0.58	-0.02
3498	0.58	0.07
3499	0.58	0.07
3500	0.57	0.07
3501	0.57	-0.01
3502	0.57	-0.01
3503	0.57	-0.01
3504	0.57	0.04
3505	0.57	0.04
3506	0.57	0.04
3507	0.57	0.05
3508	0.57	0.05
3509	0.57	0.05
3510	0.57	-0.02
3511	0.57	-0.02
3512	0.58	-0.02
3513	0.58	0.07
3514	0.58	0.07
3515	0.58	0.07
3516	0.58	-0.01
3517	0.58	-0.01
3518	0.58	-0.01
3519	0.58	0.04
3520	0.58	0.04
3521	0.58	0.04
3522	0.58	0.05
3523	0.58	0.05
3524	0.58	0.05
3525	0.58	-0.02
3526	0.58	-0.02
3527	0.58	-0.02
3528	0.58	0.07
3529	0.58	0.07
