Tempo(s)    P0(KPa) P0+Coluna(KPa)  P1(KPa) P1+Coluna(KPa)  Vazao(L/min)    Pulsos
0.000	-0.00	2.22	0.00	7.71	0.000	0
0.032	-0.00	2.22	0.00	7.71	0.000	0
0.064	-0.00	2.22	0.00	7.71	0.000	0
0.096	0.00	2.22	-0.00	7.71	0.000	0
0.128	-0.00	2.22	-0.00	7.71	0.000	0
0.160	0.00	2.22	-0.00	7.71	0.000	0
0.192	-0.00	2.22	0.00	7.71	0.000	0
0.224	0.00	2.22	0.00	7.71	0.000	0
0.256	0.00	2.22	-0.00	7.71	0.000	0
0.288	0.00	2.22	-0.00	7.71	0.000	0
0.320	0.00	2.22	-0.00	7.71	0.000	0
0.352	-0.00	2.22	0.00	7.71	0.000	0
0.384	0.00	2.22	0.00	7.71	0.000	0
0.416	-0.00	2.22	-0.00	7.71	0.000	0
0.448	0.00	2.22	0.00	7.71	0.000	0
0.480	0.00	2.22	0.00	7.71	0.000	0
0.512	0.00	2.22	-0.00	7.71	0.000	0
0.544	-0.00	2.22	-0.00	7.71	0.000	0
0.576	0.00	2.22	0.00	7.71	0.000	0
0.608	0.00	2.22	-0.00	7.71	0.000	0
0.640	0.00	2.22	0.00	7.71	0.000	0
0.672	0.00	2.22	0.00	7.72	0.000	0
0.704	0.00	2.22	-0.00	7.71	0.000	0
0.736	-0.00	2.22	-0.00	7.71	0.000	0
0.768	-0.00	2.22	-0.00	7.71	0.000	0
0.800	-0.00	2.22	0.00	7.71	0.000	0
0.832	0.00	2.22	0.00	7.71	0.000	0
0.864	-0.00	2.22	0.00	7.71	0.000	0
0.896	0.00	2.22	0.00	7.71	0.000	0
0.928	-0.00	2.22	0.00	7.71	0.000	0
0.960	-0.00	2.22	-0.00	7.71	0.000	0
0.992	-0.00	2.22	0.00	7.72	0.000	0
1.024	0.00	2.22	0.00	7.71	0.000	0
1.056	-0.00	2.22	-0.00	7.71	0.000	0
1.088	-0.00	2.22	-0.00	7.71	0.000	0
1.120	0.00	2.22	0.00	7.71	0.000	0
1.152	0.00	2.22	0.00	7.71	0.000	0
1.184	-0.00	2.22	-0.00	7.71	0.000	0
1.216	0.00	2.22	-0.00	7.71	0.000	0
1.248	0.00	2.22	0.00	7.71	0.000	0
1.280	-0.00	2.22	-0.00	7.71	0.000	0
1.312	0.00	2.22	0.00	7.71	0.000	0
1.344	0.00	2.22	-0.00	7.71	0.000	0
1.376	0.00	2.22	0.00	7.71	0.000	0
1.408	0.00	2.22	0.00	7.71	0.000	0
1.440	0.00	2.23	-0.00	7.71	0.000	0
1.472	0.00	2.22	0.00	7.72	0.000	0
1.504	-0.00	2.22	-0.00	7.71	0.000	0
1.536	0.00	2.22	-0.01	7.70	0.000	0
1.568	0.00	2.22	-0.00	7.71	0.000	0
1.600	0.00	2.22	-0.00	7.71	0.000	0
1.632	0.00	2.22	0.00	7.71	0.000	0
1.664	0.00	2.22	0.00	7.71	0.000	0
1.696	0.00	2.22	0.00	7.71	0.000	0
1.728	0.00	2.22	-0.00	7.71	0.000	0
1.760	-0.00	2.22	0.00	7.71	0.000	0
1.792	0.00	2.22	-0.00	7.71	0.000	0
1.824	0.00	2.22	-0.00	7.71	0.000	0
1.856	-0.00	2.22	-0.00	7.71	0.000	0
1.888	-0.00	2.22	0.00	7.71	0.000	0
1.920	-0.00	2.22	0.00	7.71	0.000	0
1.952	0.00	2.22	-0.00	7.71	0.000	0
1.984	-0.00	2.22	0.00	7.71	0.000	0
2.016	0.00	2.22	0.00	7.71	0.000	0
2.048	-0.00	2.22	-0.00	7.71	0.000	0
2.080	-0.00	2.22	0.00	7.71	0.000	0
2.112	-0.00	2.22	0.00	7.72	0.000	0
2.144	-0.00	2.22	-0.00	7.71	0.000	0
2.176	-0.00	2.22	-0.00	7.71	0.000	0
2.208	0.00	2.22	0.00	7.71	0.000	0
2.240	-0.00	2.22	0.00	7.71	0.000	0
2.272	-0.00	2.22	0.00	7.71	0.000	0
2.304	-0.00	2.22	0.00	7.71	0.000	0
2.336	-0.00	2.22	0.00	7.71	0.000	0
2.368	-0.00	2.22	0.00	7.71	0.000	0
2.400	-0.00	2.22	0.00	7.71	0.000	0
2.432	-0.00	2.22	0.00	7.71	0.000	0
2.464	-0.00	2.22	0.00	7.71	0.000	0
2.496	-0.00	2.22	-0.00	7.71	0.000	0
2.528	-0.00	2.22	0.00	7.71	0.000	0
2.560	0.04	2.26	0.00	7.71	0.000	0
2.592	0.42	2.64	-0.00	7.71	0.000	0
2.624	1.33	3.55	-0.00	7.71	0.046	10
2.656	2.64	4.87	-0.01	7.70	0.046	10
2.688	4.17	6.39	-0.01	7.70	0.046	10
2.720	5.67	7.89	-0.01	7.70	0.046	10
2.752	7.12	9.34	-0.01	7.70	0.046	10
2.784	8.55	10.77	-0.01	7.70	0.046	10
2.816	9.86	12.08	-0.01	7.70	0.046	10
2.848	11.08	13.30	-0.01	7.70	0.046	10
2.880	12.19	14.41	-0.00	7.71	0.046	10
2.912	13.21	15.43	-0.00	7.71	0.046	10
2.944	14.13	16.35	-0.01	7.70	0.046	10
2.976	14.95	17.17	-0.01	7.70	0.046	10
3.008	15.68	17.90	-0.00	7.71	0.046	10
3.040	16.31	18.54	-0.01	7.70	0.046	10
3.072	16.87	19.10	0.00	7.71	0.046	10
3.104	17.37	19.59	-0.00	7.71	1.046	228
3.136	17.81	20.03	-0.01	7.70	1.046	228
3.168	18.20	20.42	-0.01	7.70	1.046	228
3.200	18.54	20.76	-0.00	7.71	1.046	228
3.232	18.82	21.05	-0.00	7.71	1.046	228
3.264	19.07	21.29	-0.01	7.70	1.046	228
3.296	19.27	21.49	-0.01	7.70	1.046	228
3.328	19.44	21.66	-0.00	7.71	1.046	228
3.360	19.59	21.81	-0.01	7.70	1.046	228
3.392	19.73	21.95	-0.00	7.71	1.046	228
3.424	19.83	22.05	-0.00	7.71	1.046	228
3.456	19.91	22.13	-0.01	7.70	1.046	228
3.488	19.96	22.19	-0.01	7.70	1.046	228
3.520	20.00	22.23	-0.00	7.71	1.046	228
3.552	20.04	22.27	-0.00	7.71	1.046	228
3.584	20.08	22.30	-0.00	7.71	1.151	251
3.616	20.11	22.34	-0.00	7.71	1.151	251
3.648	20.14	22.36	-0.01	7.70	1.151	251
3.680	20.16	22.38	0.00	7.71	1.151	251
3.712	20.18	22.40	-0.00	7.71	1.151	251
3.744	20.18	22.40	-0.00	7.71	1.151	251
3.776	20.19	22.42	-0.01	7.70	1.151	251
3.808	20.20	22.42	-0.00	7.71	1.151	251
3.840	20.20	22.43	-0.00	7.71	1.151	251
3.872	20.22	22.44	-0.00	7.71	1.151	251
3.904	20.22	22.45	-0.01	7.70	1.151	251
3.936	20.23	22.45	-0.00	7.71	1.151	251
3.968	20.24	22.46	-0.00	7.71	1.151	251
4.000	20.24	22.46	-0.00	7.71	1.151	251
4.032	20.24	22.46	-0.00	7.71	1.170	255
4.064	20.23	22.45	-0.00	7.71	1.170	255
4.096	20.22	22.44	-0.01	7.70	1.170	255
4.128	20.21	22.43	-0.01	7.70	1.170	255
4.160	20.19	22.42	-0.00	7.71	1.170	255
4.192	20.18	22.40	-0.00	7.71	1.170	255
4.224	20.17	22.39	-0.00	7.71	1.170	255
4.256	20.18	22.40	-0.01	7.70	1.170	255
4.288	20.19	22.42	-0.01	7.70	1.170	255
4.320	20.22	22.44	-0.00	7.71	1.170	255
4.352	20.24	22.46	-0.00	7.71	1.170	255
4.384	20.26	22.48	-0.00	7.71	1.170	255
4.416	20.28	22.50	-0.01	7.70	1.170	255
4.448	20.29	22.51	-0.01	7.70	1.170	255
4.480	20.29	22.52	-0.00	7.71	1.170	255
4.512	20.30	22.52	-0.01	7.70	1.183	258
4.544	20.30	22.52	-0.00	7.71	1.183	258
4.576	20.30	22.52	-0.01	7.70	1.183	258
4.608	20.31	22.53	-0.01	7.70	1.183	258
4.640	20.30	22.52	-0.00	7.71	1.183	258
4.672	20.29	22.51	-0.00	7.71	1.183	258
4.704	20.26	22.49	-0.01	7.70	1.183	258
4.736	20.24	22.47	-0.01	7.70	1.183	258
4.768	20.23	22.45	-0.01	7.70	1.183	258
4.800	20.22	22.44	-0.01	7.70	1.183	258
4.832	20.22	22.44	0.00	7.71	1.183	258
4.864	20.22	22.45	-0.00	7.71	1.183	258
4.896	20.23	22.45	-0.00	7.71	1.183	258
4.928	20.24	22.47	-0.01	7.70	1.183	258
4.960	20.26	22.48	-0.01	7.70	1.183	258
4.992	20.29	22.51	0.00	7.71	1.174	256
5.024	20.30	22.52	-0.00	7.71	1.174	256
5.056	20.30	22.53	-0.01	7.70	1.174	256
5.088	20.29	22.51	-0.01	7.70	1.174	256
5.120	20.27	22.49	-0.00	7.71	1.174	256
5.152	20.26	22.49	-0.00	7.71	1.174	256
5.184	20.27	22.49	-0.01	7.70	1.174	256
5.216	20.29	22.51	-0.01	7.70	1.174	256
5.248	20.31	22.53	-0.01	7.70	1.174	256
5.280	20.33	22.55	-0.01	7.70	1.174	256
5.312	20.34	22.56	-0.00	7.71	1.174	256
5.344	20.34	22.56	-0.00	7.71	1.174	256
5.376	20.35	22.57	-0.01	7.70	1.174	256
5.408	20.36	22.58	-0.00	7.71	1.174	256
5.440	20.37	22.59	-0.01	7.70	1.183	258
5.472	20.37	22.60	-0.00	7.71	1.183	258
5.504	20.38	22.60	-0.01	7.70	1.183	258
5.536	20.38	22.60	-0.00	7.71	1.183	258
5.568	20.38	22.60	-0.00	7.71	1.183	258
5.600	20.38	22.60	-0.01	7.70	1.183	258
5.632	20.38	22.60	-0.00	7.71	1.183	258
5.664	20.38	22.60	-0.00	7.71	1.183	258
5.696	20.41	22.63	-0.01	7.70	1.183	258
5.728	20.42	22.64	-0.01	7.70	1.183	258
5.760	20.42	22.64	-0.00	7.71	1.183	258
5.792	20.42	22.64	-0.00	7.71	1.183	258
5.824	20.41	22.63	-0.01	7.70	1.183	258
5.856	20.39	22.62	-0.00	7.71	1.183	258
5.888	20.38	22.61	-0.00	7.71	1.183	258
5.920	20.38	22.60	-0.00	7.71	1.179	257
5.952	20.38	22.60	-0.01	7.70	1.179	257
5.984	20.37	22.60	-0.01	7.70	1.179	257
6.016	20.37	22.59	-0.01	7.70	1.179	257
6.048	20.36	22.58	-0.01	7.70	1.179	257
6.080	20.35	22.57	-0.00	7.71	1.179	257
6.112	20.33	22.55	-0.01	7.70	1.179	257
6.144	20.32	22.54	0.00	7.71	1.179	257
6.176	20.32	22.54	-0.00	7.71	1.179	257
6.208	20.32	22.54	-0.01	7.70	1.179	257
6.240	20.33	22.55	-0.01	7.70	1.179	257
6.272	20.33	22.55	-0.01	7.70	1.179	257
6.304	20.34	22.57	-0.00	7.71	1.179	257
6.336	20.35	22.58	-0.01	7.70	1.179	257
6.368	20.36	22.58	-0.01	7.70	1.188	259
6.400	20.37	22.59	-0.00	7.71	1.188	259
6.432	20.37	22.59	-0.01	7.70	1.188	259
6.464	20.37	22.59	0.00	7.71	1.188	259
6.496	20.37	22.59	-0.00	7.71	1.188	259
6.528	20.38	22.60	-0.01	7.70	1.188	259
6.560	20.38	22.60	-0.01	7.70	1.188	259
6.592	20.39	22.61	-0.01	7.70	1.188	259
6.624	20.39	22.61	-0.00	7.71	1.188	259
6.656	20.41	22.63	-0.01	7.70	1.188	259
6.688	20.41	22.64	-0.01	7.70	1.188	259
6.720	20.42	22.65	-0.01	7.70	1.188	259
6.752	20.43	22.65	-0.01	7.70	1.188	259
6.784	20.43	22.65	-0.00	7.71	1.188	259
6.816	20.43	22.65	-0.01	7.70	1.188	259
6.848	20.44	22.66	-0.01	7.70	1.188	259
6.880	20.44	22.66	-0.01	7.70	1.188	259
6.912	20.43	22.65	-0.00	7.71	1.188	259
6.944	20.43	22.65	-0.00	7.71	1.188	259
6.976	20.42	22.64	-0.00	7.71	1.188	259
7.008	20.40	22.62	-0.00	7.71	1.188	259
7.040	20.39	22.61	-0.01	7.70	1.188	259
7.072	20.38	22.61	-0.00	7.71	1.188	259
7.104	20.39	22.61	-0.00	7.71	1.188	259
7.136	20.39	22.61	-0.00	7.71	1.188	259
7.168	20.39	22.61	-0.01	7.70	1.188	259
7.200	20.39	22.61	-0.00	7.71	1.188	259
7.232	20.38	22.60	-0.01	7.70	1.188	259
7.264	20.37	22.59	-0.00	7.71	1.188	259
7.296	20.38	22.60	-0.00	7.71	1.188	259
7.328	20.39	22.62	-0.00	7.71	1.188	259
7.360	20.41	22.63	-0.01	7.70	1.188	259
7.392	20.43	22.66	-0.00	7.71	1.188	259
7.424	20.45	22.67	-0.00	7.71	1.188	259
7.456	20.45	22.67	-0.01	7.70	1.188	259
7.488	20.44	22.66	-0.01	7.70	1.188	259
7.520	20.43	22.65	-0.00	7.71	1.188	259
7.552	20.42	22.64	-0.00	7.71	1.188	259
7.584	20.41	22.64	-0.00	7.71	1.188	259
7.616	20.41	22.63	-0.00	7.71	1.188	259
7.648	20.41	22.63	-0.01	7.70	1.188	259
7.680	20.41	22.63	-0.01	7.70	1.188	259
7.712	20.40	22.62	-0.01	7.70	1.188	259
7.744	20.41	22.63	0.00	7.71	1.188	259
7.776	20.42	22.65	-0.01	7.70	1.193	260
7.808	20.44	22.67	-0.01	7.70	1.193	260
7.840	20.46	22.68	-0.01	7.70	1.193	260
7.872	20.48	22.70	-0.01	7.70	1.193	260
7.904	20.49	22.71	-0.00	7.71	1.193	260
7.936	20.49	22.71	-0.00	7.71	1.193	260
7.968	20.48	22.70	-0.01	7.70	1.193	260
8.000	20.48	22.70	-0.01	7.70	1.193	260
8.032	20.48	22.70	-0.00	7.71	1.193	260
8.064	20.48	22.70	-0.00	7.71	1.193	260
8.096	20.48	22.70	-0.00	7.71	1.193	260
8.128	20.47	22.70	-0.00	7.71	1.193	260
8.160	20.48	22.70	-0.01	7.70	1.193	260
8.192	20.48	22.70	-0.00	7.71	1.193	260
8.224	20.49	22.71	-0.00	7.71	1.193	260
8.256	20.51	22.73	-0.00	7.71	1.197	261
8.288	20.52	22.74	-0.01	7.70	1.197	261
8.320	20.54	22.76	-0.01	7.70	1.197	261
8.352	20.55	22.78	-0.01	7.70	1.197	261
8.384	20.57	22.79	-0.01	7.70	1.197	261
8.416	20.56	22.79	-0.00	7.71	1.197	261
8.448	20.56	22.78	-0.01	7.70	1.197	261
8.480	20.54	22.77	-0.01	7.70	1.197	261
8.512	20.53	22.75	-0.01	7.70	1.197	261
8.544	20.52	22.74	-0.01	7.70	1.197	261
8.576	20.51	22.73	-0.00	7.71	1.197	261
8.608	20.50	22.72	-0.01	7.70	1.197	261
8.640	20.49	22.71	-0.00	7.71	1.197	261
8.672	20.48	22.71	-0.00	7.71	1.197	261
8.704	20.49	22.71	-0.01	7.70	1.197	261
8.736	20.49	22.72	-0.01	7.70	1.202	262
8.768	20.50	22.72	-0.01	7.70	1.202	262
8.800	20.51	22.73	-0.01	7.70	1.202	262
8.832	20.52	22.75	-0.01	7.70	1.202	262
8.864	20.54	22.76	-0.00	7.71	1.202	262
8.896	20.53	22.75	-0.01	7.70	1.202	262
8.928	20.52	22.75	-0.01	7.70	1.202	262
8.960	20.52	22.75	-0.01	7.70	1.202	262
8.992	20.52	22.74	-0.01	7.70	1.202	262
9.024	20.53	22.75	-0.00	7.71	1.202	262
9.056	20.53	22.76	0.00	7.71	1.202	262
9.088	20.53	22.76	-0.00	7.71	1.202	262
9.120	20.52	22.75	-0.01	7.70	1.202	262
9.152	20.51	22.73	-0.01	7.70	1.202	262
9.184	20.49	22.72	-0.01	7.70	1.197	261
9.216	20.47	22.70	-0.01	7.70	1.197	261
9.248	20.46	22.68	-0.01	7.70	1.197	261
9.280	20.44	22.67	-0.01	7.70	1.197	261
9.312	20.43	22.66	-0.01	7.70	1.197	261
9.344	20.43	22.65	-0.01	7.70	1.197	261
9.376	20.42	22.64	-0.00	7.71	1.197	261
9.408	20.42	22.65	-0.01	7.70	1.197	261
9.440	20.44	22.66	-0.01	7.70	1.197	261
9.472	20.46	22.68	-0.01	7.70	1.197	261
9.504	20.49	22.71	-0.00	7.71	1.197	261
9.536	20.52	22.74	-0.00	7.71	1.197	261
9.568	20.56	22.78	-0.01	7.70	1.197	261
9.600	20.59	22.81	-0.00	7.71	1.197	261
9.632	20.61	22.83	-0.01	7.70	1.197	261
9.664	20.63	22.85	-0.00	7.71	1.197	261
9.696	20.63	22.85	-0.00	7.71	1.197	261
9.728	20.63	22.86	-0.00	7.71	1.197	261
9.760	20.64	22.87	-0.00	7.71	1.197	261
9.792	20.65	22.87	-0.01	7.70	1.197	261
9.824	20.65	22.87	-0.01	7.70	1.197	261
9.856	20.64	22.86	-0.01	7.70	1.197	261
9.888	20.63	22.85	-0.01	7.70	1.197	261
9.920	20.63	22.85	-0.01	7.70	1.197	261
9.952	20.62	22.84	-0.00	7.71	1.197	261
9.984	20.62	22.84	-0.00	7.71	1.197	261
10.016	20.61	22.83	-0.00	7.71	1.197	261
10.048	20.60	22.82	-0.01	7.70	1.197	261
10.080	20.59	22.82	-0.00	7.71	1.197	261
10.112	20.59	22.82	-0.01	7.70	1.197	261
10.144	20.60	22.82	-0.00	7.71	1.197	261
10.176	20.60	22.83	-0.00	7.71	1.197	261
10.208	20.62	22.84	-0.01	7.70	1.197	261
10.240	20.63	22.85	-0.00	7.71	1.197	261
10.272	20.63	22.85	-0.01	7.70	1.197	261
10.304	20.63	22.85	-0.00	7.71	1.197	261
10.336	20.62	22.84	-0.00	7.71	1.197	261
10.368	20.60	22.82	-0.00	7.71	1.197	261
10.400	20.59	22.82	-0.01	7.70	1.197	261
10.432	20.58	22.80	-0.01	7.70	1.197	261
10.464	20.57	22.80	-0.01	7.70	1.197	261
10.496	20.58	22.80	-0.00	7.71	1.197	261
10.528	20.57	22.80	-0.00	7.71	1.197	261
10.560	20.57	22.79	-0.01	7.70	1.197	261
10.592	20.57	22.80	-0.01	7.70	1.202	262
10.624	20.58	22.80	-0.01	7.70	1.202	262
10.656	20.59	22.81	-0.00	7.71	1.202	262
10.688	20.59	22.82	-0.01	7.70	1.202	262
10.720	20.60	22.82	-0.01	7.70	1.202	262
10.752	20.61	22.83	-0.01	7.70	1.202	262
10.784	20.61	22.83	-0.01	7.70	1.202	262
10.816	20.61	22.83	-0.00	7.71	1.202	262
10.848	20.60	22.83	-0.00	7.71	1.202	262
10.880	20.60	22.82	-0.01	7.70	1.202	262
10.912	20.59	22.82	-0.01	7.70	1.202	262
10.944	20.59	22.82	-0.01	7.70	1.202	262
10.976	20.59	22.82	-0.01	7.70	1.202	262
11.008	20.58	22.81	-0.00	7.71	1.202	262
11.040	20.57	22.79	-0.01	7.70	1.202	262
11.072	20.55	22.78	-0.01	7.70	1.202	262
11.104	20.53	22.75	-0.01	7.70	1.202	262
11.136	20.51	22.73	-0.00	7.71	1.202	262
11.168	20.50	22.72	-0.01	7.70	1.202	262
11.200	20.49	22.72	-0.01	7.70	1.202	262
11.232	20.49	22.71	-0.00	7.71	1.202	262
11.264	20.47	22.70	-0.00	7.71	1.202	262
11.296	20.47	22.69	-0.00	7.71	1.202	262
11.328	20.46	22.69	-0.00	7.71	1.202	262
11.360	20.47	22.69	-0.01	7.70	1.202	262
11.392	20.48	22.70	-0.01	7.70	1.202	262
11.424	20.49	22.72	-0.01	7.70	1.202	262
11.456	20.51	22.73	0.00	7.71	1.202	262
11.488	20.51	22.73	-0.01	7.70	1.202	262
11.520	20.51	22.73	-0.00	7.71	1.193	260
11.552	20.52	22.74	-0.01	7.70	1.193	260
11.584	20.52	22.74	-0.01	7.70	1.193	260
11.616	20.51	22.73	-0.01	7.70	1.193	260
11.648	20.51	22.73	-0.01	7.70	1.193	260
11.680	20.49	22.71	-0.01	7.70	1.193	260
11.712	20.48	22.70	-0.01	7.70	1.193	260
11.744	20.47	22.70	-0.00	7.71	1.193	260
11.776	20.47	22.69	-0.00	7.71	1.193	260
11.808	20.48	22.70	-0.01	7.70	1.193	260
11.840	20.49	22.72	-0.01	7.70	1.193	260
11.872	20.51	22.73	-0.01	7.70	1.193	260
11.904	20.52	22.74	-0.00	7.71	1.193	260
11.936	20.53	22.75	-0.00	7.71	1.193	260
11.968	20.52	22.74	0.00	7.71	1.193	260
12.000	20.52	22.74	-0.01	7.70	1.197	261
12.032	20.53	22.75	-0.01	7.70	1.197	261
12.064	20.54	22.76	-0.00	7.71	1.197	261
12.096	20.55	22.77	-0.01	7.70	1.197	261
12.128	20.55	22.77	-0.01	7.70	1.197	261
12.160	20.55	22.77	-0.01	7.70	1.197	261
12.192	20.54	22.76	-0.01	7.70	1.197	261
12.224	20.52	22.74	-0.01	7.70	1.197	261
12.256	20.50	22.73	-0.01	7.70	1.197	261
12.288	20.49	22.71	-0.01	7.70	1.197	261
12.320	20.48	22.71	-0.01	7.70	1.197	261
12.352	20.48	22.71	-0.01	7.70	1.197	261
12.384	20.50	22.72	-0.00	7.71	1.197	261
12.416	20.50	22.73	-0.00	7.71	1.197	261
12.448	20.50	22.72	-0.00	7.71	1.197	261
12.480	20.49	22.71	-0.01	7.70	1.197	261
12.512	20.48	22.70	-0.00	7.71	1.197	261
12.544	20.48	22.70	-0.01	7.70	1.197	261
12.576	20.47	22.69	-0.01	7.70	1.197	261
12.608	20.47	22.70	-0.00	7.71	1.197	261
12.640	20.48	22.70	-0.00	7.71	1.197	261
12.672	20.47	22.69	-0.01	7.70	1.197	261
12.704	20.46	22.69	-0.00	7.71	1.197	261
12.736	20.46	22.68	-0.00	7.71	1.197	261
12.768	20.47	22.69	-0.01	7.70	1.197	261
12.800	20.48	22.70	-0.01	7.70	1.197	261
12.832	20.48	22.71	-0.01	7.70	1.197	261
12.864	20.49	22.71	-0.00	7.71	1.197	261
12.896	20.48	22.70	-0.00	7.71	1.197	261
12.928	20.48	22.70	-0.00	7.71	1.197	261
12.960	20.48	22.70	-0.01	7.70	1.197	261
12.992	20.48	22.70	-0.01	7.70	1.197	261
13.024	20.48	22.70	-0.01	7.70	1.197	261
13.056	20.49	22.71	-0.01	7.70	1.197	261
13.088	20.49	22.71	-0.00	7.71	1.197	261
13.120	20.49	22.71	-0.00	7.71	1.197	261
13.152	20.48	22.70	-0.00	7.71	1.197	261
13.184	20.47	22.69	-0.01	7.70	1.197	261
13.216	20.47	22.69	-0.00	7.71	1.197	261
13.248	20.47	22.69	-0.01	7.70	1.197	261
13.280	20.48	22.71	-0.01	7.70	1.197	261
13.312	20.50	22.72	-0.01	7.70	1.197	261
13.344	20.52	22.74	-0.00	7.71	1.197	261
13.376	20.53	22.75	-0.01	7.70	1.197	261
13.408	20.56	22.78	-0.00	7.71	1.202	262
13.440	20.59	22.81	-0.01	7.70	1.202	262
13.472	20.61	22.83	-0.01	7.70	1.202	262
13.504	20.62	22.84	-0.01	7.70	1.202	262
13.536	20.63	22.85	-0.00	7.71	1.202	262
13.568	20.62	22.85	-0.01	7.70	1.202	262
13.600	20.61	22.83	-0.00	7.71	1.202	262
13.632	20.58	22.80	-0.01	7.70	1.202	262
13.664	20.55	22.77	-0.01	7.70	1.202	262
13.696	20.53	22.75	-0.01	7.70	1.202	262
13.728	20.51	22.74	-0.01	7.70	1.202	262
13.760	20.51	22.73	-0.01	7.70	1.202	262
13.792	20.51	22.73	-0.01	7.70	1.202	262
13.824	20.52	22.74	-0.01	7.70	1.202	262
13.856	20.52	22.74	-0.01	7.70	1.206	263
13.888	20.53	22.75	-0.00	7.71	1.206	263
13.920	20.53	22.76	-0.01	7.70	1.206	263
13.952	20.54	22.77	-0.01	7.70	1.206	263
13.984	20.56	22.78	-0.01	7.70	1.206	263
14.016	20.58	22.80	-0.01	7.70	1.206	263
14.048	20.59	22.82	-0.00	7.71	1.206	263
14.080	20.60	22.82	-0.00	7.71	1.206	263
14.112	20.59	22.81	-0.01	7.70	1.206	263
14.144	20.58	22.80	-0.01	7.70	1.206	263
14.176	20.58	22.80	-0.01	7.70	1.206	263
14.208	20.59	22.82	-0.00	7.71	1.206	263
14.240	20.60	22.83	-0.01	7.70	1.206	263
14.272	20.61	22.83	-0.01	7.70	1.206	263
14.304	20.61	22.83	-0.01	7.70	1.206	263
14.336	20.61	22.83	-0.00	7.71	1.202	262
14.368	20.62	22.84	-0.00	7.71	1.202	262
14.400	20.63	22.85	-0.01	7.70	1.202	262
14.432	20.64	22.86	-0.01	7.70	1.202	262
14.464	20.65	22.87	-0.01	7.70	1.202	262
14.496	20.65	22.87	-0.01	7.70	1.202	262
14.528	20.64	22.86	-0.00	7.71	1.202	262
14.560	20.62	22.84	-0.01	7.70	1.202	262
14.592	20.60	22.82	-0.01	7.70	1.202	262
14.624	20.59	22.81	-0.01	7.70	1.202	262
14.656	20.58	22.81	-0.01	7.70	1.202	262
14.688	20.59	22.81	0.00	7.71	1.202	262
14.720	20.59	22.82	-0.00	7.71	1.202	262
14.752	20.60	22.82	-0.00	7.71	1.202	262
14.784	20.60	22.82	-0.01	7.70	1.202	262
14.816	20.60	22.82	-0.01	7.70	1.206	263
14.848	20.60	22.82	-0.00	7.71	1.206	263
14.880	20.59	22.82	-0.01	7.70	1.206	263
14.912	20.60	22.82	-0.01	7.70	1.206	263
14.944	20.60	22.82	-0.01	7.70	1.206	263
14.976	20.61	22.83	-0.00	7.71	1.206	263
15.008	20.60	22.83	-0.00	7.71	1.206	263
15.040	20.60	22.82	-0.00	7.71	1.206	263
15.072	20.59	22.81	-0.01	7.70	1.206	263
15.104	20.59	22.82	-0.01	7.70	1.206	263
15.136	20.60	22.82	-0.01	7.70	1.206	263
15.168	20.61	22.83	-0.00	7.71	1.206	263
15.200	20.61	22.84	-0.01	7.70	1.206	263
15.232	20.62	22.84	-0.01	7.70	1.206	263
15.264	20.62	22.84	-0.01	7.70	1.206	263
15.296	20.62	22.84	-0.01	7.70	1.206	263
15.328	20.61	22.84	-0.01	7.70	1.206	263
15.360	20.61	22.83	-0.01	7.70	1.206	263
15.392	20.61	22.83	-0.01	7.70	1.206	263
15.424	20.60	22.83	-0.01	7.70	1.206	263
15.456	20.61	22.83	-0.01	7.70	1.206	263
15.488	20.62	22.84	-0.00	7.71	1.206	263
15.520	20.61	22.83	-0.01	7.70	1.206	263
15.552	20.61	22.83	-0.01	7.70	1.206	263
15.584	20.61	22.83	-0.01	7.70	1.206	263
15.616	20.61	22.84	-0.01	7.70	1.206	263
15.648	20.62	22.84	-0.00	7.71	1.206	263
15.680	20.62	22.84	-0.01	7.70	1.206	263
15.712	20.62	22.84	-0.01	7.70	1.206	263
15.744	20.62	22.84	-0.01	7.70	1.206	263
15.776	20.63	22.85	-0.01	7.70	1.206	263
15.808	20.63	22.86	-0.00	7.71	1.206	263
15.840	20.64	22.86	-0.00	7.71	1.206	263
15.872	20.65	22.87	-0.01	7.70	1.206	263
15.904	20.65	22.87	-0.01	7.70	1.206	263
15.936	20.65	22.87	-0.01	7.70	1.206	263
15.968	20.64	22.86	-0.00	7.71	1.206	263
16.000	20.63	22.85	-0.01	7.70	1.206	263
16.032	20.62	22.84	-0.01	7.70	1.206	263
16.064	20.62	22.84	-0.01	7.70	1.206	263
16.096	20.63	22.85	-0.01	7.70	1.206	263
16.128	20.64	22.86	-0.00	7.71	1.206	263
16.160	20.64	22.86	-0.00	7.71	1.206	263
16.192	20.63	22.85	-0.01	7.70	1.206	263
16.224	20.62	22.84	-0.01	7.70	1.202	262
16.256	20.63	22.85	-0.00	7.71	1.202	262
16.288	20.62	22.85	-0.00	7.71	1.202	262
16.320	20.63	22.85	-0.01	7.70	1.202	262
16.352	20.63	22.85	-0.01	7.70	1.202	262
16.384	20.62	22.84	-0.00	7.71	1.202	262
16.416	20.60	22.82	-0.01	7.70	1.202	262
16.448	20.57	22.79	-0.00	7.71	1.202	262
16.480	20.56	22.78	-0.00	7.71	1.202	262
16.512	20.57	22.79	-0.00	7.71	1.202	262
16.544	20.60	22.82	-0.01	7.70	1.202	262
16.576	20.63	22.85	-0.00	7.71	1.202	262
16.608	20.65	22.87	-0.00	7.71	1.202	262
16.640	20.66	22.88	-0.01	7.70	1.202	262
16.672	20.66	22.89	-0.01	7.70	1.202	262
16.704	20.67	22.89	-0.01	7.70	1.202	262
16.736	20.67	22.89	-0.01	7.70	1.202	262
16.768	20.67	22.89	-0.00	7.71	1.202	262
16.800	20.66	22.89	-0.01	7.70	1.202	262
16.832	20.65	22.87	-0.01	7.70	1.202	262
16.864	20.64	22.86	-0.01	7.70	1.202	262
16.896	20.63	22.86	-0.00	7.71	1.202	262
16.928	20.62	22.85	0.00	7.71	1.202	262
16.960	20.62	22.84	-0.01	7.70	1.202	262
16.992	20.62	22.84	-0.01	7.70	1.202	262
17.024	20.63	22.85	-0.01	7.70	1.202	262
17.056	20.64	22.87	-0.01	7.70	1.202	262
17.088	20.66	22.88	-0.01	7.70	1.202	262
17.120	20.67	22.89	-0.00	7.71	1.202	262
17.152	20.68	22.90	-0.01	7.70	1.197	261
17.184	20.70	22.92	-0.01	7.70	1.197	261
17.216	20.71	22.94	-0.00	7.71	1.197	261
17.248	20.72	22.94	0.00	7.71	1.197	261
17.280	20.72	22.95	-0.01	7.70	1.197	261
17.312	20.72	22.95	-0.00	7.71	1.197	261
17.344	20.73	22.95	-0.01	7.70	1.197	261
17.376	20.73	22.95	-0.01	7.70	1.197	261
17.408	20.71	22.93	-0.00	7.71	1.197	261
17.440	20.70	22.93	-0.01	7.70	1.197	261
17.472	20.69	22.92	-0.01	7.70	1.197	261
17.504	20.69	22.92	-0.00	7.71	1.197	261
17.536	20.70	22.92	-0.01	7.70	1.197	261
17.568	20.70	22.92	-0.00	7.71	1.197	261
17.600	20.70	22.92	-0.00	7.71	1.197	261
17.632	20.69	22.92	-0.01	7.70	1.202	262
17.664	20.69	22.91	-0.01	7.70	1.202	262
17.696	20.69	22.91	-0.01	7.70	1.202	262
17.728	20.69	22.91	-0.00	7.71	1.202	262
17.760	20.69	22.91	-0.00	7.71	1.202	262
17.792	20.70	22.92	-0.01	7.70	1.202	262
17.824	20.69	22.91	-0.01	7.70	1.202	262
17.856	20.67	22.89	-0.00	7.71	1.202	262
17.888	20.66	22.88	-0.00	7.71	1.202	262
17.920	20.65	22.87	-0.01	7.70	1.202	262
17.952	20.65	22.87	-0.01	7.70	1.202	262
17.984	20.66	22.88	-0.01	7.70	1.202	262
18.016	20.66	22.88	-0.00	7.71	1.202	262
18.048	20.66	22.88	-0.00	7.71	1.202	262
18.080	20.64	22.87	-0.01	7.70	1.197	261
18.112	20.64	22.86	-0.01	7.70	1.197	261
18.144	20.63	22.85	-0.01	7.70	1.197	261
18.176	20.62	22.85	-0.00	7.71	1.197	261
18.208	20.62	22.84	0.00	7.71	1.197	261
18.240	20.62	22.84	-0.00	7.71	1.197	261
18.272	20.63	22.85	-0.00	7.71	1.197	261
18.304	20.63	22.86	-0.01	7.70	1.197	261
18.336	20.64	22.86	-0.00	7.71	1.197	261
18.368	20.64	22.87	-0.00	7.71	1.197	261
18.400	20.67	22.89	0.00	7.71	1.197	261
18.432	20.70	22.92	-0.01	7.70	1.197	261
18.464	20.73	22.96	-0.01	7.70	1.197	261
18.496	20.76	22.98	-0.00	7.71	1.197	261
18.528	20.77	22.99	-0.00	7.71	1.197	261
18.560	20.77	22.99	-0.01	7.70	1.193	260
18.592	20.77	22.99	-0.01	7.70	1.193	260
18.624	20.77	22.99	-0.01	7.70	1.193	260
18.656	20.76	22.99	-0.01	7.70	1.193	260
18.688	20.76	22.98	-0.00	7.71	1.193	260
18.720	20.76	22.98	-0.01	7.70	1.193	260
18.752	20.75	22.97	-0.01	7.70	1.193	260
18.784	20.74	22.96	-0.01	7.70	1.193	260
18.816	20.73	22.95	-0.01	7.70	1.193	260
18.848	20.72	22.94	-0.00	7.71	1.193	260
18.880	20.73	22.95	-0.01	7.70	1.193	260
18.912	20.73	22.95	-0.01	7.70	1.193	260
18.944	20.73	22.95	-0.01	7.70	1.193	260
18.976	20.72	22.94	-0.01	7.70	1.193	260
19.008	20.72	22.94	-0.01	7.70	1.197	261
19.040	20.72	22.95	-0.01	7.70	1.197	261
19.072	20.74	22.96	-0.01	7.70	1.197	261
19.104	20.75	22.97	-0.01	7.70	1.197	261
19.136	20.75	22.97	-0.01	7.70	1.197	261
19.168	20.75	22.97	-0.01	7.70	1.197	261
19.200	20.74	22.97	-0.00	7.71	1.197	261
19.232	20.73	22.95	-0.01	7.70	1.197	261
19.264	20.72	22.94	-0.01	7.70	1.197	261
19.296	20.71	22.93	-0.01	7.70	1.197	261
19.328	20.70	22.93	-0.00	7.71	1.197	261
19.360	20.71	22.93	-0.01	7.70	1.197	261
19.392	20.71	22.94	-0.01	7.70	1.197	261
19.424	20.71	22.93	-0.01	7.70	1.197	261
19.456	20.71	22.93	-0.01	7.70	1.197	261
19.488	20.69	22.92	-0.01	7.70	1.197	261
19.520	20.69	22.92	-0.00	7.71	1.197	261
19.552	20.70	22.92	-0.01	7.70	1.197	261
19.584	20.71	22.93	-0.01	7.70	1.197	261
19.616	20.71	22.93	-0.00	7.71	1.197	261
19.648	20.70	22.92	-0.00	7.71	1.197	261
19.680	20.69	22.91	-0.01	7.70	1.197	261
19.712	20.69	22.91	-0.01	7.70	1.197	261
19.744	20.68	22.90	-0.01	7.70	1.197	261
19.776	20.67	22.89	-0.00	7.71	1.197	261
19.808	20.67	22.89	-0.01	7.70	1.197	261
19.840	20.67	22.90	-0.01	7.70	1.197	261
19.872	20.69	22.91	-0.00	7.71	1.197	261
19.904	20.71	22.93	-0.01	7.70	1.197	261
19.936	20.72	22.94	-0.01	7.70	1.197	261
19.968	20.72	22.94	-0.01	7.70	1.197	261
20.000	20.72	22.94	-0.01	7.70	1.197	261
20.032	20.71	22.94	-0.01	7.70	1.197	261
20.064	20.70	22.92	-0.01	7.70	1.197	261
20.096	20.69	22.91	-0.01	7.70	1.197	261
20.128	20.68	22.90	-0.00	7.71	1.197	261
20.160	20.67	22.89	-0.01	7.70	1.197	261
20.192	20.66	22.88	-0.01	7.70	1.197	261
20.224	20.65	22.87	-0.01	7.70	1.197	261
20.256	20.65	22.87	-0.01	7.70	1.197	261
20.288	20.66	22.88	-0.00	7.71	1.197	261
20.320	20.67	22.89	-0.00	7.71	1.197	261
20.352	20.69	22.91	-0.01	7.70	1.197	261
20.384	20.71	22.93	-0.01	7.70	1.197	261
20.416	20.73	22.95	-0.00	7.71	1.193	260
20.448	20.74	22.96	-0.01	7.70	1.193	260
20.480	20.76	22.98	-0.01	7.70	1.193	260
20.512	20.78	23.00	-0.01	7.70	1.193	260
20.544	20.78	23.01	-0.00	7.71	1.193	260
20.576	20.79	23.02	-0.01	7.70	1.193	260
20.608	20.80	23.02	-0.00	7.71	1.193	260
20.640	20.79	23.02	-0.01	7.70	1.193	260
20.672	20.79	23.01	-0.01	7.70	1.193	260
20.704	20.77	22.99	-0.01	7.70	1.193	260
20.736	20.77	22.99	-0.01	7.70	1.193	260
20.768	20.76	22.98	-0.01	7.70	1.193	260
20.800	20.76	22.98	-0.01	7.70	1.193	260
20.832	20.75	22.97	-0.01	7.70	1.193	260
20.864	20.74	22.96	-0.01	7.70	1.193	260
20.896	20.73	22.95	-0.01	7.70	1.193	260
20.928	20.72	22.95	-0.01	7.70	1.193	260
20.960	20.72	22.95	-0.00	7.71	1.193	260
20.992	20.73	22.95	-0.01	7.70	1.193	260
21.024	20.74	22.96	-0.01	7.70	1.193	260
21.056	20.74	22.97	-0.01	7.70	1.193	260
21.088	20.74	22.96	-0.00	7.71	1.193	260
21.120	20.73	22.96	-0.01	7.70	1.193	260
21.152	20.73	22.95	-0.01	7.70	1.193	260
21.184	20.72	22.94	-0.01	7.70	1.193	260
21.216	20.72	22.94	-0.01	7.70	1.193	260
21.248	20.72	22.95	-0.00	7.71	1.193	260
21.280	20.73	22.95	-0.01	7.70	1.193	260
21.312	20.74	22.96	-0.01	7.70	1.193	260
21.344	20.74	22.97	-0.01	7.70	1.193	260
21.376	20.76	22.98	-0.01	7.70	1.193	260
21.408	20.77	23.00	-0.00	7.71	1.193	260
21.440	20.79	23.01	-0.01	7.70	1.193	260
21.472	20.79	23.01	-0.01	7.70	1.193	260
21.504	20.79	23.01	-0.01	7.70	1.193	260
21.536	20.80	23.02	-0.01	7.70	1.193	260
21.568	20.81	23.03	-0.01	7.70	1.193	260
21.600	20.80	23.02	-0.01	7.70	1.193	260
21.632	20.78	23.00	-0.01	7.70	1.193	260
21.664	20.76	22.98	-0.01	7.70	1.193	260
21.696	20.75	22.97	-0.01	7.70	1.193	260
21.728	20.75	22.97	-0.00	7.71	1.193	260
21.760	20.74	22.97	-0.01	7.70	1.193	260
21.792	20.74	22.96	-0.01	7.70	1.193	260
21.824	20.74	22.97	-0.01	7.70	1.193	260
21.856	20.74	22.97	-0.00	7.71	1.193	260
21.888	20.76	22.98	-0.00	7.71	1.193	260
21.920	20.76	22.99	-0.01	7.70	1.193	260
21.952	20.77	22.99	-0.00	7.71	1.193	260
21.984	20.77	23.00	-0.01	7.70	1.193	260
22.016	20.78	23.00	-0.01	7.70	1.193	260
22.048	20.78	23.00	-0.00	7.71	1.193	260
22.080	20.76	22.99	-0.00	7.71	1.193	260
22.112	20.75	22.97	-0.01	7.70	1.193	260
22.144	20.74	22.97	-0.01	7.70	1.193	260
22.176	20.74	22.97	-0.01	7.70	1.193	260
22.208	20.75	22.98	-0.00	7.71	1.193	260
22.240	20.77	22.99	-0.01	7.70	1.193	260
22.272	20.78	23.01	-0.01	7.70	1.193	260
22.304	20.79	23.02	-0.01	7.70	1.197	261
22.336	20.80	23.02	-0.01	7.70	1.197	261
22.368	20.80	23.03	-0.01	7.70	1.197	261
22.400	20.82	23.04	-0.01	7.70	1.197	261
22.432	20.82	23.05	-0.00	7.71	1.197	261
22.464	20.83	23.06	-0.01	7.70	1.197	261
22.496	20.84	23.06	-0.00	7.71	1.197	261
22.528	20.83	23.05	-0.01	7.70	1.197	261
22.560	20.81	23.03	-0.01	7.70	1.197	261
22.592	20.78	23.00	-0.01	7.70	1.197	261
22.624	20.76	22.98	-0.01	7.70	1.197	261
22.656	20.75	22.97	-0.00	7.71	1.197	261
22.688	20.76	22.98	-0.01	7.70	1.197	261
22.720	20.77	22.99	-0.00	7.71	1.197	261
22.752	20.78	23.00	-0.01	7.70	1.197	261
22.784	20.78	23.00	-0.01	7.70	1.197	261
22.816	20.78	23.00	-0.01	7.70	1.197	261
22.848	20.78	23.00	-0.01	7.70	1.197	261
22.880	20.78	23.00	-0.01	7.70	1.197	261
22.912	20.78	23.00	-0.01	7.70	1.197	261
22.944	20.77	22.99	-0.01	7.70	1.197	261
22.976	20.77	22.99	-0.01	7.70	1.197	261
23.008	20.76	22.98	-0.00	7.71	1.197	261
23.040	20.74	22.96	-0.00	7.71	1.197	261
23.072	20.71	22.94	-0.01	7.70	1.197	261
23.104	20.69	22.92	-0.01	7.70	1.197	261
23.136	20.67	22.89	-0.01	7.70	1.197	261
23.168	20.66	22.89	-0.00	7.71	1.197	261
23.200	20.66	22.88	-0.01	7.70	1.197	261
23.232	20.66	22.88	-0.01	7.70	1.193	260
23.264	20.67	22.89	-0.01	7.70	1.193	260
23.296	20.68	22.90	-0.01	7.70	1.193	260
23.328	20.69	22.92	-0.01	7.70	1.193	260
23.360	20.71	22.93	-0.00	7.71	1.193	260
23.392	20.71	22.93	-0.01	7.70	1.193	260
23.424	20.71	22.93	-0.01	7.70	1.193	260
23.456	20.71	22.93	-0.01	7.70	1.193	260
23.488	20.70	22.92	-0.00	7.71	1.193	260
23.520	20.68	22.90	-0.01	7.70	1.193	260
23.552	20.68	22.90	-0.01	7.70	1.193	260
23.584	20.68	22.90	-0.01	7.70	1.193	260
23.616	20.69	22.91	-0.01	7.70	1.193	260
23.648	20.70	22.92	-0.00	7.71	1.193	260
23.680	20.72	22.94	-0.01	7.70	1.193	260
23.712	20.73	22.95	-0.01	7.70	1.193	260
23.744	20.74	22.96	-0.01	7.70	1.193	260
23.776	20.76	22.98	-0.01	7.70	1.193	260
23.808	20.77	22.99	-0.01	7.70	1.193	260
23.840	20.77	22.99	-0.01	7.70	1.193	260
23.872	20.76	22.98	-0.01	7.70	1.193	260
23.904	20.74	22.96	-0.01	7.70	1.193	260
23.936	20.72	22.94	-0.01	7.70	1.193	260
23.968	20.68	22.91	-0.01	7.70	1.193	260
24.000	20.66	22.88	-0.01	7.70	1.193	260
24.032	20.66	22.88	-0.01	7.70	1.193	260
24.064	20.67	22.89	-0.01	7.70	1.193	260
24.096	20.69	22.92	-0.01	7.70	1.193	260
24.128	20.72	22.94	-0.00	7.71	1.193	260
24.160	20.73	22.95	-0.01	7.70	1.193	260
24.192	20.74	22.96	-0.00	7.71	1.193	260
24.224	20.74	22.97	-0.01	7.70	1.193	260
24.256	20.75	22.98	-0.01	7.70	1.193	260
24.288	20.76	22.98	-0.01	7.70	1.193	260
24.320	20.76	22.98	-0.01	7.70	1.193	260
24.352	20.76	22.98	-0.01	7.70	1.193	260
24.384	20.75	22.98	-0.01	7.70	1.193	260
24.416	20.73	22.96	-0.01	7.70	1.193	260
24.448	20.71	22.94	-0.01	7.70	1.193	260
24.480	20.69	22.91	-0.00	7.71	1.193	260
24.512	20.68	22.90	-0.01	7.70	1.193	260
24.544	20.67	22.89	-0.01	7.70	1.193	260
24.576	20.67	22.89	-0.01	7.70	1.193	260
24.608	20.66	22.88	-0.01	7.70	1.193	260
24.640	20.65	22.87	-0.00	7.71	1.202	262
24.672	20.63	22.85	-0.01	7.70	1.202	262
24.704	20.63	22.85	-0.01	7.70	1.202	262
24.736	20.63	22.85	-0.01	7.70	1.202	262
24.768	20.63	22.85	-0.01	7.70	1.202	262
24.800	20.63	22.85	-0.01	7.70	1.202	262
24.832	20.64	22.86	-0.01	7.70	1.202	262
24.864	20.64	22.86	-0.01	7.70	1.202	262
24.896	20.62	22.85	-0.01	7.70	1.202	262
24.928	20.60	22.82	-0.01	7.70	1.202	262
24.960	20.59	22.81	-0.01	7.70	1.202	262
24.992	20.58	22.80	-0.01	7.70	1.202	262
25.024	20.59	22.82	-0.01	7.70	1.202	262
25.056	20.61	22.83	-0.01	7.70	1.202	262
25.088	20.63	22.85	-0.01	7.70	1.202	262
25.120	20.65	22.87	-0.00	7.71	1.188	259
25.152	20.66	22.88	-0.01	7.70	1.188	259
25.184	20.68	22.90	-0.01	7.70	1.188	259
25.216	20.68	22.90	-0.01	7.70	1.188	259
25.248	20.69	22.92	-0.00	7.71	1.188	259
25.280	20.70	22.92	-0.01	7.70	1.188	259
25.312	20.70	22.92	-0.01	7.70	1.188	259
25.344	20.70	22.92	-0.01	7.70	1.188	259
25.376	20.69	22.92	-0.01	7.70	1.188	259
25.408	20.68	22.90	-0.01	7.70	1.188	259
25.440	20.67	22.89	-0.01	7.70	1.188	259
25.472	20.66	22.89	-0.01	7.70	1.188	259
25.504	20.66	22.88	-0.01	7.70	1.188	259
25.536	20.65	22.88	-0.01	7.70	1.188	259
25.568	20.65	22.87	-0.00	7.71	1.197	261
25.600	20.65	22.87	-0.00	7.71	1.197	261
25.632	20.65	22.88	-0.01	7.70	1.197	261
25.664	20.66	22.88	-0.01	7.70	1.197	261
25.696	20.66	22.88	-0.01	7.70	1.197	261
25.728	20.66	22.88	-0.01	7.70	1.197	261
25.760	20.65	22.87	-0.01	7.70	1.197	261
25.792	20.64	22.87	-0.01	7.70	1.197	261
25.824	20.62	22.84	-0.01	7.70	1.197	261
25.856	20.60	22.83	-0.01	7.70	1.197	261
25.888	20.59	22.81	-0.00	7.71	1.197	261
25.920	20.59	22.81	-0.01	7.70	1.197	261
25.952	20.60	22.82	-0.01	7.70	1.197	261
25.984	20.63	22.85	-0.01	7.70	1.197	261
26.016	20.66	22.88	-0.01	7.70	1.197	261
26.048	20.69	22.91	-0.01	7.70	1.193	260
26.080	20.72	22.94	-0.01	7.70	1.193	260
26.112	20.74	22.96	-0.01	7.70	1.193	260
26.144	20.75	22.97	-0.01	7.70	1.193	260
26.176	20.76	22.98	-0.00	7.71	1.193	260
26.208	20.75	22.97	-0.01	7.70	1.193	260
26.240	20.74	22.96	-0.01	7.70	1.193	260
26.272	20.72	22.95	-0.01	7.70	1.193	260
26.304	20.70	22.92	-0.01	7.70	1.193	260
26.336	20.68	22.90	-0.01	7.70	1.193	260
26.368	20.67	22.89	-0.00	7.71	1.193	260
26.400	20.67	22.89	-0.01	7.70	1.193	260
26.432	20.68	22.90	-0.01	7.70	1.193	260
26.464	20.70	22.92	-0.01	7.70	1.193	260
26.496	20.72	22.94	-0.01	7.70	1.193	260
26.528	20.73	22.95	-0.00	7.71	1.193	260
26.560	20.74	22.96	-0.00	7.71	1.193	260
26.592	20.75	22.97	-0.01	7.70	1.193	260
26.624	20.74	22.96	-0.01	7.70	1.193	260
26.656	20.72	22.95	-0.01	7.70	1.193	260
26.688	20.71	22.93	-0.01	7.70	1.193	260
26.720	20.70	22.92	-0.01	7.70	1.193	260
26.752	20.69	22.91	-0.01	7.70	1.193	260
26.784	20.68	22.90	-0.01	7.70	1.193	260
26.816	20.67	22.89	-0.01	7.70	1.193	260
26.848	20.66	22.89	-0.00	7.71	1.193	260
26.880	20.68	22.90	-0.00	7.71	1.193	260
26.912	20.70	22.92	-0.01	7.70	1.193	260
26.944	20.73	22.95	-0.01	7.70	1.193	260
26.976	20.76	22.98	-0.00	7.71	1.193	260
27.008	20.78	23.00	-0.01	7.70	1.193	260
27.040	20.81	23.03	-0.01	7.70	1.193	260
27.072	20.82	23.04	-0.01	7.70	1.193	260
27.104	20.82	23.04	-0.01	7.70	1.193	260
27.136	20.82	23.05	-0.01	7.70	1.193	260
27.168	20.82	23.04	-0.01	7.70	1.193	260
27.200	20.82	23.04	-0.00	7.71	1.193	260
27.232	20.80	23.02	-0.01	7.70	1.193	260
27.264	20.78	23.01	-0.01	7.70	1.193	260
27.296	20.77	22.99	-0.01	7.70	1.193	260
27.328	20.77	22.99	-0.01	7.70	1.193	260
27.360	20.78	23.00	0.00	7.71	1.193	260
27.392	20.79	23.01	-0.01	7.70	1.193	260
27.424	20.80	23.03	-0.01	7.70	1.193	260
27.456	20.81	23.03	-0.01	7.70	1.197	261
27.488	20.80	23.02	-0.00	7.71	1.197	261
27.520	20.79	23.02	-0.01	7.70	1.197	261
27.552	20.79	23.01	-0.01	7.70	1.197	261
27.584	20.77	22.99	-0.01	7.70	1.197	261
27.616	20.75	22.98	-0.01	7.70	1.197	261
27.648	20.74	22.96	-0.01	7.70	1.197	261
27.680	20.73	22.95	0.00	7.71	1.197	261
27.712	20.72	22.94	-0.01	7.70	1.197	261
27.744	20.71	22.93	-0.01	7.70	1.197	261
27.776	20.70	22.92	-0.01	7.70	1.197	261
27.808	20.69	22.91	-0.01	7.70	1.197	261
27.840	20.70	22.93	-0.00	7.71	1.197	261
27.872	20.72	22.94	-0.01	7.70	1.197	261
27.904	20.73	22.96	-0.01	7.70	1.193	260
27.936	20.76	22.98	-0.01	7.70	1.193	260
27.968	20.78	23.00	-0.01	7.70	1.193	260
28.000	20.81	23.03	-0.01	7.70	1.193	260
28.032	20.83	23.06	-0.01	7.70	1.193	260
28.064	20.85	23.07	-0.01	7.70	1.193	260
28.096	20.87	23.09	-0.01	7.70	1.193	260
28.128	20.88	23.10	-0.00	7.71	1.193	260
28.160	20.90	23.12	-0.00	7.71	1.193	260
28.192	20.91	23.13	-0.01	7.70	1.193	260
28.224	20.92	23.14	-0.01	7.70	1.193	260
28.256	20.93	23.15	-0.01	7.70	1.193	260
28.288	20.95	23.17	-0.01	7.70	1.193	260
28.320	20.96	23.18	-0.01	7.70	1.193	260
28.352	20.97	23.19	-0.01	7.70	1.193	260
28.384	20.96	23.18	-0.01	7.70	1.197	261
28.416	20.95	23.17	-0.01	7.70	1.197	261
28.448	20.94	23.16	-0.01	7.70	1.197	261
28.480	20.93	23.15	-0.00	7.71	1.197	261
28.512	20.92	23.14	-0.01	7.70	1.197	261
28.544	20.91	23.13	-0.01	7.70	1.197	261
28.576	20.90	23.12	-0.01	7.70	1.197	261
28.608	20.88	23.10	-0.01	7.70	1.197	261
28.640	20.86	23.08	-0.01	7.70	1.197	261
28.672	20.84	23.06	-0.01	7.70	1.197	261
28.704	20.83	23.05	-0.01	7.70	1.197	261
28.736	20.82	23.05	-0.01	7.70	1.197	261
28.768	20.83	23.05	-0.01	7.70	1.197	261
28.800	20.84	23.06	-0.01	7.70	1.197	261
28.832	20.85	23.07	-0.01	7.70	1.197	261
28.864	20.84	23.07	-0.01	7.70	1.197	261
28.896	20.84	23.06	-0.01	7.70	1.197	261
28.928	20.84	23.06	-0.01	7.70	1.197	261
28.960	20.84	23.06	-0.00	7.71	1.197	261
28.992	20.84	23.07	-0.00	7.71	1.197	261
29.024	20.84	23.07	-0.01	7.70	1.197	261
29.056	20.85	23.07	-0.01	7.70	1.197	261
29.088	20.85	23.07	-0.00	7.71	1.197	261
29.120	20.85	23.07	-0.01	7.70	1.197	261
29.152	20.84	23.07	-0.01	7.70	1.197	261
29.184	20.85	23.08	-0.00	7.71	1.197	261
29.216	20.87	23.09	-0.01	7.70	1.197	261
29.248	20.88	23.10	-0.01	7.70	1.197	261
29.280	20.89	23.11	-0.01	7.70	1.197	261
29.312	20.89	23.12	-0.00	7.71	1.197	261
29.344	20.89	23.12	-0.01	7.70	1.197	261
29.376	20.90	23.13	-0.01	7.70	1.197	261
29.408	20.91	23.14	-0.01	7.70	1.197	261
29.440	20.93	23.15	-0.01	7.70	1.197	261
29.472	20.93	23.16	-0.00	7.71	1.197	261
29.504	20.94	23.16	-0.01	7.70	1.197	261
29.536	20.94	23.16	-0.01	7.70	1.197	261
29.568	20.93	23.15	-0.01	7.70	1.197	261
29.600	20.91	23.14	-0.01	7.70	1.197	261
29.632	20.89	23.12	-0.01	7.70	1.197	261
29.664	20.88	23.10	-0.01	7.70	1.197	261
29.696	20.87	23.09	-0.01	7.70	1.197	261
29.728	20.86	23.08	-0.01	7.70	1.197	261
29.760	20.85	23.08	-0.01	7.70	1.197	261
29.792	20.85	23.07	-0.01	7.70	1.197	261
29.824	20.84	23.07	-0.01	7.70	1.197	261
29.856	20.84	23.07	-0.01	7.70	1.197	261
29.888	20.86	23.08	-0.01	7.70	1.197	261
29.920	20.87	23.09	-0.01	7.70	1.197	261
29.952	20.88	23.10	-0.00	7.71	1.197	261
29.984	20.88	23.10	-0.01	7.70	1.197	261
30.016	20.87	23.10	-0.01	7.70	1.197	261
30.048	20.86	23.08	-0.01	7.70	1.197	261
30.080	20.84	23.06	-0.01	7.70	1.197	261
30.112	20.82	23.05	-0.01	7.70	1.197	261
30.144	20.82	23.04	-0.01	7.70	1.197	261
30.176	20.81	23.03	-0.01	7.70	1.197	261
30.208	20.81	23.03	-0.01	7.70	1.197	261
30.240	20.82	23.04	-0.00	7.71	1.197	261
30.272	20.83	23.06	-0.00	7.71	1.197	261
30.304	20.86	23.08	-0.01	7.70	1.197	261
30.336	20.88	23.10	-0.01	7.70	1.197	261
30.368	20.90	23.13	-0.01	7.70	1.197	261
30.400	20.92	23.15	-0.01	7.70	1.197	261
30.432	20.93	23.15	-0.01	7.70	1.197	261
30.464	20.94	23.17	-0.01	7.70	1.197	261
30.496	20.94	23.16	-0.01	7.70	1.197	261
30.528	20.93	23.15	-0.01	7.70	1.197	261
30.560	20.90	23.12	-0.00	7.71	1.197	261
30.592	20.89	23.11	-0.01	7.70	1.197	261
30.624	20.87	23.10	-0.00	7.71	1.197	261
30.656	20.87	23.09	-0.01	7.70	1.197	261
30.688	20.86	23.08	-0.01	7.70	1.197	261
30.720	20.86	23.08	-0.01	7.70	1.197	261
30.752	20.85	23.07	-0.00	7.71	1.197	261
30.784	20.85	23.07	-0.00	7.71	1.197	261
30.816	20.85	23.07	-0.01	7.70	1.197	261
30.848	20.85	23.07	-0.01	7.70	1.197	261
30.880	20.84	23.07	-0.01	7.70	1.197	261
30.912	20.84	23.06	-0.00	7.71	1.197	261
30.944	20.83	23.06	-0.01	7.70	1.197	261
30.976	20.83	23.05	-0.01	7.70	1.197	261
31.008	20.82	23.04	-0.01	7.70	1.197	261
31.040	20.81	23.03	-0.01	7.70	1.197	261
31.072	20.82	23.04	-0.00	7.71	1.197	261
31.104	20.82	23.04	-0.01	7.70	1.197	261
31.136	20.82	23.04	-0.01	7.70	1.197	261
31.168	20.82	23.04	-0.00	7.71	1.197	261
31.200	20.81	23.03	-0.01	7.70	1.197	261
31.232	20.81	23.03	-0.01	7.70	1.197	261
31.264	20.81	23.03	-0.01	7.70	1.197	261
31.296	20.82	23.05	-0.01	7.70	1.197	261
31.328	20.84	23.06	-0.00	7.71	1.197	261
31.360	20.85	23.08	-0.01	7.70	1.197	261
31.392	20.86	23.08	-0.01	7.70	1.197	261
31.424	20.87	23.09	-0.00	7.71	1.197	261
31.456	20.87	23.09	-0.01	7.70	1.197	261
31.488	20.85	23.07	-0.01	7.70	1.197	261
31.520	20.83	23.05	-0.01	7.70	1.197	261
31.552	20.82	23.04	-0.00	7.71	1.197	261
31.584	20.82	23.04	-0.01	7.70	1.197	261
31.616	20.83	23.05	-0.01	7.70	1.197	261
31.648	20.84	23.07	-0.01	7.70	1.193	260
31.680	20.85	23.07	-0.00	7.71	1.193	260
31.712	20.86	23.08	-0.00	7.71	1.193	260
31.744	20.87	23.09	-0.01	7.70	1.193	260
31.776	20.89	23.11	-0.01	7.70	1.193	260
31.808	20.90	23.12	-0.01	7.70	1.193	260
31.840	20.92	23.14	-0.01	7.70	1.193	260
31.872	20.93	23.15	-0.00	7.71	1.193	260
31.904	20.94	23.16	-0.01	7.70	1.193	260
31.936	20.94	23.16	-0.01	7.70	1.193	260
31.968	20.94	23.16	-0.01	7.70	1.193	260
32.000	20.94	23.16	-0.01	7.70	1.193	260
32.032	20.95	23.17	-0.00	7.71	1.193	260
32.064	20.95	23.17	-0.00	7.71	1.193	260
32.096	20.96	23.18	-0.01	7.70	1.193	260
32.128	20.96	23.18	-0.01	7.70	1.202	262
32.160	20.96	23.18	-0.01	7.70	1.202	262
32.192	20.95	23.17	-0.01	7.70	1.202	262
32.224	20.94	23.16	-0.00	7.71	1.202	262
32.256	20.93	23.15	-0.01	7.70	1.202	262
32.288	20.92	23.14	-0.01	7.70	1.202	262
32.320	20.91	23.13	-0.00	7.71	1.202	262
32.352	20.90	23.12	-0.01	7.70	1.202	262
32.384	20.89	23.11	-0.01	7.70	1.202	262
32.416	20.86	23.08	-0.01	7.70	1.202	262
32.448	20.83	23.05	-0.01	7.70	1.202	262
32.480	20.81	23.04	-0.01	7.70	1.202	262
32.512	20.81	23.03	-0.01	7.70	1.202	262
32.544	20.82	23.04	-0.01	7.70	1.202	262
32.576	20.83	23.05	-0.01	7.70	1.202	262
32.608	20.84	23.06	-0.01	7.70	1.197	261
32.640	20.84	23.07	-0.01	7.70	1.197	261
32.672	20.84	23.07	-0.01	7.70	1.197	261
32.704	20.84	23.07	-0.01	7.70	1.197	261
32.736	20.83	23.06	-0.01	7.70	1.197	261
32.768	20.83	23.05	-0.01	7.70	1.197	261
32.800	20.83	23.05	-0.01	7.70	1.197	261
32.832	20.83	23.05	-0.00	7.71	1.197	261
32.864	20.82	23.04	-0.01	7.70	1.197	261
32.896	20.82	23.04	-0.01	7.70	1.197	261
32.928	20.82	23.04	-0.01	7.70	1.197	261
32.960	20.82	23.04	-0.01	7.70	1.197	261
32.992	20.82	23.04	-0.01	7.70	1.197	261
33.024	20.82	23.04	-0.01	7.70	1.197	261
33.056	20.82	23.04	-0.01	7.70	1.193	260
33.088	20.83	23.05	-0.01	7.70	1.193	260
33.120	20.84	23.06	-0.01	7.70	1.193	260
33.152	20.85	23.07	-0.01	7.70	1.193	260
33.184	20.86	23.08	-0.00	7.71	1.193	260
33.216	20.87	23.09	-0.01	7.70	1.193	260
33.248	20.86	23.09	-0.01	7.70	1.193	260
33.280	20.86	23.08	-0.01	7.70	1.193	260
33.312	20.85	23.07	-0.01	7.70	1.193	260
33.344	20.84	23.06	-0.00	7.71	1.193	260
33.376	20.83	23.05	-0.01	7.70	1.193	260
33.408	20.82	23.04	-0.01	7.70	1.193	260
33.440	20.82	23.04	-0.01	7.70	1.193	260
33.472	20.84	23.06	-0.00	7.71	1.193	260
33.504	20.86	23.08	-0.01	7.70	1.193	260
33.536	20.88	23.10	-0.01	7.70	1.202	262
33.568	20.89	23.12	-0.01	7.70	1.202	262
33.600	20.91	23.13	-0.01	7.70	1.202	262
33.632	20.92	23.14	-0.01	7.70	1.202	262
33.664	20.92	23.14	-0.01	7.70	1.202	262
33.696	20.91	23.13	-0.01	7.70	1.202	262
33.728	20.90	23.12	-0.01	7.70	1.202	262
33.760	20.89	23.11	-0.01	7.70	1.202	262
33.792	20.87	23.09	-0.01	7.70	1.202	262
33.824	20.85	23.07	-0.00	7.71	1.202	262
33.856	20.83	23.05	-0.01	7.70	1.202	262
33.888	20.82	23.04	-0.01	7.70	1.202	262
33.920	20.82	23.04	-0.01	7.70	1.202	262
33.952	20.82	23.04	-0.01	7.70	1.202	262
33.984	20.83	23.05	-0.01	7.70	1.202	262
34.016	20.84	23.06	-0.01	7.70	1.197	261
34.048	20.85	23.07	-0.01	7.70	1.197	261
34.080	20.86	23.09	-0.01	7.70	1.197	261
34.112	20.88	23.10	-0.01	7.70	1.197	261
34.144	20.87	23.10	-0.00	7.71	1.197	261
34.176	20.87	23.09	-0.01	7.70	1.197	261
34.208	20.87	23.09	-0.01	7.70	1.197	261
34.240	20.87	23.09	-0.00	7.71	1.197	261
34.272	20.86	23.08	-0.01	7.70	1.197	261
34.304	20.85	23.07	-0.00	7.71	1.197	261
34.336	20.84	23.06	-0.01	7.70	1.197	261
34.368	20.84	23.07	-0.01	7.70	1.197	261
34.400	20.85	23.07	-0.01	7.70	1.197	261
34.432	20.86	23.08	-0.01	7.70	1.197	261
34.464	20.86	23.09	-0.00	7.71	1.197	261
34.496	20.86	23.08	-0.01	7.70	1.197	261
34.528	20.86	23.08	-0.01	7.70	1.197	261
34.560	20.86	23.09	-0.01	7.70	1.197	261
34.592	20.87	23.09	-0.01	7.70	1.197	261
34.624	20.87	23.09	-0.01	7.70	1.197	261
34.656	20.87	23.09	-0.01	7.70	1.197	261
34.688	20.87	23.09	-0.01	7.70	1.197	261
34.720	20.86	23.08	-0.01	7.70	1.197	261
34.752	20.85	23.07	-0.01	7.70	1.197	261
34.784	20.84	23.07	-0.01	7.70	1.197	261
34.816	20.85	23.07	-0.01	7.70	1.197	261
34.848	20.85	23.08	-0.01	7.70	1.197	261
34.880	20.86	23.08	-0.01	7.70	1.197	261
34.912	20.87	23.09	-0.01	7.70	1.197	261
34.944	20.89	23.11	-0.01	7.70	1.197	261
34.976	20.89	23.12	-0.01	7.70	1.197	261
35.008	20.90	23.12	-0.01	7.70	1.197	261
35.040	20.91	23.13	-0.01	7.70	1.197	261
35.072	20.89	23.12	-0.01	7.70	1.197	261
35.104	20.89	23.11	-0.00	7.71	1.197	261
35.136	20.89	23.11	-0.01	7.70	1.197	261
35.168	20.88	23.10	-0.01	7.70	1.197	261
35.200	20.88	23.10	-0.01	7.70	1.197	261
35.232	20.87	23.09	-0.01	7.70	1.197	261
35.264	20.85	23.08	-0.00	7.71	1.197	261
35.296	20.85	23.08	-0.01	7.70	1.197	261
35.328	20.86	23.08	-0.01	7.70	1.197	261
35.360	20.86	23.08	-0.01	7.70	1.197	261
35.392	20.87	23.09	-0.00	7.71	1.197	261
35.424	20.87	23.09	-0.01	7.70	1.197	261
35.456	20.86	23.08	-0.01	7.70	1.197	261
35.488	20.86	23.08	-0.01	7.70	1.197	261
35.520	20.86	23.08	-0.01	7.70	1.197	261
35.552	20.85	23.08	-0.00	7.71	1.197	261
35.584	20.84	23.07	-0.00	7.71	1.197	261
35.616	20.85	23.07	-0.01	7.70	1.197	261
35.648	20.86	23.08	-0.01	7.70	1.197	261
35.680	20.86	23.08	-0.01	7.70	1.197	261
35.712	20.86	23.09	-0.01	7.70	1.197	261
35.744	20.86	23.08	0.00	7.71	1.197	261
35.776	20.86	23.09	-0.00	7.71	1.197	261
35.808	20.87	23.09	-0.01	7.70	1.197	261
35.840	20.89	23.12	-0.01	7.70	1.197	261
35.872	20.92	23.14	-0.01	7.70	1.193	260
35.904	20.93	23.16	-0.00	7.71	1.193	260
35.936	20.95	23.17	-0.01	7.70	1.193	260
35.968	20.96	23.18	-0.01	7.70	1.193	260
36.000	20.96	23.18	-0.01	7.70	1.193	260
36.032	20.95	23.18	-0.01	7.70	1.193	260
36.064	20.94	23.17	-0.00	7.71	1.193	260
36.096	20.94	23.16	-0.01	7.70	1.193	260
36.128	20.94	23.16	-0.01	7.70	1.193	260
36.160	20.92	23.14	-0.01	7.70	1.193	260
36.192	20.90	23.12	-0.01	7.70	1.193	260
36.224	20.88	23.10	-0.00	7.71	1.193	260
36.256	20.86	23.08	-0.01	7.70	1.193	260
36.288	20.85	23.07	-0.01	7.70	1.193	260
36.320	20.85	23.08	-0.01	7.70	1.193	260
36.352	20.86	23.08	-0.01	7.70	1.202	262
36.384	20.87	23.09	-0.01	7.70	1.202	262
36.416	20.88	23.10	-0.01	7.70	1.202	262
36.448	20.89	23.11	-0.01	7.70	1.202	262
36.480	20.89	23.11	-0.01	7.70	1.202	262
36.512	20.88	23.11	-0.01	7.70	1.202	262
36.544	20.88	23.11	-0.00	7.71	1.202	262
36.576	20.89	23.11	-0.00	7.71	1.202	262
36.608	20.89	23.11	-0.01	7.70	1.202	262
36.640	20.88	23.11	-0.01	7.70	1.202	262
36.672	20.88	23.10	-0.01	7.70	1.202	262
36.704	20.87	23.10	-0.01	7.70	1.202	262
36.736	20.88	23.10	-0.01	7.70	1.202	262
36.768	20.88	23.11	-0.01	7.70	1.202	262
36.800	20.90	23.13	-0.01	7.70	1.197	261
36.832	20.92	23.14	-0.01	7.70	1.197	261
36.864	20.93	23.16	-0.00	7.71	1.197	261
36.896	20.95	23.17	-0.01	7.70	1.197	261
36.928	20.96	23.18	-0.01	7.70	1.197	261
36.960	20.96	23.18	-0.01	7.70	1.197	261
36.992	20.96	23.19	-0.00	7.71	1.197	261
37.024	20.97	23.19	-0.00	7.71	1.197	261
37.056	20.97	23.19	-0.01	7.70	1.197	261
37.088	20.96	23.18	-0.01	7.70	1.197	261
37.120	20.95	23.17	-0.01	7.70	1.197	261
37.152	20.93	23.16	-0.01	7.70	1.197	261
37.184	20.94	23.16	-0.01	7.70	1.197	261
37.216	20.94	23.17	-0.01	7.70	1.197	261
37.248	20.95	23.18	-0.01	7.70	1.197	261
37.280	20.96	23.19	-0.01	7.70	1.202	262
37.312	20.98	23.20	-0.01	7.70	1.202	262
37.344	20.99	23.21	-0.00	7.71	1.202	262
37.376	21.00	23.22	-0.01	7.70	1.202	262
37.408	21.01	23.23	-0.00	7.71	1.202	262
37.440	21.01	23.24	-0.01	7.70	1.202	262
37.472	21.01	23.23	-0.01	7.70	1.202	262
37.504	21.02	23.24	-0.01	7.70	1.202	262
37.536	21.01	23.23	-0.01	7.70	1.202	262
37.568	21.00	23.22	-0.01	7.70	1.202	262
37.600	20.98	23.20	-0.01	7.70	1.202	262
37.632	20.97	23.19	-0.01	7.70	1.202	262
37.664	20.96	23.18	-0.00	7.71	1.202	262
37.696	20.95	23.17	-0.01	7.70	1.202	262
37.728	20.94	23.16	-0.01	7.70	1.202	262
37.760	20.93	23.15	-0.01	7.70	1.202	262
37.792	20.92	23.14	-0.01	7.70	1.202	262
37.824	20.91	23.13	-0.01	7.70	1.202	262
37.856	20.89	23.12	-0.01	7.70	1.202	262
37.888	20.89	23.11	-0.00	7.71	1.202	262
37.920	20.88	23.10	-0.01	7.70	1.202	262
37.952	20.88	23.10	-0.01	7.70	1.202	262
37.984	20.88	23.10	-0.00	7.71	1.202	262
38.016	20.87	23.10	-0.01	7.70	1.202	262
38.048	20.86	23.08	-0.01	7.70	1.202	262
38.080	20.85	23.07	-0.01	7.70	1.202	262
38.112	20.84	23.06	-0.01	7.70	1.202	262
38.144	20.84	23.07	-0.00	7.71	1.202	262
38.176	20.86	23.08	-0.01	7.70	1.202	262
38.208	20.87	23.09	-0.01	7.70	1.197	261
38.240	20.88	23.10	-0.01	7.70	1.197	261
38.272	20.89	23.12	-0.01	7.70	1.197	261
38.304	20.91	23.13	-0.01	7.70	1.197	261
38.336	20.91	23.13	-0.01	7.70	1.197	261
38.368	20.91	23.13	-0.01	7.70	1.197	261
38.400	20.91	23.13	-0.01	7.70	1.197	261
38.432	20.90	23.13	-0.01	7.70	1.197	261
38.464	20.90	23.12	-0.00	7.71	1.197	261
38.496	20.89	23.11	-0.01	7.70	1.197	261
38.528	20.88	23.11	-0.00	7.71	1.197	261
38.560	20.88	23.10	-0.01	7.70	1.197	261
38.592	20.88	23.10	-0.01	7.70	1.197	261
38.624	20.88	23.10	-0.01	7.70	1.197	261
38.656	20.89	23.12	-0.01	7.70	1.197	261
38.688	20.91	23.14	-0.01	7.70	1.202	262
38.720	20.93	23.15	-0.01	7.70	1.202	262
38.752	20.95	23.18	-0.01	7.70	1.202	262
38.784	20.97	23.19	-0.01	7.70	1.202	262
38.816	20.97	23.19	-0.01	7.70	1.202	262
38.848	20.97	23.19	-0.01	7.70	1.202	262
38.880	20.96	23.19	-0.01	7.70	1.202	262
38.912	20.96	23.18	-0.01	7.70	1.202	262
38.944	20.95	23.17	-0.01	7.70	1.202	262
38.976	20.93	23.15	-0.00	7.71	1.202	262
39.008	20.91	23.14	-0.01	7.70	1.202	262
39.040	20.90	23.13	-0.01	7.70	1.202	262
39.072	20.90	23.13	-0.01	7.70	1.202	262
39.104	20.92	23.14	-0.00	7.71	1.202	262
39.136	20.94	23.16	-0.00	7.71	1.197	261
39.168	20.95	23.18	-0.01	7.70	1.197	261
39.200	20.96	23.18	-0.01	7.70	1.197	261
39.232	20.96	23.19	-0.01	7.70	1.197	261
39.264	20.97	23.19	-0.00	7.71	1.197	261
39.296	20.96	23.18	-0.00	7.71	1.197	261
39.328	20.94	23.17	-0.01	7.70	1.197	261
39.360	20.94	23.16	-0.01	7.70	1.197	261
39.392	20.93	23.15	-0.01	7.70	1.197	261
39.424	20.91	23.13	-0.01	7.70	1.197	261
39.456	20.88	23.11	-0.00	7.71	1.197	261
39.488	20.87	23.09	-0.00	7.71	1.197	261
39.520	20.86	23.08	-0.00	7.71	1.197	261
39.552	20.86	23.08	-0.01	7.70	1.197	261
39.584	20.88	23.10	-0.01	7.70	1.197	261
39.616	20.90	23.12	-0.01	7.70	1.202	262
39.648	20.92	23.15	-0.01	7.70	1.202	262
39.680	20.95	23.17	-0.01	7.70	1.202	262
39.712	20.97	23.19	-0.01	7.70	1.202	262
39.744	20.98	23.20	-0.01	7.70	1.202	262
39.776	20.97	23.20	-0.01	7.70	1.202	262
39.808	20.98	23.20	-0.01	7.70	1.202	262
39.840	20.97	23.19	-0.01	7.70	1.202	262
39.872	20.96	23.19	-0.01	7.70	1.202	262
39.904	20.95	23.17	-0.01	7.70	1.202	262
39.936	20.94	23.16	-0.01	7.70	1.202	262
39.968	20.94	23.16	-0.00	7.71	1.202	262
40.000	20.94	23.16	-0.00	7.71	1.202	262
40.032	20.94	23.16	-0.00	7.71	1.202	262
40.064	20.95	23.17	-0.01	7.70	1.202	262
40.096	20.95	23.18	-0.00	7.71	1.197	261
40.128	20.95	23.18	-0.00	7.71	1.197	261
40.160	20.95	23.17	-0.01	7.70	1.197	261
40.192	20.94	23.16	-0.01	7.70	1.197	261
40.224	20.92	23.14	-0.00	7.71	1.197	261
40.256	20.91	23.13	-0.01	7.70	1.197	261
40.288	20.90	23.12	-0.01	7.70	1.197	261
40.320	20.90	23.12	-0.01	7.70	1.197	261
40.352	20.89	23.12	-0.01	7.70	1.197	261
40.384	20.89	23.12	-0.01	7.70	1.197	261
40.416	20.90	23.12	-0.00	7.71	1.197	261
40.448	20.92	23.14	-0.00	7.71	1.197	261
40.480	20.94	23.16	-0.01	7.70	1.197	261
40.512	20.96	23.18	-0.01	7.70	1.197	261
40.544	20.97	23.19	-0.01	7.70	1.197	261
40.576	20.98	23.20	-0.00	7.71	1.197	261
40.608	20.99	23.21	-0.01	7.70	1.197	261
40.640	21.00	23.22	-0.01	7.70	1.197	261
40.672	21.00	23.22	-0.01	7.70	1.197	261
40.704	21.01	23.23	-0.01	7.70	1.197	261
40.736	20.99	23.22	-0.01	7.70	1.197	261
40.768	20.98	23.20	-0.01	7.70	1.197	261
40.800	20.97	23.19	-0.01	7.70	1.197	261
40.832	20.94	23.16	-0.01	7.70	1.197	261
40.864	20.91	23.13	-0.01	7.70	1.197	261
40.896	20.89	23.11	-0.01	7.70	1.197	261
40.928	20.89	23.12	-0.01	7.70	1.197	261
40.960	20.91	23.13	-0.01	7.70	1.197	261
40.992	20.92	23.14	-0.01	7.70	1.197	261
41.024	20.94	23.16	-0.01	7.70	1.202	262
41.056	20.95	23.17	-0.00	7.71	1.202	262
41.088	20.97	23.19	-0.01	7.70	1.202	262
41.120	20.99	23.21	-0.01	7.70	1.202	262
41.152	21.00	23.22	-0.01	7.70	1.202	262
41.184	21.00	23.22	-0.01	7.70	1.202	262
41.216	20.99	23.22	-0.00	7.71	1.202	262
41.248	20.98	23.20	-0.01	7.70	1.202	262
41.280	20.96	23.19	-0.01	7.70	1.202	262
41.312	20.95	23.17	-0.01	7.70	1.202	262
41.344	20.93	23.15	-0.01	7.70	1.202	262
41.376	20.93	23.15	-0.00	7.71	1.202	262
41.408	20.94	23.16	-0.01	7.70	1.202	262
41.440	20.96	23.18	-0.00	7.71	1.202	262
41.472	20.98	23.20	-0.01	7.70	1.202	262
41.504	21.00	23.22	-0.01	7.70	1.202	262
41.536	21.01	23.24	-0.01	7.70	1.202	262
41.568	21.02	23.24	-0.01	7.70	1.202	262
41.600	21.02	23.24	-0.01	7.70	1.202	262
41.632	21.01	23.23	-0.01	7.70	1.202	262
41.664	21.00	23.22	-0.01	7.70	1.202	262
41.696	20.99	23.22	-0.00	7.71	1.202	262
41.728	20.99	23.21	-0.01	7.70	1.202	262
41.760	20.98	23.20	-0.01	7.70	1.202	262
41.792	20.96	23.18	-0.01	7.70	1.202	262
41.824	20.95	23.17	-0.01	7.70	1.202	262
41.856	20.94	23.16	-0.00	7.71	1.202	262
41.888	20.94	23.17	-0.00	7.71	1.202	262
41.920	20.96	23.19	-0.01	7.70	1.202	262
41.952	20.98	23.20	-0.01	7.70	1.206	263
41.984	21.00	23.22	-0.01	7.70	1.206	263
42.016	21.02	23.24	-0.00	7.71	1.206	263
42.048	21.03	23.26	-0.01	7.70	1.206	263
42.080	21.04	23.26	-0.01	7.70	1.206	263
42.112	21.05	23.28	-0.01	7.70	1.206	263
42.144	21.06	23.29	-0.01	7.70	1.206	263
42.176	21.07	23.29	-0.01	7.70	1.206	263
42.208	21.07	23.29	-0.01	7.70	1.206	263
42.240	21.06	23.28	-0.01	7.70	1.206	263
42.272	21.05	23.27	-0.01	7.70	1.206	263
42.304	21.03	23.25	-0.00	7.71	1.206	263
42.336	21.03	23.25	-0.00	7.71	1.206	263
42.368	21.03	23.26	-0.01	7.70	1.206	263
42.400	21.05	23.27	-0.01	7.70	1.206	263
42.432	21.07	23.29	-0.01	7.70	1.202	262
42.464	21.08	23.30	-0.00	7.71	1.202	262
42.496	21.09	23.32	-0.01	7.70	1.202	262
42.528	21.10	23.32	-0.01	7.70	1.202	262
42.560	21.10	23.32	-0.01	7.70	1.202	262
42.592	21.08	23.30	-0.01	7.70	1.202	262
42.624	21.07	23.29	-0.01	7.70	1.202	262
42.656	21.05	23.28	-0.01	7.70	1.202	262
42.688	21.04	23.26	-0.00	7.71	1.202	262
42.720	21.01	23.24	-0.01	7.70	1.202	262
42.752	21.00	23.22	-0.01	7.70	1.202	262
42.784	20.98	23.21	-0.01	7.70	1.202	262
42.816	20.99	23.21	-0.01	7.70	1.202	262
42.848	20.99	23.21	-0.01	7.70	1.202	262
42.880	21.00	23.22	-0.01	7.70	1.206	263
42.912	21.01	23.23	-0.01	7.70	1.206	263
42.944	21.02	23.24	-0.01	7.70	1.206	263
42.976	21.03	23.26	-0.01	7.70	1.206	263
43.008	21.04	23.27	-0.00	7.71	1.206	263
43.040	21.04	23.26	-0.01	7.70	1.206	263
43.072	21.03	23.26	-0.01	7.70	1.206	263
43.104	21.02	23.24	-0.01	7.70	1.206	263
43.136	21.02	23.24	-0.01	7.70	1.206	263
43.168	21.00	23.22	-0.01	7.70	1.206	263
43.200	20.98	23.20	-0.01	7.70	1.206	263
43.232	20.97	23.20	-0.00	7.71	1.206	263
43.264	20.97	23.19	-0.01	7.70	1.206	263
43.296	20.98	23.20	-0.01	7.70	1.206	263
43.328	20.99	23.21	-0.01	7.70	1.206	263
43.360	21.01	23.23	-0.01	7.70	1.197	261
43.392	21.03	23.25	-0.01	7.70	1.197	261
43.424	21.04	23.26	-0.01	7.70	1.197	261
43.456	21.06	23.28	-0.01	7.70	1.197	261
43.488	21.06	23.28	-0.01	7.70	1.197	261
43.520	21.05	23.27	-0.01	7.70	1.197	261
43.552	21.04	23.26	-0.01	7.70	1.197	261
43.584	21.03	23.25	-0.01	7.70	1.197	261
43.616	21.01	23.23	-0.01	7.70	1.197	261
43.648	20.98	23.20	-0.01	7.70	1.197	261
43.680	20.94	23.17	-0.01	7.70	1.197	261
43.712	20.92	23.14	-0.01	7.70	1.197	261
43.744	20.90	23.12	-0.01	7.70	1.197	261
43.776	20.89	23.11	-0.00	7.71	1.197	261
43.808	20.89	23.11	-0.00	7.71	1.197	261
43.840	20.90	23.12	-0.00	7.71	1.202	262
43.872	20.92	23.14	-0.01	7.70	1.202	262
43.904	20.94	23.17	-0.00	7.71	1.202	262
43.936	20.97	23.19	-0.01	7.70	1.202	262
43.968	20.98	23.20	-0.00	7.71	1.202	262
44.000	20.98	23.20	-0.01	7.70	1.202	262
44.032	20.98	23.20	-0.01	7.70	1.202	262
44.064	20.97	23.19	-0.01	7.70	1.202	262
44.096	20.95	23.17	-0.01	7.70	1.202	262
44.128	20.91	23.14	-0.01	7.70	1.202	262
44.160	20.88	23.11	-0.01	7.70	1.202	262
44.192	20.86	23.09	-0.01	7.70	1.202	262
44.224	20.87	23.09	-0.01	7.70	1.202	262
44.256	20.87	23.09	-0.01	7.70	1.202	262
44.288	20.89	23.11	-0.00	7.71	1.202	262
44.320	20.90	23.12	-0.01	7.70	1.202	262
44.352	20.91	23.13	-0.01	7.70	1.202	262
44.384	20.92	23.14	-0.01	7.70	1.202	262
44.416	20.93	23.15	-0.01	7.70	1.202	262
44.448	20.93	23.15	-0.00	7.71	1.202	262
44.480	20.93	23.15	-0.01	7.70	1.202	262
44.512	20.93	23.15	-0.01	7.70	1.202	262
44.544	20.92	23.14	-0.01	7.70	1.202	262
44.576	20.89	23.12	-0.00	7.71	1.202	262
44.608	20.87	23.09	-0.00	7.71	1.202	262
44.640	20.85	23.07	-0.00	7.71	1.202	262
44.672	20.85	23.07	-0.01	7.70	1.202	262
44.704	20.86	23.09	-0.01	7.70	1.202	262
44.736	20.89	23.11	-0.01	7.70	1.202	262
44.768	20.92	23.14	-0.00	7.71	1.202	262
44.800	20.94	23.17	-0.01	7.70	1.202	262
44.832	20.97	23.19	-0.00	7.71	1.202	262
44.864	20.98	23.21	-0.01	7.70	1.202	262
44.896	20.99	23.21	-0.01	7.70	1.202	262
44.928	20.99	23.21	-0.00	7.71	1.202	262
44.960	20.99	23.21	-0.01	7.70	1.202	262
44.992	20.98	23.20	-0.01	7.70	1.202	262
45.024	20.97	23.19	-0.01	7.70	1.202	262
45.056	20.95	23.17	-0.01	7.70	1.202	262
45.088	20.93	23.15	-0.00	7.71	1.202	262
45.120	20.92	23.14	-0.01	7.70	1.202	262
45.152	20.93	23.15	-0.01	7.70	1.202	262
45.184	20.94	23.16	-0.01	7.70	1.202	262
45.216	20.95	23.18	-0.01	7.70	1.202	262
45.248	20.97	23.19	-0.00	7.71	1.202	262
45.280	20.97	23.20	-0.00	7.71	1.202	262
45.312	20.98	23.21	-0.01	7.70	1.202	262
45.344	20.99	23.21	-0.01	7.70	1.202	262
45.376	20.99	23.21	-0.01	7.70	1.202	262
45.408	20.99	23.21	-0.01	7.70	1.202	262
45.440	20.98	23.21	-0.01	7.70	1.202	262
45.472	20.97	23.20	-0.01	7.70	1.202	262
45.504	20.95	23.17	-0.01	7.70	1.202	262
45.536	20.92	23.14	-0.01	7.70	1.202	262
45.568	20.89	23.11	-0.01	7.70	1.202	262
45.600	20.87	23.09	-0.01	7.70	1.202	262
45.632	20.86	23.09	-0.01	7.70	1.202	262
45.664	20.87	23.09	-0.00	7.71	1.202	262
45.696	20.87	23.10	-0.01	7.70	1.202	262
45.728	20.89	23.11	-0.00	7.71	1.202	262
45.760	20.91	23.13	-0.01	7.70	1.202	262
45.792	20.92	23.14	-0.01	7.70	1.202	262
45.824	20.92	23.14	-0.01	7.70	1.202	262
45.856	20.92	23.14	-0.01	7.70	1.202	262
45.888	20.92	23.14	-0.00	7.71	1.202	262
45.920	20.90	23.12	-0.01	7.70	1.202	262
45.952	20.88	23.11	-0.00	7.71	1.202	262
45.984	20.85	23.07	-0.01	7.70	1.202	262
46.016	20.82	23.04	-0.00	7.71	1.202	262
46.048	20.80	23.02	-0.01	7.70	1.202	262
46.080	20.79	23.02	-0.00	7.71	1.202	262
46.112	20.80	23.03	-0.00	7.71	1.202	262
46.144	20.82	23.04	-0.01	7.70	1.202	262
46.176	20.84	23.07	-0.01	7.70	1.197	261
46.208	20.87	23.09	-0.00	7.71	1.197	261
46.240	20.89	23.11	-0.00	7.71	1.197	261
46.272	20.91	23.13	-0.01	7.70	1.197	261
46.304	20.92	23.14	-0.01	7.70	1.197	261
46.336	20.92	23.14	-0.01	7.70	1.197	261
46.368	20.91	23.14	-0.01	7.70	1.197	261
46.400	20.91	23.13	-0.01	7.70	1.197	261
46.432	20.91	23.13	-0.01	7.70	1.197	261
46.464	20.90	23.12	-0.01	7.70	1.197	261
46.496	20.88	23.10	-0.01	7.70	1.197	261
46.528	20.88	23.10	-0.00	7.71	1.197	261
46.560	20.88	23.10	-0.00	7.71	1.197	261
46.592	20.89	23.11	-0.01	7.70	1.197	261
46.624	20.89	23.12	-0.01	7.70	1.202	262
46.656	20.91	23.14	-0.01	7.70	1.202	262
46.688	20.94	23.16	-0.00	7.71	1.202	262
46.720	20.96	23.18	-0.00	7.71	1.202	262
46.752	20.98	23.20	-0.01	7.70	1.202	262
46.784	20.98	23.20	-0.01	7.70	1.202	262
46.816	20.98	23.20	-0.00	7.71	1.202	262
46.848	20.98	23.20	-0.01	7.70	1.202	262
46.880	20.97	23.19	-0.00	7.71	1.202	262
46.912	20.95	23.17	-0.01	7.70	1.202	262
46.944	20.93	23.15	-0.01	7.70	1.202	262
46.976	20.91	23.13	-0.01	7.70	1.202	262
47.008	20.89	23.12	-0.01	7.70	1.202	262
47.040	20.89	23.12	-0.00	7.71	1.202	262
47.072	20.89	23.12	-0.01	7.70	1.202	262
47.104	20.91	23.13	-0.01	7.70	1.202	262
47.136	20.91	23.13	-0.00	7.71	1.202	262
47.168	20.92	23.14	-0.01	7.70	1.202	262
47.200	20.92	23.14	-0.01	7.70	1.202	262
47.232	20.92	23.14	-0.01	7.70	1.202	262
47.264	20.91	23.13	-0.01	7.70	1.202	262
47.296	20.90	23.12	-0.01	7.70	1.202	262
47.328	20.89	23.11	-0.00	7.71	1.202	262
47.360	20.88	23.10	-0.01	7.70	1.202	262
47.392	20.86	23.08	-0.00	7.71	1.202	262
47.424	20.84	23.06	-0.01	7.70	1.202	262
47.456	20.83	23.05	-0.00	7.71	1.202	262
47.488	20.82	23.05	-0.00	7.71	1.202	262
47.520	20.83	23.05	-0.01	7.70	1.202	262
47.552	20.84	23.06	-0.01	7.70	1.202	262
47.584	20.86	23.08	-0.01	7.70	1.197	261
47.616	20.88	23.10	-0.01	7.70	1.197	261
47.648	20.89	23.12	-0.01	7.70	1.197	261
47.680	20.91	23.13	-0.00	7.71	1.197	261
47.712	20.91	23.13	-0.01	7.70	1.197	261
47.744	20.91	23.13	-0.01	7.70	1.197	261
47.776	20.92	23.14	-0.01	7.70	1.197	261
47.808	20.92	23.14	-0.00	7.71	1.197	261
47.840	20.91	23.13	-0.01	7.70	1.197	261
47.872	20.89	23.12	-0.01	7.70	1.197	261
47.904	20.89	23.11	-0.01	7.70	1.197	261
47.936	20.89	23.12	-0.01	7.70	1.197	261
47.968	20.91	23.13	-0.01	7.70	1.197	261
48.000	20.92	23.14	-0.00	7.71	1.197	261
48.032	20.93	23.16	-0.01	7.70	1.197	261
48.064	20.94	23.17	-0.01	7.70	1.197	261
48.096	20.96	23.18	-0.01	7.70	1.197	261
48.128	20.96	23.18	-0.01	7.70	1.197	261
48.160	20.95	23.18	-0.00	7.71	1.197	261
48.192	20.94	23.16	-0.01	7.70	1.197	261
48.224	20.91	23.14	-0.01	7.70	1.197	261
48.256	20.89	23.12	-0.01	7.70	1.197	261
48.288	20.88	23.10	-0.01	7.70	1.197	261
48.320	20.86	23.08	-0.01	7.70	1.197	261
48.352	20.84	23.07	-0.01	7.70	1.197	261
48.384	20.84	23.06	-0.01	7.70	1.197	261
48.416	20.85	23.07	-0.01	7.70	1.197	261
48.448	20.86	23.09	-0.01	7.70	1.197	261
48.480	20.88	23.10	-0.01	7.70	1.197	261
48.512	20.90	23.12	-0.00	7.71	1.197	261
48.544	20.91	23.13	-0.01	7.70	1.197	261
48.576	20.90	23.13	-0.01	7.70	1.197	261
48.608	20.89	23.12	-0.00	7.71	1.197	261
48.640	20.88	23.10	-0.00	7.71	1.197	261
48.672	20.86	23.09	-0.01	7.70	1.197	261
48.704	20.86	23.08	-0.01	7.70	1.197	261
48.736	20.86	23.08	-0.01	7.70	1.197	261
48.768	20.85	23.08	-0.01	7.70	1.197	261
48.800	20.84	23.06	-0.00	7.71	1.197	261
48.832	20.83	23.06	-0.01	7.70	1.197	261
48.864	20.84	23.06	-0.01	7.70	1.197	261
48.896	20.85	23.07	-0.01	7.70	1.197	261
48.928	20.86	23.08	-0.01	7.70	1.197	261
48.960	20.87	23.09	-0.01	7.70	1.197	261
48.992	20.88	23.10	-0.01	7.70	1.202	262
49.024	20.89	23.11	-0.01	7.70	1.202	262
49.056	20.89	23.12	-0.01	7.70	1.202	262
49.088	20.90	23.12	-0.01	7.70	1.202	262
49.120	20.89	23.11	-0.00	7.71	1.202	262
49.152	20.89	23.11	-0.01	7.70	1.202	262
49.184	20.89	23.11	-0.01	7.70	1.202	262
49.216	20.89	23.11	-0.01	7.70	1.202	262
49.248	20.88	23.10	-0.00	7.71	1.202	262
49.280	20.87	23.09	-0.00	7.71	1.202	262
49.312	20.86	23.09	-0.01	7.70	1.202	262
49.344	20.87	23.09	-0.01	7.70	1.202	262
49.376	20.88	23.10	-0.01	7.70	1.202	262
49.408	20.89	23.11	-0.01	7.70	1.202	262
49.440	20.91	23.13	-0.00	7.71	1.197	261
49.472	20.93	23.15	-0.01	7.70	1.197	261
49.504	20.93	23.15	-0.01	7.70	1.197	261
49.536	20.93	23.15	-0.01	7.70	1.197	261
49.568	20.93	23.15	-0.01	7.70	1.197	261
49.600	20.92	23.15	-0.00	7.71	1.197	261
49.632	20.91	23.13	-0.01	7.70	1.197	261
49.664	20.89	23.12	-0.01	7.70	1.197	261
49.696	20.87	23.10	-0.01	7.70	1.197	261
49.728	20.85	23.07	-0.00	7.71	1.197	261
49.760	20.83	23.05	-0.00	7.71	1.197	261
49.792	20.82	23.04	-0.01	7.70	1.197	261
49.824	20.82	23.04	-0.01	7.70	1.197	261
49.856	20.83	23.05	-0.01	7.70	1.197	261
49.888	20.86	23.08	-0.00	7.71	1.197	261
49.920	20.89	23.11	-0.00	7.71	1.202	262
49.952	20.92	23.14	-0.01	7.70	1.202	262
49.984	20.94	23.17	-0.01	7.70	1.202	262
50.016	20.96	23.18	-0.01	7.70	1.202	262
50.048	20.96	23.18	-0.01	7.70	1.202	262
50.080	20.94	23.17	-0.00	7.71	1.202	262
50.112	20.92	23.14	-0.01	7.70	1.202	262
50.144	20.90	23.12	-0.01	7.70	1.202	262
50.176	20.87	23.09	-0.00	7.71	1.202	262
50.208	20.84	23.07	-0.01	7.70	1.202	262
50.240	20.82	23.04	-0.00	7.71	1.202	262
50.272	20.81	23.03	-0.01	7.70	1.202	262
50.304	20.80	23.03	-0.01	7.70	1.202	262
50.336	20.81	23.03	-0.00	7.71	1.202	262
50.368	20.83	23.05	-0.01	7.70	1.202	262
50.400	20.84	23.06	-0.00	7.71	1.197	261
50.432	20.85	23.07	-0.01	7.70	1.197	261
50.464	20.87	23.09	-0.01	7.70	1.197	261
50.496	20.88	23.10	-0.00	7.71	1.197	261
50.528	20.89	23.11	-0.01	7.70	1.197	261
50.560	20.88	23.11	-0.00	7.71	1.197	261
50.592	20.89	23.11	-0.01	7.70	1.197	261
50.624	20.89	23.11	-0.00	7.71	1.197	261
50.656	20.88	23.10	-0.01	7.70	1.197	261
50.688	20.88	23.10	-0.01	7.70	1.197	261
50.720	20.87	23.09	-0.00	7.71	1.197	261
50.752	20.87	23.09	-0.00	7.71	1.197	261
50.784	20.87	23.10	-0.01	7.70	1.197	261
50.816	20.88	23.11	-0.01	7.70	1.197	261
50.848	20.89	23.12	-0.00	7.71	1.197	261
50.880	20.90	23.12	-0.01	7.70	1.197	261
50.912	20.90	23.13	-0.01	7.70	1.197	261
50.944	20.91	23.13	-0.01	7.70	1.197	261
50.976	20.91	23.13	-0.01	7.70	1.197	261
51.008	20.91	23.13	-0.01	7.70	1.197	261
51.040	20.91	23.13	-0.00	7.71	1.197	261
51.072	20.91	23.14	-0.00	7.71	1.197	261
51.104	20.90	23.12	-0.01	7.70	1.197	261
51.136	20.89	23.11	-0.01	7.70	1.197	261
51.168	20.88	23.10	-0.01	7.70	1.197	261
51.200	20.87	23.09	-0.00	7.71	1.197	261
51.232	20.87	23.09	-0.01	7.70	1.197	261
51.264	20.87	23.09	-0.01	7.70	1.197	261
51.296	20.88	23.10	-0.01	7.70	1.197	261
51.328	20.90	23.12	-0.01	7.70	1.197	261
51.360	20.92	23.15	-0.01	7.70	1.197	261
51.392	20.94	23.16	-0.01	7.70	1.197	261
51.424	20.94	23.17	-0.01	7.70	1.197	261
51.456	20.94	23.17	-0.01	7.70	1.197	261
51.488	20.94	23.17	-0.01	7.70	1.197	261
51.520	20.93	23.16	-0.01	7.70	1.197	261
51.552	20.93	23.15	-0.00	7.71	1.197	261
51.584	20.92	23.14	-0.01	7.70	1.197	261
51.616	20.89	23.12	-0.01	7.70	1.197	261
51.648	20.87	23.10	-0.01	7.70	1.197	261
51.680	20.86	23.08	-0.00	7.71	1.197	261
51.712	20.86	23.08	-0.01	7.70	1.197	261
51.744	20.86	23.08	-0.01	7.70	1.197	261
51.776	20.87	23.10	-0.01	7.70	1.197	261
51.808	20.89	23.12	-0.00	7.71	1.197	261
51.840	20.92	23.15	-0.01	7.70	1.197	261
51.872	20.94	23.16	-0.00	7.71	1.197	261
51.904	20.95	23.18	-0.01	7.70	1.197	261
51.936	20.96	23.18	-0.01	7.70	1.197	261
51.968	20.95	23.18	-0.00	7.71	1.197	261
52.000	20.94	23.17	-0.01	7.70	1.197	261
52.032	20.94	23.17	-0.00	7.71	1.197	261
52.064	20.93	23.15	-0.01	7.70	1.197	261
52.096	20.92	23.14	-0.01	7.70	1.197	261
52.128	20.91	23.14	-0.01	7.70	1.197	261
52.160	20.92	23.14	-0.00	7.71	1.197	261
52.192	20.92	23.14	-0.00	7.71	1.197	261
52.224	20.92	23.14	-0.01	7.70	1.197	261
52.256	20.93	23.15	-0.01	7.70	1.197	261
52.288	20.93	23.15	-0.00	7.71	1.197	261
52.320	20.93	23.15	-0.01	7.70	1.197	261
52.352	20.94	23.16	-0.01	7.70	1.197	261
52.384	20.93	23.15	-0.01	7.70	1.197	261
52.416	20.93	23.15	-0.01	7.70	1.197	261
52.448	20.93	23.15	-0.01	7.70	1.197	261
52.480	20.93	23.15	-0.01	7.70	1.197	261
52.512	20.93	23.15	-0.01	7.70	1.197	261
52.544	20.92	23.14	-0.01	7.70	1.197	261
52.576	20.90	23.13	-0.01	7.70	1.197	261
52.608	20.89	23.11	-0.01	7.70	1.197	261
52.640	20.88	23.10	-0.00	7.71	1.197	261
52.672	20.87	23.10	-0.01	7.70	1.197	261
52.704	20.88	23.10	-0.01	7.70	1.197	261
52.736	20.89	23.11	-0.01	7.70	1.202	262
52.768	20.89	23.11	-0.01	7.70	1.202	262
52.800	20.90	23.12	-0.00	7.71	1.202	262
52.832	20.90	23.12	-0.01	7.70	1.202	262
52.864	20.90	23.13	-0.01	7.70	1.202	262
52.896	20.91	23.13	-0.01	7.70	1.202	262
52.928	20.91	23.13	-0.01	7.70	1.202	262
52.960	20.92	23.14	-0.01	7.70	1.202	262
52.992	20.92	23.15	-0.01	7.70	1.202	262
53.024	20.91	23.14	-0.01	7.70	1.202	262
53.056	20.90	23.12	-0.01	7.70	1.202	262
53.088	20.90	23.12	-0.00	7.71	1.202	262
53.120	20.90	23.12	-0.01	7.70	1.202	262
53.152	20.91	23.13	-0.01	7.70	1.202	262
53.184	20.92	23.14	-0.01	7.70	1.197	261
53.216	20.93	23.15	-0.00	7.71	1.197	261
53.248	20.94	23.16	-0.01	7.70	1.197	261
53.280	20.95	23.18	0.00	7.71	1.197	261
53.312	20.96	23.19	-0.00	7.71	1.197	261
53.344	20.96	23.19	-0.01	7.70	1.197	261
53.376	20.96	23.18	-0.01	7.70	1.197	261
53.408	20.94	23.16	-0.01	7.70	1.197	261
53.440	20.94	23.16	-0.01	7.70	1.197	261
53.472	20.93	23.15	-0.01	7.70	1.197	261
53.504	20.91	23.14	-0.01	7.70	1.197	261
53.536	20.91	23.13	-0.01	7.70	1.197	261
53.568	20.91	23.13	-0.01	7.70	1.197	261
53.600	20.91	23.14	0.00	7.71	1.197	261
53.632	20.93	23.15	-0.01	7.70	1.197	261
53.664	20.95	23.17	-0.01	7.70	1.197	261
53.696	20.97	23.19	-0.00	7.71	1.197	261
53.728	20.99	23.21	-0.00	7.71	1.197	261
53.760	21.01	23.23	0.00	7.71	1.197	261
53.792	21.01	23.23	-0.01	7.70	1.197	261
53.824	21.01	23.23	-0.01	7.70	1.197	261
53.856	21.00	23.23	-0.00	7.71	1.197	261
53.888	20.99	23.22	-0.01	7.70	1.197	261
53.920	20.97	23.19	-0.00	7.71	1.197	261
53.952	20.94	23.16	-0.00	7.71	1.197	261
53.984	20.91	23.13	-0.01	7.70	1.197	261
54.016	20.90	23.12	-0.01	7.70	1.197	261
54.048	20.90	23.12	-0.01	7.70	1.197	261
54.080	20.91	23.13	-0.00	7.71	1.197	261
54.112	20.93	23.15	-0.01	7.70	1.197	261
54.144	20.95	23.17	-0.01	7.70	1.202	262
54.176	20.97	23.19	-0.01	7.70	1.202	262
54.208	20.99	23.21	-0.00	7.71	1.202	262
54.240	21.01	23.23	-0.00	7.71	1.202	262
54.272	21.01	23.24	-0.01	7.70	1.202	262
54.304	21.02	23.24	-0.01	7.70	1.202	262
54.336	21.02	23.24	-0.01	7.70	1.202	262
54.368	21.01	23.23	-0.00	7.71	1.202	262
54.400	21.00	23.22	-0.00	7.71	1.202	262
54.432	20.99	23.21	-0.01	7.70	1.202	262
54.464	20.99	23.21	-0.01	7.70	1.202	262
54.496	20.99	23.21	-0.00	7.71	1.202	262
54.528	21.00	23.22	-0.01	7.70	1.202	262
54.560	21.01	23.23	-0.00	7.71	1.202	262
54.592	21.02	23.24	-0.00	7.71	1.206	263
54.624	21.03	23.26	-0.01	7.70	1.206	263
54.656	21.05	23.27	-0.01	7.70	1.206	263
54.688	21.06	23.28	-0.00	7.71	1.206	263
54.720	21.07	23.29	-0.01	7.70	1.206	263
54.752	21.07	23.30	-0.00	7.71	1.206	263
54.784	21.07	23.29	-0.01	7.70	1.206	263
54.816	21.07	23.29	-0.01	7.70	1.206	263
54.848	21.06	23.28	-0.00	7.71	1.206	263
54.880	21.04	23.27	-0.00	7.71	1.206	263
54.912	21.03	23.25	-0.01	7.70	1.206	263
54.944	21.01	23.23	-0.01	7.70	1.206	263
54.976	21.00	23.23	-0.00	7.71	1.206	263
55.008	20.99	23.22	-0.00	7.71	1.206	263
55.040	20.99	23.22	-0.00	7.71	1.206	263
55.072	21.01	23.23	-0.01	7.70	1.202	262
55.104	21.03	23.25	-0.01	7.70	1.202	262
55.136	21.05	23.27	-0.01	7.70	1.202	262
55.168	21.07	23.29	-0.01	7.70	1.202	262
55.200	21.07	23.30	0.00	7.71	1.202	262
55.232	21.08	23.30	-0.01	7.70	1.202	262
55.264	21.07	23.29	-0.01	7.70	1.202	262
55.296	21.07	23.29	-0.01	7.70	1.202	262
55.328	21.06	23.28	-0.00	7.71	1.202	262
55.360	21.03	23.26	-0.01	7.70	1.202	262
55.392	21.01	23.23	-0.01	7.70	1.202	262
55.424	21.00	23.22	-0.01	7.70	1.202	262
55.456	20.99	23.22	-0.01	7.70	1.202	262
55.488	21.00	23.22	-0.00	7.71	1.202	262
55.520	21.01	23.23	-0.00	7.71	1.202	262
55.552	21.02	23.24	-0.01	7.70	1.202	262
55.584	21.03	23.25	-0.01	7.70	1.202	262
55.616	21.04	23.26	-0.01	7.70	1.202	262
55.648	21.04	23.26	-0.00	7.71	1.202	262
55.680	20.63	22.85	-0.01	7.70	1.202	262
55.712	19.43	21.65	-0.01	7.70	1.202	262
55.744	17.57	19.79	-0.01	7.70	1.202	262
55.776	15.32	17.54	-0.01	7.70	1.202	262
55.808	13.03	15.26	-0.01	7.70	1.202	262
55.840	10.98	13.20	-0.01	7.70	1.202	262
55.872	9.25	11.47	-0.01	7.70	1.202	262
55.904	7.79	10.01	-0.01	7.70	1.202	262
55.936	6.54	8.76	-0.01	7.70	1.202	262
55.968	5.44	7.66	-0.01	7.70	1.202	262
56.000	4.47	6.69	-0.01	7.70	0.578	126
56.032	3.62	5.85	-0.02	7.69	0.578	126
56.064	2.91	5.13	-0.00	7.71	0.578	126
56.096	2.31	4.53	-0.00	7.71	0.578	126
56.128	1.81	4.03	0.00	7.71	0.578	126
56.160	1.39	3.61	-0.00	7.71	0.578	126
56.192	1.04	3.26	-0.00	7.71	0.578	126
56.224	0.76	2.98	-0.00	7.71	0.578	126
56.256	0.53	2.75	-0.00	7.71	0.578	126
56.288	0.35	2.58	0.00	7.71	0.578	126
56.320	0.22	2.44	-0.00	7.71	0.578	126
56.352	0.12	2.34	-0.00	7.71	0.578	126
56.384	0.05	2.27	-0.00	7.71	0.578	126
56.416	0.00	2.22	-0.01	7.70	0.578	126
56.448	-0.02	2.20	0.00	7.71	0.578	126
56.480	-0.03	2.19	-0.00	7.71	0.009	2
56.512	-0.03	2.19	-0.00	7.71	0.009	2
56.544	-0.02	2.20	-0.00	7.71	0.009	2
56.576	-0.00	2.22	-0.00	7.71	0.009	2
56.608	0.02	2.24	0.00	7.71	0.009	2
56.640	0.05	2.27	-0.00	7.71	0.009	2
56.672	0.07	2.29	-0.01	7.70	0.009	2
56.704	0.10	2.32	-0.00	7.71	0.009	2
56.736	0.12	2.34	-0.00	7.71	0.009	2
56.768	0.14	2.36	0.00	7.71	0.009	2
56.800	0.15	2.37	-0.01	7.70	0.009	2
56.832	0.16	2.38	-0.00	7.71	0.009	2
56.864	0.17	2.39	-0.00	7.71	0.009	2
56.896	0.17	2.39	-0.00	7.71	0.009	2
56.928	0.17	2.39	0.00	7.71	0.000	0
56.960	0.17	2.39	-0.01	7.70	0.000	0
56.992	0.16	2.39	-0.01	7.70	0.000	0
57.024	0.16	2.38	-0.01	7.70	0.000	0
57.056	0.15	2.37	-0.00	7.71	0.000	0
57.088	0.14	2.37	0.00	7.71	0.000	0
57.120	0.13	2.36	-0.00	7.71	0.000	0
57.152	0.13	2.35	-0.00	7.71	0.000	0
57.184	0.12	2.34	0.00	7.71	0.000	0
57.216	0.11	2.34	-0.00	7.71	0.000	0
57.248	0.11	2.33	0.00	7.71	0.000	0
57.280	0.10	2.33	-0.00	7.71	0.000	0
57.312	0.10	2.32	-0.00	7.71	0.000	0
57.344	0.10	2.32	0.00	7.71	0.000	0
57.376	0.10	2.32	-0.00	7.71	0.000	0
57.408	0.10	2.32	-0.00	7.71	0.000	0
57.440	0.10	2.32	-0.00	7.71	0.000	0
57.472	0.10	2.32	-0.00	7.71	0.000	0
57.504	0.10	2.32	-0.00	7.71	0.000	0
