Tempo(s)    P0(KPa) P0+Coluna(KPa)  P1(KPa) P1+Coluna(KPa)  Vazao(L/min)    Pulsos
0.000	-0.03	2.36	-0.00	7.71	0.000	0
0.032	-0.03	2.36	-0.00	7.71	0.000	0
0.064	-0.03	2.36	-0.00	7.71	0.000	0
0.096	-0.03	2.36	-0.00	7.71	0.000	0
0.128	-0.03	2.36	-0.00	7.71	0.000	0
0.160	-0.03	2.36	0.00	7.72	0.000	0
0.192	-0.03	2.36	-0.00	7.71	0.000	0
0.224	-0.04	2.36	0.00	7.72	0.000	0
0.256	-0.04	2.36	-0.00	7.71	0.000	0
0.288	-0.04	2.36	-0.00	7.71	0.000	0
0.320	-0.04	2.36	-0.00	7.71	0.000	0
0.352	-0.04	2.36	0.00	7.72	0.000	0
0.384	-0.04	2.36	0.00	7.72	0.000	0
0.416	-0.04	2.35	-0.00	7.71	0.000	0
0.448	-0.04	2.36	-0.01	7.71	0.000	0
0.480	-0.04	2.36	-0.00	7.71	0.000	0
0.512	-0.04	2.35	-0.00	7.71	0.000	0
0.544	-0.04	2.35	-0.00	7.71	0.000	0
0.576	-0.04	2.35	-0.01	7.71	0.000	0
0.608	-0.04	2.35	-0.01	7.71	0.000	0
0.640	-0.04	2.35	-0.00	7.71	0.000	0
0.672	-0.04	2.35	0.00	7.72	0.000	0
0.704	-0.04	2.35	0.00	7.72	0.000	0
0.736	-0.04	2.35	-0.00	7.71	0.000	0
0.768	-0.04	2.35	-0.00	7.71	0.000	0
0.800	-0.05	2.35	-0.00	7.71	0.000	0
0.832	-0.04	2.35	-0.00	7.71	0.000	0
0.864	-0.04	2.35	0.00	7.72	0.000	0
0.896	-0.04	2.35	-0.00	7.71	0.000	0
0.928	-0.05	2.35	-0.00	7.71	0.000	0
0.960	-0.05	2.35	0.00	7.72	0.000	0
0.992	-0.05	2.35	-0.00	7.71	0.000	0
1.024	-0.05	2.35	0.00	7.72	0.000	0
1.056	-0.05	2.34	-0.00	7.71	0.000	0
1.088	-0.05	2.35	-0.00	7.71	0.000	0
1.120	-0.05	2.34	0.00	7.72	0.000	0
1.152	-0.05	2.35	0.00	7.72	0.000	0
1.184	-0.05	2.35	0.00	7.72	0.000	0
1.216	-0.05	2.34	-0.00	7.71	0.000	0
1.248	-0.05	2.34	-0.00	7.71	0.000	0
1.280	-0.05	2.34	0.00	7.72	0.000	0
1.312	-0.05	2.34	0.00	7.72	0.000	0
1.344	-0.05	2.34	0.00	7.72	0.000	0
1.376	-0.05	2.34	-0.00	7.71	0.000	0
1.408	-0.05	2.34	-0.00	7.71	0.000	0
1.440	-0.05	2.34	0.00	7.72	0.000	0
1.472	-0.05	2.34	0.00	7.72	0.000	0
1.504	-0.05	2.34	0.00	7.72	0.000	0
1.536	-0.05	2.34	0.00	7.72	0.000	0
1.568	-0.06	2.34	-0.00	7.71	0.000	0
1.600	-0.06	2.34	-0.00	7.71	0.000	0
1.632	-0.06	2.34	-0.00	7.71	0.000	0
1.664	-0.06	2.34	0.00	7.72	0.000	0
1.696	-0.06	2.33	-0.00	7.71	0.000	0
1.728	-0.01	2.38	-0.00	7.71	0.000	0
1.760	0.63	3.02	-0.01	7.70	0.000	0
1.792	2.11	4.50	-0.00	7.71	0.000	0
1.824	3.87	6.27	-0.00	7.71	0.000	0
1.856	5.59	7.98	-0.01	7.71	0.000	0
1.888	7.20	9.60	-0.01	7.71	0.000	0
1.920	8.67	11.07	-0.01	7.71	0.000	0
1.952	9.97	12.37	-0.00	7.71	0.000	0
1.984	11.09	13.49	-0.00	7.71	0.000	0
2.016	12.07	14.46	-0.01	7.71	0.000	0
2.048	12.91	15.30	-0.01	7.71	0.000	0
2.080	13.62	16.01	-0.01	7.71	0.000	0
2.112	14.20	16.59	-0.01	7.71	0.000	0
2.144	14.65	17.05	-0.01	7.71	0.000	0
2.176	15.04	17.43	-0.01	7.71	0.922	201
2.208	15.34	17.73	-0.01	7.70	0.922	201
2.240	15.57	17.97	-0.01	7.71	0.922	201
2.272	15.76	18.16	-0.00	7.71	0.922	201
2.304	15.92	18.32	-0.00	7.71	0.922	201
2.336	16.04	18.44	-0.01	7.70	0.922	201
2.368	16.13	18.53	-0.01	7.70	0.922	201
2.400	16.18	18.57	-0.01	7.71	0.922	201
2.432	16.20	18.59	-0.00	7.71	0.922	201
2.464	16.19	18.59	-0.01	7.71	0.922	201
2.496	16.19	18.59	-0.01	7.71	0.922	201
2.528	16.19	18.59	-0.01	7.70	0.922	201
2.560	16.19	18.58	-0.01	7.71	0.922	201
2.592	16.17	18.56	-0.00	7.71	0.922	201
2.624	16.16	18.56	-0.00	7.71	1.151	251
2.656	16.17	18.56	-0.01	7.71	1.151	251
2.688	16.18	18.58	-0.01	7.71	1.151	251
2.720	16.20	18.59	-0.01	7.71	1.151	251
2.752	16.22	18.62	-0.00	7.71	1.151	251
2.784	16.25	18.65	-0.00	7.71	1.151	251
2.816	16.29	18.68	-0.00	7.71	1.151	251
2.848	16.33	18.72	-0.01	7.70	1.151	251
2.880	16.35	18.75	-0.01	7.71	1.151	251
2.912	16.36	18.76	-0.00	7.71	1.151	251
2.944	16.37	18.76	-0.00	7.71	1.151	251
2.976	16.37	18.77	-0.01	7.71	1.151	251
3.008	16.38	18.77	-0.01	7.71	1.151	251
3.040	16.37	18.77	-0.01	7.71	1.151	251
3.072	16.37	18.77	-0.01	7.71	1.151	251
3.104	16.37	18.77	-0.00	7.71	1.165	254
3.136	16.37	18.76	-0.01	7.71	1.165	254
3.168	16.37	18.76	-0.00	7.71	1.165	254
3.200	16.36	18.76	-0.01	7.71	1.165	254
3.232	16.37	18.76	-0.00	7.71	1.165	254
3.264	16.38	18.77	-0.01	7.71	1.165	254
3.296	16.39	18.78	-0.01	7.71	1.165	254
3.328	16.39	18.79	-0.01	7.70	1.165	254
3.360	16.39	18.78	-0.01	7.71	1.165	254
3.392	16.38	18.78	-0.00	7.71	1.165	254
3.424	16.36	18.76	-0.00	7.71	1.165	254
3.456	16.35	18.74	-0.01	7.71	1.165	254
3.488	16.34	18.73	-0.01	7.71	1.165	254
3.520	16.32	18.72	-0.01	7.70	1.165	254
3.552	16.32	18.71	-0.01	7.71	1.165	254
3.584	16.33	18.73	-0.01	7.71	1.170	255
3.616	16.34	18.74	-0.01	7.71	1.170	255
3.648	16.36	18.75	-0.01	7.71	1.170	255
3.680	16.38	18.77	-0.01	7.71	1.170	255
3.712	16.40	18.79	-0.00	7.71	1.170	255
3.744	16.42	18.82	-0.01	7.71	1.170	255
3.776	16.44	18.84	-0.01	7.71	1.170	255
3.808	16.44	18.84	-0.01	7.71	1.170	255
3.840	16.43	18.82	-0.01	7.71	1.170	255
3.872	16.40	18.79	-0.00	7.71	1.170	255
3.904	16.37	18.77	-0.01	7.71	1.170	255
3.936	16.35	18.75	-0.01	7.71	1.170	255
3.968	16.33	18.73	-0.01	7.71	1.170	255
4.000	16.31	18.70	-0.00	7.71	1.170	255
4.032	16.31	18.70	-0.00	7.71	1.179	257
4.064	16.31	18.70	-0.01	7.70	1.179	257
4.096	16.32	18.71	-0.01	7.71	1.179	257
4.128	16.33	18.73	-0.01	7.71	1.179	257
4.160	16.35	18.75	-0.00	7.71	1.179	257
4.192	16.38	18.77	-0.00	7.71	1.179	257
4.224	16.40	18.79	-0.01	7.70	1.179	257
4.256	16.40	18.80	-0.01	7.71	1.179	257
4.288	16.40	18.79	-0.01	7.71	1.179	257
4.320	16.38	18.78	-0.00	7.71	1.179	257
4.352	16.37	18.76	-0.00	7.71	1.179	257
4.384	16.35	18.75	-0.00	7.71	1.179	257
4.416	16.33	18.73	-0.01	7.71	1.179	257
4.448	16.30	18.70	-0.01	7.71	1.179	257
4.480	16.29	18.68	-0.01	7.71	1.179	257
4.512	16.30	18.69	-0.00	7.71	1.183	258
4.544	16.31	18.71	-0.01	7.71	1.183	258
4.576	16.32	18.72	-0.00	7.71	1.183	258
4.608	16.34	18.74	-0.01	7.71	1.183	258
4.640	16.36	18.76	-0.00	7.71	1.183	258
4.672	16.39	18.78	-0.01	7.71	1.183	258
4.704	16.40	18.80	-0.00	7.71	1.183	258
4.736	16.42	18.81	-0.01	7.71	1.183	258
4.768	16.43	18.82	-0.01	7.71	1.183	258
4.800	16.43	18.82	-0.01	7.71	1.183	258
4.832	16.43	18.83	-0.00	7.71	1.183	258
4.864	16.44	18.84	-0.00	7.71	1.183	258
4.896	16.43	18.83	-0.01	7.71	1.183	258
4.928	16.41	18.81	-0.01	7.71	1.183	258
4.960	16.40	18.80	-0.01	7.71	1.183	258
4.992	16.41	18.81	0.00	7.72	1.179	257
5.024	16.43	18.83	-0.01	7.71	1.179	257
5.056	16.44	18.84	-0.01	7.71	1.179	257
5.088	16.46	18.85	-0.00	7.71	1.179	257
5.120	16.47	18.87	-0.01	7.71	1.179	257
5.152	16.48	18.88	-0.00	7.71	1.179	257
5.184	16.50	18.89	-0.01	7.71	1.179	257
5.216	16.50	18.90	-0.01	7.71	1.179	257
5.248	16.50	18.90	-0.01	7.71	1.179	257
5.280	16.50	18.90	-0.00	7.71	1.179	257
5.312	16.51	18.90	-0.00	7.71	1.179	257
5.344	16.50	18.90	-0.00	7.71	1.179	257
5.376	16.49	18.89	-0.01	7.71	1.179	257
5.408	16.48	18.87	-0.01	7.71	1.179	257
5.440	16.47	18.87	-0.01	7.71	1.174	256
5.472	16.48	18.87	-0.00	7.71	1.174	256
5.504	16.48	18.87	-0.00	7.71	1.174	256
5.536	16.47	18.86	-0.00	7.71	1.174	256
5.568	16.46	18.86	-0.01	7.71	1.174	256
5.600	16.46	18.85	-0.01	7.71	1.174	256
5.632	16.47	18.86	-0.00	7.71	1.174	256
5.664	16.47	18.87	-0.01	7.71	1.174	256
5.696	16.47	18.87	-0.01	7.71	1.174	256
5.728	16.47	18.87	-0.00	7.71	1.174	256
5.760	16.47	18.87	-0.00	7.71	1.174	256
5.792	16.47	18.86	0.00	7.72	1.174	256
5.824	16.46	18.86	-0.01	7.71	1.174	256
5.856	16.44	18.84	-0.01	7.70	1.174	256
5.888	16.44	18.83	-0.01	7.71	1.174	256
5.920	16.45	18.84	-0.00	7.71	1.179	257
5.952	16.46	18.85	-0.01	7.71	1.179	257
5.984	16.47	18.87	-0.01	7.71	1.179	257
6.016	16.49	18.88	-0.00	7.71	1.179	257
6.048	16.51	18.90	-0.01	7.71	1.179	257
6.080	16.52	18.92	-0.00	7.71	1.179	257
6.112	16.54	18.93	-0.00	7.71	1.179	257
6.144	16.55	18.94	-0.01	7.71	1.179	257
6.176	16.55	18.95	-0.01	7.71	1.179	257
6.208	16.55	18.95	-0.00	7.71	1.179	257
6.240	16.54	18.94	-0.00	7.71	1.179	257
6.272	16.53	18.93	0.00	7.72	1.179	257
6.304	16.52	18.92	-0.00	7.71	1.179	257
6.336	16.50	18.89	-0.01	7.71	1.179	257
6.368	16.50	18.89	-0.01	7.71	1.174	256
6.400	16.51	18.90	-0.01	7.71	1.174	256
6.432	16.52	18.91	-0.00	7.71	1.174	256
6.464	16.53	18.93	-0.00	7.71	1.174	256
6.496	16.53	18.93	-0.01	7.71	1.174	256
6.528	16.55	18.94	-0.01	7.71	1.174	256
6.560	16.55	18.94	-0.00	7.71	1.174	256
6.592	16.54	18.94	-0.00	7.71	1.174	256
6.624	16.54	18.93	-0.01	7.71	1.174	256
6.656	16.52	18.92	-0.01	7.71	1.174	256
6.688	16.51	18.90	-0.01	7.71	1.174	256
6.720	16.50	18.90	-0.00	7.71	1.174	256
6.752	16.50	18.89	-0.00	7.71	1.174	256
6.784	16.50	18.89	-0.01	7.71	1.174	256
6.816	16.49	18.89	-0.01	7.70	1.174	256
6.848	16.50	18.89	-0.00	7.71	1.179	257
6.880	16.51	18.90	-0.00	7.71	1.179	257
6.912	16.53	18.93	0.00	7.72	1.179	257
6.944	16.55	18.94	-0.01	7.71	1.179	257
6.976	16.56	18.95	-0.01	7.71	1.179	257
7.008	16.56	18.96	-0.01	7.71	1.179	257
7.040	16.56	18.96	-0.00	7.71	1.179	257
7.072	16.57	18.96	-0.01	7.71	1.179	257
7.104	16.55	18.95	-0.01	7.71	1.179	257
7.136	16.53	18.93	-0.01	7.71	1.179	257
7.168	16.52	18.92	-0.00	7.71	1.179	257
7.200	16.51	18.90	-0.01	7.71	1.179	257
7.232	16.50	18.89	-0.00	7.71	1.179	257
7.264	16.49	18.89	-0.01	7.70	1.179	257
7.296	16.49	18.88	-0.00	7.71	1.179	257
7.328	16.50	18.89	-0.00	7.71	1.179	257
7.360	16.49	18.89	-0.00	7.71	1.179	257
7.392	16.49	18.88	-0.00	7.71	1.179	257
7.424	16.49	18.88	-0.00	7.71	1.179	257
7.456	16.50	18.89	-0.01	7.71	1.179	257
7.488	16.52	18.91	-0.00	7.71	1.179	257
7.520	16.54	18.94	-0.00	7.71	1.179	257
7.552	16.56	18.96	-0.01	7.71	1.179	257
7.584	16.58	18.97	-0.01	7.71	1.179	257
7.616	16.58	18.97	-0.01	7.71	1.179	257
7.648	16.58	18.97	-0.01	7.71	1.179	257
7.680	16.57	18.96	-0.00	7.71	1.179	257
7.712	16.53	18.93	-0.00	7.71	1.179	257
7.744	16.50	18.89	-0.01	7.71	1.179	257
7.776	16.48	18.88	-0.01	7.71	1.174	256
7.808	16.48	18.88	-0.00	7.71	1.174	256
7.840	16.49	18.89	-0.00	7.71	1.174	256
7.872	16.51	18.90	-0.01	7.71	1.174	256
7.904	16.51	18.91	-0.00	7.71	1.174	256
7.936	16.53	18.92	-0.01	7.71	1.174	256
7.968	16.53	18.93	-0.01	7.71	1.174	256
8.000	16.54	18.94	0.00	7.72	1.174	256
8.032	16.55	18.94	0.00	7.72	1.174	256
8.064	16.56	18.95	-0.01	7.71	1.174	256
8.096	16.55	18.94	-0.00	7.71	1.174	256
8.128	16.54	18.94	-0.01	7.70	1.174	256
8.160	16.53	18.93	-0.00	7.71	1.174	256
8.192	16.52	18.91	-0.00	7.71	1.174	256
8.224	16.49	18.89	-0.00	7.71	1.174	256
8.256	16.48	18.88	-0.01	7.71	1.179	257
8.288	16.49	18.88	-0.00	7.71	1.179	257
8.320	16.49	18.88	-0.00	7.71	1.179	257
8.352	16.49	18.89	-0.00	7.71	1.179	257
8.384	16.50	18.90	-0.01	7.71	1.179	257
8.416	16.52	18.91	-0.01	7.71	1.179	257
8.448	16.53	18.92	-0.00	7.71	1.179	257
8.480	16.54	18.93	-0.00	7.71	1.179	257
8.512	16.54	18.93	-0.00	7.71	1.179	257
8.544	16.54	18.93	-0.01	7.71	1.179	257
8.576	16.54	18.93	-0.01	7.71	1.179	257
8.608	16.54	18.94	-0.00	7.71	1.179	257
8.640	16.54	18.93	-0.00	7.71	1.179	257
8.672	16.53	18.92	-0.00	7.71	1.179	257
8.704	16.52	18.91	-0.00	7.71	1.179	257
8.736	16.53	18.93	-0.01	7.71	1.179	257
8.768	16.55	18.95	-0.01	7.71	1.179	257
8.800	16.56	18.96	-0.00	7.71	1.179	257
8.832	16.57	18.96	-0.00	7.71	1.179	257
8.864	16.57	18.97	-0.01	7.71	1.179	257
8.896	16.58	18.97	-0.00	7.71	1.179	257
8.928	16.59	18.98	-0.00	7.71	1.179	257
8.960	16.59	18.99	-0.00	7.71	1.179	257
8.992	16.59	18.98	-0.00	7.71	1.179	257
9.024	16.58	18.98	-0.01	7.71	1.179	257
9.056	16.57	18.97	-0.01	7.71	1.179	257
9.088	16.56	18.96	-0.01	7.71	1.179	257
9.120	16.55	18.94	-0.00	7.71	1.179	257
9.152	16.52	18.91	-0.00	7.71	1.179	257
9.184	16.50	18.90	-0.01	7.71	1.179	257
9.216	16.50	18.89	-0.01	7.71	1.179	257
9.248	16.50	18.89	-0.01	7.71	1.179	257
9.280	16.50	18.89	-0.00	7.71	1.179	257
9.312	16.51	18.90	-0.00	7.71	1.179	257
9.344	16.53	18.92	-0.01	7.71	1.179	257
9.376	16.54	18.93	-0.00	7.71	1.179	257
9.408	16.56	18.95	-0.01	7.71	1.179	257
9.440	16.56	18.96	-0.00	7.71	1.179	257
9.472	16.56	18.96	-0.00	7.71	1.179	257
9.504	16.56	18.96	-0.01	7.71	1.179	257
9.536	16.56	18.95	-0.01	7.71	1.179	257
9.568	16.55	18.94	-0.00	7.71	1.179	257
9.600	16.53	18.92	0.00	7.72	1.179	257
9.632	16.51	18.91	-0.00	7.71	1.179	257
9.664	16.51	18.90	-0.01	7.71	1.174	256
9.696	16.52	18.91	-0.01	7.71	1.174	256
9.728	16.51	18.91	-0.01	7.71	1.174	256
9.760	16.52	18.91	0.00	7.72	1.174	256
9.792	16.51	18.90	-0.00	7.71	1.174	256
9.824	16.50	18.89	-0.01	7.71	1.174	256
9.856	16.49	18.89	-0.00	7.71	1.174	256
9.888	16.50	18.89	-0.01	7.71	1.174	256
9.920	16.51	18.91	0.00	7.72	1.174	256
9.952	16.53	18.92	-0.00	7.71	1.174	256
9.984	16.54	18.93	-0.01	7.71	1.174	256
10.016	16.54	18.93	-0.01	7.71	1.174	256
10.048	16.51	18.91	-0.00	7.71	1.174	256
10.080	16.51	18.90	-0.00	7.71	1.174	256
10.112	16.50	18.90	-0.01	7.71	1.179	257
10.144	16.50	18.90	-0.01	7.71	1.179	257
10.176	16.51	18.91	-0.01	7.71	1.179	257
10.208	16.53	18.92	-0.00	7.71	1.179	257
10.240	16.54	18.93	-0.00	7.71	1.179	257
10.272	16.55	18.95	-0.00	7.71	1.179	257
10.304	16.56	18.95	-0.01	7.71	1.179	257
10.336	16.56	18.95	-0.01	7.71	1.179	257
10.368	16.54	18.94	-0.01	7.71	1.179	257
10.400	16.52	18.92	0.00	7.72	1.179	257
10.432	16.50	18.90	-0.01	7.71	1.179	257
10.464	16.49	18.88	-0.01	7.71	1.179	257
10.496	16.49	18.88	-0.01	7.71	1.179	257
10.528	16.48	18.88	-0.00	7.71	1.179	257
10.560	16.48	18.88	0.00	7.72	1.179	257
10.592	16.49	18.89	-0.01	7.71	1.174	256
10.624	16.51	18.90	-0.01	7.71	1.174	256
10.656	16.52	18.92	-0.00	7.71	1.174	256
10.688	16.53	18.92	-0.01	7.71	1.174	256
10.720	16.54	18.94	-0.00	7.71	1.174	256
10.752	16.55	18.94	-0.01	7.71	1.174	256
10.784	16.56	18.95	-0.01	7.71	1.174	256
10.816	16.58	18.97	-0.01	7.71	1.174	256
10.848	16.59	18.98	-0.00	7.71	1.174	256
10.880	16.59	18.99	0.00	7.72	1.174	256
10.912	16.59	18.98	-0.00	7.71	1.174	256
10.944	16.58	18.98	-0.01	7.71	1.174	256
10.976	16.57	18.97	-0.00	7.71	1.174	256
11.008	16.56	18.95	-0.00	7.71	1.174	256
11.040	16.55	18.94	-0.00	7.71	1.174	256
11.072	16.55	18.94	-0.00	7.71	1.174	256
11.104	16.56	18.95	-0.01	7.71	1.174	256
11.136	16.56	18.96	-0.00	7.71	1.174	256
11.168	16.58	18.98	-0.00	7.71	1.174	256
11.200	16.59	18.98	-0.00	7.71	1.174	256
11.232	16.59	18.99	-0.00	7.71	1.174	256
11.264	16.60	19.00	-0.01	7.71	1.174	256
11.296	16.62	19.02	-0.00	7.71	1.174	256
11.328	16.63	19.03	-0.01	7.71	1.174	256
11.360	16.64	19.04	-0.00	7.71	1.174	256
11.392	16.64	19.03	-0.00	7.71	1.174	256
11.424	16.64	19.03	-0.00	7.71	1.174	256
11.456	16.63	19.02	-0.01	7.71	1.174	256
11.488	16.60	18.99	-0.00	7.71	1.174	256
11.520	16.58	18.98	-0.00	7.71	1.179	257
11.552	16.57	18.96	-0.01	7.71	1.179	257
11.584	16.56	18.95	-0.00	7.71	1.179	257
11.616	16.55	18.94	-0.00	7.71	1.179	257
11.648	16.55	18.94	-0.00	7.71	1.179	257
11.680	16.55	18.95	-0.00	7.71	1.179	257
11.712	16.58	18.97	0.00	7.72	1.179	257
11.744	16.60	19.00	-0.01	7.70	1.179	257
11.776	16.63	19.02	-0.00	7.71	1.179	257
11.808	16.64	19.03	-0.00	7.71	1.179	257
11.840	16.64	19.04	-0.00	7.71	1.179	257
11.872	16.64	19.03	-0.01	7.71	1.179	257
11.904	16.63	19.03	-0.01	7.71	1.179	257
11.936	16.62	19.02	-0.01	7.71	1.179	257
11.968	16.63	19.02	-0.01	7.71	1.179	257
12.000	16.64	19.03	-0.00	7.71	1.179	257
12.032	16.66	19.06	-0.00	7.71	1.179	257
12.064	16.67	19.07	-0.01	7.71	1.179	257
12.096	16.68	19.07	-0.00	7.71	1.179	257
12.128	16.68	19.08	-0.01	7.71	1.179	257
12.160	16.68	19.08	-0.00	7.71	1.179	257
12.192	16.68	19.07	-0.01	7.71	1.179	257
12.224	16.67	19.06	-0.01	7.71	1.179	257
12.256	16.65	19.04	-0.00	7.71	1.179	257
12.288	16.63	19.02	-0.01	7.71	1.179	257
12.320	16.61	19.01	-0.00	7.71	1.179	257
12.352	16.60	19.00	-0.01	7.71	1.179	257
12.384	16.60	18.99	-0.01	7.71	1.179	257
12.416	16.59	18.98	-0.01	7.71	1.179	257
12.448	16.60	18.99	-0.00	7.71	1.179	257
12.480	16.62	19.02	0.00	7.72	1.179	257
12.512	16.65	19.04	-0.01	7.71	1.179	257
12.544	16.67	19.07	-0.01	7.71	1.179	257
12.576	16.69	19.09	-0.01	7.71	1.179	257
12.608	16.70	19.09	-0.01	7.71	1.179	257
12.640	16.70	19.10	-0.00	7.71	1.179	257
12.672	16.71	19.11	-0.00	7.71	1.179	257
12.704	16.72	19.12	-0.01	7.71	1.179	257
12.736	16.72	19.12	-0.01	7.71	1.179	257
12.768	16.72	19.12	-0.00	7.71	1.179	257
12.800	16.72	19.12	-0.00	7.71	1.179	257
12.832	16.72	19.11	-0.01	7.71	1.179	257
12.864	16.72	19.11	-0.01	7.71	1.179	257
12.896	16.71	19.10	-0.00	7.71	1.179	257
12.928	16.71	19.10	-0.01	7.71	1.183	258
12.960	16.71	19.11	-0.00	7.71	1.183	258
12.992	16.73	19.13	-0.00	7.71	1.183	258
13.024	16.75	19.14	-0.00	7.71	1.183	258
13.056	16.76	19.15	-0.01	7.71	1.183	258
13.088	16.77	19.16	-0.01	7.71	1.183	258
13.120	16.78	19.18	0.00	7.72	1.183	258
13.152	16.80	19.19	-0.00	7.71	1.183	258
13.184	16.80	19.20	-0.01	7.71	1.183	258
13.216	16.80	19.20	-0.00	7.71	1.183	258
13.248	16.82	19.21	-0.00	7.71	1.183	258
13.280	16.83	19.22	-0.00	7.71	1.183	258
13.312	16.84	19.23	-0.00	7.71	1.183	258
13.344	16.83	19.22	-0.01	7.71	1.183	258
13.376	16.82	19.21	-0.01	7.71	1.183	258
13.408	16.82	19.21	-0.00	7.71	1.179	257
13.440	16.83	19.22	-0.00	7.71	1.179	257
13.472	16.84	19.24	-0.00	7.71	1.179	257
13.504	16.87	19.26	-0.01	7.71	1.179	257
13.536	16.90	19.29	-0.01	7.71	1.179	257
13.568	16.93	19.33	-0.01	7.71	1.179	257
13.600	16.96	19.35	0.00	7.72	1.179	257
13.632	16.97	19.37	-0.00	7.71	1.179	257
13.664	16.96	19.35	-0.01	7.70	1.179	257
13.696	16.94	19.33	-0.00	7.71	1.179	257
13.728	16.91	19.30	-0.00	7.71	1.179	257
13.760	16.88	19.27	-0.00	7.71	1.179	257
13.792	16.84	19.23	-0.01	7.71	1.179	257
13.824	16.80	19.20	-0.01	7.71	1.179	257
13.856	16.78	19.17	-0.01	7.71	1.183	258
13.888	16.77	19.17	-0.00	7.71	1.183	258
13.920	16.78	19.17	0.00	7.72	1.183	258
13.952	16.79	19.18	-0.00	7.71	1.183	258
13.984	16.81	19.21	-0.01	7.71	1.183	258
14.016	16.84	19.23	-0.00	7.71	1.183	258
14.048	16.86	19.25	-0.00	7.71	1.183	258
14.080	16.88	19.28	-0.01	7.71	1.183	258
14.112	16.89	19.29	-0.01	7.71	1.183	258
14.144	16.90	19.29	-0.00	7.71	1.183	258
14.176	16.90	19.29	-0.01	7.71	1.183	258
14.208	16.89	19.28	-0.00	7.71	1.183	258
14.240	16.88	19.28	-0.00	7.71	1.183	258
14.272	16.86	19.26	0.00	7.72	1.183	258
14.304	16.84	19.23	-0.01	7.71	1.183	258
14.336	16.83	19.23	-0.00	7.71	1.183	258
14.368	16.83	19.23	-0.00	7.71	1.183	258
14.400	16.85	19.24	-0.00	7.71	1.183	258
14.432	16.86	19.25	-0.00	7.71	1.183	258
14.464	16.87	19.26	-0.01	7.71	1.183	258
14.496	16.88	19.27	-0.01	7.71	1.183	258
14.528	16.88	19.28	-0.00	7.71	1.183	258
14.560	16.89	19.28	-0.00	7.71	1.183	258
14.592	16.89	19.28	-0.01	7.71	1.183	258
14.624	16.89	19.28	-0.01	7.71	1.183	258
14.656	16.87	19.27	-0.01	7.71	1.183	258
14.688	16.87	19.27	-0.00	7.71	1.183	258
14.720	16.86	19.25	-0.00	7.71	1.183	258
14.752	16.83	19.23	-0.00	7.71	1.183	258
14.784	16.81	19.20	-0.01	7.71	1.183	258
14.816	16.80	19.20	-0.00	7.71	1.183	258
14.848	16.81	19.20	-0.00	7.71	1.183	258
14.880	16.82	19.21	-0.00	7.71	1.183	258
14.912	16.81	19.21	-0.01	7.71	1.183	258
14.944	16.83	19.22	-0.01	7.71	1.183	258
14.976	16.84	19.23	-0.00	7.71	1.183	258
15.008	16.84	19.24	-0.01	7.71	1.183	258
15.040	16.83	19.23	-0.00	7.71	1.183	258
15.072	16.81	19.21	-0.01	7.71	1.183	258
15.104	16.81	19.20	-0.00	7.71	1.183	258
15.136	16.82	19.21	-0.01	7.71	1.183	258
15.168	16.82	19.22	-0.01	7.71	1.183	258
15.200	16.81	19.20	-0.00	7.71	1.183	258
15.232	16.79	19.19	-0.01	7.71	1.183	258
15.264	16.79	19.19	-0.00	7.71	1.179	257
15.296	16.80	19.20	-0.01	7.71	1.179	257
15.328	16.80	19.20	-0.01	7.71	1.179	257
15.360	16.80	19.19	-0.00	7.71	1.179	257
15.392	16.79	19.18	-0.00	7.71	1.179	257
15.424	16.79	19.19	-0.01	7.71	1.179	257
15.456	16.80	19.19	-0.00	7.71	1.179	257
15.488	16.79	19.19	-0.00	7.71	1.179	257
15.520	16.78	19.18	0.00	7.72	1.179	257
15.552	16.77	19.16	-0.00	7.71	1.179	257
15.584	16.75	19.15	-0.01	7.71	1.179	257
15.616	16.74	19.13	-0.00	7.71	1.179	257
15.648	16.72	19.11	-0.00	7.71	1.179	257
15.680	16.69	19.09	-0.01	7.71	1.179	257
15.712	16.68	19.08	-0.01	7.71	1.179	257
15.744	16.68	19.08	-0.01	7.71	1.174	256
15.776	16.69	19.08	-0.00	7.71	1.174	256
15.808	16.68	19.08	-0.00	7.71	1.174	256
15.840	16.69	19.09	-0.00	7.71	1.174	256
15.872	16.70	19.10	-0.01	7.71	1.174	256
15.904	16.71	19.10	-0.00	7.71	1.174	256
15.936	16.71	19.11	-0.00	7.71	1.174	256
15.968	16.72	19.11	-0.00	7.71	1.174	256
16.000	16.71	19.11	-0.00	7.71	1.174	256
16.032	16.71	19.11	-0.01	7.71	1.174	256
16.064	16.71	19.11	-0.01	7.71	1.174	256
16.096	16.72	19.11	-0.01	7.71	1.174	256
16.128	16.72	19.11	-0.00	7.71	1.174	256
16.160	16.72	19.12	-0.00	7.71	1.174	256
16.192	16.73	19.12	-0.01	7.71	1.174	256
16.224	16.74	19.14	-0.00	7.71	1.179	257
16.256	16.75	19.15	-0.00	7.71	1.179	257
16.288	16.76	19.15	-0.00	7.71	1.179	257
16.320	16.76	19.15	-0.00	7.71	1.179	257
16.352	16.76	19.15	-0.01	7.71	1.179	257
16.384	16.76	19.15	-0.01	7.71	1.179	257
16.416	16.75	19.15	-0.00	7.71	1.179	257
16.448	16.74	19.13	-0.01	7.71	1.179	257
16.480	16.72	19.12	-0.00	7.71	1.179	257
16.512	16.70	19.09	-0.01	7.71	1.179	257
16.544	16.67	19.06	-0.01	7.71	1.179	257
16.576	16.65	19.04	-0.01	7.71	1.179	257
16.608	16.62	19.02	-0.01	7.71	1.179	257
16.640	16.60	19.00	-0.01	7.71	1.179	257
16.672	16.60	18.99	-0.01	7.71	1.179	257
16.704	16.62	19.01	-0.00	7.71	1.179	257
16.736	16.64	19.03	-0.01	7.71	1.179	257
16.768	16.67	19.07	-0.00	7.71	1.179	257
16.800	16.70	19.10	-0.00	7.71	1.179	257
16.832	16.72	19.11	-0.01	7.71	1.179	257
16.864	16.74	19.13	-0.01	7.71	1.179	257
16.896	16.75	19.15	-0.01	7.71	1.179	257
16.928	16.76	19.15	-0.00	7.71	1.179	257
16.960	16.75	19.15	-0.00	7.71	1.179	257
16.992	16.75	19.14	-0.01	7.71	1.179	257
17.024	16.75	19.14	-0.01	7.71	1.179	257
17.056	16.74	19.13	-0.01	7.71	1.179	257
17.088	16.72	19.11	-0.00	7.71	1.179	257
17.120	16.70	19.09	-0.00	7.71	1.179	257
17.152	16.69	19.08	-0.01	7.71	1.179	257
17.184	16.68	19.08	-0.00	7.71	1.179	257
17.216	16.68	19.07	-0.00	7.71	1.179	257
17.248	16.68	19.08	-0.00	7.71	1.179	257
17.280	16.69	19.08	-0.00	7.71	1.179	257
17.312	16.69	19.08	-0.00	7.71	1.179	257
17.344	16.69	19.09	-0.00	7.71	1.179	257
17.376	16.69	19.09	-0.01	7.71	1.179	257
17.408	16.69	19.08	-0.00	7.71	1.179	257
17.440	16.69	19.09	-0.00	7.71	1.179	257
17.472	16.71	19.11	-0.00	7.71	1.179	257
17.504	16.72	19.12	-0.01	7.71	1.179	257
17.536	16.71	19.10	-0.01	7.71	1.179	257
17.568	16.69	19.08	-0.00	7.71	1.179	257
17.600	16.68	19.07	0.00	7.72	1.179	257
17.632	16.67	19.06	-0.00	7.71	1.179	257
17.664	16.66	19.05	-0.01	7.71	1.179	257
17.696	16.66	19.05	-0.00	7.71	1.179	257
17.728	16.66	19.06	-0.00	7.71	1.179	257
17.760	16.67	19.06	-0.00	7.71	1.179	257
17.792	16.67	19.07	-0.00	7.71	1.179	257
17.824	16.68	19.07	-0.00	7.71	1.179	257
17.856	16.68	19.08	-0.00	7.71	1.179	257
17.888	16.69	19.08	0.00	7.72	1.179	257
17.920	16.69	19.09	-0.01	7.71	1.179	257
17.952	16.70	19.09	-0.01	7.71	1.179	257
17.984	16.70	19.09	-0.01	7.71	1.179	257
18.016	16.68	19.07	-0.00	7.71	1.179	257
18.048	16.65	19.05	0.00	7.72	1.179	257
18.080	16.65	19.04	-0.00	7.71	1.179	257
18.112	16.65	19.04	-0.01	7.70	1.179	257
18.144	16.65	19.05	-0.00	7.71	1.179	257
18.176	16.66	19.06	-0.01	7.71	1.179	257
18.208	16.67	19.07	-0.00	7.71	1.179	257
18.240	16.68	19.07	-0.00	7.71	1.179	257
18.272	16.69	19.08	-0.01	7.71	1.179	257
18.304	16.71	19.10	-0.00	7.71	1.179	257
18.336	16.72	19.11	-0.01	7.71	1.179	257
18.368	16.72	19.12	-0.00	7.71	1.179	257
18.400	16.72	19.11	-0.01	7.71	1.179	257
18.432	16.72	19.12	-0.00	7.71	1.179	257
18.464	16.72	19.11	-0.01	7.71	1.179	257
18.496	16.71	19.10	-0.00	7.71	1.179	257
18.528	16.70	19.09	-0.00	7.71	1.179	257
18.560	16.69	19.09	-0.01	7.71	1.183	258
18.592	16.69	19.08	-0.01	7.71	1.183	258
18.624	16.67	19.07	-0.00	7.71	1.183	258
18.656	16.66	19.06	-0.01	7.71	1.183	258
18.688	16.65	19.05	-0.00	7.71	1.183	258
18.720	16.65	19.05	-0.00	7.71	1.183	258
18.752	16.66	19.06	-0.00	7.71	1.183	258
18.784	16.66	19.06	-0.01	7.71	1.183	258
18.816	16.66	19.06	-0.01	7.71	1.183	258
18.848	16.67	19.07	0.00	7.72	1.183	258
18.880	16.69	19.08	-0.00	7.71	1.183	258
18.912	16.69	19.09	-0.01	7.71	1.183	258
18.944	16.69	19.09	-0.01	7.71	1.183	258
18.976	16.68	19.07	-0.00	7.71	1.183	258
19.008	16.67	19.06	-0.00	7.71	1.174	256
19.040	16.67	19.07	-0.00	7.71	1.174	256
19.072	16.68	19.08	-0.01	7.71	1.174	256
19.104	16.67	19.07	-0.01	7.71	1.174	256
19.136	16.67	19.07	0.00	7.72	1.174	256
19.168	16.68	19.08	-0.00	7.71	1.174	256
19.200	16.69	19.09	0.00	7.72	1.174	256
19.232	16.70	19.09	-0.00	7.71	1.174	256
19.264	16.70	19.10	-0.00	7.71	1.174	256
19.296	16.70	19.10	-0.00	7.71	1.174	256
19.328	16.71	19.10	-0.00	7.71	1.174	256
19.360	16.71	19.10	-0.00	7.71	1.174	256
19.392	16.70	19.09	-0.01	7.71	1.174	256
19.424	16.68	19.07	-0.01	7.71	1.174	256
19.456	16.69	19.08	-0.01	7.71	1.174	256
19.488	16.70	19.10	-0.00	7.71	1.179	257
19.520	16.72	19.12	-0.00	7.71	1.179	257
19.552	16.73	19.13	-0.00	7.71	1.179	257
19.584	16.74	19.14	-0.00	7.71	1.179	257
19.616	16.75	19.14	-0.00	7.71	1.179	257
19.648	16.75	19.14	-0.01	7.71	1.179	257
19.680	16.75	19.15	-0.00	7.71	1.179	257
19.712	16.76	19.15	-0.00	7.71	1.179	257
19.744	16.75	19.15	-0.00	7.71	1.179	257
19.776	16.74	19.13	-0.01	7.71	1.179	257
19.808	16.73	19.13	-0.00	7.71	1.179	257
19.840	16.72	19.12	-0.01	7.71	1.179	257
19.872	16.70	19.10	-0.01	7.71	1.179	257
19.904	16.69	19.08	-0.01	7.71	1.179	257
19.936	16.68	19.07	-0.01	7.71	1.179	257
19.968	16.68	19.08	-0.00	7.71	1.179	257
20.000	16.70	19.09	-0.01	7.71	1.179	257
20.032	16.70	19.10	-0.00	7.71	1.179	257
20.064	16.71	19.11	-0.00	7.71	1.179	257
20.096	16.73	19.12	-0.00	7.71	1.179	257
20.128	16.73	19.12	-0.01	7.71	1.179	257
20.160	16.75	19.14	-0.01	7.71	1.179	257
20.192	16.75	19.14	-0.00	7.71	1.179	257
20.224	16.76	19.15	-0.00	7.71	1.179	257
20.256	16.76	19.15	-0.00	7.71	1.179	257
20.288	16.76	19.15	0.00	7.72	1.179	257
20.320	16.75	19.15	-0.00	7.71	1.179	257
20.352	16.74	19.14	-0.01	7.71	1.179	257
20.384	16.73	19.13	-0.01	7.71	1.179	257
20.416	16.73	19.13	-0.00	7.71	1.183	258
20.448	16.73	19.12	-0.00	7.71	1.183	258
20.480	16.72	19.12	-0.00	7.71	1.183	258
20.512	16.72	19.12	-0.01	7.71	1.183	258
20.544	16.72	19.11	-0.01	7.71	1.183	258
20.576	16.71	19.11	-0.00	7.71	1.183	258
20.608	16.72	19.11	-0.00	7.71	1.183	258
20.640	16.72	19.12	-0.01	7.71	1.183	258
20.672	16.72	19.11	-0.00	7.71	1.183	258
20.704	16.71	19.10	-0.00	7.71	1.183	258
20.736	16.71	19.10	-0.01	7.71	1.183	258
20.768	16.72	19.11	-0.00	7.71	1.183	258
20.800	16.72	19.11	-0.00	7.71	1.183	258
20.832	16.70	19.09	-0.01	7.71	1.183	258
20.864	16.69	19.09	-0.01	7.71	1.183	258
20.896	16.69	19.08	-0.00	7.71	1.174	256
20.928	16.68	19.07	-0.01	7.71	1.174	256
20.960	16.66	19.06	-0.00	7.71	1.174	256
20.992	16.66	19.06	-0.01	7.71	1.174	256
21.024	16.66	19.06	-0.00	7.71	1.174	256
21.056	16.66	19.06	-0.01	7.71	1.174	256
21.088	16.67	19.07	-0.01	7.71	1.174	256
21.120	16.69	19.09	-0.00	7.71	1.174	256
21.152	16.71	19.11	-0.01	7.71	1.174	256
21.184	16.74	19.13	-0.01	7.71	1.174	256
21.216	16.75	19.15	-0.00	7.71	1.174	256
21.248	16.76	19.15	-0.00	7.71	1.174	256
21.280	16.75	19.15	-0.00	7.71	1.174	256
21.312	16.75	19.14	-0.00	7.71	1.174	256
21.344	16.75	19.15	-0.01	7.70	1.174	256
21.376	16.75	19.15	-0.00	7.71	1.174	256
21.408	16.74	19.13	-0.00	7.71	1.174	256
21.440	16.73	19.12	-0.00	7.71	1.174	256
21.472	16.72	19.12	-0.01	7.71	1.174	256
21.504	16.71	19.11	-0.01	7.71	1.174	256
21.536	16.72	19.11	-0.00	7.71	1.174	256
21.568	16.74	19.13	-0.00	7.71	1.174	256
21.600	16.74	19.13	-0.00	7.71	1.174	256
21.632	16.73	19.13	-0.01	7.71	1.174	256
21.664	16.73	19.12	-0.01	7.71	1.174	256
21.696	16.73	19.12	-0.01	7.70	1.174	256
21.728	16.71	19.11	-0.01	7.71	1.174	256
21.760	16.70	19.09	-0.00	7.71	1.174	256
21.792	16.69	19.08	-0.01	7.71	1.174	256
21.824	16.69	19.08	-0.01	7.71	1.179	257
21.856	16.68	19.07	-0.00	7.71	1.179	257
21.888	16.68	19.08	-0.00	7.71	1.179	257
21.920	16.69	19.08	-0.00	7.71	1.179	257
21.952	16.71	19.11	-0.01	7.71	1.179	257
21.984	16.73	19.12	-0.01	7.71	1.179	257
22.016	16.73	19.12	-0.01	7.71	1.179	257
22.048	16.72	19.11	-0.01	7.71	1.179	257
22.080	16.70	19.10	-0.00	7.71	1.179	257
22.112	16.70	19.09	-0.00	7.71	1.179	257
22.144	16.69	19.09	-0.00	7.71	1.179	257
22.176	16.68	19.07	-0.00	7.71	1.179	257
22.208	16.66	19.06	-0.00	7.71	1.179	257
22.240	16.66	19.05	-0.00	7.71	1.179	257
22.272	16.66	19.06	-0.01	7.71	1.179	257
22.304	16.69	19.08	-0.01	7.71	1.174	256
22.336	16.69	19.09	-0.00	7.71	1.174	256
22.368	16.70	19.09	-0.01	7.71	1.174	256
22.400	16.70	19.10	-0.01	7.71	1.174	256
22.432	16.70	19.10	-0.01	7.71	1.174	256
22.464	16.70	19.10	-0.01	7.71	1.174	256
22.496	16.70	19.09	-0.00	7.71	1.174	256
22.528	16.70	19.10	-0.01	7.71	1.174	256
22.560	16.71	19.10	0.00	7.72	1.174	256
22.592	16.71	19.10	-0.01	7.71	1.174	256
22.624	16.71	19.10	-0.01	7.71	1.174	256
22.656	16.72	19.11	-0.01	7.71	1.174	256
22.688	16.71	19.10	-0.01	7.71	1.174	256
22.720	16.70	19.10	-0.00	7.71	1.174	256
22.752	16.70	19.10	-0.01	7.71	1.174	256
22.784	16.71	19.11	-0.01	7.70	1.174	256
22.816	16.72	19.11	-0.01	7.71	1.174	256
22.848	16.72	19.12	-0.01	7.71	1.174	256
22.880	16.72	19.12	0.00	7.72	1.174	256
22.912	16.73	19.12	-0.01	7.71	1.174	256
22.944	16.74	19.13	-0.01	7.71	1.174	256
22.976	16.75	19.14	-0.00	7.71	1.174	256
23.008	16.76	19.15	-0.01	7.71	1.174	256
23.040	16.76	19.16	-0.00	7.71	1.174	256
23.072	16.77	19.16	-0.00	7.71	1.174	256
23.104	16.78	19.17	-0.01	7.71	1.174	256
23.136	16.76	19.16	-0.01	7.71	1.174	256
23.168	16.74	19.13	-0.00	7.71	1.174	256
23.200	16.73	19.13	0.00	7.72	1.174	256
23.232	16.74	19.13	-0.01	7.71	1.179	257
23.264	16.74	19.13	-0.00	7.71	1.179	257
23.296	16.73	19.13	-0.01	7.71	1.179	257
23.328	16.74	19.13	-0.01	7.71	1.179	257
23.360	16.75	19.14	-0.00	7.71	1.179	257
23.392	16.76	19.16	-0.00	7.71	1.179	257
23.424	16.78	19.17	-0.01	7.70	1.179	257
23.456	16.79	19.18	-0.01	7.70	1.179	257
23.488	16.80	19.19	-0.00	7.71	1.179	257
23.520	16.80	19.20	-0.00	7.71	1.179	257
23.552	16.80	19.19	-0.01	7.71	1.179	257
23.584	16.80	19.19	-0.01	7.70	1.179	257
23.616	16.78	19.17	-0.01	7.71	1.179	257
23.648	16.76	19.16	-0.00	7.71	1.179	257
23.680	16.74	19.14	-0.00	7.71	1.179	257
23.712	16.74	19.13	0.00	7.72	1.179	257
23.744	16.74	19.13	-0.01	7.71	1.179	257
23.776	16.74	19.13	-0.00	7.71	1.179	257
23.808	16.75	19.15	-0.00	7.71	1.179	257
23.840	16.75	19.14	-0.00	7.71	1.179	257
23.872	16.77	19.17	-0.01	7.71	1.179	257
23.904	16.79	19.18	-0.01	7.71	1.179	257
23.936	16.79	19.19	-0.01	7.71	1.179	257
23.968	16.79	19.18	-0.01	7.71	1.179	257
24.000	16.78	19.18	-0.00	7.71	1.179	257
24.032	16.79	19.18	-0.00	7.71	1.179	257
24.064	16.79	19.19	-0.00	7.71	1.179	257
24.096	16.78	19.17	-0.01	7.71	1.179	257
24.128	16.78	19.17	-0.01	7.71	1.179	257
24.160	16.78	19.17	-0.00	7.71	1.179	257
24.192	16.79	19.19	-0.01	7.71	1.179	257
24.224	16.81	19.21	-0.01	7.71	1.179	257
24.256	16.83	19.22	-0.00	7.71	1.179	257
24.288	16.85	19.24	-0.01	7.71	1.179	257
24.320	16.86	19.26	-0.00	7.71	1.179	257
24.352	16.88	19.28	-0.00	7.71	1.179	257
24.384	16.90	19.29	-0.01	7.71	1.179	257
24.416	16.89	19.29	-0.01	7.71	1.179	257
24.448	16.88	19.28	-0.01	7.71	1.179	257
24.480	16.87	19.27	-0.00	7.71	1.179	257
24.512	16.86	19.25	-0.01	7.71	1.179	257
24.544	16.83	19.22	-0.01	7.71	1.179	257
24.576	16.79	19.19	-0.01	7.71	1.179	257
24.608	16.77	19.17	-0.01	7.71	1.179	257
24.640	16.77	19.16	-0.00	7.71	1.183	258
24.672	16.77	19.16	-0.01	7.71	1.183	258
24.704	16.77	19.17	-0.01	7.71	1.183	258
24.736	16.77	19.17	-0.01	7.71	1.183	258
24.768	16.77	19.16	-0.00	7.71	1.183	258
24.800	16.78	19.17	-0.00	7.71	1.183	258
24.832	16.79	19.18	-0.00	7.71	1.183	258
24.864	16.80	19.20	-0.01	7.71	1.183	258
24.896	16.82	19.21	-0.01	7.71	1.183	258
24.928	16.83	19.22	-0.01	7.71	1.183	258
24.960	16.83	19.22	-0.01	7.71	1.183	258
24.992	16.83	19.22	-0.00	7.71	1.183	258
25.024	16.82	19.22	-0.01	7.71	1.183	258
25.056	16.82	19.21	-0.01	7.71	1.183	258
25.088	16.81	19.20	-0.01	7.70	1.183	258
25.120	16.81	19.20	-0.01	7.71	1.179	257
25.152	16.81	19.21	-0.00	7.71	1.179	257
25.184	16.82	19.22	-0.00	7.71	1.179	257
25.216	16.84	19.23	-0.01	7.71	1.179	257
25.248	16.85	19.25	-0.00	7.71	1.179	257
25.280	16.86	19.25	-0.01	7.71	1.179	257
25.312	16.86	19.25	-0.00	7.71	1.179	257
25.344	16.85	19.24	-0.01	7.71	1.179	257
25.376	16.83	19.22	-0.01	7.71	1.179	257
25.408	16.81	19.21	-0.01	7.71	1.179	257
25.440	16.80	19.20	-0.00	7.71	1.179	257
25.472	16.78	19.18	-0.00	7.71	1.179	257
25.504	16.75	19.14	-0.00	7.71	1.179	257
25.536	16.74	19.13	-0.01	7.71	1.179	257
25.568	16.73	19.12	-0.01	7.71	1.183	258
25.600	16.72	19.12	-0.01	7.71	1.183	258
25.632	16.74	19.13	-0.00	7.71	1.183	258
25.664	16.76	19.15	-0.01	7.71	1.183	258
25.696	16.78	19.18	-0.01	7.71	1.183	258
25.728	16.81	19.20	-0.01	7.71	1.183	258
25.760	16.84	19.23	-0.01	7.71	1.183	258
25.792	16.87	19.27	0.00	7.72	1.183	258
25.824	16.90	19.29	-0.01	7.71	1.183	258
25.856	16.92	19.31	-0.01	7.71	1.183	258
25.888	16.93	19.32	-0.00	7.71	1.183	258
25.920	16.91	19.31	-0.01	7.71	1.183	258
25.952	16.88	19.28	0.00	7.72	1.183	258
25.984	16.86	19.26	-0.01	7.71	1.183	258
26.016	16.84	19.23	-0.01	7.71	1.183	258
26.048	16.83	19.22	-0.01	7.71	1.179	257
26.080	16.83	19.22	0.00	7.72	1.179	257
26.112	16.84	19.24	-0.00	7.71	1.179	257
26.144	16.86	19.25	-0.00	7.71	1.179	257
26.176	16.86	19.26	-0.01	7.70	1.179	257
26.208	16.88	19.27	-0.00	7.71	1.179	257
26.240	16.88	19.28	-0.00	7.71	1.179	257
26.272	16.88	19.28	-0.00	7.71	1.179	257
26.304	16.88	19.27	-0.00	7.71	1.179	257
26.336	16.88	19.27	-0.01	7.71	1.179	257
26.368	16.88	19.27	-0.01	7.70	1.179	257
26.400	16.87	19.26	-0.00	7.71	1.179	257
26.432	16.85	19.25	-0.00	7.71	1.179	257
26.464	16.85	19.25	-0.00	7.71	1.179	257
26.496	16.86	19.26	-0.01	7.71	1.183	258
26.528	16.86	19.26	-0.01	7.71	1.183	258
26.560	16.86	19.25	-0.00	7.71	1.183	258
26.592	16.85	19.24	-0.00	7.71	1.183	258
26.624	16.84	19.23	-0.00	7.71	1.183	258
26.656	16.84	19.23	-0.01	7.71	1.183	258
26.688	16.85	19.24	-0.01	7.71	1.183	258
26.720	16.86	19.25	-0.01	7.71	1.183	258
26.752	16.86	19.26	-0.00	7.71	1.183	258
26.784	16.87	19.26	-0.00	7.71	1.183	258
26.816	16.87	19.26	-0.00	7.71	1.183	258
26.848	16.86	19.26	-0.01	7.71	1.183	258
26.880	16.85	19.25	-0.00	7.71	1.183	258
26.912	16.83	19.23	-0.01	7.71	1.183	258
26.944	16.82	19.21	-0.00	7.71	1.183	258
26.976	16.81	19.20	-0.01	7.71	1.179	257
27.008	16.80	19.19	-0.01	7.71	1.179	257
27.040	16.80	19.20	-0.01	7.71	1.179	257
27.072	16.80	19.19	-0.00	7.71	1.179	257
27.104	16.80	19.20	0.00	7.72	1.179	257
27.136	16.82	19.21	-0.00	7.71	1.179	257
27.168	16.85	19.24	-0.01	7.71	1.179	257
27.200	16.86	19.25	-0.01	7.71	1.179	257
27.232	16.84	19.23	-0.00	7.71	1.179	257
27.264	16.83	19.23	-0.00	7.71	1.179	257
27.296	16.83	19.23	-0.00	7.71	1.179	257
27.328	16.83	19.23	-0.01	7.71	1.179	257
27.360	16.82	19.21	-0.00	7.71	1.179	257
27.392	16.81	19.20	-0.00	7.71	1.179	257
27.424	16.82	19.21	-0.00	7.71	1.179	257
27.456	16.83	19.22	-0.00	7.71	1.183	258
27.488	16.83	19.22	-0.01	7.71	1.183	258
27.520	16.83	19.23	-0.00	7.71	1.183	258
27.552	16.84	19.24	-0.01	7.71	1.183	258
27.584	16.86	19.25	-0.00	7.71	1.183	258
27.616	16.88	19.28	-0.01	7.71	1.183	258
27.648	16.89	19.29	-0.00	7.71	1.183	258
27.680	16.89	19.28	-0.01	7.71	1.183	258
27.712	16.87	19.27	-0.00	7.71	1.183	258
27.744	16.86	19.25	-0.00	7.71	1.183	258
27.776	16.84	19.24	-0.01	7.71	1.183	258
27.808	16.83	19.22	-0.00	7.71	1.183	258
27.840	16.81	19.20	-0.01	7.71	1.183	258
27.872	16.80	19.20	-0.01	7.71	1.183	258
27.904	16.82	19.21	-0.00	7.71	1.183	258
27.936	16.84	19.23	0.00	7.72	1.183	258
27.968	16.84	19.23	-0.01	7.71	1.183	258
28.000	16.85	19.24	-0.01	7.71	1.183	258
28.032	16.88	19.27	-0.01	7.71	1.183	258
28.064	16.90	19.29	-0.00	7.71	1.183	258
28.096	16.93	19.32	-0.00	7.71	1.183	258
28.128	16.94	19.34	-0.01	7.71	1.183	258
28.160	16.95	19.34	-0.00	7.71	1.183	258
28.192	16.95	19.34	-0.00	7.71	1.183	258
28.224	16.93	19.33	-0.00	7.71	1.183	258
28.256	16.91	19.30	-0.00	7.71	1.183	258
28.288	16.89	19.28	-0.01	7.71	1.183	258
28.320	16.85	19.25	-0.01	7.71	1.183	258
28.352	16.83	19.22	-0.00	7.71	1.183	258
28.384	16.81	19.21	-0.01	7.71	1.179	257
28.416	16.81	19.20	-0.00	7.71	1.179	257
28.448	16.80	19.20	-0.01	7.71	1.179	257
28.480	16.80	19.20	-0.00	7.71	1.179	257
28.512	16.82	19.21	-0.00	7.71	1.179	257
28.544	16.84	19.23	-0.00	7.71	1.179	257
28.576	16.85	19.24	-0.00	7.71	1.179	257
28.608	16.85	19.25	-0.01	7.71	1.179	257
28.640	16.85	19.24	-0.01	7.71	1.179	257
28.672	16.85	19.25	-0.01	7.71	1.179	257
28.704	16.86	19.25	-0.00	7.71	1.179	257
28.736	16.86	19.26	-0.00	7.71	1.179	257
28.768	16.85	19.25	-0.00	7.71	1.179	257
28.800	16.84	19.23	-0.01	7.71	1.179	257
28.832	16.83	19.22	-0.01	7.71	1.179	257
28.864	16.83	19.23	-0.00	7.71	1.183	258
28.896	16.84	19.23	-0.00	7.71	1.183	258
28.928	16.84	19.23	-0.00	7.71	1.183	258
28.960	16.85	19.24	-0.01	7.71	1.183	258
28.992	16.87	19.26	-0.00	7.71	1.183	258
29.024	16.89	19.28	-0.00	7.71	1.183	258
29.056	16.90	19.29	-0.00	7.71	1.183	258
29.088	16.89	19.28	-0.01	7.71	1.183	258
29.120	16.88	19.27	-0.00	7.71	1.183	258
29.152	16.87	19.27	-0.01	7.71	1.183	258
29.184	16.87	19.26	-0.00	7.71	1.183	258
29.216	16.85	19.25	-0.00	7.71	1.183	258
29.248	16.83	19.22	-0.01	7.71	1.183	258
29.280	16.83	19.22	-0.01	7.71	1.183	258
29.312	16.83	19.22	-0.01	7.71	1.183	258
29.344	16.84	19.23	-0.00	7.71	1.183	258
29.376	16.85	19.25	-0.00	7.71	1.183	258
29.408	16.86	19.25	-0.01	7.70	1.183	258
29.440	16.86	19.25	-0.01	7.71	1.183	258
29.472	16.86	19.25	-0.00	7.71	1.183	258
29.504	16.86	19.25	-0.00	7.71	1.183	258
29.536	16.84	19.24	-0.01	7.71	1.183	258
29.568	16.83	19.23	-0.01	7.71	1.183	258
29.600	16.82	19.21	-0.01	7.71	1.183	258
29.632	16.80	19.19	-0.01	7.71	1.183	258
29.664	16.77	19.17	-0.01	7.71	1.183	258
29.696	16.74	19.14	-0.00	7.71	1.183	258
29.728	16.72	19.12	-0.00	7.71	1.183	258
29.760	16.72	19.12	-0.01	7.71	1.183	258
29.792	16.74	19.14	-0.01	7.71	1.179	257
29.824	16.77	19.16	-0.00	7.71	1.179	257
29.856	16.80	19.19	-0.00	7.71	1.179	257
29.888	16.83	19.22	-0.01	7.71	1.179	257
29.920	16.85	19.24	-0.00	7.71	1.179	257
29.952	16.88	19.27	-0.01	7.71	1.179	257
29.984	16.90	19.29	-0.01	7.71	1.179	257
30.016	16.91	19.30	0.00	7.72	1.179	257
30.048	16.91	19.30	-0.01	7.71	1.179	257
30.080	16.91	19.31	-0.00	7.71	1.179	257
30.112	16.92	19.32	-0.00	7.71	1.179	257
30.144	16.92	19.32	-0.01	7.71	1.179	257
30.176	16.90	19.30	-0.00	7.71	1.179	257
30.208	16.88	19.28	-0.01	7.71	1.179	257
30.240	16.86	19.26	-0.01	7.71	1.179	257
30.272	16.85	19.24	-0.01	7.71	1.179	257
30.304	16.85	19.24	-0.01	7.70	1.179	257
30.336	16.85	19.25	0.00	7.72	1.179	257
30.368	16.86	19.26	-0.01	7.71	1.179	257
30.400	16.89	19.28	-0.00	7.71	1.179	257
30.432	16.91	19.30	-0.01	7.71	1.179	257
30.464	16.94	19.34	-0.00	7.71	1.179	257
30.496	16.96	19.35	-0.00	7.71	1.179	257
30.528	16.97	19.37	-0.00	7.71	1.179	257
30.560	16.96	19.36	-0.01	7.71	1.179	257
30.592	16.96	19.36	-0.00	7.71	1.179	257
30.624	16.94	19.33	-0.00	7.71	1.179	257
30.656	16.90	19.30	0.00	7.72	1.179	257
30.688	16.88	19.27	-0.01	7.71	1.179	257
30.720	16.88	19.27	-0.00	7.71	1.183	258
30.752	16.88	19.27	-0.00	7.71	1.183	258
30.784	16.89	19.28	-0.01	7.71	1.183	258
30.816	16.90	19.29	0.00	7.72	1.183	258
30.848	16.91	19.30	-0.00	7.71	1.183	258
30.880	16.92	19.32	-0.01	7.71	1.183	258
30.912	16.96	19.35	-0.00	7.71	1.183	258
30.944	16.99	19.38	-0.00	7.71	1.183	258
30.976	16.99	19.39	-0.00	7.71	1.183	258
31.008	16.99	19.39	-0.00	7.71	1.183	258
31.040	16.99	19.38	-0.01	7.71	1.183	258
31.072	16.97	19.36	-0.01	7.71	1.183	258
31.104	16.94	19.33	-0.01	7.71	1.183	258
31.136	16.91	19.30	-0.00	7.71	1.183	258
31.168	16.88	19.28	-0.00	7.71	1.183	258
31.200	16.86	19.26	-0.01	7.71	1.188	259
31.232	16.86	19.26	-0.01	7.71	1.188	259
31.264	16.86	19.25	-0.00	7.71	1.188	259
31.296	16.87	19.26	-0.00	7.71	1.188	259
31.328	16.89	19.28	-0.01	7.71	1.188	259
31.360	16.91	19.30	-0.01	7.71	1.188	259
31.392	16.93	19.33	-0.01	7.71	1.188	259
31.424	16.94	19.34	-0.00	7.71	1.188	259
31.456	16.94	19.33	-0.00	7.71	1.188	259
31.488	16.94	19.33	-0.01	7.71	1.188	259
31.520	16.93	19.32	-0.01	7.71	1.188	259
31.552	16.92	19.32	-0.01	7.71	1.188	259
31.584	16.90	19.30	-0.00	7.71	1.188	259
31.616	16.88	19.28	-0.01	7.71	1.188	259
31.648	16.88	19.27	-0.01	7.71	1.183	258
31.680	16.88	19.27	-0.01	7.71	1.183	258
31.712	16.88	19.27	-0.00	7.71	1.183	258
31.744	16.89	19.28	-0.01	7.71	1.183	258
31.776	16.90	19.29	-0.00	7.71	1.183	258
31.808	16.90	19.30	-0.01	7.71	1.183	258
31.840	16.90	19.29	-0.01	7.71	1.183	258
31.872	16.89	19.28	-0.00	7.71	1.183	258
31.904	16.88	19.27	-0.01	7.70	1.183	258
31.936	16.88	19.27	-0.00	7.71	1.183	258
31.968	16.88	19.28	-0.00	7.71	1.183	258
32.000	16.89	19.29	-0.01	7.71	1.183	258
32.032	16.89	19.28	-0.01	7.71	1.183	258
32.064	16.88	19.27	-0.00	7.71	1.183	258
32.096	16.88	19.27	-0.01	7.71	1.183	258
32.128	16.89	19.28	-0.00	7.71	1.183	258
32.160	16.89	19.28	-0.00	7.71	1.183	258
32.192	16.90	19.29	-0.01	7.71	1.183	258
32.224	16.92	19.31	-0.00	7.71	1.183	258
32.256	16.95	19.34	-0.00	7.71	1.183	258
32.288	16.98	19.37	-0.01	7.71	1.183	258
32.320	17.00	19.40	-0.01	7.70	1.183	258
32.352	17.01	19.41	-0.01	7.71	1.183	258
32.384	17.02	19.41	-0.00	7.71	1.183	258
32.416	17.01	19.40	-0.00	7.71	1.183	258
32.448	17.00	19.39	-0.01	7.71	1.183	258
32.480	16.98	19.37	-0.01	7.71	1.183	258
32.512	16.94	19.33	-0.01	7.71	1.183	258
32.544	16.90	19.29	-0.00	7.71	1.183	258
32.576	16.88	19.27	-0.00	7.71	1.183	258
32.608	16.87	19.26	-0.00	7.71	1.183	258
32.640	16.86	19.26	-0.01	7.71	1.183	258
32.672	16.86	19.26	-0.01	7.71	1.183	258
32.704	16.86	19.26	-0.00	7.71	1.183	258
32.736	16.86	19.25	-0.00	7.71	1.183	258
32.768	16.86	19.26	-0.00	7.71	1.183	258
32.800	16.87	19.26	-0.01	7.71	1.183	258
32.832	16.88	19.27	-0.00	7.71	1.183	258
32.864	16.88	19.27	-0.01	7.71	1.183	258
32.896	16.89	19.29	-0.00	7.71	1.183	258
32.928	16.90	19.29	-0.00	7.71	1.183	258
32.960	16.90	19.30	-0.01	7.71	1.183	258
32.992	16.89	19.29	-0.01	7.71	1.183	258
33.024	16.88	19.28	-0.00	7.71	1.183	258
33.056	16.89	19.28	-0.00	7.71	1.183	258
33.088	16.88	19.27	-0.00	7.71	1.183	258
33.120	16.87	19.27	-0.01	7.71	1.183	258
33.152	16.87	19.27	-0.01	7.71	1.183	258
33.184	16.89	19.28	-0.00	7.71	1.183	258
33.216	16.90	19.29	-0.00	7.71	1.183	258
33.248	16.92	19.31	-0.00	7.71	1.183	258
33.280	16.94	19.34	-0.01	7.71	1.183	258
33.312	16.96	19.35	-0.01	7.71	1.183	258
33.344	16.96	19.36	-0.01	7.71	1.183	258
33.376	16.96	19.35	-0.00	7.71	1.183	258
33.408	16.95	19.34	-0.01	7.71	1.183	258
33.440	16.92	19.32	-0.01	7.71	1.183	258
33.472	16.89	19.28	-0.01	7.71	1.183	258
33.504	16.86	19.25	-0.00	7.71	1.183	258
33.536	16.84	19.24	-0.01	7.71	1.174	256
33.568	16.83	19.23	-0.00	7.71	1.174	256
33.600	16.82	19.21	-0.01	7.71	1.174	256
33.632	16.82	19.21	0.00	7.72	1.174	256
33.664	16.84	19.23	-0.01	7.71	1.174	256
33.696	16.86	19.26	-0.00	7.71	1.174	256
33.728	16.89	19.28	-0.01	7.71	1.174	256
33.760	16.91	19.30	-0.01	7.71	1.174	256
33.792	16.92	19.31	-0.01	7.70	1.174	256
33.824	16.91	19.30	-0.00	7.71	1.174	256
33.856	16.89	19.29	-0.00	7.71	1.174	256
33.888	16.88	19.28	-0.00	7.71	1.174	256
33.920	16.85	19.25	-0.01	7.71	1.174	256
33.952	16.82	19.22	-0.00	7.71	1.174	256
33.984	16.81	19.20	-0.01	7.71	1.174	256
34.016	16.80	19.19	-0.00	7.71	1.179	257
34.048	16.79	19.18	-0.00	7.71	1.179	257
34.080	16.78	19.17	-0.00	7.71	1.179	257
34.112	16.78	19.18	-0.01	7.70	1.179	257
34.144	16.79	19.18	-0.01	7.71	1.179	257
34.176	16.80	19.19	-0.01	7.71	1.179	257
34.208	16.80	19.20	-0.00	7.71	1.179	257
34.240	16.80	19.20	-0.01	7.71	1.179	257
34.272	16.80	19.20	-0.00	7.71	1.179	257
34.304	16.81	19.20	-0.01	7.71	1.179	257
34.336	16.81	19.20	-0.00	7.71	1.179	257
34.368	16.80	19.19	-0.01	7.71	1.179	257
34.400	16.77	19.17	-0.00	7.71	1.179	257
34.432	16.76	19.16	-0.01	7.70	1.179	257
34.464	16.76	19.16	-0.01	7.71	1.179	257
34.496	16.77	19.17	-0.00	7.71	1.179	257
34.528	16.78	19.18	-0.00	7.71	1.179	257
34.560	16.80	19.20	-0.01	7.70	1.179	257
34.592	16.82	19.21	-0.01	7.71	1.179	257
34.624	16.83	19.22	-0.01	7.71	1.179	257
34.656	16.82	19.22	-0.00	7.71	1.179	257
34.688	16.82	19.21	-0.00	7.71	1.179	257
34.720	16.80	19.20	-0.01	7.71	1.179	257
34.752	16.80	19.20	-0.01	7.71	1.179	257
34.784	16.80	19.19	-0.00	7.71	1.179	257
34.816	16.80	19.19	-0.01	7.71	1.179	257
34.848	16.78	19.18	-0.01	7.71	1.179	257
34.880	16.76	19.16	-0.01	7.71	1.179	257
34.912	16.76	19.16	-0.01	7.71	1.179	257
34.944	16.76	19.16	-0.01	7.71	1.179	257
34.976	16.77	19.16	-0.01	7.71	1.179	257
35.008	16.78	19.17	-0.00	7.71	1.179	257
35.040	16.79	19.19	-0.01	7.71	1.179	257
35.072	16.81	19.20	-0.01	7.71	1.179	257
35.104	16.81	19.20	-0.00	7.71	1.179	257
35.136	16.81	19.21	-0.01	7.71	1.179	257
35.168	16.80	19.19	0.00	7.72	1.179	257
35.200	16.80	19.19	-0.01	7.71	1.179	257
35.232	16.79	19.18	-0.01	7.71	1.179	257
35.264	16.78	19.18	-0.00	7.71	1.179	257
35.296	16.77	19.16	-0.00	7.71	1.179	257
35.328	16.74	19.14	-0.00	7.71	1.179	257
35.360	16.75	19.14	-0.01	7.70	1.179	257
35.392	16.76	19.15	-0.01	7.71	1.174	256
35.424	16.76	19.15	-0.00	7.71	1.174	256
35.456	16.76	19.16	-0.01	7.71	1.174	256
35.488	16.78	19.17	-0.00	7.71	1.174	256
35.520	16.80	19.19	-0.01	7.71	1.174	256
35.552	16.82	19.21	-0.01	7.71	1.174	256
35.584	16.84	19.24	-0.01	7.71	1.174	256
35.616	16.86	19.25	-0.01	7.71	1.174	256
35.648	16.86	19.25	-0.00	7.71	1.174	256
35.680	16.86	19.25	-0.01	7.71	1.174	256
35.712	16.85	19.24	-0.01	7.71	1.174	256
35.744	16.83	19.22	-0.01	7.71	1.174	256
35.776	16.80	19.19	-0.00	7.71	1.174	256
35.808	16.76	19.16	-0.00	7.71	1.174	256
35.840	16.75	19.14	-0.01	7.71	1.174	256
35.872	16.75	19.15	-0.01	7.70	1.179	257
35.904	16.76	19.15	-0.00	7.71	1.179	257
35.936	16.77	19.17	0.00	7.72	1.179	257
35.968	16.78	19.18	-0.00	7.71	1.179	257
36.000	16.80	19.19	-0.01	7.71	1.179	257
36.032	16.81	19.20	-0.01	7.70	1.179	257
36.064	16.82	19.21	-0.01	7.71	1.179	257
36.096	16.83	19.22	-0.01	7.71	1.179	257
36.128	16.83	19.22	-0.01	7.71	1.179	257
36.160	16.83	19.22	-0.00	7.71	1.179	257
36.192	16.82	19.21	-0.01	7.71	1.179	257
36.224	16.82	19.21	-0.00	7.71	1.179	257
36.256	16.80	19.19	-0.00	7.71	1.179	257
36.288	16.78	19.17	-0.00	7.71	1.179	257
36.320	16.77	19.16	-0.01	7.71	1.179	257
36.352	16.76	19.15	-0.00	7.71	1.179	257
36.384	16.76	19.15	-0.01	7.71	1.179	257
36.416	16.75	19.14	-0.00	7.71	1.179	257
36.448	16.76	19.15	-0.00	7.71	1.179	257
36.480	16.77	19.17	-0.01	7.71	1.179	257
36.512	16.79	19.18	-0.01	7.71	1.179	257
36.544	16.79	19.19	-0.01	7.70	1.179	257
36.576	16.79	19.18	-0.00	7.71	1.179	257
36.608	16.78	19.18	-0.00	7.71	1.179	257
36.640	16.78	19.17	-0.01	7.71	1.179	257
36.672	16.78	19.18	-0.01	7.71	1.179	257
36.704	16.78	19.17	-0.00	7.71	1.179	257
36.736	16.76	19.16	-0.00	7.71	1.179	257
36.768	16.75	19.15	0.00	7.72	1.179	257
36.800	16.75	19.14	-0.01	7.71	1.170	255
36.832	16.75	19.14	-0.01	7.70	1.170	255
36.864	16.75	19.15	-0.01	7.71	1.170	255
36.896	16.76	19.16	-0.00	7.71	1.170	255
36.928	16.79	19.18	-0.00	7.71	1.170	255
36.960	16.81	19.20	-0.01	7.71	1.170	255
36.992	16.84	19.23	-0.01	7.71	1.170	255
37.024	16.86	19.25	-0.01	7.71	1.170	255
37.056	16.87	19.27	-0.00	7.71	1.170	255
37.088	16.88	19.27	0.00	7.72	1.170	255
37.120	16.88	19.27	-0.01	7.71	1.170	255
37.152	16.86	19.26	-0.01	7.71	1.170	255
37.184	16.84	19.23	-0.01	7.71	1.170	255
37.216	16.81	19.20	-0.01	7.71	1.170	255
37.248	16.78	19.17	-0.01	7.71	1.170	255
37.280	16.76	19.15	-0.01	7.71	1.179	257
37.312	16.75	19.14	-0.01	7.70	1.179	257
37.344	16.74	19.13	-0.00	7.71	1.179	257
37.376	16.76	19.15	0.00	7.72	1.179	257
37.408	16.78	19.17	-0.00	7.71	1.179	257
37.440	16.80	19.19	-0.00	7.71	1.179	257
37.472	16.81	19.20	-0.01	7.71	1.179	257
37.504	16.82	19.22	-0.01	7.71	1.179	257
37.536	16.84	19.23	-0.01	7.71	1.179	257
37.568	16.85	19.25	-0.00	7.71	1.179	257
37.600	16.85	19.25	-0.01	7.71	1.179	257
37.632	16.83	19.23	-0.01	7.71	1.179	257
37.664	16.81	19.20	-0.01	7.71	1.179	257
37.696	16.79	19.18	-0.00	7.71	1.179	257
37.728	16.77	19.17	-0.00	7.71	1.179	257
37.760	16.76	19.15	-0.01	7.71	1.179	257
37.792	16.76	19.16	-0.01	7.71	1.179	257
37.824	16.78	19.17	-0.01	7.71	1.179	257
37.856	16.80	19.20	-0.00	7.71	1.179	257
37.888	16.82	19.21	0.00	7.72	1.179	257
37.920	16.83	19.23	-0.00	7.71	1.179	257
37.952	16.85	19.24	-0.00	7.71	1.179	257
37.984	16.85	19.24	-0.01	7.70	1.179	257
38.016	16.86	19.25	-0.00	7.71	1.179	257
38.048	16.87	19.26	-0.00	7.71	1.179	257
38.080	16.88	19.27	-0.01	7.71	1.179	257
38.112	16.86	19.26	-0.01	7.71	1.179	257
38.144	16.84	19.23	-0.01	7.71	1.179	257
38.176	16.81	19.21	-0.01	7.71	1.179	257
38.208	16.80	19.20	-0.00	7.71	1.179	257
38.240	16.79	19.19	-0.01	7.71	1.179	257
38.272	16.79	19.18	-0.00	7.71	1.179	257
38.304	16.80	19.19	-0.01	7.71	1.179	257
38.336	16.82	19.21	-0.01	7.71	1.179	257
38.368	16.83	19.23	-0.00	7.71	1.179	257
38.400	16.85	19.25	-0.01	7.71	1.179	257
38.432	16.86	19.25	-0.01	7.71	1.179	257
38.464	16.86	19.26	-0.01	7.71	1.179	257
38.496	16.87	19.27	-0.00	7.71	1.179	257
38.528	16.89	19.28	-0.01	7.71	1.179	257
38.560	16.89	19.28	-0.01	7.71	1.179	257
38.592	16.88	19.27	-0.00	7.71	1.179	257
38.624	16.87	19.27	-0.01	7.71	1.179	257
38.656	16.87	19.26	-0.00	7.71	1.179	257
38.688	16.87	19.26	-0.01	7.71	1.179	257
38.720	16.88	19.27	-0.01	7.71	1.179	257
38.752	16.89	19.28	-0.01	7.71	1.179	257
38.784	16.90	19.30	-0.01	7.71	1.179	257
38.816	16.93	19.32	-0.01	7.71	1.179	257
38.848	16.95	19.34	-0.00	7.71	1.179	257
38.880	16.95	19.35	-0.01	7.70	1.179	257
38.912	16.94	19.33	-0.01	7.71	1.179	257
38.944	16.92	19.31	-0.01	7.71	1.179	257
38.976	16.89	19.28	-0.01	7.71	1.179	257
39.008	16.86	19.26	-0.00	7.71	1.179	257
39.040	16.84	19.23	-0.01	7.71	1.179	257
39.072	16.80	19.19	-0.01	7.70	1.179	257
39.104	16.77	19.17	-0.01	7.71	1.179	257
39.136	16.76	19.16	-0.01	7.71	1.179	257
39.168	16.77	19.16	-0.01	7.71	1.179	257
39.200	16.77	19.16	-0.00	7.71	1.179	257
39.232	16.77	19.17	-0.01	7.71	1.179	257
39.264	16.78	19.17	-0.00	7.71	1.179	257
39.296	16.78	19.17	-0.00	7.71	1.179	257
39.328	16.79	19.18	-0.00	7.71	1.179	257
39.360	16.80	19.20	-0.00	7.71	1.179	257
39.392	16.81	19.20	-0.01	7.70	1.179	257
39.424	16.81	19.20	-0.01	7.71	1.179	257
39.456	16.81	19.21	-0.01	7.71	1.179	257
39.488	16.81	19.20	-0.00	7.71	1.179	257
39.520	16.79	19.19	-0.01	7.71	1.179	257
39.552	16.76	19.16	-0.01	7.71	1.179	257
39.584	16.74	19.14	-0.01	7.71	1.179	257
39.616	16.74	19.13	-0.00	7.71	1.179	257
39.648	16.74	19.14	-0.01	7.71	1.179	257
39.680	16.76	19.15	-0.01	7.71	1.179	257
39.712	16.79	19.18	-0.01	7.71	1.179	257
39.744	16.82	19.22	-0.00	7.71	1.179	257
39.776	16.84	19.23	-0.00	7.71	1.179	257
39.808	16.86	19.25	-0.00	7.71	1.179	257
39.840	16.86	19.26	-0.01	7.71	1.179	257
39.872	16.86	19.25	-0.01	7.71	1.179	257
39.904	16.86	19.25	-0.01	7.71	1.179	257
39.936	16.85	19.25	-0.00	7.71	1.179	257
39.968	16.84	19.24	0.00	7.72	1.179	257
40.000	16.82	19.22	-0.01	7.71	1.179	257
40.032	16.79	19.19	-0.01	7.71	1.179	257
40.064	16.77	19.17	-0.01	7.70	1.179	257
40.096	16.75	19.15	-0.01	7.71	1.183	258
40.128	16.74	19.14	-0.00	7.71	1.183	258
40.160	16.75	19.14	-0.00	7.71	1.183	258
40.192	16.75	19.14	-0.01	7.71	1.183	258
40.224	16.74	19.14	-0.01	7.71	1.183	258
40.256	16.75	19.15	-0.01	7.71	1.183	258
40.288	16.76	19.15	-0.01	7.71	1.183	258
40.320	16.75	19.15	-0.00	7.71	1.183	258
40.352	16.75	19.15	-0.01	7.71	1.183	258
40.384	16.75	19.15	-0.01	7.71	1.183	258
40.416	16.74	19.14	-0.00	7.71	1.183	258
40.448	16.74	19.13	-0.00	7.71	1.183	258
40.480	16.73	19.12	-0.01	7.71	1.183	258
40.512	16.73	19.12	-0.01	7.71	1.183	258
40.544	16.73	19.13	-0.01	7.71	1.179	257
40.576	16.74	19.13	-0.00	7.71	1.179	257
40.608	16.75	19.14	-0.00	7.71	1.179	257
40.640	16.77	19.16	-0.01	7.71	1.179	257
40.672	16.79	19.18	-0.01	7.71	1.179	257
40.704	16.82	19.22	-0.01	7.71	1.179	257
40.736	16.86	19.25	-0.00	7.71	1.179	257
40.768	16.88	19.27	-0.00	7.71	1.179	257
40.800	16.89	19.28	-0.01	7.71	1.179	257
40.832	16.89	19.28	-0.01	7.71	1.179	257
40.864	16.89	19.28	-0.01	7.71	1.179	257
40.896	16.89	19.28	-0.01	7.71	1.179	257
40.928	16.88	19.28	-0.00	7.71	1.179	257
40.960	16.89	19.28	-0.01	7.71	1.179	257
40.992	16.89	19.28	-0.01	7.71	1.179	257
41.024	16.90	19.29	-0.00	7.71	1.179	257
41.056	16.89	19.28	-0.00	7.71	1.179	257
41.088	16.87	19.27	-0.00	7.71	1.179	257
41.120	16.85	19.24	-0.01	7.71	1.179	257
41.152	16.83	19.22	-0.01	7.70	1.179	257
41.184	16.82	19.21	-0.01	7.71	1.179	257
41.216	16.83	19.22	-0.01	7.71	1.179	257
41.248	16.83	19.22	-0.00	7.71	1.179	257
41.280	16.83	19.22	-0.00	7.71	1.179	257
41.312	16.84	19.23	-0.01	7.71	1.179	257
41.344	16.84	19.23	-0.00	7.71	1.179	257
41.376	16.83	19.23	-0.00	7.71	1.179	257
41.408	16.81	19.20	-0.01	7.71	1.179	257
41.440	16.81	19.20	-0.01	7.71	1.179	257
41.472	16.82	19.21	-0.01	7.71	1.179	257
41.504	16.83	19.22	-0.01	7.71	1.174	256
41.536	16.84	19.24	-0.00	7.71	1.174	256
41.568	16.85	19.25	-0.00	7.71	1.174	256
41.600	16.86	19.26	-0.01	7.71	1.174	256
41.632	16.88	19.27	-0.01	7.71	1.174	256
41.664	16.89	19.29	-0.01	7.71	1.174	256
41.696	16.90	19.30	-0.00	7.71	1.174	256
41.728	16.91	19.30	-0.01	7.71	1.174	256
41.760	16.92	19.31	-0.01	7.71	1.174	256
41.792	16.92	19.32	-0.01	7.71	1.174	256
41.824	16.91	19.30	-0.00	7.71	1.174	256
41.856	16.89	19.28	-0.01	7.71	1.174	256
41.888	16.87	19.27	-0.01	7.71	1.174	256
41.920	16.87	19.26	-0.01	7.71	1.174	256
41.952	16.87	19.27	-0.00	7.71	1.179	257
41.984	16.89	19.28	-0.01	7.71	1.179	257
42.016	16.90	19.29	-0.00	7.71	1.179	257
42.048	16.92	19.31	-0.00	7.71	1.179	257
42.080	16.92	19.31	-0.01	7.71	1.179	257
42.112	16.93	19.33	-0.01	7.71	1.179	257
42.144	16.94	19.34	-0.01	7.71	1.179	257
42.176	16.95	19.34	-0.00	7.71	1.179	257
42.208	16.94	19.34	-0.00	7.71	1.179	257
42.240	16.94	19.33	-0.01	7.71	1.179	257
42.272	16.92	19.31	-0.01	7.71	1.179	257
42.304	16.90	19.30	-0.01	7.71	1.179	257
42.336	16.88	19.27	-0.01	7.71	1.179	257
42.368	16.86	19.25	-0.01	7.70	1.179	257
42.400	16.86	19.25	-0.01	7.71	1.179	257
42.432	16.86	19.26	-0.01	7.71	1.179	257
42.464	16.87	19.26	-0.01	7.71	1.179	257
42.496	16.88	19.27	-0.00	7.71	1.179	257
42.528	16.89	19.29	-0.00	7.71	1.179	257
42.560	16.90	19.29	-0.01	7.71	1.179	257
42.592	16.89	19.29	-0.01	7.71	1.179	257
42.624	16.89	19.28	-0.01	7.71	1.179	257
42.656	16.88	19.28	-0.00	7.71	1.179	257
42.688	16.88	19.28	-0.00	7.71	1.179	257
42.720	16.89	19.28	-0.00	7.71	1.179	257
42.752	16.90	19.30	-0.01	7.71	1.179	257
42.784	16.90	19.30	-0.01	7.71	1.179	257
42.816	16.90	19.29	-0.00	7.71	1.179	257
42.848	16.90	19.29	-0.01	7.71	1.179	257
42.880	16.91	19.30	-0.01	7.71	1.174	256
42.912	16.91	19.30	-0.01	7.71	1.174	256
42.944	16.91	19.30	-0.00	7.71	1.174	256
42.976	16.92	19.31	-0.00	7.71	1.174	256
43.008	16.94	19.33	-0.00	7.71	1.174	256
43.040	16.95	19.35	-0.01	7.71	1.174	256
43.072	16.98	19.37	-0.00	7.71	1.174	256
43.104	16.98	19.37	-0.00	7.71	1.174	256
43.136	16.98	19.38	-0.00	7.71	1.174	256
43.168	16.99	19.38	-0.01	7.71	1.174	256
43.200	16.99	19.39	-0.01	7.71	1.174	256
43.232	16.98	19.38	-0.01	7.71	1.174	256
43.264	16.97	19.36	-0.00	7.71	1.174	256
43.296	16.96	19.35	-0.00	7.71	1.174	256
43.328	16.95	19.34	-0.00	7.71	1.174	256
43.360	16.95	19.35	-0.01	7.71	1.183	258
43.392	16.96	19.35	-0.01	7.71	1.183	258
43.424	16.95	19.35	-0.00	7.71	1.183	258
43.456	16.96	19.36	-0.00	7.71	1.183	258
43.488	16.97	19.37	-0.00	7.71	1.183	258
43.520	16.98	19.38	-0.01	7.71	1.183	258
43.552	16.99	19.39	-0.01	7.71	1.183	258
43.584	16.99	19.39	-0.01	7.71	1.183	258
43.616	16.99	19.38	-0.00	7.71	1.183	258
43.648	16.98	19.37	-0.01	7.71	1.183	258
43.680	16.95	19.34	-0.01	7.71	1.183	258
43.712	16.92	19.32	-0.01	7.71	1.183	258
43.744	16.89	19.29	-0.00	7.71	1.183	258
43.776	16.87	19.27	-0.00	7.71	1.183	258
43.808	16.85	19.25	-0.01	7.71	1.183	258
43.840	16.84	19.23	-0.01	7.71	1.183	258
43.872	16.82	19.22	-0.01	7.71	1.183	258
43.904	16.82	19.21	-0.00	7.71	1.183	258
43.936	16.82	19.21	-0.00	7.71	1.183	258
43.968	16.83	19.22	-0.01	7.71	1.183	258
44.000	16.84	19.24	-0.00	7.71	1.183	258
44.032	16.85	19.24	-0.01	7.71	1.183	258
44.064	16.84	19.24	-0.01	7.71	1.183	258
44.096	16.84	19.23	0.00	7.72	1.183	258
44.128	16.82	19.22	-0.01	7.71	1.183	258
44.160	16.80	19.20	-0.00	7.71	1.183	258
44.192	16.79	19.18	-0.01	7.71	1.183	258
44.224	16.77	19.17	-0.00	7.71	1.183	258
44.256	16.77	19.16	-0.00	7.71	1.183	258
44.288	16.77	19.17	-0.01	7.71	1.183	258
44.320	16.77	19.16	-0.01	7.71	1.183	258
44.352	16.76	19.16	-0.01	7.71	1.183	258
44.384	16.75	19.15	-0.01	7.71	1.183	258
44.416	16.76	19.16	-0.00	7.71	1.183	258
44.448	16.77	19.17	-0.01	7.71	1.183	258
44.480	16.78	19.17	-0.01	7.71	1.183	258
44.512	16.78	19.17	-0.00	7.71	1.183	258
44.544	16.78	19.17	-0.01	7.71	1.183	258
44.576	16.78	19.18	0.00	7.72	1.183	258
44.608	16.78	19.17	-0.01	7.71	1.183	258
44.640	16.77	19.16	-0.00	7.71	1.183	258
44.672	16.74	19.14	-0.00	7.71	1.183	258
44.704	16.73	19.12	-0.01	7.71	1.183	258
44.736	16.72	19.12	-0.00	7.71	1.183	258
44.768	16.73	19.12	-0.00	7.71	1.179	257
44.800	16.75	19.14	-0.00	7.71	1.179	257
44.832	16.77	19.16	-0.01	7.71	1.179	257
44.864	16.79	19.18	-0.01	7.71	1.179	257
44.896	16.81	19.20	-0.00	7.71	1.179	257
44.928	16.83	19.23	-0.01	7.71	1.179	257
44.960	16.84	19.23	-0.00	7.71	1.179	257
44.992	16.83	19.23	-0.01	7.71	1.179	257
45.024	16.83	19.22	-0.01	7.71	1.179	257
45.056	16.83	19.22	-0.00	7.71	1.179	257
45.088	16.82	19.22	-0.00	7.71	1.179	257
45.120	16.80	19.20	-0.01	7.71	1.179	257
45.152	16.77	19.17	-0.01	7.71	1.179	257
45.184	16.75	19.15	-0.00	7.71	1.179	257
45.216	16.75	19.14	-0.01	7.71	1.179	257
45.248	16.75	19.14	-0.00	7.71	1.179	257
45.280	16.74	19.14	-0.00	7.71	1.179	257
45.312	16.77	19.16	-0.01	7.71	1.179	257
45.344	16.80	19.19	-0.01	7.71	1.179	257
45.376	16.81	19.21	-0.00	7.71	1.179	257
45.408	16.83	19.22	-0.01	7.71	1.179	257
45.440	16.82	19.21	-0.01	7.71	1.179	257
45.472	16.81	19.20	-0.01	7.71	1.179	257
45.504	16.81	19.21	-0.01	7.71	1.179	257
45.536	16.82	19.22	0.00	7.72	1.179	257
45.568	16.82	19.21	-0.00	7.71	1.179	257
45.600	16.79	19.19	-0.01	7.71	1.179	257
45.632	16.77	19.17	-0.01	7.71	1.179	257
45.664	16.76	19.15	-0.00	7.71	1.179	257
45.696	16.75	19.15	-0.00	7.71	1.188	259
45.728	16.76	19.15	-0.01	7.71	1.188	259
45.760	16.77	19.17	-0.01	7.70	1.188	259
45.792	16.79	19.19	-0.00	7.71	1.188	259
45.824	16.81	19.21	-0.01	7.71	1.188	259
45.856	16.83	19.23	-0.00	7.71	1.188	259
45.888	16.84	19.23	-0.01	7.71	1.188	259
45.920	16.84	19.23	-0.01	7.71	1.188	259
45.952	16.83	19.22	-0.01	7.71	1.188	259
45.984	16.83	19.22	-0.01	7.71	1.188	259
46.016	16.83	19.22	0.00	7.72	1.188	259
46.048	16.82	19.21	-0.01	7.71	1.188	259
46.080	16.81	19.20	-0.01	7.71	1.188	259
46.112	16.81	19.20	-0.00	7.71	1.188	259
46.144	16.82	19.21	-0.01	7.71	1.188	259
46.176	16.83	19.22	0.00	7.72	1.183	258
46.208	16.85	19.25	-0.01	7.71	1.183	258
46.240	16.88	19.27	-0.01	7.71	1.183	258
46.272	16.91	19.30	-0.00	7.71	1.183	258
46.304	16.93	19.33	-0.01	7.71	1.183	258
46.336	16.95	19.34	-0.00	7.71	1.183	258
46.368	16.95	19.35	-0.01	7.70	1.183	258
46.400	16.95	19.34	-0.00	7.71	1.183	258
46.432	16.94	19.33	-0.01	7.71	1.183	258
46.464	16.92	19.31	-0.00	7.71	1.183	258
46.496	16.89	19.28	-0.00	7.71	1.183	258
46.528	16.86	19.25	-0.01	7.71	1.183	258
46.560	16.84	19.23	-0.01	7.71	1.183	258
46.592	16.83	19.22	-0.01	7.70	1.183	258
46.624	16.81	19.21	-0.00	7.71	1.183	258
46.656	16.80	19.19	-0.00	7.71	1.183	258
46.688	16.79	19.19	-0.01	7.71	1.183	258
46.720	16.81	19.20	-0.00	7.71	1.183	258
46.752	16.83	19.22	-0.00	7.71	1.183	258
46.784	16.85	19.25	-0.01	7.71	1.183	258
46.816	16.88	19.27	-0.00	7.71	1.183	258
46.848	16.90	19.30	-0.00	7.71	1.183	258
46.880	16.92	19.31	-0.01	7.70	1.183	258
46.912	16.93	19.32	-0.01	7.71	1.183	258
46.944	16.91	19.30	-0.00	7.71	1.183	258
46.976	16.87	19.27	-0.00	7.71	1.183	258
47.008	16.84	19.23	-0.01	7.71	1.183	258
47.040	16.82	19.22	-0.01	7.71	1.183	258
47.072	16.81	19.20	-0.01	7.71	1.183	258
47.104	16.79	19.19	-0.00	7.71	1.188	259
47.136	16.78	19.17	-0.01	7.71	1.188	259
47.168	16.78	19.17	-0.01	7.70	1.188	259
47.200	16.78	19.17	-0.01	7.70	1.188	259
47.232	16.79	19.19	-0.00	7.71	1.188	259
47.264	16.82	19.22	-0.01	7.71	1.188	259
47.296	16.84	19.23	-0.01	7.71	1.188	259
47.328	16.85	19.24	-0.01	7.71	1.188	259
47.360	16.86	19.25	-0.00	7.71	1.188	259
47.392	16.85	19.24	-0.01	7.71	1.188	259
47.424	16.84	19.23	-0.01	7.71	1.188	259
47.456	16.83	19.22	-0.00	7.71	1.188	259
47.488	16.83	19.23	-0.01	7.71	1.188	259
47.520	16.85	19.24	-0.01	7.71	1.188	259
47.552	16.86	19.25	-0.01	7.71	1.188	259
47.584	16.87	19.26	-0.01	7.71	1.183	258
47.616	16.86	19.26	-0.00	7.71	1.183	258
47.648	16.85	19.25	-0.01	7.71	1.183	258
47.680	16.85	19.24	-0.01	7.71	1.183	258
47.712	16.85	19.24	-0.00	7.71	1.183	258
47.744	16.86	19.25	-0.01	7.71	1.183	258
47.776	16.85	19.25	-0.00	7.71	1.183	258
47.808	16.85	19.24	-0.01	7.71	1.183	258
47.840	16.84	19.23	-0.01	7.71	1.183	258
47.872	16.83	19.22	-0.01	7.71	1.183	258
47.904	16.81	19.21	-0.01	7.71	1.183	258
47.936	16.79	19.18	-0.00	7.71	1.183	258
47.968	16.79	19.19	-0.01	7.71	1.183	258
48.000	16.81	19.20	-0.01	7.71	1.183	258
48.032	16.83	19.23	-0.01	7.71	1.188	259
48.064	16.85	19.25	-0.01	7.71	1.188	259
48.096	16.87	19.27	-0.01	7.71	1.188	259
48.128	16.88	19.28	-0.00	7.71	1.188	259
48.160	16.89	19.28	-0.00	7.71	1.188	259
48.192	16.91	19.30	-0.01	7.71	1.188	259
48.224	16.93	19.32	-0.01	7.71	1.188	259
48.256	16.93	19.33	-0.00	7.71	1.188	259
48.288	16.93	19.32	-0.01	7.71	1.188	259
48.320	16.93	19.32	-0.01	7.71	1.188	259
48.352	16.93	19.32	-0.01	7.71	1.188	259
48.384	16.91	19.30	-0.00	7.71	1.188	259
48.416	16.89	19.28	-0.00	7.71	1.188	259
48.448	16.88	19.28	-0.01	7.71	1.188	259
48.480	16.88	19.27	-0.01	7.71	1.188	259
48.512	16.88	19.27	-0.01	7.71	1.183	258
48.544	16.88	19.27	-0.01	7.71	1.183	258
48.576	16.88	19.28	-0.01	7.71	1.183	258
48.608	16.89	19.29	-0.01	7.71	1.183	258
48.640	16.90	19.29	-0.01	7.71	1.183	258
48.672	16.91	19.30	-0.01	7.71	1.183	258
48.704	16.93	19.33	-0.00	7.71	1.183	258
48.736	16.95	19.35	-0.00	7.71	1.183	258
48.768	16.96	19.35	-0.01	7.71	1.183	258
48.800	16.96	19.35	-0.01	7.71	1.183	258
48.832	16.94	19.33	-0.01	7.71	1.183	258
48.864	16.90	19.29	-0.00	7.71	1.183	258
48.896	16.87	19.26	-0.00	7.71	1.183	258
48.928	16.85	19.25	-0.01	7.71	1.183	258
48.960	16.85	19.25	-0.00	7.71	1.183	258
48.992	16.86	19.25	-0.01	7.71	1.188	259
49.024	16.87	19.26	-0.01	7.70	1.188	259
49.056	16.88	19.28	-0.00	7.71	1.188	259
49.088	16.89	19.28	-0.01	7.71	1.188	259
49.120	16.90	19.29	-0.01	7.71	1.188	259
49.152	16.91	19.30	-0.01	7.70	1.188	259
49.184	16.91	19.31	-0.00	7.71	1.188	259
49.216	16.92	19.31	-0.00	7.71	1.188	259
49.248	16.91	19.31	-0.01	7.70	1.188	259
49.280	16.90	19.29	-0.00	7.71	1.188	259
49.312	16.86	19.25	-0.01	7.71	1.188	259
49.344	16.83	19.23	-0.01	7.71	1.188	259
49.376	16.82	19.22	-0.01	7.71	1.188	259
49.408	16.81	19.21	-0.01	7.71	1.188	259
49.440	16.81	19.20	-0.01	7.71	1.183	258
49.472	16.82	19.21	-0.01	7.71	1.183	258
49.504	16.83	19.22	-0.00	7.71	1.183	258
49.536	16.85	19.24	-0.00	7.71	1.183	258
49.568	16.86	19.26	-0.01	7.71	1.183	258
49.600	16.88	19.27	-0.01	7.71	1.183	258
49.632	16.88	19.28	-0.01	7.71	1.183	258
49.664	16.88	19.28	-0.01	7.71	1.183	258
49.696	16.88	19.27	-0.00	7.71	1.183	258
49.728	16.87	19.26	-0.01	7.70	1.183	258
49.760	16.84	19.23	-0.01	7.71	1.183	258
49.792	16.80	19.19	-0.01	7.71	1.183	258
49.824	16.76	19.16	-0.00	7.71	1.183	258
49.856	16.75	19.14	-0.00	7.71	1.183	258
49.888	16.75	19.14	-0.01	7.71	1.183	258
49.920	16.76	19.15	-0.01	7.71	1.188	259
49.952	16.78	19.17	-0.01	7.71	1.188	259
49.984	16.81	19.20	-0.00	7.71	1.188	259
50.016	16.83	19.23	-0.01	7.71	1.188	259
50.048	16.85	19.25	-0.01	7.71	1.188	259
50.080	16.86	19.26	-0.01	7.71	1.188	259
50.112	16.87	19.26	-0.00	7.71	1.188	259
50.144	16.86	19.26	-0.00	7.71	1.188	259
50.176	16.87	19.26	-0.00	7.71	1.188	259
50.208	16.86	19.26	-0.01	7.71	1.188	259
50.240	16.85	19.25	-0.01	7.71	1.188	259
50.272	16.84	19.23	-0.00	7.71	1.188	259
50.304	16.84	19.23	0.00	7.72	1.188	259
50.336	16.84	19.24	-0.01	7.71	1.188	259
50.368	16.85	19.24	-0.01	7.71	1.188	259
50.400	16.86	19.25	-0.01	7.71	1.183	258
50.432	16.87	19.27	-0.01	7.71	1.183	258
50.464	16.89	19.28	0.00	7.72	1.183	258
50.496	16.91	19.30	-0.00	7.71	1.183	258
50.528	16.92	19.32	-0.01	7.71	1.183	258
50.560	16.93	19.33	-0.00	7.71	1.183	258
50.592	16.93	19.32	-0.00	7.71	1.183	258
50.624	16.93	19.32	-0.00	7.71	1.183	258
50.656	16.91	19.31	-0.01	7.71	1.183	258
50.688	16.89	19.29	-0.01	7.71	1.183	258
50.720	16.86	19.25	-0.01	7.71	1.183	258
50.752	16.83	19.22	-0.00	7.71	1.183	258
50.784	16.80	19.20	-0.00	7.71	1.183	258
50.816	16.79	19.19	-0.01	7.71	1.183	258
50.848	16.78	19.18	-0.01	7.71	1.183	258
50.880	16.79	19.18	-0.01	7.71	1.183	258
50.912	16.80	19.19	-0.01	7.71	1.183	258
50.944	16.81	19.20	-0.00	7.71	1.183	258
50.976	16.82	19.21	-0.00	7.71	1.183	258
51.008	16.83	19.22	-0.01	7.71	1.183	258
51.040	16.82	19.22	-0.01	7.71	1.183	258
51.072	16.80	19.20	-0.00	7.71	1.183	258
51.104	16.80	19.19	-0.01	7.71	1.183	258
51.136	16.80	19.19	-0.01	7.71	1.183	258
51.168	16.80	19.19	-0.00	7.71	1.183	258
51.200	16.79	19.18	-0.00	7.71	1.183	258
51.232	16.78	19.17	-0.01	7.71	1.183	258
51.264	16.77	19.17	-0.00	7.71	1.183	258
51.296	16.76	19.16	-0.01	7.71	1.183	258
51.328	16.78	19.17	-0.01	7.71	1.183	258
51.360	16.78	19.18	-0.00	7.71	1.183	258
51.392	16.79	19.18	-0.01	7.71	1.183	258
51.424	16.79	19.19	-0.00	7.71	1.183	258
51.456	16.81	19.20	-0.00	7.71	1.183	258
51.488	16.81	19.20	-0.01	7.71	1.183	258
51.520	16.81	19.20	-0.01	7.71	1.183	258
51.552	16.80	19.20	-0.01	7.71	1.183	258
51.584	16.81	19.21	-0.00	7.71	1.183	258
51.616	16.81	19.20	-0.01	7.71	1.183	258
51.648	16.78	19.18	-0.01	7.71	1.183	258
51.680	16.77	19.16	-0.00	7.71	1.183	258
51.712	16.77	19.16	-0.00	7.71	1.183	258
51.744	16.79	19.18	-0.00	7.71	1.183	258
51.776	16.80	19.19	-0.01	7.71	1.183	258
51.808	16.81	19.21	-0.01	7.71	1.183	258
51.840	16.84	19.23	-0.00	7.71	1.183	258
51.872	16.86	19.25	-0.01	7.71	1.183	258
51.904	16.89	19.29	-0.00	7.71	1.183	258
51.936	16.91	19.30	-0.01	7.71	1.183	258
51.968	16.91	19.31	-0.01	7.71	1.183	258
52.000	16.91	19.30	-0.00	7.71	1.183	258
52.032	16.89	19.29	-0.00	7.71	1.183	258
52.064	16.87	19.26	-0.00	7.71	1.183	258
52.096	16.84	19.23	-0.01	7.71	1.183	258
52.128	16.80	19.20	-0.01	7.71	1.183	258
52.160	16.78	19.18	-0.00	7.71	1.183	258
52.192	16.77	19.16	-0.00	7.71	1.183	258
52.224	16.77	19.16	-0.01	7.71	1.183	258
52.256	16.77	19.16	-0.01	7.71	1.183	258
52.288	16.78	19.18	-0.01	7.71	1.183	258
52.320	16.80	19.20	-0.00	7.71	1.183	258
52.352	16.82	19.22	-0.00	7.71	1.183	258
52.384	16.85	19.25	-0.00	7.71	1.183	258
52.416	16.87	19.27	-0.01	7.71	1.183	258
52.448	16.87	19.27	-0.01	7.71	1.183	258
52.480	16.87	19.26	-0.01	7.71	1.183	258
52.512	16.88	19.27	-0.00	7.71	1.183	258
52.544	16.89	19.28	0.00	7.72	1.183	258
52.576	16.89	19.28	-0.01	7.71	1.183	258
52.608	16.88	19.27	-0.01	7.71	1.183	258
52.640	16.89	19.28	-0.00	7.71	1.183	258
52.672	16.89	19.29	-0.00	7.71	1.183	258
52.704	16.90	19.29	-0.00	7.71	1.183	258
52.736	16.89	19.29	-0.01	7.71	1.188	259
52.768	16.89	19.29	-0.00	7.71	1.188	259
52.800	16.91	19.30	-0.01	7.71	1.188	259
52.832	16.93	19.33	-0.00	7.71	1.188	259
52.864	16.96	19.35	-0.01	7.71	1.188	259
52.896	16.98	19.38	-0.01	7.71	1.188	259
52.928	17.00	19.39	-0.01	7.71	1.188	259
52.960	17.00	19.39	-0.00	7.71	1.188	259
52.992	17.00	19.39	-0.00	7.71	1.188	259
53.024	16.99	19.39	-0.00	7.71	1.188	259
53.056	16.97	19.36	-0.01	7.71	1.188	259
53.088	16.94	19.33	-0.00	7.71	1.188	259
53.120	16.91	19.31	-0.01	7.71	1.188	259
53.152	16.90	19.29	-0.01	7.71	1.188	259
53.184	16.88	19.28	-0.00	7.71	1.188	259
53.216	16.87	19.27	-0.00	7.71	1.188	259
53.248	16.88	19.27	-0.01	7.71	1.188	259
53.280	16.89	19.28	-0.00	7.71	1.188	259
53.312	16.91	19.30	0.00	7.72	1.188	259
53.344	16.92	19.32	-0.00	7.71	1.188	259
53.376	16.92	19.32	-0.01	7.71	1.188	259
53.408	16.93	19.32	-0.00	7.71	1.188	259
53.440	16.92	19.32	-0.01	7.71	1.188	259
53.472	16.92	19.31	-0.00	7.71	1.188	259
53.504	16.91	19.30	-0.00	7.71	1.188	259
53.536	16.88	19.27	-0.01	7.71	1.188	259
53.568	16.85	19.25	-0.01	7.71	1.188	259
53.600	16.85	19.24	-0.01	7.71	1.188	259
53.632	16.85	19.24	-0.01	7.71	1.188	259
53.664	16.86	19.26	-0.00	7.71	1.188	259
53.696	16.88	19.28	-0.00	7.71	1.188	259
53.728	16.89	19.29	-0.01	7.71	1.188	259
53.760	16.90	19.29	-0.00	7.71	1.188	259
53.792	16.91	19.31	-0.00	7.71	1.188	259
53.824	16.91	19.31	-0.01	7.71	1.188	259
53.856	16.91	19.30	-0.01	7.71	1.188	259
53.888	16.91	19.30	-0.01	7.71	1.188	259
53.920	16.90	19.29	0.00	7.72	1.188	259
53.952	16.89	19.28	-0.00	7.71	1.188	259
53.984	16.86	19.26	-0.01	7.71	1.188	259
54.016	16.85	19.24	-0.01	7.70	1.188	259
54.048	16.85	19.24	-0.01	7.70	1.188	259
54.080	16.86	19.26	-0.01	7.71	1.188	259
54.112	16.89	19.28	-0.00	7.71	1.188	259
54.144	16.90	19.30	-0.01	7.71	1.188	259
54.176	16.92	19.31	-0.01	7.71	1.188	259
54.208	16.92	19.32	-0.01	7.71	1.188	259
54.240	16.92	19.31	-0.00	7.71	1.188	259
54.272	16.92	19.31	-0.01	7.71	1.188	259
54.304	16.91	19.30	-0.00	7.71	1.188	259
54.336	16.90	19.29	-0.01	7.71	1.188	259
54.368	16.88	19.28	-0.01	7.70	1.188	259
54.400	16.87	19.27	-0.00	7.71	1.188	259
54.432	16.86	19.25	-0.00	7.71	1.188	259
54.464	16.83	19.23	-0.00	7.71	1.188	259
54.496	16.83	19.22	-0.01	7.71	1.188	259
54.528	16.84	19.23	-0.01	7.71	1.188	259
54.560	16.85	19.24	-0.00	7.71	1.188	259
54.592	16.86	19.26	-0.00	7.71	1.188	259
54.624	16.88	19.27	-0.01	7.71	1.188	259
54.656	16.89	19.29	-0.01	7.71	1.188	259
54.688	16.91	19.30	-0.01	7.71	1.188	259
54.720	16.91	19.31	-0.00	7.71	1.188	259
54.752	16.91	19.31	-0.00	7.71	1.188	259
54.784	16.91	19.31	-0.01	7.71	1.188	259
54.816	16.92	19.31	-0.01	7.71	1.188	259
54.848	16.92	19.32	-0.01	7.71	1.188	259
54.880	16.92	19.31	-0.01	7.71	1.188	259
54.912	16.90	19.29	0.00	7.72	1.188	259
54.944	16.87	19.27	-0.00	7.71	1.188	259
54.976	16.86	19.25	-0.01	7.71	1.188	259
55.008	16.85	19.25	-0.00	7.71	1.188	259
55.040	16.86	19.25	-0.01	7.71	1.188	259
55.072	16.86	19.26	-0.00	7.71	1.183	258
55.104	16.87	19.26	-0.01	7.71	1.183	258
55.136	16.87	19.27	-0.01	7.70	1.183	258
55.168	16.88	19.28	-0.01	7.71	1.183	258
55.200	16.89	19.28	-0.00	7.71	1.183	258
55.232	16.89	19.29	-0.00	7.71	1.183	258
55.264	16.89	19.29	-0.01	7.71	1.183	258
55.296	16.89	19.28	-0.01	7.71	1.183	258
55.328	16.87	19.27	-0.01	7.71	1.183	258
55.360	16.85	19.24	-0.01	7.71	1.183	258
55.392	16.82	19.21	-0.00	7.71	1.183	258
55.424	16.79	19.18	-0.01	7.70	1.183	258
55.456	16.78	19.18	-0.01	7.71	1.183	258
55.488	16.78	19.18	-0.01	7.71	1.183	258
55.520	16.79	19.19	-0.00	7.71	1.188	259
55.552	16.82	19.21	-0.00	7.71	1.188	259
55.584	16.85	19.24	-0.01	7.71	1.188	259
55.616	16.87	19.27	-0.01	7.71	1.188	259
55.648	16.89	19.28	-0.01	7.71	1.188	259
55.680	16.89	19.28	-0.00	7.71	1.188	259
55.712	16.89	19.29	-0.00	7.71	1.188	259
55.744	16.88	19.27	-0.01	7.71	1.188	259
55.776	16.86	19.25	-0.00	7.71	1.188	259
55.808	16.85	19.24	-0.00	7.71	1.188	259
55.840	16.83	19.23	-0.00	7.71	1.188	259
55.872	16.81	19.20	-0.00	7.71	1.188	259
55.904	16.80	19.20	-0.01	7.71	1.188	259
55.936	16.81	19.20	-0.01	7.71	1.188	259
55.968	16.82	19.21	-0.01	7.71	1.188	259
56.000	16.83	19.23	-0.01	7.71	1.183	258
56.032	16.85	19.24	-0.00	7.71	1.183	258
56.064	16.86	19.25	-0.00	7.71	1.183	258
56.096	16.87	19.27	-0.01	7.71	1.183	258
56.128	16.88	19.28	-0.01	7.71	1.183	258
56.160	16.88	19.27	-0.01	7.71	1.183	258
56.192	16.87	19.27	-0.01	7.71	1.183	258
56.224	16.87	19.26	-0.00	7.71	1.183	258
56.256	16.87	19.26	-0.01	7.71	1.183	258
56.288	16.86	19.26	-0.01	7.71	1.183	258
56.320	16.85	19.24	-0.01	7.71	1.183	258
56.352	16.82	19.22	-0.00	7.71	1.183	258
56.384	16.80	19.20	-0.00	7.71	1.183	258
56.416	16.80	19.20	-0.01	7.70	1.183	258
56.448	16.82	19.22	-0.01	7.71	1.183	258
56.480	16.85	19.24	-0.00	7.71	1.188	259
56.512	16.87	19.27	0.00	7.72	1.188	259
56.544	16.89	19.28	-0.01	7.71	1.188	259
56.576	16.90	19.29	-0.01	7.71	1.188	259
56.608	16.91	19.31	-0.01	7.71	1.188	259
56.640	16.91	19.30	-0.01	7.71	1.188	259
56.672	16.90	19.29	-0.00	7.71	1.188	259
56.704	16.88	19.28	-0.01	7.71	1.188	259
56.736	16.88	19.27	-0.01	7.71	1.188	259
56.768	16.87	19.27	-0.01	7.71	1.188	259
56.800	16.86	19.26	-0.01	7.70	1.188	259
56.832	16.85	19.25	-0.00	7.71	1.188	259
56.864	16.85	19.24	-0.00	7.71	1.188	259
56.896	16.86	19.25	-0.01	7.71	1.188	259
56.928	16.86	19.25	-0.01	7.71	1.183	258
56.960	16.86	19.25	-0.00	7.71	1.183	258
56.992	16.87	19.27	-0.00	7.71	1.183	258
57.024	16.88	19.27	-0.01	7.71	1.183	258
57.056	16.89	19.29	-0.01	7.71	1.183	258
57.088	16.90	19.29	-0.00	7.71	1.183	258
57.120	16.89	19.29	-0.00	7.71	1.183	258
57.152	16.89	19.28	-0.00	7.71	1.183	258
57.184	16.88	19.27	-0.01	7.71	1.183	258
57.216	16.87	19.27	-0.01	7.71	1.183	258
57.248	16.85	19.24	-0.00	7.71	1.183	258
57.280	16.83	19.23	-0.00	7.71	1.183	258
57.312	16.82	19.22	-0.01	7.71	1.183	258
57.344	16.82	19.22	-0.01	7.71	1.183	258
57.376	16.83	19.23	-0.01	7.71	1.183	258
57.408	16.84	19.23	-0.00	7.71	1.188	259
57.440	16.85	19.24	-0.00	7.71	1.188	259
57.472	16.85	19.25	-0.00	7.71	1.188	259
57.504	16.85	19.25	-0.00	7.71	1.188	259
57.536	16.86	19.25	-0.01	7.71	1.188	259
57.568	16.86	19.25	-0.00	7.71	1.188	259
57.600	16.86	19.25	0.00	7.72	1.188	259
57.632	16.86	19.25	-0.01	7.71	1.188	259
57.664	16.86	19.26	-0.00	7.71	1.188	259
57.696	16.86	19.25	-0.01	7.71	1.188	259
57.728	16.85	19.25	-0.00	7.71	1.188	259
57.760	16.86	19.25	0.00	7.72	1.188	259
57.792	16.87	19.26	-0.00	7.71	1.188	259
57.824	16.88	19.28	-0.01	7.71	1.188	259
57.856	16.89	19.29	-0.01	7.71	1.188	259
57.888	16.90	19.29	-0.01	7.71	1.188	259
57.920	16.90	19.29	-0.00	7.71	1.188	259
57.952	16.90	19.29	-0.00	7.71	1.188	259
57.984	16.90	19.29	-0.00	7.71	1.188	259
58.016	16.91	19.30	-0.01	7.71	1.188	259
58.048	16.90	19.30	-0.01	7.71	1.188	259
58.080	16.89	19.28	-0.00	7.71	1.188	259
58.112	16.88	19.28	-0.00	7.71	1.188	259
58.144	16.88	19.27	-0.01	7.71	1.188	259
58.176	16.85	19.25	-0.01	7.71	1.188	259
58.208	16.82	19.22	-0.01	7.71	1.188	259
58.240	16.81	19.20	-0.00	7.71	1.188	259
58.272	16.82	19.22	-0.01	7.71	1.188	259
58.304	16.83	19.23	-0.01	7.71	1.188	259
58.336	16.85	19.24	-0.01	7.71	1.188	259
58.368	16.86	19.25	-0.01	7.71	1.188	259
58.400	16.86	19.25	-0.00	7.71	1.188	259
58.432	16.86	19.25	-0.00	7.71	1.188	259
58.464	16.86	19.26	-0.01	7.71	1.188	259
58.496	16.86	19.25	-0.01	7.70	1.188	259
58.528	16.85	19.25	-0.00	7.71	1.188	259
58.560	16.84	19.24	-0.00	7.71	1.188	259
58.592	16.84	19.23	-0.00	7.71	1.188	259
58.624	16.81	19.20	-0.01	7.71	1.188	259
58.656	16.78	19.17	-0.01	7.71	1.188	259
58.688	16.75	19.14	-0.01	7.71	1.188	259
58.720	16.74	19.13	0.00	7.72	1.188	259
58.752	16.75	19.15	-0.01	7.71	1.188	259
58.784	16.77	19.16	-0.00	7.71	1.188	259
58.816	16.77	19.17	-0.00	7.71	1.183	258
58.848	16.78	19.18	-0.00	7.71	1.183	258
58.880	16.80	19.19	-0.00	7.71	1.183	258
58.912	16.81	19.21	-0.00	7.71	1.183	258
58.944	16.83	19.23	-0.01	7.71	1.183	258
58.976	16.85	19.24	-0.01	7.71	1.183	258
59.008	16.86	19.25	-0.00	7.71	1.183	258
59.040	16.87	19.27	0.00	7.72	1.183	258
59.072	16.87	19.27	-0.01	7.71	1.183	258
59.104	16.86	19.25	-0.00	7.71	1.183	258
59.136	16.84	19.24	-0.01	7.71	1.183	258
59.168	16.82	19.22	-0.01	7.71	1.183	258
59.200	16.82	19.21	-0.00	7.71	1.183	258
59.232	16.83	19.22	0.00	7.72	1.183	258
59.264	16.84	19.24	-0.01	7.71	1.188	259
59.296	16.86	19.25	-0.01	7.71	1.188	259
59.328	16.87	19.26	-0.00	7.71	1.188	259
59.360	16.87	19.27	-0.00	7.71	1.188	259
59.392	16.87	19.27	-0.01	7.71	1.188	259
59.424	16.87	19.27	-0.01	7.71	1.188	259
59.456	16.87	19.26	-0.01	7.71	1.188	259
59.488	16.86	19.26	-0.01	7.71	1.188	259
59.520	16.86	19.25	-0.00	7.71	1.188	259
59.552	16.84	19.24	-0.01	7.71	1.188	259
59.584	16.82	19.21	-0.01	7.71	1.188	259
59.616	16.78	19.18	-0.01	7.70	1.188	259
59.648	16.76	19.15	-0.01	7.71	1.188	259
59.680	16.75	19.15	-0.01	7.71	1.188	259
59.712	16.76	19.15	-0.00	7.71	1.188	259
59.744	16.77	19.16	-0.00	7.71	1.188	259
59.776	16.78	19.18	-0.01	7.71	1.188	259
59.808	16.80	19.19	-0.00	7.71	1.188	259
59.840	16.81	19.21	-0.00	7.71	1.188	259
59.872	16.84	19.23	-0.01	7.71	1.188	259
59.904	16.86	19.25	-0.01	7.71	1.188	259
59.936	16.87	19.27	-0.01	7.71	1.188	259
59.968	16.89	19.28	-0.01	7.71	1.188	259
60.000	16.91	19.30	-0.00	7.71	1.188	259
60.032	16.91	19.30	-0.01	7.71	1.188	259
60.064	16.89	19.29	-0.01	7.71	1.188	259
60.096	16.87	19.26	-0.00	7.71	1.188	259
60.128	16.86	19.25	-0.01	7.71	1.188	259
60.160	16.85	19.24	-0.00	7.71	1.188	259
60.192	16.85	19.24	-0.00	7.71	1.188	259
60.224	16.84	19.24	-0.01	7.71	1.188	259
60.256	16.85	19.24	-0.01	7.71	1.188	259
60.288	16.85	19.25	-0.01	7.71	1.188	259
60.320	16.87	19.27	-0.01	7.71	1.188	259
60.352	16.88	19.27	-0.00	7.71	1.188	259
60.384	16.88	19.28	-0.01	7.71	1.188	259
60.416	16.89	19.29	-0.01	7.70	1.188	259
60.448	16.91	19.30	-0.00	7.71	1.188	259
60.480	16.92	19.31	-0.00	7.71	1.188	259
60.512	16.92	19.32	-0.01	7.71	1.188	259
60.544	16.90	19.30	-0.00	7.71	1.188	259
60.576	16.89	19.28	-0.00	7.71	1.188	259
60.608	16.87	19.27	-0.00	7.71	1.188	259
60.640	16.87	19.27	-0.00	7.71	1.188	259
60.672	16.87	19.27	-0.01	7.71	1.188	259
60.704	16.88	19.27	-0.00	7.71	1.188	259
60.736	16.90	19.29	-0.01	7.71	1.188	259
60.768	16.92	19.31	-0.01	7.71	1.188	259
60.800	16.94	19.33	-0.00	7.71	1.188	259
60.832	16.95	19.35	-0.00	7.71	1.188	259
60.864	16.96	19.35	-0.01	7.71	1.188	259
60.896	16.95	19.34	-0.01	7.71	1.188	259
60.928	16.94	19.33	-0.00	7.71	1.188	259
60.960	16.93	19.33	-0.00	7.71	1.188	259
60.992	16.92	19.32	-0.01	7.71	1.188	259
61.024	16.90	19.29	-0.01	7.71	1.188	259
61.056	16.87	19.26	-0.01	7.71	1.188	259
61.088	16.86	19.25	-0.01	7.71	1.188	259
61.120	16.86	19.25	0.00	7.72	1.188	259
61.152	16.86	19.26	-0.01	7.71	1.188	259
61.184	16.86	19.26	-0.01	7.71	1.188	259
61.216	16.86	19.26	-0.01	7.71	1.188	259
61.248	16.86	19.25	-0.00	7.71	1.188	259
61.280	16.85	19.24	-0.01	7.71	1.188	259
61.312	16.83	19.23	-0.00	7.71	1.188	259
61.344	16.82	19.22	-0.01	7.71	1.188	259
61.376	16.82	19.21	-0.00	7.71	1.188	259
61.408	16.82	19.21	-0.01	7.70	1.188	259
61.440	16.81	19.21	-0.00	7.71	1.188	259
61.472	16.81	19.21	-0.01	7.71	1.188	259
61.504	16.80	19.20	-0.01	7.71	1.188	259
61.536	16.80	19.19	-0.01	7.70	1.188	259
61.568	16.81	19.20	-0.01	7.71	1.188	259
61.600	16.82	19.22	-0.00	7.71	1.188	259
61.632	16.83	19.23	-0.01	7.71	1.183	258
61.664	16.85	19.24	-0.01	7.71	1.183	258
61.696	16.86	19.26	-0.00	7.71	1.183	258
61.728	16.87	19.27	-0.00	7.71	1.183	258
61.760	16.89	19.28	-0.00	7.71	1.183	258
61.792	16.88	19.28	-0.01	7.71	1.183	258
61.824	16.87	19.27	-0.01	7.71	1.183	258
61.856	16.85	19.25	-0.00	7.71	1.183	258
61.888	16.84	19.23	-0.01	7.71	1.183	258
61.920	16.81	19.21	0.00	7.72	1.183	258
61.952	16.77	19.17	-0.01	7.71	1.183	258
61.984	16.73	19.12	-0.01	7.71	1.183	258
62.016	16.69	19.09	-0.01	7.71	1.183	258
62.048	16.67	19.07	-0.01	7.71	1.183	258
62.080	16.65	19.05	0.00	7.72	1.183	258
62.112	16.65	19.05	-0.01	7.71	1.183	258
62.144	16.64	19.03	-0.01	7.71	1.183	258
62.176	15.93	18.32	-0.01	7.71	1.183	258
62.208	13.98	16.38	-0.01	7.71	1.183	258
62.240	11.36	13.75	0.00	7.72	1.183	258
62.272	9.00	11.40	-0.01	7.71	1.183	258
62.304	7.05	9.44	-0.01	7.70	1.183	258
62.336	5.35	7.74	-0.01	7.71	1.183	258
62.368	3.94	6.33	-0.00	7.71	1.183	258
62.400	2.79	5.19	-0.00	7.71	1.183	258
62.432	1.87	4.26	-0.00	7.71	1.183	258
62.464	1.13	3.53	-0.00	7.71	1.183	258
62.496	0.57	2.97	-0.01	7.70	1.183	258
62.528	0.15	2.54	-0.02	7.70	1.183	258
62.560	-0.15	2.24	-0.01	7.70	0.330	72
62.592	-0.36	2.04	-0.02	7.70	0.330	72
62.624	-0.48	1.91	-0.02	7.70	0.330	72
62.656	-0.54	1.85	-0.02	7.69	0.330	72
62.688	-0.56	1.84	-0.01	7.70	0.330	72
62.720	-0.53	1.87	-0.01	7.70	0.330	72
62.752	-0.47	1.92	-0.02	7.70	0.330	72
62.784	-0.41	1.98	-0.02	7.70	0.330	72
62.816	-0.34	2.06	-0.01	7.70	0.330	72
62.848	-0.26	2.13	-0.01	7.70	0.330	72
62.880	-0.20	2.20	-0.01	7.70	0.330	72
62.912	-0.14	2.25	-0.01	7.70	0.330	72
62.944	-0.10	2.30	-0.01	7.70	0.330	72
62.976	-0.07	2.33	-0.01	7.70	0.330	72
63.008	-0.05	2.34	-0.01	7.70	0.000	0
63.040	-0.04	2.35	-0.01	7.70	0.000	0
63.072	-0.04	2.35	-0.01	7.70	0.000	0
63.104	-0.05	2.35	-0.01	7.70	0.000	0
63.136	-0.06	2.33	-0.01	7.70	0.000	0
63.168	-0.08	2.31	-0.01	7.70	0.000	0
63.200	-0.10	2.29	-0.01	7.70	0.000	0
63.232	-0.12	2.27	-0.01	7.70	0.000	0
63.264	-0.15	2.25	-0.01	7.70	0.000	0
63.296	-0.16	2.23	-0.01	7.70	0.000	0
63.328	-0.18	2.22	-0.02	7.70	0.000	0
63.360	-0.19	2.20	-0.01	7.71	0.000	0
63.392	-0.20	2.19	-0.01	7.70	0.000	0
63.424	-0.21	2.19	-0.02	7.70	0.000	0
63.456	-0.21	2.18	-0.02	7.70	0.000	0
63.488	-0.21	2.19	-0.01	7.70	0.000	0
63.520	-0.21	2.18	-0.01	7.71	0.000	0
63.552	-0.21	2.19	-0.01	7.70	0.000	0
63.584	-0.20	2.19	-0.02	7.70	0.000	0
63.616	-0.20	2.20	-0.01	7.70	0.000	0
63.648	-0.19	2.20	-0.01	7.70	0.000	0
63.680	-0.19	2.21	-0.01	7.70	0.000	0
63.712	-0.18	2.22	-0.02	7.70	0.000	0
63.744	-0.18	2.22	-0.01	7.70	0.000	0
63.776	-0.17	2.22	-0.01	7.70	0.000	0
63.808	-0.17	2.22	-0.01	7.71	0.000	0
63.840	-0.17	2.22	-0.01	7.70	0.000	0
63.872	-0.17	2.22	-0.01	7.70	0.000	0
63.904	-0.17	2.22	-0.01	7.70	0.000	0
63.936	-0.17	2.22	-0.02	7.70	0.000	0
63.968	-0.17	2.22	-0.01	7.70	0.000	0
64.000	-0.18	2.22	-0.01	7.71	0.000	0
64.032	-0.18	2.22	-0.01	7.70	0.000	0
64.064	-0.18	2.21	-0.02	7.70	0.000	0
64.096	-0.18	2.21	-0.01	7.70	0.000	0
