Tempo(s)    P0(KPa) P0+Coluna(KPa)  P1(KPa) P1+Coluna(KPa)
0.032	-2.22	-2.22	-2.22	-2.22
0.096	-2.22	-2.22	-2.22	-2.22
0.160	7.62	7.62	-2.22	-2.22
0.224	7.62	7.62	7.74	7.74
0.288	7.62	7.62	7.74	7.74
0.352	7.19	7.19	7.74	7.74
0.416	7.19	7.19	7.68	7.68
0.480	7.19	7.19	7.68	7.68
0.544	7.23	7.23	7.68	7.68
0.608	7.23	7.23	7.75	7.75
0.672	7.23	7.23	7.75	7.75
0.736	0.04	7.27	0.00	7.75
0.800	0.04	7.27	-0.02	7.73
0.864	0.04	7.27	-0.02	7.73
0.928	0.03	7.25	-0.02	7.73
0.992	0.03	7.25	-0.06	7.70
1.056	0.03	7.25	-0.06	7.70
1.120	0.09	7.32	-0.06	7.70
1.184	0.09	7.32	0.02	7.77
1.248	0.09	7.32	0.02	7.77
1.312	0.13	7.36	0.02	7.77
1.376	0.13	7.36	-0.07	7.68
1.440	0.13	7.36	-0.07	7.68
1.504	0.16	7.39	-0.07	7.68
1.568	0.16	7.39	-0.01	7.74
1.632	0.16	7.39	-0.01	7.74
1.696	0.21	7.43	-0.01	7.74
1.760	0.21	7.43	-0.03	7.72
1.824	0.21	7.43	-0.03	7.72
1.888	0.15	7.38	-0.03	7.72
1.952	0.15	7.38	-0.07	7.68
2.016	0.15	7.38	-0.07	7.68
2.080	0.21	7.44	-0.07	7.68
2.144	0.21	7.44	0.01	7.76
2.208	0.21	7.44	0.01	7.76
2.272	0.18	7.40	0.01	7.76
2.336	0.18	7.40	-0.07	7.69
2.400	0.18	7.40	-0.07	7.69
2.464	0.18	7.40	-0.07	7.69
2.528	0.18	7.40	-0.01	7.75
2.592	0.18	7.40	-0.01	7.75
2.656	0.22	7.44	-0.01	7.75
2.720	0.22	7.44	-0.04	7.72
2.784	0.22	7.44	-0.04	7.72
2.848	0.15	7.37	-0.04	7.72
2.912	0.15	7.37	-0.06	7.69
2.976	0.15	7.37	-0.06	7.69
3.040	0.21	7.44	-0.06	7.69
3.104	0.21	7.44	0.01	7.77
3.168	0.21	7.44	0.01	7.77
3.232	0.15	7.38	0.01	7.77
3.264	0.15	7.38	-0.05	7.70
3.296	0.15	7.38	-0.05	7.70
3.328	0.16	7.39	-0.05	7.70
3.360	0.16	7.39	0.01	7.77
3.392	0.16	7.39	0.01	7.77
3.424	0.19	7.41	0.01	7.77
3.456	0.19	7.41	-0.02	7.74
3.488	0.19	7.41	-0.02	7.74
3.520	0.14	7.37	-0.02	7.74
3.552	0.14	7.37	-0.06	7.70
3.584	0.14	7.37	-0.06	7.70
3.616	0.23	7.45	-0.06	7.70
3.648	0.23	7.45	0.01	7.77
3.680	0.23	7.45	0.01	7.77
3.712	0.21	7.43	0.01	7.77
3.744	0.21	7.43	-0.07	7.69
3.776	0.21	7.43	-0.07	7.69
3.808	0.22	7.45	-0.07	7.69
3.840	0.22	7.45	0.00	7.76
3.872	0.22	7.45	0.00	7.76
3.904	0.25	7.48	0.00	7.76
3.936	0.25	7.48	-0.04	7.72
3.968	0.25	7.48	-0.04	7.72
4.000	0.23	7.45	-0.04	7.72
4.032	0.23	7.45	-0.06	7.70
4.064	0.23	7.45	-0.06	7.70
4.096	0.34	7.56	-0.06	7.70
4.128	0.34	7.56	0.01	7.77
4.160	0.34	7.56	0.01	7.77
4.192	0.33	7.55	0.01	7.77
4.224	0.33	7.55	-0.07	7.69
4.256	0.33	7.55	-0.07	7.69
4.288	0.35	7.58	-0.07	7.69
4.320	0.35	7.58	0.01	7.76
4.352	0.35	7.58	0.01	7.76
4.384	0.42	7.64	0.01	7.76
4.416	0.42	7.64	-0.04	7.72
4.448	0.42	7.64	-0.04	7.72
4.480	0.45	7.68	-0.04	7.72
4.512	0.45	7.68	-0.05	7.70
4.544	0.45	7.68	-0.05	7.70
4.576	0.88	8.10	-0.05	7.70
4.608	0.88	8.10	0.01	7.77
4.640	0.88	8.10	0.01	7.77
4.672	0.85	8.08	0.01	7.77
4.704	0.85	8.08	-0.07	7.69
4.736	0.85	8.08	-0.07	7.69
4.768	0.93	8.16	-0.07	7.69
4.800	0.93	8.16	0.01	7.76
4.832	0.93	8.16	0.01	7.76
4.864	0.84	8.07	0.01	7.76
4.896	0.84	8.07	-0.04	7.72
4.928	0.84	8.07	-0.04	7.72
4.960	0.79	8.02	-0.04	7.72
4.992	0.79	8.02	-0.05	7.70
5.024	0.79	8.02	-0.05	7.70
5.056	0.83	8.06	-0.05	7.70
5.088	0.83	8.06	0.01	7.77
5.120	0.83	8.06	0.01	7.77
5.152	0.79	8.02	0.01	7.77
5.184	0.79	8.02	-0.07	7.69
5.216	0.79	8.02	-0.07	7.69
5.248	0.79	8.02	-0.07	7.69
5.280	0.79	8.02	0.01	7.77
5.312	0.79	8.02	0.01	7.77
5.344	0.81	8.03	0.01	7.77
5.376	0.81	8.03	-0.04	7.71
5.408	0.81	8.03	-0.04	7.71
5.440	0.79	8.02	-0.04	7.71
5.472	0.79	8.02	-0.05	7.70
5.504	0.79	8.02	-0.05	7.70
5.536	0.89	8.11	-0.05	7.70
5.568	0.89	8.11	0.01	7.76
5.600	0.89	8.11	0.01	7.76
5.632	0.86	8.09	0.01	7.76
5.664	0.86	8.09	-0.07	7.69
5.696	0.86	8.09	-0.07	7.69
5.728	0.86	8.09	-0.07	7.69
5.760	0.86	8.09	0.01	7.76
5.792	0.86	8.09	0.01	7.76
5.824	0.87	8.10	0.01	7.76
5.856	0.87	8.10	-0.04	7.71
5.888	0.87	8.10	-0.04	7.71
5.920	0.86	8.09	-0.04	7.71
5.952	0.86	8.09	-0.05	7.70
5.984	0.86	8.09	-0.05	7.70
6.016	0.91	8.14	-0.05	7.70
6.048	0.91	8.14	0.01	7.76
6.080	0.91	8.14	0.01	7.76
6.112	0.90	8.12	0.01	7.76
6.144	0.90	8.12	-0.07	7.68
6.176	0.90	8.12	-0.07	7.68
6.208	0.91	8.14	-0.07	7.68
6.240	0.91	8.14	0.00	7.76
6.272	0.91	8.14	0.00	7.76
6.304	0.91	8.13	0.00	7.76
6.336	0.91	8.13	-0.05	7.70
6.368	0.91	8.13	-0.05	7.70
6.400	0.87	8.10	-0.05	7.70
6.432	0.87	8.10	-0.05	7.70
6.464	0.87	8.10	-0.05	7.70
6.496	0.90	8.13	-0.05	7.70
6.528	0.90	8.13	0.01	7.76
6.560	0.90	8.13	0.01	7.76
6.592	0.84	8.07	0.01	7.76
6.624	0.84	8.07	-0.08	7.68
6.656	0.84	8.07	-0.08	7.68
6.688	0.87	8.10	-0.08	7.68
6.720	0.87	8.10	0.00	7.76
6.752	0.87	8.10	0.00	7.76
6.784	0.88	8.10	0.00	7.76
6.816	0.88	8.10	-0.06	7.70
6.848	0.88	8.10	-0.06	7.70
6.880	0.85	8.08	-0.06	7.70
6.912	0.85	8.08	-0.05	7.70
6.944	0.85	8.08	-0.05	7.70
6.976	0.93	8.15	-0.05	7.70
7.008	0.93	8.15	0.00	7.76
7.040	0.93	8.15	0.00	7.76
7.072	0.83	8.05	0.00	7.76
7.104	0.83	8.05	-0.07	7.68
7.136	0.83	8.05	-0.07	7.68
7.168	0.70	7.93	-0.07	7.68
7.200	0.70	7.93	0.00	7.75
7.232	0.70	7.93	0.00	7.75
7.264	0.49	7.71	0.00	7.75
7.296	0.49	7.71	-0.06	7.70
7.328	0.49	7.71	-0.06	7.70
7.360	0.30	7.52	-0.06	7.70
7.392	0.30	7.52	-0.05	7.71
7.424	0.30	7.52	-0.05	7.71
7.456	-0.05	7.18	-0.05	7.71
7.488	-0.05	7.18	0.01	7.76
7.520	-0.05	7.18	0.01	7.76
7.552	-0.11	7.12	0.01	7.76
7.584	-0.11	7.12	-0.07	7.68
7.616	-0.11	7.12	-0.07	7.68
7.648	-0.09	7.13	-0.07	7.68
7.680	-0.09	7.13	-0.00	7.75
7.712	-0.09	7.13	-0.00	7.75
7.744	-0.09	7.14	-0.00	7.75
7.776	-0.09	7.14	-0.06	7.70
7.808	-0.09	7.14	-0.06	7.70
7.840	-0.15	7.07	-0.06	7.70
7.872	-0.15	7.07	-0.04	7.71
7.904	-0.15	7.07	-0.04	7.71
7.936	-0.09	7.14	-0.04	7.71
7.968	-0.09	7.14	0.00	7.76
8.000	-0.09	7.14	0.00	7.76
8.032	-0.13	7.09	0.00	7.76
8.064	-0.13	7.09	-0.07	7.68
8.096	-0.13	7.09	-0.07	7.68
8.128	-0.10	7.13	-0.07	7.68
8.160	-0.10	7.13	0.00	7.76
8.192	-0.10	7.13	0.00	7.76
8.224	-0.10	7.12	0.00	7.76
8.256	-0.10	7.12	-0.06	7.70
8.288	-0.10	7.12	-0.06	7.70
8.320	-0.14	7.09	-0.06	7.70
8.352	-0.14	7.09	-0.04	7.71
8.384	-0.14	7.09	-0.04	7.71
8.416	-0.07	7.16	-0.04	7.71
8.448	-0.07	7.16	0.00	7.76
8.480	-0.07	7.16	0.00	7.76
8.512	-0.13	7.10	0.00	7.76
8.544	-0.13	7.10	-0.08	7.68
8.576	-0.13	7.10	-0.08	7.68
8.608	-0.09	7.13	-0.08	7.68
8.640	-0.09	7.13	0.00	7.76
8.672	-0.09	7.13	0.00	7.76
8.704	-0.10	7.12	0.00	7.76
8.736	-0.10	7.12	-0.06	7.69
8.768	-0.10	7.12	-0.06	7.69
8.800	-0.14	7.09	-0.06	7.69
8.832	-0.14	7.09	-0.04	7.71
8.864	-0.14	7.09	-0.04	7.71
8.896	-0.06	7.17	-0.04	7.71
8.928	-0.06	7.17	0.00	7.76
8.960	-0.06	7.17	0.00	7.76
8.992	-0.12	7.11	0.00	7.76
9.024	-0.12	7.11	-0.07	7.68
9.056	-0.12	7.11	-0.07	7.68
9.088	-0.10	7.13	-0.07	7.68
9.120	-0.10	7.13	0.00	7.76
9.152	-0.10	7.13	0.00	7.76
9.184	-0.11	7.12	0.00	7.76
9.216	-0.11	7.12	-0.07	7.69
9.248	-0.11	7.12	-0.07	7.69
9.280	-0.14	7.08	-0.07	7.69
9.312	-0.14	7.08	-0.03	7.72
9.344	-0.14	7.08	-0.03	7.72
9.376	-0.08	7.14	-0.03	7.72
9.408	-0.08	7.14	0.00	7.76
9.440	-0.08	7.14	0.00	7.76
9.472	-0.15	7.08	0.00	7.76
9.504	-0.15	7.08	-0.07	7.68
9.536	-0.15	7.08	-0.07	7.68
9.568	-0.11	7.12	-0.07	7.68
9.600	-0.11	7.12	0.00	7.76
9.632	-0.11	7.12	0.00	7.76
9.664	-0.11	7.11	0.00	7.76
9.696	-0.11	7.11	-0.06	7.69
9.728	-0.11	7.11	-0.06	7.69
9.760	-0.13	7.09	-0.06	7.69
9.792	-0.13	7.09	-0.03	7.73
9.824	-0.13	7.09	-0.03	7.73
9.856	-0.08	7.14	-0.03	7.73
9.888	-0.08	7.14	0.00	7.76
9.920	-0.08	7.14	0.00	7.76
9.952	-0.14	7.08	0.00	7.76
9.984	-0.14	7.08	-0.07	7.69
10.016	-0.14	7.08	-0.07	7.69
10.048	-0.11	7.12	-0.07	7.69
10.080	-0.11	7.12	0.01	7.76
10.112	-0.11	7.12	0.01	7.76
10.144	-0.12	7.11	0.01	7.76
10.176	-0.12	7.11	-0.07	7.69
10.208	-0.12	7.11	-0.07	7.69
10.240	-0.14	7.08	-0.07	7.69
10.272	-0.14	7.08	-0.02	7.73
10.304	-0.14	7.08	-0.02	7.73
10.336	-0.08	7.14	-0.02	7.73
10.368	-0.08	7.14	0.00	7.76
10.400	-0.08	7.14	0.00	7.76
10.432	-0.16	7.07	0.00	7.76
10.464	-0.16	7.07	-0.07	7.68
10.496	-0.16	7.07	-0.07	7.68
10.528	-0.11	7.11	-0.07	7.68
10.560	-0.11	7.11	0.01	7.77
10.592	-0.11	7.11	0.01	7.77
10.624	-0.13	7.10	0.01	7.77
10.656	-0.13	7.10	-0.06	7.69
10.688	-0.13	7.10	-0.06	7.69
10.720	-0.14	7.08	-0.06	7.69
10.752	-0.14	7.08	-0.02	7.74
10.784	-0.14	7.08	-0.02	7.74
10.816	-0.10	7.13	-0.02	7.74
10.848	-0.10	7.13	-0.01	7.75
10.880	-0.10	7.13	-0.01	7.75
10.912	-0.18	7.04	-0.01	7.75
10.944	-0.18	7.04	-0.07	7.69
10.976	-0.18	7.04	-0.07	7.69
11.008	-0.15	7.08	-0.07	7.69
11.040	-0.15	7.08	0.01	7.76
11.072	-0.15	7.08	0.01	7.76
11.104	-0.18	7.05	0.01	7.76
11.136	-0.18	7.05	-0.06	7.69
11.168	-0.18	7.05	-0.06	7.69
11.200	-0.25	6.98	-0.06	7.69
11.232	-0.25	6.98	-0.02	7.74
11.264	-0.25	6.98	-0.02	7.74
11.296	-0.28	6.95	-0.02	7.74
11.328	-0.28	6.95	-0.01	7.75
11.360	-0.28	6.95	-0.01	7.75
11.392	-0.42	6.80	-0.01	7.75
11.424	-0.42	6.80	-0.07	7.69
11.456	-0.42	6.80	-0.07	7.69
11.488	-0.37	6.85	-0.07	7.69
11.520	-0.37	6.85	0.01	7.76
11.552	-0.37	6.85	0.01	7.76
11.584	-0.40	6.83	0.01	7.76
11.616	-0.40	6.83	-0.07	7.69
11.648	-0.40	6.83	-0.07	7.69
11.680	-0.39	6.84	-0.07	7.69
11.712	-0.39	6.84	-0.01	7.74
11.744	-0.39	6.84	-0.01	7.74
11.776	-0.36	6.86	-0.01	7.74
11.808	-0.36	6.86	-0.01	7.74
11.840	-0.36	6.86	-0.01	7.74
11.872	-0.39	6.84	-0.01	7.74
11.904	-0.39	6.84	-0.07	7.69
11.936	-0.39	6.84	-0.07	7.69
11.968	-0.41	6.82	-0.07	7.69
12.000	-0.41	6.82	0.01	7.76
12.032	-0.41	6.82	0.01	7.76
12.064	-0.40	6.83	0.01	7.76
12.096	-0.40	6.83	-0.07	7.69
12.128	-0.40	6.83	-0.07	7.69
12.160	-0.36	6.87	-0.07	7.69
12.192	-0.36	6.87	-0.01	7.75
12.224	-0.36	6.87	-0.01	7.75
12.256	-0.38	6.85	-0.01	7.75
12.288	-0.38	6.85	-0.02	7.73
12.320	-0.38	6.85	-0.02	7.73
12.352	-0.36	6.86	-0.02	7.73
12.384	-0.36	6.86	-0.07	7.69
12.416	-0.36	6.86	-0.07	7.69
12.448	-0.31	6.91	-0.07	7.69
12.480	-0.31	6.91	0.01	7.77
12.512	-0.31	6.91	0.01	7.77
12.544	-0.35	6.88	0.01	7.77
12.576	-0.35	6.88	-0.06	7.69
12.608	-0.35	6.88	-0.06	7.69
12.640	-0.30	6.92	-0.06	7.69
12.672	-0.30	6.92	-0.01	7.75
12.704	-0.30	6.92	-0.01	7.75
12.736	-0.25	6.97	-0.01	7.75
12.768	-0.25	6.97	-0.03	7.73
12.800	-0.25	6.97	-0.03	7.73
12.832	-0.29	6.94	-0.03	7.73
12.864	-0.29	6.94	-0.07	7.69
12.896	-0.29	6.94	-0.07	7.69
12.928	-0.22	7.00	-0.07	7.69
12.960	-0.22	7.00	0.01	7.76
12.992	-0.22	7.00	0.01	7.76
13.024	-0.25	6.98	0.01	7.76
13.056	-0.25	6.98	-0.07	7.69
13.088	-0.25	6.98	-0.07	7.69
13.120	-0.25	6.98	-0.07	7.69
13.152	-0.25	6.98	-0.00	7.75
13.184	-0.25	6.98	-0.00	7.75
13.216	-0.22	7.01	-0.00	7.75
13.248	-0.22	7.01	-0.04	7.72
13.280	-0.22	7.01	-0.04	7.72
13.312	-0.24	6.98	-0.04	7.72
13.344	-0.24	6.98	-0.07	7.69
13.376	-0.24	6.98	-0.07	7.69
13.408	-0.19	7.03	-0.07	7.69
13.440	-0.19	7.03	0.00	7.76
13.472	-0.19	7.03	0.00	7.76
13.504	-0.21	7.02	0.00	7.76
13.536	-0.21	7.02	-0.07	7.68
13.568	-0.21	7.02	-0.07	7.68
13.600	-0.22	7.01	-0.07	7.68
13.632	-0.22	7.01	-0.00	7.75
13.664	-0.22	7.01	-0.00	7.75
13.696	-0.21	7.01	-0.00	7.75
13.728	-0.21	7.01	-0.04	7.71
13.760	-0.21	7.01	-0.04	7.71
13.792	-0.25	6.98	-0.04	7.71
13.824	-0.25	6.98	-0.06	7.69
13.856	-0.25	6.98	-0.06	7.69
13.888	-0.18	7.04	-0.06	7.69
13.920	-0.18	7.04	0.01	7.76
13.952	-0.18	7.04	0.01	7.76
13.984	-0.21	7.01	0.01	7.76
14.016	-0.21	7.01	-0.07	7.68
14.048	-0.21	7.01	-0.07	7.68
14.080	-0.20	7.02	-0.07	7.68
14.112	-0.20	7.02	0.00	7.75
14.144	-0.20	7.02	0.00	7.75
14.176	-0.17	7.05	0.00	7.75
14.208	-0.17	7.05	-0.05	7.70
14.240	-0.17	7.05	-0.05	7.70
14.272	-0.22	7.01	-0.05	7.70
14.304	-0.22	7.01	-0.06	7.70
14.336	-0.22	7.01	-0.06	7.70
14.368	-0.16	7.06	-0.06	7.70
14.400	-0.16	7.06	0.00	7.76
14.432	-0.16	7.06	0.00	7.76
14.464	-0.21	7.02	0.00	7.76
14.496	-0.21	7.02	-0.08	7.68
14.528	-0.21	7.02	-0.08	7.68
14.560	-0.18	7.04	-0.08	7.68
14.592	-0.18	7.04	0.00	7.76
14.624	-0.18	7.04	0.00	7.76
14.656	-0.17	7.05	0.00	7.76
14.688	-0.17	7.05	-0.05	7.70
14.720	-0.17	7.05	-0.05	7.70
14.752	-0.21	7.02	-0.05	7.70
14.784	-0.21	7.02	-0.05	7.70
14.816	-0.21	7.02	-0.05	7.70
14.848	-0.14	7.09	-0.05	7.70
14.880	-0.14	7.09	0.01	7.76
14.912	-0.14	7.09	0.01	7.76
14.944	10.55	17.78	0.01	7.76
14.976	10.55	17.78	-0.07	7.68
15.008	10.55	17.78	-0.07	7.68
15.040	16.58	23.80	-0.07	7.68
15.072	16.58	23.80	0.00	7.76
15.104	16.58	23.80	0.00	7.76
15.136	18.24	25.46	0.00	7.76
15.168	18.24	25.46	-0.06	7.70
15.200	18.24	25.46	-0.06	7.70
15.232	19.68	26.91	-0.06	7.70
15.264	19.68	26.91	-0.04	7.71
15.296	19.68	26.91	-0.04	7.71
15.328	19.63	26.86	-0.04	7.71
15.360	19.63	26.86	0.00	7.76
15.392	19.63	26.86	0.00	7.76
15.424	19.11	26.33	0.00	7.76
15.456	19.11	26.33	-0.07	7.68
15.488	19.11	26.33	-0.07	7.68
15.520	19.66	26.89	-0.07	7.68
15.552	19.66	26.89	0.00	7.76
15.584	19.66	26.89	0.00	7.76
15.616	19.80	27.02	0.00	7.76
15.648	19.80	27.02	-0.06	7.70
15.680	19.80	27.02	-0.06	7.70
15.712	20.11	27.33	-0.06	7.70
15.744	20.11	27.33	-0.04	7.72
15.776	20.11	27.33	-0.04	7.72
15.808	19.87	27.10	-0.04	7.72
15.840	19.87	27.10	0.00	7.76
15.872	19.87	27.10	0.00	7.76
15.904	20.12	27.34	0.00	7.76
15.936	20.12	27.34	-0.07	7.68
15.968	20.12	27.34	-0.07	7.68
16.000	20.00	27.22	-0.07	7.68
16.032	20.00	27.22	0.00	7.76
16.064	20.00	27.22	0.00	7.76
16.096	20.32	27.54	0.00	7.76
16.128	20.32	27.54	-0.06	7.69
16.160	20.32	27.54	-0.06	7.69
16.192	20.48	27.70	-0.06	7.69
16.224	20.48	27.70	-0.03	7.73
16.256	20.48	27.70	-0.03	7.73
16.288	20.51	27.73	-0.03	7.73
16.320	20.51	27.73	0.00	7.76
16.352	20.51	27.73	0.00	7.76
16.384	20.46	27.68	0.00	7.76
16.416	20.46	27.68	-0.07	7.68
16.448	20.46	27.68	-0.07	7.68
16.480	20.70	27.92	-0.07	7.68
16.512	20.70	27.92	0.01	7.76
16.544	20.70	27.92	0.01	7.76
16.576	20.45	27.67	0.01	7.76
16.608	20.45	27.67	-0.07	7.69
16.640	20.45	27.67	-0.07	7.69
16.672	20.82	28.05	-0.07	7.69
16.704	20.82	28.05	-0.02	7.73
16.736	20.82	28.05	-0.02	7.73
16.768	20.50	27.73	-0.02	7.73
16.800	20.50	27.73	0.00	7.75
16.832	20.50	27.73	0.00	7.75
16.864	20.20	27.43	0.00	7.75
16.896	20.20	27.43	-0.07	7.68
16.928	20.20	27.43	-0.07	7.68
16.960	20.07	27.29	-0.07	7.68
16.992	20.07	27.29	0.01	7.76
17.024	20.07	27.29	0.01	7.76
17.056	20.03	27.25	0.01	7.76
17.088	20.03	27.25	-0.06	7.69
17.120	20.03	27.25	-0.06	7.69
17.152	20.17	27.40	-0.06	7.69
17.184	20.17	27.40	-0.02	7.74
17.216	20.17	27.40	-0.02	7.74
17.248	20.21	27.43	-0.02	7.74
17.280	20.21	27.43	-0.01	7.75
17.312	20.21	27.43	-0.01	7.75
17.344	20.52	27.74	-0.01	7.75
17.376	20.52	27.74	-0.07	7.68
17.408	20.52	27.74	-0.07	7.68
17.440	20.22	27.45	-0.07	7.68
17.472	20.22	27.45	0.01	7.77
17.504	20.22	27.45	0.01	7.77
17.536	20.34	27.57	0.01	7.77
17.568	20.34	27.57	-0.07	7.69
17.600	20.34	27.57	-0.07	7.69
17.632	20.82	28.04	-0.07	7.69
17.664	20.82	28.04	-0.01	7.74
17.696	20.82	28.04	-0.01	7.74
17.728	20.59	27.81	-0.01	7.74
17.760	20.59	27.81	-0.01	7.75
17.792	20.59	27.81	-0.01	7.75
17.824	20.72	27.94	-0.01	7.75
17.856	20.72	27.94	-0.07	7.69
17.888	20.72	27.94	-0.07	7.69
17.920	20.59	27.82	-0.07	7.69
17.952	20.59	27.82	0.02	7.77
17.984	20.59	27.82	0.02	7.77
18.016	20.34	27.56	0.02	7.77
18.048	20.34	27.56	-0.07	7.69
18.080	20.34	27.56	-0.07	7.69
18.112	20.51	27.73	-0.07	7.69
18.144	20.51	27.73	-0.01	7.75
18.176	20.51	27.73	-0.01	7.75
18.208	20.34	27.56	-0.01	7.75
18.240	20.34	27.56	-0.02	7.74
18.272	20.34	27.56	-0.02	7.74
18.304	20.91	28.14	-0.02	7.74
18.336	20.91	28.14	-0.07	7.69
18.368	20.91	28.14	-0.07	7.69
18.400	20.63	27.86	-0.07	7.69
18.432	20.63	27.86	0.01	7.77
18.464	20.63	27.86	0.01	7.77
18.496	20.71	27.94	0.01	7.77
18.528	20.71	27.94	-0.07	7.69
18.560	20.71	27.94	-0.07	7.69
18.592	20.99	28.21	-0.07	7.69
18.624	20.99	28.21	-0.01	7.75
18.656	20.99	28.21	-0.01	7.75
18.688	21.36	28.59	-0.01	7.75
18.720	21.36	28.59	-0.02	7.73
18.752	21.36	28.59	-0.02	7.73
18.784	21.03	28.25	-0.02	7.73
18.816	21.03	28.25	-0.07	7.69
18.848	21.03	28.25	-0.07	7.69
18.880	21.17	28.39	-0.07	7.69
18.912	21.17	28.39	0.01	7.76
18.944	21.17	28.39	0.01	7.76
18.976	21.12	28.35	0.01	7.76
19.008	21.12	28.35	-0.07	7.69
19.040	21.12	28.35	-0.07	7.69
19.072	20.95	28.18	-0.07	7.69
19.104	20.95	28.18	-0.00	7.75
19.136	20.95	28.18	-0.00	7.75
19.168	21.32	28.55	-0.00	7.75
19.200	21.32	28.55	-0.04	7.72
19.232	21.32	28.55	-0.04	7.72
19.264	21.78	29.00	-0.04	7.72
19.296	21.78	29.00	-0.07	7.68
19.328	21.78	29.00	-0.07	7.68
19.360	21.95	29.17	-0.07	7.68
19.392	21.95	29.17	0.00	7.75
19.424	21.95	29.17	0.00	7.75
19.456	22.00	29.22	0.00	7.75
19.488	22.00	29.22	-0.08	7.68
19.520	22.00	29.22	-0.08	7.68
19.552	21.74	28.96	-0.08	7.68
19.584	21.74	28.96	-0.01	7.75
19.616	21.74	28.96	-0.01	7.75
19.648	21.45	28.67	-0.01	7.75
19.680	21.45	28.67	-0.05	7.71
19.712	21.45	28.67	-0.05	7.71
19.744	21.98	29.20	-0.05	7.71
19.776	21.98	29.20	-0.07	7.68
19.808	21.98	29.20	-0.07	7.68
19.840	20.82	28.05	-0.07	7.68
19.872	20.82	28.05	-0.00	7.75
19.904	20.82	28.05	-0.00	7.75
19.936	21.14	28.37	-0.00	7.75
19.968	21.14	28.37	-0.08	7.67
20.000	21.14	28.37	-0.08	7.67
20.032	21.51	28.73	-0.08	7.67
20.064	21.51	28.73	-0.01	7.75
20.096	21.51	28.73	-0.01	7.75
20.128	20.65	27.88	-0.01	7.75
20.160	20.65	27.88	-0.05	7.70
20.192	20.65	27.88	-0.05	7.70
20.224	21.23	28.45	-0.05	7.70
20.256	21.23	28.45	-0.07	7.69
20.288	21.23	28.45	-0.07	7.69
20.320	20.86	28.09	-0.07	7.69
20.352	20.86	28.09	0.00	7.75
20.384	20.86	28.09	0.00	7.75
20.416	20.45	27.67	0.00	7.75
20.448	20.45	27.67	-0.08	7.67
20.480	20.45	27.67	-0.08	7.67
20.512	20.33	27.55	-0.08	7.67
20.544	20.33	27.55	-0.00	7.75
20.576	20.33	27.55	-0.00	7.75
20.608	20.30	27.53	-0.00	7.75
20.640	20.30	27.53	-0.06	7.70
20.672	20.30	27.53	-0.06	7.70
20.704	20.87	28.09	-0.06	7.70
20.736	20.87	28.09	-0.06	7.69
20.768	20.87	28.09	-0.06	7.69
20.800	20.65	27.88	-0.06	7.69
20.832	20.65	27.88	0.00	7.75
20.864	20.65	27.88	0.00	7.75
20.896	20.56	27.79	0.00	7.75
20.928	20.56	27.79	-0.09	7.67
20.960	20.56	27.79	-0.09	7.67
20.992	20.68	27.91	-0.09	7.67
21.024	20.68	27.91	-0.01	7.75
21.056	20.68	27.91	-0.01	7.75
21.088	20.27	27.50	-0.01	7.75
21.120	20.27	27.50	-0.06	7.69
21.152	20.27	27.50	-0.06	7.69
21.184	20.49	27.71	-0.06	7.69
21.216	20.49	27.71	-0.06	7.70
21.248	20.49	27.71	-0.06	7.70
21.280	20.29	27.52	-0.06	7.70
21.312	20.29	27.52	0.00	7.75
21.344	20.29	27.52	0.00	7.75
21.376	20.30	27.52	0.00	7.75
21.408	20.30	27.52	-0.09	7.67
21.440	20.30	27.52	-0.09	7.67
21.472	20.10	27.33	-0.09	7.67
21.504	20.10	27.33	-0.01	7.75
21.536	20.10	27.33	-0.01	7.75
21.568	20.29	27.52	-0.01	7.75
21.600	20.29	27.52	-0.06	7.69
21.632	20.29	27.52	-0.06	7.69
21.664	20.19	27.42	-0.06	7.69
21.696	20.19	27.42	-0.05	7.70
21.728	20.19	27.42	-0.05	7.70
21.760	20.12	27.35	-0.05	7.70
21.792	20.12	27.35	-0.00	7.75
21.824	20.12	27.35	-0.00	7.75
21.856	19.97	27.19	-0.00	7.75
21.888	19.97	27.19	-0.08	7.67
21.920	19.97	27.19	-0.08	7.67
21.952	19.88	27.11	-0.08	7.67
21.984	19.88	27.11	-0.00	7.75
22.016	19.88	27.11	-0.00	7.75
22.048	19.79	27.02	-0.00	7.75
22.080	19.79	27.02	-0.07	7.69
22.112	19.79	27.02	-0.07	7.69
22.144	20.35	27.58	-0.07	7.69
22.176	20.35	27.58	-0.05	7.71
22.208	20.35	27.58	-0.05	7.71
22.240	20.04	27.26	-0.05	7.71
22.272	20.04	27.26	-0.00	7.75
22.304	20.04	27.26	-0.00	7.75
22.336	20.16	27.38	-0.00	7.75
22.368	20.16	27.38	-0.08	7.67
22.400	20.16	27.38	-0.08	7.67
22.432	20.50	27.72	-0.08	7.67
22.464	20.50	27.72	-0.00	7.75
22.496	20.50	27.72	-0.00	7.75
22.528	20.43	27.65	-0.00	7.75
22.560	20.43	27.65	-0.07	7.69
22.592	20.43	27.65	-0.07	7.69
22.624	20.76	27.98	-0.07	7.69
22.656	20.76	27.98	-0.04	7.72
22.688	20.76	27.98	-0.04	7.72
22.720	20.74	27.96	-0.04	7.72
22.752	20.74	27.96	-0.00	7.75
22.784	20.74	27.96	-0.00	7.75
22.816	20.97	28.19	-0.00	7.75
22.848	20.97	28.19	-0.08	7.68
22.880	20.97	28.19	-0.08	7.68
22.912	20.60	27.82	-0.08	7.68
22.944	20.60	27.82	-0.00	7.75
22.976	20.60	27.82	-0.00	7.75
23.008	20.43	27.66	-0.00	7.75
23.040	20.43	27.66	-0.07	7.69
23.072	20.43	27.66	-0.07	7.69
23.104	20.21	27.44	-0.07	7.69
23.136	20.21	27.44	-0.03	7.72
23.168	20.21	27.44	-0.03	7.72
23.200	20.66	27.89	-0.03	7.72
23.232	20.66	27.89	-0.00	7.75
23.264	20.66	27.89	-0.00	7.75
23.296	20.39	27.62	-0.00	7.75
23.328	20.39	27.62	-0.07	7.68
23.360	20.39	27.62	-0.07	7.68
23.392	20.45	27.67	-0.07	7.68
23.424	20.45	27.67	0.00	7.76
23.456	20.45	27.67	0.00	7.76
23.488	20.14	27.37	0.00	7.76
23.520	20.14	27.37	-0.07	7.68
23.552	20.14	27.37	-0.07	7.68
23.584	20.06	27.29	-0.07	7.68
23.616	20.06	27.29	-0.03	7.73
23.648	20.06	27.29	-0.03	7.73
23.680	19.94	27.16	-0.03	7.73
23.712	19.94	27.16	-0.01	7.75
23.744	19.94	27.16	-0.01	7.75
23.776	20.05	27.28	-0.01	7.75
23.808	20.05	27.28	-0.08	7.68
23.840	20.05	27.28	-0.08	7.68
23.872	19.96	27.19	-0.08	7.68
23.904	19.96	27.19	0.01	7.76
23.936	19.96	27.19	0.01	7.76
23.968	20.23	27.45	0.01	7.76
24.000	20.23	27.45	-0.07	7.68
24.032	20.23	27.45	-0.07	7.68
24.064	19.96	27.19	-0.07	7.68
24.096	19.96	27.19	-0.03	7.73
24.128	19.96	27.19	-0.03	7.73
24.160	20.07	27.29	-0.03	7.73
24.192	20.07	27.29	-0.01	7.74
24.224	20.07	27.29	-0.01	7.74
24.256	20.35	27.58	-0.01	7.74
24.288	20.35	27.58	-0.08	7.68
24.320	20.35	27.58	-0.08	7.68
24.352	20.36	27.58	-0.08	7.68
24.384	20.36	27.58	0.00	7.76
24.416	20.36	27.58	0.00	7.76
24.448	20.25	27.48	0.00	7.76
24.480	20.25	27.48	-0.07	7.68
24.512	20.25	27.48	-0.07	7.68
24.544	20.10	27.33	-0.07	7.68
24.576	20.10	27.33	-0.02	7.73
24.608	20.10	27.33	-0.02	7.73
24.640	20.15	27.37	-0.02	7.73
24.672	20.15	27.37	-0.01	7.74
24.704	20.15	27.37	-0.01	7.74
24.736	20.07	27.29	-0.01	7.74
24.768	20.07	27.29	-0.08	7.68
24.800	20.07	27.29	-0.08	7.68
24.832	20.00	27.22	-0.08	7.68
24.864	20.00	27.22	0.00	7.76
24.896	20.00	27.22	0.00	7.76
24.928	20.10	27.32	0.00	7.76
24.960	20.10	27.32	-0.08	7.68
24.992	20.10	27.32	-0.08	7.68
25.024	20.03	27.25	-0.08	7.68
25.056	20.03	27.25	-0.02	7.73
25.088	20.03	27.25	-0.02	7.73
25.120	20.04	27.27	-0.02	7.73
25.152	20.04	27.27	-0.02	7.73
25.184	20.04	27.27	-0.02	7.73
25.216	20.14	27.37	-0.02	7.73
25.248	20.14	27.37	-0.08	7.67
25.280	20.14	27.37	-0.08	7.67
25.312	20.27	27.50	-0.08	7.67
25.344	20.27	27.50	0.00	7.75
25.376	20.27	27.50	0.00	7.75
25.408	20.31	27.53	0.00	7.75
25.440	20.31	27.53	-0.08	7.68
25.472	20.31	27.53	-0.08	7.68
25.504	20.16	27.38	-0.08	7.68
25.536	20.16	27.38	-0.02	7.73
25.568	20.16	27.38	-0.02	7.73
25.600	20.25	27.48	-0.02	7.73
25.632	20.25	27.48	-0.02	7.73
25.664	20.25	27.48	-0.02	7.73
25.696	20.22	27.45	-0.02	7.73
25.728	20.22	27.45	-0.08	7.67
25.760	20.22	27.45	-0.08	7.67
25.792	20.33	27.55	-0.08	7.67
25.824	20.33	27.55	0.00	7.75
25.856	20.33	27.55	0.00	7.75
25.888	20.17	27.39	0.00	7.75
25.920	20.17	27.39	-0.08	7.68
25.952	20.17	27.39	-0.08	7.68
25.984	20.01	27.24	-0.08	7.68
26.016	20.01	27.24	-0.02	7.73
26.048	20.01	27.24	-0.02	7.73
26.080	20.00	27.23	-0.02	7.73
26.112	20.00	27.23	-0.03	7.73
26.144	20.00	27.23	-0.03	7.73
26.176	20.04	27.26	-0.03	7.73
26.208	20.04	27.26	-0.08	7.67
26.240	20.04	27.26	-0.08	7.67
26.272	20.15	27.38	-0.08	7.67
26.304	20.15	27.38	-0.00	7.75
26.336	20.15	27.38	-0.00	7.75
26.368	20.07	27.29	-0.00	7.75
26.400	20.07	27.29	-0.08	7.67
26.432	20.07	27.29	-0.08	7.67
26.464	20.29	27.52	-0.08	7.67
26.496	20.29	27.52	-0.02	7.73
26.528	20.29	27.52	-0.02	7.73
26.560	20.07	27.30	-0.02	7.73
26.592	20.07	27.30	-0.03	7.72
26.624	20.07	27.30	-0.03	7.72
26.656	20.08	27.30	-0.03	7.72
26.688	20.08	27.30	-0.09	7.67
26.720	20.08	27.30	-0.09	7.67
26.752	21.25	28.48	-0.09	7.67
26.784	21.25	28.48	-0.00	7.75
26.816	21.25	28.48	-0.00	7.75
26.848	21.39	28.62	-0.00	7.75
26.880	21.39	28.62	-0.08	7.67
26.912	21.39	28.62	-0.08	7.67
26.944	22.93	30.16	-0.08	7.67
26.976	22.93	30.16	-0.02	7.73
27.008	22.93	30.16	-0.02	7.73
27.040	23.04	30.26	-0.02	7.73
27.072	23.04	30.26	-0.04	7.72
27.104	23.04	30.26	-0.04	7.72
27.136	22.39	29.62	-0.04	7.72
27.168	22.39	29.62	-0.09	7.67
27.200	22.39	29.62	-0.09	7.67
27.232	21.73	28.96	-0.09	7.67
27.264	21.73	28.96	-0.00	7.75
27.296	21.73	28.96	-0.00	7.75
27.328	22.90	30.13	-0.00	7.75
27.360	22.90	30.13	-0.09	7.67
27.392	22.90	30.13	-0.09	7.67
27.424	23.23	30.46	-0.09	7.67
27.456	23.23	30.46	-0.02	7.73
27.488	23.23	30.46	-0.02	7.73
27.520	22.91	30.14	-0.02	7.73
27.552	22.91	30.14	-0.04	7.72
27.584	22.91	30.14	-0.04	7.72
27.616	22.55	29.78	-0.04	7.72
27.648	22.55	29.78	-0.09	7.67
27.680	22.55	29.78	-0.09	7.67
27.712	22.69	29.91	-0.09	7.67
27.744	22.69	29.91	-0.00	7.75
27.776	22.69	29.91	-0.00	7.75
27.808	21.37	28.59	-0.00	7.75
27.840	21.37	28.59	-0.09	7.67
27.872	21.37	28.59	-0.09	7.67
27.904	20.50	27.73	-0.09	7.67
27.936	20.50	27.73	-0.02	7.74
27.968	20.50	27.73	-0.02	7.74
28.000	20.03	27.26	-0.02	7.74
28.032	20.03	27.26	-0.04	7.71
28.064	20.03	27.26	-0.04	7.71
28.096	19.82	27.04	-0.04	7.71
28.128	19.82	27.04	-0.09	7.67
28.160	19.82	27.04	-0.09	7.67
28.192	19.61	26.84	-0.09	7.67
28.224	19.61	26.84	-0.00	7.75
28.256	19.61	26.84	-0.00	7.75
28.288	19.69	26.91	-0.00	7.75
28.320	19.69	26.91	-0.09	7.67
28.352	19.69	26.91	-0.09	7.67
28.384	19.63	26.85	-0.09	7.67
28.416	19.63	26.85	-0.02	7.74
28.448	19.63	26.85	-0.02	7.74
28.480	20.39	27.62	-0.02	7.74
28.512	20.39	27.62	-0.05	7.71
28.544	20.39	27.62	-0.05	7.71
28.576	19.46	26.69	-0.05	7.71
28.608	19.46	26.69	-0.09	7.67
28.640	19.46	26.69	-0.09	7.67
28.672	19.47	26.70	-0.09	7.67
28.704	19.47	26.70	-0.00	7.75
28.736	19.47	26.70	-0.00	7.75
28.768	19.26	26.49	-0.00	7.75
28.800	19.26	26.49	-0.09	7.67
28.832	19.26	26.49	-0.09	7.67
28.864	19.70	26.93	-0.09	7.67
28.896	19.70	26.93	-0.02	7.74
28.928	19.70	26.93	-0.02	7.74
28.960	19.29	26.52	-0.02	7.74
28.992	19.29	26.52	-0.05	7.71
29.024	19.29	26.52	-0.05	7.71
29.056	19.14	26.36	-0.05	7.71
29.088	19.14	26.36	-0.08	7.67
29.120	19.14	26.36	-0.08	7.67
29.152	19.35	26.58	-0.08	7.67
29.184	19.35	26.58	-0.01	7.75
29.216	19.35	26.58	-0.01	7.75
29.248	19.03	26.26	-0.01	7.75
29.280	19.03	26.26	-0.09	7.67
29.312	19.03	26.26	-0.09	7.67
29.344	19.11	26.34	-0.09	7.67
29.376	19.11	26.34	-0.02	7.74
29.408	19.11	26.34	-0.02	7.74
29.440	19.19	26.42	-0.02	7.74
29.472	19.19	26.42	-0.05	7.70
29.504	19.19	26.42	-0.05	7.70
29.536	19.21	26.44	-0.05	7.70
29.568	19.21	26.44	-0.09	7.67
29.600	19.21	26.44	-0.09	7.67
29.632	19.31	26.54	-0.09	7.67
29.664	19.31	26.54	-0.00	7.75
29.696	19.31	26.54	-0.00	7.75
29.728	19.08	26.30	-0.00	7.75
29.760	19.08	26.30	-0.09	7.67
29.792	19.08	26.30	-0.09	7.67
29.824	19.38	26.60	-0.09	7.67
29.856	19.38	26.60	-0.01	7.74
29.888	19.38	26.60	-0.01	7.74
29.920	19.28	26.50	-0.01	7.74
29.952	19.28	26.50	-0.05	7.70
29.984	19.28	26.50	-0.05	7.70
30.016	19.53	26.76	-0.05	7.70
30.048	19.53	26.76	-0.08	7.67
30.080	19.53	26.76	-0.08	7.67
30.112	19.38	26.60	-0.08	7.67
30.144	19.38	26.60	-0.01	7.75
30.176	19.38	26.60	-0.01	7.75
30.208	19.19	26.42	-0.01	7.75
30.240	19.19	26.42	-0.09	7.67
30.272	19.19	26.42	-0.09	7.67
30.304	19.38	26.60	-0.09	7.67
30.336	19.38	26.60	-0.01	7.74
30.368	19.38	26.60	-0.01	7.74
30.400	19.25	26.47	-0.01	7.74
30.432	19.25	26.47	-0.06	7.69
30.464	19.25	26.47	-0.06	7.69
30.496	19.26	26.49	-0.06	7.69
30.528	19.26	26.49	-0.07	7.68
30.560	19.26	26.49	-0.07	7.68
30.592	19.14	26.36	-0.07	7.68
30.624	19.14	26.36	-0.01	7.75
30.656	19.14	26.36	-0.01	7.75
30.688	19.30	26.53	-0.01	7.75
30.720	19.30	26.53	-0.09	7.67
30.752	19.30	26.53	-0.09	7.67
30.784	19.38	26.61	-0.09	7.67
30.816	19.38	26.61	-0.01	7.74
30.848	19.38	26.61	-0.01	7.74
30.880	19.13	26.35	-0.01	7.74
30.912	19.13	26.35	-0.06	7.69
30.944	19.13	26.35	-0.06	7.69
30.976	19.50	26.73	-0.06	7.69
31.008	19.50	26.73	-0.07	7.68
31.040	19.50	26.73	-0.07	7.68
31.072	19.23	26.45	-0.07	7.68
31.104	19.23	26.45	-0.01	7.75
31.136	19.23	26.45	-0.01	7.75
31.168	19.29	26.51	-0.01	7.75
31.200	19.29	26.51	-0.09	7.67
31.232	19.29	26.51	-0.09	7.67
31.264	19.62	26.85	-0.09	7.67
31.296	19.62	26.85	-0.02	7.74
31.328	19.62	26.85	-0.02	7.74
31.360	19.31	26.54	-0.02	7.74
31.392	19.31	26.54	-0.06	7.69
31.424	19.31	26.54	-0.06	7.69
31.456	19.34	26.57	-0.06	7.69
31.488	19.34	26.57	-0.07	7.68
31.520	19.34	26.57	-0.07	7.68
31.552	19.29	26.52	-0.07	7.68
31.584	19.29	26.52	-0.00	7.75
31.616	19.29	26.52	-0.00	7.75
31.648	19.34	26.56	-0.00	7.75
31.680	19.34	26.56	-0.09	7.66
31.712	19.34	26.56	-0.09	7.66
31.744	19.50	26.72	-0.09	7.66
31.776	19.50	26.72	-0.01	7.74
31.808	19.50	26.72	-0.01	7.74
31.840	19.57	26.80	-0.01	7.74
31.872	19.57	26.80	-0.07	7.69
31.904	19.57	26.80	-0.07	7.69
31.936	19.38	26.60	-0.07	7.69
31.968	19.38	26.60	-0.07	7.69
32.000	19.38	26.60	-0.07	7.69
32.032	19.10	26.32	-0.07	7.69
32.064	19.10	26.32	-0.01	7.75
32.096	19.10	26.32	-0.01	7.75
32.128	19.56	26.78	-0.01	7.75
32.160	19.56	26.78	-0.09	7.67
32.192	19.56	26.78	-0.09	7.67
32.224	19.47	26.70	-0.09	7.67
32.256	19.47	26.70	-0.01	7.74
32.288	19.47	26.70	-0.01	7.74
32.320	19.54	26.76	-0.01	7.74
32.352	19.54	26.76	-0.07	7.69
32.384	19.54	26.76	-0.07	7.69
32.416	19.71	26.93	-0.07	7.69
32.448	19.71	26.93	-0.07	7.69
32.480	19.71	26.93	-0.07	7.69
32.512	19.60	26.82	-0.07	7.69
32.544	19.60	26.82	-0.01	7.75
32.576	19.60	26.82	-0.01	7.75
32.608	19.85	27.08	-0.01	7.75
32.640	19.85	27.08	-0.09	7.66
32.672	19.85	27.08	-0.09	7.66
32.704	19.66	26.88	-0.09	7.66
32.736	19.66	26.88	-0.01	7.74
32.768	19.66	26.88	-0.01	7.74
32.800	19.53	26.76	-0.01	7.74
32.832	19.53	26.76	-0.07	7.68
32.864	19.53	26.76	-0.07	7.68
32.896	19.38	26.61	-0.07	7.68
32.928	19.38	26.61	-0.06	7.69
32.960	19.38	26.61	-0.06	7.69
32.992	19.33	26.55	-0.06	7.69
33.024	19.33	26.55	-0.01	7.75
33.056	19.33	26.55	-0.01	7.75
33.088	19.53	26.75	-0.01	7.75
33.120	19.53	26.75	-0.09	7.67
33.152	19.53	26.75	-0.09	7.67
33.184	19.41	26.63	-0.09	7.67
33.216	19.41	26.63	-0.01	7.74
33.248	19.41	26.63	-0.01	7.74
33.280	19.58	26.80	-0.01	7.74
33.312	19.58	26.80	-0.07	7.69
33.344	19.58	26.80	-0.07	7.69
33.376	19.45	26.68	-0.07	7.69
33.408	19.45	26.68	-0.06	7.70
33.440	19.45	26.68	-0.06	7.70
33.472	19.69	26.91	-0.06	7.70
33.504	19.69	26.91	-0.00	7.75
33.536	19.69	26.91	-0.00	7.75
33.568	19.51	26.74	-0.00	7.75
33.600	19.51	26.74	-0.09	7.67
33.632	19.51	26.74	-0.09	7.67
33.664	19.52	26.75	-0.09	7.67
33.696	19.52	26.75	-0.01	7.75
33.728	19.52	26.75	-0.01	7.75
33.760	19.87	27.09	-0.01	7.75
33.792	19.87	27.09	-0.08	7.68
33.824	19.87	27.09	-0.08	7.68
33.856	19.68	26.90	-0.08	7.68
33.888	19.68	26.90	-0.05	7.70
33.920	19.68	26.90	-0.05	7.70
33.952	19.64	26.86	-0.05	7.70
33.984	19.64	26.86	-0.01	7.75
34.016	19.64	26.86	-0.01	7.75
34.048	19.53	26.75	-0.01	7.75
34.080	19.53	26.75	-0.09	7.67
34.112	19.53	26.75	-0.09	7.67
34.144	19.53	26.76	-0.09	7.67
34.176	19.53	26.76	-0.01	7.75
34.208	19.53	26.76	-0.01	7.75
34.240	19.22	26.45	-0.01	7.75
34.272	19.22	26.45	-0.08	7.68
34.304	19.22	26.45	-0.08	7.68
34.336	19.54	26.77	-0.08	7.68
34.368	19.54	26.77	-0.04	7.71
34.400	19.54	26.77	-0.04	7.71
34.432	19.37	26.60	-0.04	7.71
34.464	19.37	26.60	-0.01	7.75
34.496	19.37	26.60	-0.01	7.75
34.528	19.29	26.52	-0.01	7.75
34.560	19.29	26.52	-0.09	7.67
34.592	19.29	26.52	-0.09	7.67
34.624	19.46	26.69	-0.09	7.67
34.656	19.46	26.69	-0.01	7.75
34.688	19.46	26.69	-0.01	7.75
34.720	19.35	26.58	-0.01	7.75
34.752	19.35	26.58	-0.08	7.68
34.784	19.35	26.58	-0.08	7.68
34.816	19.47	26.70	-0.08	7.68
34.848	19.47	26.70	-0.04	7.71
34.880	19.47	26.70	-0.04	7.71
34.912	19.36	26.59	-0.04	7.71
34.944	19.36	26.59	-0.01	7.75
34.976	19.36	26.59	-0.01	7.75
35.008	19.19	26.41	-0.01	7.75
35.040	19.19	26.41	-0.09	7.67
35.072	19.19	26.41	-0.09	7.67
35.104	19.28	26.50	-0.09	7.67
35.136	19.28	26.50	-0.00	7.75
35.168	19.28	26.50	-0.00	7.75
35.200	19.17	26.40	-0.00	7.75
35.232	19.17	26.40	-0.08	7.68
35.264	19.17	26.40	-0.08	7.68
35.296	19.19	26.41	-0.08	7.68
35.328	19.19	26.41	-0.04	7.71
35.360	19.19	26.41	-0.04	7.71
35.392	19.22	26.45	-0.04	7.71
35.424	19.22	26.45	-0.01	7.75
35.456	19.22	26.45	-0.01	7.75
35.488	19.41	26.64	-0.01	7.75
35.520	19.41	26.64	-0.09	7.67
35.552	19.41	26.64	-0.09	7.67
35.584	19.19	26.42	-0.09	7.67
35.616	19.19	26.42	-0.00	7.75
35.648	19.19	26.42	-0.00	7.75
35.680	19.34	26.56	-0.00	7.75
35.712	19.34	26.56	-0.08	7.68
35.744	19.34	26.56	-0.08	7.68
35.776	19.21	26.44	-0.08	7.68
35.808	19.21	26.44	-0.04	7.72
35.840	19.21	26.44	-0.04	7.72
35.872	19.32	26.55	-0.04	7.72
35.904	19.32	26.55	-0.01	7.74
35.936	19.32	26.55	-0.01	7.74
35.968	19.39	26.62	-0.01	7.74
36.000	19.39	26.62	-0.09	7.67
36.032	19.39	26.62	-0.09	7.67
36.064	19.41	26.64	-0.09	7.67
36.096	19.41	26.64	-0.00	7.75
36.128	19.41	26.64	-0.00	7.75
36.160	19.29	26.51	-0.00	7.75
36.192	19.29	26.51	-0.08	7.68
36.224	19.29	26.51	-0.08	7.68
36.256	19.27	26.50	-0.08	7.68
36.288	19.27	26.50	-0.03	7.72
36.320	19.27	26.50	-0.03	7.72
36.352	19.37	26.60	-0.03	7.72
36.384	19.37	26.60	-0.01	7.74
36.416	19.37	26.60	-0.01	7.74
36.448	19.50	26.72	-0.01	7.74
36.480	19.50	26.72	-0.09	7.67
36.512	19.50	26.72	-0.09	7.67
36.544	19.50	26.72	-0.09	7.67
36.576	19.50	26.72	0.00	7.75
36.608	19.50	26.72	0.00	7.75
36.640	19.22	26.44	0.00	7.75
36.672	19.22	26.44	-0.08	7.67
36.704	19.22	26.44	-0.08	7.67
36.736	19.23	26.45	-0.08	7.67
36.768	19.23	26.45	-0.03	7.72
36.800	19.23	26.45	-0.03	7.72
36.832	19.26	26.49	-0.03	7.72
36.864	19.26	26.49	-0.02	7.74
36.896	19.26	26.49	-0.02	7.74
36.928	19.44	26.66	-0.02	7.74
36.960	19.44	26.66	-0.09	7.67
36.992	19.44	26.66	-0.09	7.67
37.024	19.54	26.76	-0.09	7.67
37.056	19.54	26.76	0.00	7.76
37.088	19.54	26.76	0.00	7.76
37.120	19.45	26.68	0.00	7.76
37.152	19.45	26.68	-0.08	7.67
37.184	19.45	26.68	-0.08	7.67
37.216	19.52	26.74	-0.08	7.67
37.248	19.52	26.74	-0.03	7.73
37.280	19.52	26.74	-0.03	7.73
37.312	19.44	26.66	-0.03	7.73
37.344	19.44	26.66	-0.02	7.74
37.376	19.44	26.66	-0.02	7.74
37.408	19.31	26.53	-0.02	7.74
37.440	19.31	26.53	-0.08	7.67
37.472	19.31	26.53	-0.08	7.67
37.504	19.43	26.65	-0.08	7.67
37.536	19.43	26.65	0.00	7.75
37.568	19.43	26.65	0.00	7.75
37.600	19.68	26.91	0.00	7.75
37.632	19.68	26.91	-0.08	7.67
37.664	19.68	26.91	-0.08	7.67
37.696	19.63	26.86	-0.08	7.67
37.728	19.63	26.86	-0.03	7.73
37.760	19.63	26.86	-0.03	7.73
37.792	19.81	27.04	-0.03	7.73
37.824	19.81	27.04	-0.02	7.73
37.856	19.81	27.04	-0.02	7.73
37.888	19.57	26.79	-0.02	7.73
37.920	19.57	26.79	-0.09	7.67
37.952	19.57	26.79	-0.09	7.67
37.984	19.52	26.75	-0.09	7.67
38.016	19.52	26.75	0.00	7.75
38.048	19.52	26.75	0.00	7.75
38.080	19.36	26.59	0.00	7.75
38.112	19.36	26.59	-0.08	7.68
38.144	19.36	26.59	-0.08	7.68
38.176	19.21	26.43	-0.08	7.68
38.208	19.21	26.43	-0.02	7.73
38.240	19.21	26.43	-0.02	7.73
38.272	19.18	26.41	-0.02	7.73
38.304	19.18	26.41	-0.03	7.72
38.336	19.18	26.41	-0.03	7.72
38.368	19.25	26.48	-0.03	7.72
38.400	19.25	26.48	-0.09	7.67
38.432	19.25	26.48	-0.09	7.67
38.464	19.25	26.48	-0.09	7.67
38.496	19.25	26.48	0.00	7.76
38.528	19.25	26.48	0.00	7.76
38.560	19.31	26.54	0.00	7.76
38.592	19.31	26.54	-0.08	7.67
38.624	19.31	26.54	-0.08	7.67
38.656	19.26	26.48	-0.08	7.67
38.688	19.26	26.48	-0.02	7.73
38.720	19.26	26.48	-0.02	7.73
38.752	19.21	26.44	-0.02	7.73
38.784	19.21	26.44	-0.03	7.72
38.816	19.21	26.44	-0.03	7.72
38.848	19.16	26.39	-0.03	7.72
38.880	19.16	26.39	-0.09	7.67
38.912	19.16	26.39	-0.09	7.67
38.944	19.22	26.44	-0.09	7.67
38.976	19.22	26.44	0.00	7.76
39.008	19.22	26.44	0.00	7.76
39.040	19.19	26.41	0.00	7.76
39.072	19.19	26.41	-0.09	7.67
39.104	19.19	26.41	-0.09	7.67
39.136	19.21	26.44	-0.09	7.67
39.168	19.21	26.44	-0.02	7.74
39.200	19.21	26.44	-0.02	7.74
39.232	19.24	26.47	-0.02	7.74
39.264	19.24	26.47	-0.04	7.71
39.296	19.24	26.47	-0.04	7.71
39.328	19.12	26.34	-0.04	7.71
39.360	19.12	26.34	-0.09	7.67
39.392	19.12	26.34	-0.09	7.67
39.424	19.12	26.34	-0.09	7.67
39.456	19.12	26.34	-0.00	7.75
39.488	19.12	26.34	-0.00	7.75
39.520	19.24	26.47	-0.00	7.75
39.552	19.24	26.47	-0.09	7.67
39.584	19.24	26.47	-0.09	7.67
39.616	19.19	26.42	-0.09	7.67
39.648	19.19	26.42	-0.02	7.74
39.680	19.19	26.42	-0.02	7.74
39.712	19.21	26.44	-0.02	7.74
39.744	19.21	26.44	-0.05	7.71
39.776	19.21	26.44	-0.05	7.71
39.808	19.12	26.34	-0.05	7.71
39.840	19.12	26.34	-0.09	7.67
39.872	19.12	26.34	-0.09	7.67
39.904	19.19	26.42	-0.09	7.67
39.936	19.19	26.42	0.00	7.75
39.968	19.19	26.42	0.00	7.75
40.000	19.18	26.40	0.00	7.75
40.032	19.18	26.40	-0.09	7.67
40.064	19.18	26.40	-0.09	7.67
40.096	19.25	26.48	-0.09	7.67
40.128	19.25	26.48	-0.02	7.74
40.160	19.25	26.48	-0.02	7.74
40.192	19.31	26.54	-0.02	7.74
40.224	19.31	26.54	-0.05	7.71
40.256	19.31	26.54	-0.05	7.71
40.288	19.18	26.41	-0.05	7.71
40.320	19.18	26.41	-0.08	7.67
40.352	19.18	26.41	-0.08	7.67
40.384	19.17	26.39	-0.08	7.67
40.416	19.17	26.39	-0.00	7.75
40.448	19.17	26.39	-0.00	7.75
40.480	19.03	26.26	-0.00	7.75
40.512	19.03	26.26	-0.09	7.67
40.544	19.03	26.26	-0.09	7.67
40.576	19.09	26.32	-0.09	7.67
40.608	19.09	26.32	-0.02	7.74
40.640	19.09	26.32	-0.02	7.74
40.672	19.07	26.29	-0.02	7.74
40.704	19.07	26.29	-0.05	7.70
40.736	19.07	26.29	-0.05	7.70
40.768	19.07	26.29	-0.05	7.70
40.800	19.07	26.29	-0.09	7.67
40.832	19.07	26.29	-0.09	7.67
40.864	19.12	26.35	-0.09	7.67
40.896	19.12	26.35	-0.00	7.75
40.928	19.12	26.35	-0.00	7.75
40.960	19.12	26.34	-0.00	7.75
40.992	19.12	26.34	-0.09	7.67
41.024	19.12	26.34	-0.09	7.67
41.056	19.10	26.32	-0.09	7.67
41.088	19.10	26.32	-0.01	7.74
41.120	19.10	26.32	-0.01	7.74
41.152	19.07	26.30	-0.01	7.74
41.184	19.07	26.30	-0.06	7.70
41.216	19.07	26.30	-0.06	7.70
41.248	19.04	26.27	-0.06	7.70
41.280	19.04	26.27	-0.08	7.68
41.312	19.04	26.27	-0.08	7.68
41.344	19.15	26.38	-0.08	7.68
41.376	19.15	26.38	-0.00	7.75
41.408	19.15	26.38	-0.00	7.75
41.440	19.05	26.27	-0.00	7.75
41.472	19.05	26.27	-0.09	7.67
41.504	19.05	26.27	-0.09	7.67
41.536	19.16	26.38	-0.09	7.67
41.568	19.16	26.38	-0.01	7.74
41.600	19.16	26.38	-0.01	7.74
41.632	19.20	26.43	-0.01	7.74
41.664	19.20	26.43	-0.06	7.69
41.696	19.20	26.43	-0.06	7.69
41.728	19.08	26.30	-0.06	7.69
41.760	19.08	26.30	-0.07	7.68
41.792	19.08	26.30	-0.07	7.68
41.824	19.16	26.38	-0.07	7.68
41.856	19.16	26.38	-0.01	7.75
41.888	19.16	26.38	-0.01	7.75
41.920	19.15	26.37	-0.01	7.75
41.952	19.15	26.37	-0.09	7.67
41.984	19.15	26.37	-0.09	7.67
42.016	19.21	26.43	-0.09	7.67
42.048	19.21	26.43	-0.01	7.74
42.080	19.21	26.43	-0.01	7.74
42.112	19.13	26.36	-0.01	7.74
42.144	19.13	26.36	-0.06	7.69
42.176	19.13	26.36	-0.06	7.69
42.208	19.08	26.31	-0.06	7.69
42.240	19.08	26.31	-0.07	7.68
42.272	19.08	26.31	-0.07	7.68
42.304	19.18	26.40	-0.07	7.68
42.336	19.18	26.40	-0.01	7.75
42.368	19.18	26.40	-0.01	7.75
42.400	19.17	26.40	-0.01	7.75
42.432	19.17	26.40	-0.09	7.67
42.464	19.17	26.40	-0.09	7.67
42.496	19.15	26.37	-0.09	7.67
42.528	19.15	26.37	-0.01	7.74
42.560	19.15	26.37	-0.01	7.74
42.592	19.16	26.39	-0.01	7.74
42.624	19.16	26.39	-0.07	7.69
42.656	19.16	26.39	-0.07	7.69
42.688	19.16	26.38	-0.07	7.69
42.720	19.16	26.38	-0.07	7.69
42.752	19.16	26.38	-0.07	7.69
42.784	19.10	26.32	-0.07	7.69
42.816	19.10	26.32	-0.01	7.75
42.848	19.10	26.32	-0.01	7.75
42.880	19.08	26.30	-0.01	7.75
42.912	19.08	26.30	-0.09	7.66
42.944	19.08	26.30	-0.09	7.66
42.976	19.21	26.44	-0.09	7.66
43.008	19.21	26.44	-0.01	7.74
43.040	19.21	26.44	-0.01	7.74
43.072	19.23	26.45	-0.01	7.74
43.104	19.23	26.45	-0.07	7.68
43.136	19.23	26.45	-0.07	7.68
43.168	19.08	26.30	-0.07	7.68
43.200	19.08	26.30	-0.06	7.69
43.232	19.08	26.30	-0.06	7.69
43.264	19.18	26.41	-0.06	7.69
43.296	19.18	26.41	-0.01	7.75
43.328	19.18	26.41	-0.01	7.75
43.360	19.16	26.38	-0.01	7.75
43.392	19.16	26.38	-0.09	7.67
43.424	19.16	26.38	-0.09	7.67
43.456	19.23	26.45	-0.09	7.67
43.488	19.23	26.45	-0.01	7.74
43.520	19.23	26.45	-0.01	7.74
43.552	19.24	26.46	-0.01	7.74
43.584	19.24	26.46	-0.07	7.69
43.616	19.24	26.46	-0.07	7.69
43.648	19.19	26.41	-0.07	7.69
43.680	19.19	26.41	-0.06	7.70
43.712	19.19	26.41	-0.06	7.70
43.744	19.14	26.36	-0.06	7.70
43.776	19.14	26.36	-0.01	7.75
43.808	19.14	26.36	-0.01	7.75
43.840	19.16	26.39	-0.01	7.75
43.872	19.16	26.39	-0.09	7.67
43.904	19.16	26.39	-0.09	7.67
43.936	19.19	26.42	-0.09	7.67
43.968	19.19	26.42	-0.01	7.74
44.000	19.19	26.42	-0.01	7.74
44.032	19.24	26.47	-0.01	7.74
44.064	19.24	26.47	-0.07	7.68
44.096	19.24	26.47	-0.07	7.68
44.128	19.20	26.43	-0.07	7.68
44.160	19.20	26.43	-0.05	7.70
44.192	19.20	26.43	-0.05	7.70
44.224	19.29	26.52	-0.05	7.70
44.256	19.29	26.52	-0.01	7.74
44.288	19.29	26.52	-0.01	7.74
44.320	19.22	26.44	-0.01	7.74
44.352	19.22	26.44	-0.09	7.67
44.384	19.22	26.44	-0.09	7.67
44.416	19.22	26.45	-0.09	7.67
44.448	19.22	26.45	-0.01	7.74
44.480	19.22	26.45	-0.01	7.74
44.512	19.33	26.55	-0.01	7.74
44.544	19.33	26.55	-0.07	7.68
44.576	19.33	26.55	-0.07	7.68
44.608	19.38	26.60	-0.07	7.68
44.640	19.38	26.60	-0.04	7.71
44.672	19.38	26.60	-0.04	7.71
44.704	19.40	26.63	-0.04	7.71
44.736	19.40	26.63	-0.01	7.75
44.768	19.40	26.63	-0.01	7.75
44.800	19.22	26.45	-0.01	7.75
44.832	19.22	26.45	-0.09	7.67
44.864	19.22	26.45	-0.09	7.67
44.896	19.20	26.43	-0.09	7.67
44.928	19.20	26.43	-0.00	7.75
44.960	19.20	26.43	-0.00	7.75
44.992	19.26	26.49	-0.00	7.75
45.024	19.26	26.49	-0.08	7.68
45.056	19.26	26.49	-0.08	7.68
45.088	19.30	26.52	-0.08	7.68
45.120	19.30	26.52	-0.04	7.71
45.152	19.30	26.52	-0.04	7.71
45.184	19.22	26.44	-0.04	7.71
45.216	19.22	26.44	-0.01	7.75
45.248	19.22	26.44	-0.01	7.75
45.280	19.24	26.47	-0.01	7.75
45.312	19.24	26.47	-0.09	7.67
45.344	19.24	26.47	-0.09	7.67
45.376	19.35	26.57	-0.09	7.67
45.408	19.35	26.57	-0.00	7.75
45.440	19.35	26.57	-0.00	7.75
45.472	19.30	26.53	-0.00	7.75
45.504	19.30	26.53	-0.08	7.68
45.536	19.30	26.53	-0.08	7.68
45.568	19.34	26.57	-0.08	7.68
45.600	19.34	26.57	-0.04	7.72
45.632	19.34	26.57	-0.04	7.72
45.664	19.29	26.51	-0.04	7.72
45.696	19.29	26.51	-0.01	7.74
45.728	19.29	26.51	-0.01	7.74
45.760	19.36	26.59	-0.01	7.74
45.792	19.36	26.59	-0.09	7.67
45.824	19.36	26.59	-0.09	7.67
45.856	19.33	26.55	-0.09	7.67
45.888	19.33	26.55	0.00	7.75
45.920	19.33	26.55	0.00	7.75
45.952	19.41	26.64	0.00	7.75
45.984	19.41	26.64	-0.08	7.68
46.016	19.41	26.64	-0.08	7.68
46.048	19.34	26.57	-0.08	7.68
46.080	19.34	26.57	-0.03	7.72
46.112	19.34	26.57	-0.03	7.72
46.144	19.53	26.76	-0.03	7.72
46.176	19.53	26.76	-0.02	7.74
46.208	19.53	26.76	-0.02	7.74
46.240	19.33	26.56	-0.02	7.74
46.272	19.33	26.56	-0.09	7.67
46.304	19.33	26.56	-0.09	7.67
46.336	19.43	26.66	-0.09	7.67
46.368	19.43	26.66	0.00	7.76
46.400	19.43	26.66	0.00	7.76
46.432	19.39	26.62	0.00	7.76
46.464	19.39	26.62	-0.08	7.67
46.496	19.39	26.62	-0.08	7.67
46.528	19.35	26.57	-0.08	7.67
46.560	19.35	26.57	-0.02	7.73
46.592	19.35	26.57	-0.02	7.73
46.624	19.38	26.60	-0.02	7.73
46.656	19.38	26.60	-0.02	7.73
46.688	19.38	26.60	-0.02	7.73
46.720	19.27	26.50	-0.02	7.73
46.752	19.27	26.50	-0.08	7.67
46.784	19.27	26.50	-0.08	7.67
46.816	19.30	26.53	-0.08	7.67
46.848	19.30	26.53	0.00	7.76
46.880	19.30	26.53	0.00	7.76
46.912	19.34	26.56	0.00	7.76
46.944	19.34	26.56	-0.08	7.67
46.976	19.34	26.56	-0.08	7.67
47.008	19.32	26.54	-0.08	7.67
47.040	19.32	26.54	-0.02	7.73
47.072	19.32	26.54	-0.02	7.73
47.104	19.32	26.54	-0.02	7.73
47.136	19.32	26.54	-0.02	7.73
47.168	19.32	26.54	-0.02	7.73
47.200	19.31	26.53	-0.02	7.73
47.232	19.31	26.53	-0.09	7.67
47.264	19.31	26.53	-0.09	7.67
47.296	19.32	26.55	-0.09	7.67
47.328	19.32	26.55	0.00	7.76
47.360	19.32	26.55	0.00	7.76
47.392	19.70	26.93	0.00	7.76
47.424	19.70	26.93	-0.08	7.67
47.456	19.70	26.93	-0.08	7.67
47.488	19.40	26.63	-0.08	7.67
47.520	19.40	26.63	-0.02	7.73
47.552	19.40	26.63	-0.02	7.73
47.584	19.53	26.76	-0.02	7.73
47.616	19.53	26.76	-0.03	7.73
47.648	19.53	26.76	-0.03	7.73
47.680	19.35	26.58	-0.03	7.73
47.712	19.35	26.58	-0.09	7.67
47.744	19.35	26.58	-0.09	7.67
47.776	19.33	26.55	-0.09	7.67
47.808	19.33	26.55	0.00	7.76
47.840	19.33	26.55	0.00	7.76
47.872	19.27	26.50	0.00	7.76
47.904	19.27	26.50	-0.08	7.67
47.936	19.27	26.50	-0.08	7.67
47.968	19.30	26.52	-0.08	7.67
48.000	19.30	26.52	-0.02	7.73
48.032	19.30	26.52	-0.02	7.73
48.064	19.46	26.68	-0.02	7.73
48.096	19.46	26.68	-0.03	7.72
48.128	19.46	26.68	-0.03	7.72
48.160	19.30	26.53	-0.03	7.72
48.192	19.30	26.53	-0.09	7.67
48.224	19.30	26.53	-0.09	7.67
48.256	19.25	26.47	-0.09	7.67
48.288	19.25	26.47	0.00	7.76
48.320	19.25	26.47	0.00	7.76
48.352	19.23	26.45	0.00	7.76
48.384	19.23	26.45	-0.08	7.67
48.416	19.23	26.45	-0.08	7.67
48.448	19.30	26.53	-0.08	7.67
48.480	19.30	26.53	-0.02	7.73
48.512	19.30	26.53	-0.02	7.73
48.544	19.32	26.55	-0.02	7.73
48.576	19.32	26.55	-0.04	7.72
48.608	19.32	26.55	-0.04	7.72
48.640	19.27	26.50	-0.04	7.72
48.672	19.27	26.50	-0.09	7.67
48.704	19.27	26.50	-0.09	7.67
48.736	19.33	26.55	-0.09	7.67
48.768	19.33	26.55	0.00	7.75
48.800	19.33	26.55	0.00	7.75
48.832	19.27	26.50	0.00	7.75
48.864	19.27	26.50	-0.09	7.67
48.896	19.27	26.50	-0.09	7.67
48.928	19.26	26.48	-0.09	7.67
48.960	19.26	26.48	-0.02	7.74
48.992	19.26	26.48	-0.02	7.74
49.024	19.23	26.46	-0.02	7.74
49.056	19.23	26.46	-0.04	7.72
49.088	19.23	26.46	-0.04	7.72
49.120	19.13	26.36	-0.04	7.72
49.152	19.13	26.36	-0.09	7.67
49.184	19.13	26.36	-0.09	7.67
49.216	19.16	26.39	-0.09	7.67
49.248	19.16	26.39	-0.00	7.75
49.280	19.16	26.39	-0.00	7.75
49.312	18.99	26.21	-0.00	7.75
49.344	18.99	26.21	-0.08	7.67
49.376	18.99	26.21	-0.08	7.67
49.408	19.08	26.30	-0.08	7.67
49.440	19.08	26.30	-0.02	7.74
49.472	19.08	26.30	-0.02	7.74
49.504	19.10	26.32	-0.02	7.74
49.536	19.10	26.32	-0.04	7.71
49.568	19.10	26.32	-0.04	7.71
49.600	19.17	26.40	-0.04	7.71
49.632	19.17	26.40	-0.09	7.67
49.664	19.17	26.40	-0.09	7.67
49.696	19.14	26.36	-0.09	7.67
49.728	19.14	26.36	-0.00	7.75
49.760	19.14	26.36	-0.00	7.75
49.792	18.99	26.22	-0.00	7.75
49.824	18.99	26.22	-0.08	7.67
49.856	18.99	26.22	-0.08	7.67
49.888	19.06	26.28	-0.08	7.67
49.920	19.06	26.28	-0.02	7.74
49.952	19.06	26.28	-0.02	7.74
49.984	19.03	26.26	-0.02	7.74
50.016	19.03	26.26	-0.05	7.71
50.048	19.03	26.26	-0.05	7.71
50.080	19.05	26.28	-0.05	7.71
50.112	19.05	26.28	-0.09	7.67
50.144	19.05	26.28	-0.09	7.67
50.176	19.04	26.27	-0.09	7.67
50.208	19.04	26.27	-0.00	7.75
50.240	19.04	26.27	-0.00	7.75
50.272	19.02	26.25	-0.00	7.75
50.304	19.02	26.25	-0.08	7.67
50.336	19.02	26.25	-0.08	7.67
50.368	19.12	26.34	-0.08	7.67
50.400	19.12	26.34	-0.02	7.74
50.432	19.12	26.34	-0.02	7.74
50.464	19.06	26.29	-0.02	7.74
50.496	19.06	26.29	-0.05	7.71
50.528	19.06	26.29	-0.05	7.71
50.560	19.14	26.36	-0.05	7.71
50.592	19.14	26.36	-0.08	7.67
50.624	19.14	26.36	-0.08	7.67
50.656	19.16	26.39	-0.08	7.67
50.688	19.16	26.39	-0.00	7.75
50.720	19.16	26.39	-0.00	7.75
50.752	19.06	26.28	-0.00	7.75
50.784	19.06	26.28	-0.08	7.67
50.816	19.06	26.28	-0.08	7.67
50.848	19.06	26.29	-0.08	7.67
50.880	19.06	26.29	-0.01	7.74
50.912	19.06	26.29	-0.01	7.74
50.944	19.15	26.37	-0.01	7.74
50.976	19.15	26.37	-0.05	7.70
51.008	19.15	26.37	-0.05	7.70
51.040	19.17	26.40	-0.05	7.70
51.072	19.17	26.40	-0.08	7.67
51.104	19.17	26.40	-0.08	7.67
51.136	19.15	26.37	-0.08	7.67
51.168	19.15	26.37	-0.00	7.75
51.200	19.15	26.37	-0.00	7.75
51.232	19.03	26.26	-0.00	7.75
51.264	19.03	26.26	-0.09	7.67
51.296	19.03	26.26	-0.09	7.67
51.328	19.10	26.32	-0.09	7.67
51.360	19.10	26.32	-0.01	7.74
51.392	19.10	26.32	-0.01	7.74
51.424	18.90	26.12	-0.01	7.74
51.456	18.90	26.12	-0.05	7.70
51.488	18.90	26.12	-0.05	7.70
51.520	18.94	26.17	-0.05	7.70
51.552	18.94	26.17	-0.08	7.67
51.584	18.94	26.17	-0.08	7.67
51.616	18.99	26.22	-0.08	7.67
51.648	18.99	26.22	-0.00	7.75
51.680	18.99	26.22	-0.00	7.75
51.712	18.95	26.18	-0.00	7.75
51.744	18.95	26.18	-0.09	7.67
51.776	18.95	26.18	-0.09	7.67
51.808	18.91	26.14	-0.09	7.67
51.840	18.91	26.14	-0.01	7.74
51.872	18.91	26.14	-0.01	7.74
51.904	18.82	26.05	-0.01	7.74
51.936	18.82	26.05	-0.05	7.70
51.968	18.82	26.05	-0.05	7.70
52.000	19.07	26.30	-0.05	7.70
52.032	19.07	26.30	-0.08	7.67
52.064	19.07	26.30	-0.08	7.67
52.096	18.98	26.21	-0.08	7.67
52.128	18.98	26.21	-0.00	7.75
52.160	18.98	26.21	-0.00	7.75
52.192	18.99	26.21	-0.00	7.75
52.224	18.99	26.21	-0.09	7.67
52.256	18.99	26.21	-0.09	7.67
52.288	18.79	26.01	-0.09	7.67
52.320	18.79	26.01	-0.01	7.74
52.352	18.79	26.01	-0.01	7.74
52.384	18.80	26.02	-0.01	7.74
52.416	18.80	26.02	-0.06	7.70
52.448	18.80	26.02	-0.06	7.70
52.480	18.62	25.85	-0.06	7.70
52.512	18.62	25.85	-0.08	7.67
52.544	18.62	25.85	-0.08	7.67
52.576	18.68	25.90	-0.08	7.67
52.608	18.68	25.90	-0.00	7.75
52.640	18.68	25.90	-0.00	7.75
52.672	18.73	25.95	-0.00	7.75
52.704	18.73	25.95	-0.09	7.67
52.736	18.73	25.95	-0.09	7.67
52.768	18.90	26.13	-0.09	7.67
52.800	18.90	26.13	-0.01	7.74
52.832	18.90	26.13	-0.01	7.74
52.864	18.80	26.02	-0.01	7.74
52.896	18.80	26.02	-0.06	7.69
52.928	18.80	26.02	-0.06	7.69
52.960	18.79	26.02	-0.06	7.69
52.992	18.79	26.02	-0.08	7.68
53.024	18.79	26.02	-0.08	7.68
53.056	18.92	26.15	-0.08	7.68
53.088	18.92	26.15	-0.00	7.75
53.120	18.92	26.15	-0.00	7.75
53.152	18.83	26.06	-0.00	7.75
53.184	18.83	26.06	-0.09	7.67
53.216	18.83	26.06	-0.09	7.67
53.248	18.87	26.09	-0.09	7.67
53.280	18.87	26.09	-0.01	7.74
53.312	18.87	26.09	-0.01	7.74
53.344	18.93	26.15	-0.01	7.74
53.376	18.93	26.15	-0.06	7.69
53.408	18.93	26.15	-0.06	7.69
53.440	18.70	25.93	-0.06	7.69
53.472	18.70	25.93	-0.08	7.68
53.504	18.70	25.93	-0.08	7.68
53.536	18.68	25.91	-0.08	7.68
53.568	18.68	25.91	-0.01	7.75
53.600	18.68	25.91	-0.01	7.75
53.632	18.75	25.97	-0.01	7.75
53.664	18.75	25.97	-0.09	7.67
53.696	18.75	25.97	-0.09	7.67
53.728	18.80	26.03	-0.09	7.67
53.760	18.80	26.03	-0.01	7.74
53.792	18.80	26.03	-0.01	7.74
53.824	18.71	25.93	-0.01	7.74
53.856	18.71	25.93	-0.06	7.69
53.888	18.71	25.93	-0.06	7.69
53.920	18.78	26.00	-0.06	7.69
53.952	18.78	26.00	-0.07	7.68
53.984	18.78	26.00	-0.07	7.68
54.016	18.93	26.16	-0.07	7.68
54.048	18.93	26.16	-0.00	7.75
54.080	18.93	26.16	-0.00	7.75
54.112	18.86	26.08	-0.00	7.75
54.144	18.86	26.08	-0.09	7.67
54.176	18.86	26.08	-0.09	7.67
54.208	18.81	26.04	-0.09	7.67
54.240	18.81	26.04	-0.01	7.74
54.272	18.81	26.04	-0.01	7.74
54.304	18.61	25.83	-0.01	7.74
54.336	18.61	25.83	-0.06	7.69
54.368	18.61	25.83	-0.06	7.69
54.400	18.75	25.98	-0.06	7.69
54.432	18.75	25.98	-0.07	7.69
54.464	18.75	25.98	-0.07	7.69
54.496	18.72	25.94	-0.07	7.69
54.528	18.72	25.94	-0.01	7.75
54.560	18.72	25.94	-0.01	7.75
54.592	18.88	26.10	-0.01	7.75
54.624	18.88	26.10	-0.09	7.67
54.656	18.88	26.10	-0.09	7.67
54.688	18.91	26.13	-0.09	7.67
54.720	18.91	26.13	-0.01	7.75
54.752	18.91	26.13	-0.01	7.75
54.784	18.90	26.12	-0.01	7.75
54.816	18.90	26.12	-0.06	7.69
54.848	18.90	26.12	-0.06	7.69
54.880	18.86	26.08	-0.06	7.69
54.912	18.86	26.08	-0.07	7.69
54.944	18.86	26.08	-0.07	7.69
54.976	18.64	25.87	-0.07	7.69
55.008	18.64	25.87	-0.00	7.75
55.040	18.64	25.87	-0.00	7.75
55.072	18.94	26.17	-0.00	7.75
55.104	18.94	26.17	-0.09	7.67
55.136	18.94	26.17	-0.09	7.67
55.168	18.84	26.06	-0.09	7.67
55.200	18.84	26.06	-0.01	7.74
55.232	18.84	26.06	-0.01	7.74
55.264	18.90	26.12	-0.01	7.74
55.296	18.90	26.12	-0.06	7.69
55.328	18.90	26.12	-0.06	7.69
55.360	18.80	26.02	-0.06	7.69
55.392	18.80	26.02	-0.07	7.69
55.424	18.80	26.02	-0.07	7.69
55.456	18.80	26.03	-0.07	7.69
55.488	18.80	26.03	-0.00	7.75
55.520	18.80	26.03	-0.00	7.75
55.552	18.45	25.68	-0.00	7.75
55.584	18.45	25.68	-0.09	7.67
55.616	18.45	25.68	-0.09	7.67
55.648	18.79	26.02	-0.09	7.67
55.680	18.79	26.02	-0.01	7.75
55.712	18.79	26.02	-0.01	7.75
55.744	18.62	25.85	-0.01	7.75
55.776	18.62	25.85	-0.06	7.69
55.808	18.62	25.85	-0.06	7.69
55.840	18.79	26.02	-0.06	7.69
55.872	18.79	26.02	-0.07	7.69
55.904	18.79	26.02	-0.07	7.69
55.936	18.78	26.00	-0.07	7.69
55.968	18.78	26.00	-0.00	7.75
56.000	18.78	26.00	-0.00	7.75
56.032	18.82	26.05	-0.00	7.75
56.064	18.82	26.05	-0.09	7.67
56.096	18.82	26.05	-0.09	7.67
56.128	18.86	26.08	-0.09	7.67
56.160	18.86	26.08	-0.01	7.75
56.192	18.86	26.08	-0.01	7.75
56.224	18.81	26.04	-0.01	7.75
56.256	18.81	26.04	-0.07	7.69
56.288	18.81	26.04	-0.07	7.69
56.320	18.77	26.00	-0.07	7.69
56.352	18.77	26.00	-0.06	7.69
56.384	18.77	26.00	-0.06	7.69
56.416	18.76	25.99	-0.06	7.69
56.448	18.76	25.99	-0.00	7.75
56.480	18.76	25.99	-0.00	7.75
56.512	18.85	26.07	-0.00	7.75
56.544	18.85	26.07	-0.09	7.67
56.576	18.85	26.07	-0.09	7.67
56.608	18.77	26.00	-0.09	7.67
56.640	18.77	26.00	-0.01	7.74
56.672	18.77	26.00	-0.01	7.74
56.704	18.83	26.05	-0.01	7.74
56.736	18.83	26.05	-0.07	7.69
56.768	18.83	26.05	-0.07	7.69
56.800	18.69	25.91	-0.07	7.69
56.832	18.69	25.91	-0.06	7.70
56.864	18.69	25.91	-0.06	7.70
56.896	18.82	26.05	-0.06	7.70
56.928	18.82	26.05	-0.00	7.75
56.960	18.82	26.05	-0.00	7.75
56.992	18.79	26.02	-0.00	7.75
57.024	18.79	26.02	-0.09	7.67
57.056	18.79	26.02	-0.09	7.67
57.088	18.88	26.10	-0.09	7.67
57.120	18.88	26.10	-0.01	7.75
57.152	18.88	26.10	-0.01	7.75
57.184	18.93	26.16	-0.01	7.75
57.216	18.93	26.16	-0.07	7.69
57.248	18.93	26.16	-0.07	7.69
57.280	18.70	25.93	-0.07	7.69
57.312	18.70	25.93	-0.06	7.70
57.344	18.70	25.93	-0.06	7.70
57.376	18.77	26.00	-0.06	7.70
57.408	18.77	26.00	0.00	7.75
57.440	18.77	26.00	0.00	7.75
57.472	18.73	25.95	0.00	7.75
57.504	18.73	25.95	-0.09	7.67
57.536	18.73	25.95	-0.09	7.67
57.568	18.87	26.10	-0.09	7.67
57.600	18.87	26.10	-0.01	7.75
57.632	18.87	26.10	-0.01	7.75
57.664	19.02	26.24	-0.01	7.75
57.696	19.02	26.24	-0.07	7.69
57.728	19.02	26.24	-0.07	7.69
57.760	18.85	26.07	-0.07	7.69
57.792	18.85	26.07	-0.06	7.70
57.824	18.85	26.07	-0.06	7.70
57.856	18.87	26.09	-0.06	7.70
57.888	18.87	26.09	-0.00	7.75
57.920	18.87	26.09	-0.00	7.75
57.952	18.71	25.93	-0.00	7.75
57.984	18.71	25.93	-0.09	7.67
58.016	18.71	25.93	-0.09	7.67
58.048	18.88	26.11	-0.09	7.67
58.080	18.88	26.11	-0.01	7.75
58.112	18.88	26.11	-0.01	7.75
58.144	18.68	25.90	-0.01	7.75
58.176	18.68	25.90	-0.07	7.68
58.208	18.68	25.90	-0.07	7.68
58.240	18.76	25.98	-0.07	7.68
58.272	18.76	25.98	-0.06	7.70
58.304	18.76	25.98	-0.06	7.70
58.336	18.75	25.97	-0.06	7.70
58.368	18.75	25.97	-0.00	7.75
58.400	18.75	25.97	-0.00	7.75
58.432	18.75	25.97	-0.00	7.75
58.464	18.75	25.97	-0.09	7.67
58.496	18.75	25.97	-0.09	7.67
58.528	18.68	25.90	-0.09	7.67
58.560	18.68	25.90	-0.01	7.74
58.592	18.68	25.90	-0.01	7.74
58.624	18.75	25.98	-0.01	7.74
58.656	18.75	25.98	-0.07	7.68
58.688	18.75	25.98	-0.07	7.68
58.720	18.74	25.97	-0.07	7.68
58.752	18.74	25.97	-0.06	7.70
58.784	18.74	25.97	-0.06	7.70
58.816	18.71	25.94	-0.06	7.70
58.848	18.71	25.94	-0.00	7.75
58.880	18.71	25.94	-0.00	7.75
58.912	18.64	25.87	-0.00	7.75
58.944	18.64	25.87	-0.09	7.67
58.976	18.64	25.87	-0.09	7.67
59.008	18.66	25.89	-0.09	7.67
59.040	18.66	25.89	-0.01	7.74
59.072	18.66	25.89	-0.01	7.74
59.104	18.83	26.05	-0.01	7.74
59.136	18.83	26.05	-0.07	7.69
59.168	18.83	26.05	-0.07	7.69
59.200	18.69	25.92	-0.07	7.69
59.232	18.69	25.92	-0.06	7.69
59.264	18.69	25.92	-0.06	7.69
59.296	18.53	25.76	-0.06	7.69
59.328	18.53	25.76	-0.00	7.75
59.360	18.53	25.76	-0.00	7.75
59.392	18.91	26.13	-0.00	7.75
59.424	18.91	26.13	-0.09	7.67
59.456	18.91	26.13	-0.09	7.67
59.488	18.78	26.01	-0.09	7.67
59.520	18.78	26.01	-0.01	7.75
59.552	18.78	26.01	-0.01	7.75
59.584	18.90	26.13	-0.01	7.75
59.616	18.90	26.13	-0.07	7.68
59.648	18.90	26.13	-0.07	7.68
59.680	18.91	26.13	-0.07	7.68
59.712	18.91	26.13	-0.06	7.70
59.744	18.91	26.13	-0.06	7.70
59.776	18.79	26.02	-0.06	7.70
59.808	18.79	26.02	-0.00	7.75
59.840	18.79	26.02	-0.00	7.75
59.872	18.90	26.13	-0.00	7.75
59.904	18.90	26.13	-0.09	7.67
59.936	18.90	26.13	-0.09	7.67
59.968	18.85	26.07	-0.09	7.67
60.000	18.85	26.07	-0.01	7.75
60.032	18.85	26.07	-0.01	7.75
60.064	18.93	26.15	-0.01	7.75
60.096	18.93	26.15	-0.07	7.69
60.128	18.93	26.15	-0.07	7.69
60.160	18.68	25.90	-0.07	7.69
60.192	18.68	25.90	-0.06	7.70
60.224	18.68	25.90	-0.06	7.70
60.256	18.84	26.06	-0.06	7.70
60.288	18.84	26.06	-0.01	7.75
60.320	18.84	26.06	-0.01	7.75
60.352	18.84	26.07	-0.01	7.75
60.384	18.84	26.07	-0.09	7.67
60.416	18.84	26.07	-0.09	7.67
60.448	18.77	25.99	-0.09	7.67
60.480	18.77	25.99	-0.01	7.75
60.512	18.77	25.99	-0.01	7.75
60.544	18.64	25.87	-0.01	7.75
60.576	18.64	25.87	-0.07	7.68
60.608	18.64	25.87	-0.07	7.68
60.640	18.76	25.99	-0.07	7.68
60.672	18.76	25.99	-0.06	7.70
60.704	18.76	25.99	-0.06	7.70
60.736	18.92	26.14	-0.06	7.70
60.768	18.92	26.14	-0.00	7.75
60.800	18.92	26.14	-0.00	7.75
60.832	18.97	26.20	-0.00	7.75
60.864	18.97	26.20	-0.09	7.66
60.896	18.97	26.20	-0.09	7.66
60.928	19.01	26.24	-0.09	7.66
60.960	19.01	26.24	-0.01	7.74
60.992	19.01	26.24	-0.01	7.74
61.024	18.99	26.21	-0.01	7.74
61.056	18.99	26.21	-0.07	7.68
61.088	18.99	26.21	-0.07	7.68
61.120	18.98	26.20	-0.07	7.68
61.152	18.98	26.20	-0.06	7.70
61.184	18.98	26.20	-0.06	7.70
61.216	19.08	26.31	-0.06	7.70
61.248	19.08	26.31	-0.00	7.75
61.280	19.08	26.31	-0.00	7.75
61.312	18.98	26.20	-0.00	7.75
61.344	18.98	26.20	-0.09	7.66
61.376	18.98	26.20	-0.09	7.66
61.408	18.90	26.13	-0.09	7.66
61.440	18.90	26.13	-0.01	7.74
61.472	18.90	26.13	-0.01	7.74
61.504	18.93	26.16	-0.01	7.74
61.536	18.93	26.16	-0.07	7.69
61.568	18.93	26.16	-0.07	7.69
61.600	19.01	26.24	-0.07	7.69
61.632	19.01	26.24	-0.06	7.69
61.664	19.01	26.24	-0.06	7.69
61.696	19.05	26.28	-0.06	7.69
61.728	19.05	26.28	-0.00	7.75
61.760	19.05	26.28	-0.00	7.75
61.792	18.96	26.19	-0.00	7.75
61.824	18.96	26.19	-0.09	7.66
61.856	18.96	26.19	-0.09	7.66
61.888	19.19	26.42	-0.09	7.66
61.920	19.19	26.42	-0.01	7.75
61.952	19.19	26.42	-0.01	7.75
61.984	19.11	26.34	-0.01	7.75
62.016	19.11	26.34	-0.07	7.69
62.048	19.11	26.34	-0.07	7.69
62.080	19.20	26.42	-0.07	7.69
62.112	19.20	26.42	-0.06	7.69
62.144	19.20	26.42	-0.06	7.69
62.176	19.15	26.37	-0.06	7.69
62.208	19.15	26.37	-0.00	7.75
62.240	19.15	26.37	-0.00	7.75
62.272	19.03	26.25	-0.00	7.75
62.304	19.03	26.25	-0.09	7.67
62.336	19.03	26.25	-0.09	7.67
62.368	18.70	25.92	-0.09	7.67
62.400	18.70	25.92	-0.01	7.74
62.432	18.70	25.92	-0.01	7.74
62.464	19.00	26.23	-0.01	7.74
62.496	19.00	26.23	-0.07	7.69
62.528	19.00	26.23	-0.07	7.69
62.560	18.90	26.12	-0.07	7.69
62.592	18.90	26.12	-0.07	7.69
62.624	18.90	26.12	-0.07	7.69
62.656	18.85	26.07	-0.07	7.69
62.688	18.85	26.07	-0.00	7.75
62.720	18.85	26.07	-0.00	7.75
62.752	18.95	26.18	-0.00	7.75
62.784	18.95	26.18	-0.09	7.67
62.816	18.95	26.18	-0.09	7.67
62.848	18.85	26.08	-0.09	7.67
62.880	18.85	26.08	-0.01	7.75
62.912	18.85	26.08	-0.01	7.75
62.944	18.94	26.17	-0.01	7.75
62.976	18.94	26.17	-0.06	7.69
63.008	18.94	26.17	-0.06	7.69
63.040	18.92	26.15	-0.06	7.69
63.072	18.92	26.15	-0.06	7.69
63.104	18.92	26.15	-0.06	7.69
63.136	19.08	26.31	-0.06	7.69
63.168	19.08	26.31	-0.00	7.75
63.200	19.08	26.31	-0.00	7.75
63.232	18.94	26.17	-0.00	7.75
63.264	18.94	26.17	-0.09	7.67
63.296	18.94	26.17	-0.09	7.67
63.328	18.92	26.15	-0.09	7.67
63.360	18.92	26.15	-0.01	7.74
63.392	18.92	26.15	-0.01	7.74
63.424	18.98	26.20	-0.01	7.74
63.456	18.98	26.20	-0.06	7.69
63.488	18.98	26.20	-0.06	7.69
63.520	19.05	26.27	-0.06	7.69
63.552	19.05	26.27	-0.07	7.69
63.584	19.05	26.27	-0.07	7.69
63.616	19.10	26.33	-0.07	7.69
63.648	19.10	26.33	-0.00	7.75
63.680	19.10	26.33	-0.00	7.75
63.712	18.89	26.11	-0.00	7.75
63.744	18.89	26.11	-0.09	7.67
63.776	18.89	26.11	-0.09	7.67
63.808	18.92	26.15	-0.09	7.67
63.840	18.92	26.15	-0.01	7.75
63.872	18.92	26.15	-0.01	7.75
63.904	18.90	26.13	-0.01	7.75
63.936	18.90	26.13	-0.06	7.70
63.968	18.90	26.13	-0.06	7.70
64.000	19.04	26.26	-0.06	7.70
64.032	19.04	26.26	-0.07	7.68
64.064	19.04	26.26	-0.07	7.68
64.096	18.96	26.19	-0.07	7.68
64.128	18.96	26.19	-0.00	7.75
64.160	18.96	26.19	-0.00	7.75
64.192	19.05	26.27	-0.00	7.75
64.224	19.05	26.27	-0.09	7.67
64.256	19.05	26.27	-0.09	7.67
64.288	18.91	26.14	-0.09	7.67
64.320	18.91	26.14	-0.01	7.74
64.352	18.91	26.14	-0.01	7.74
64.384	18.99	26.21	-0.01	7.74
64.416	18.99	26.21	-0.06	7.70
64.448	18.99	26.21	-0.06	7.70
64.480	19.07	26.30	-0.06	7.70
64.512	19.07	26.30	-0.08	7.68
64.544	19.07	26.30	-0.08	7.68
64.576	19.05	26.28	-0.08	7.68
64.608	19.05	26.28	-0.00	7.75
64.640	19.05	26.28	-0.00	7.75
64.672	19.07	26.29	-0.00	7.75
64.704	19.07	26.29	-0.09	7.67
64.736	19.07	26.29	-0.09	7.67
64.768	18.97	26.19	-0.09	7.67
64.800	18.97	26.19	-0.01	7.74
64.832	18.97	26.19	-0.01	7.74
64.864	18.99	26.21	-0.01	7.74
64.896	18.99	26.21	-0.05	7.70
64.928	18.99	26.21	-0.05	7.70
64.960	18.88	26.10	-0.05	7.70
64.992	18.88	26.10	-0.08	7.68
65.024	18.88	26.10	-0.08	7.68
65.056	18.99	26.22	-0.08	7.68
65.088	18.99	26.22	0.00	7.76
65.120	18.99	26.22	0.00	7.76
65.152	19.04	26.27	0.00	7.76
65.184	19.04	26.27	-0.09	7.67
65.216	19.04	26.27	-0.09	7.67
65.248	19.02	26.24	-0.09	7.67
65.280	19.02	26.24	-0.01	7.74
65.312	19.02	26.24	-0.01	7.74
65.344	19.04	26.26	-0.01	7.74
65.376	19.04	26.26	-0.05	7.70
65.408	19.04	26.26	-0.05	7.70
65.440	19.03	26.25	-0.05	7.70
65.472	19.03	26.25	-0.08	7.67
65.504	19.03	26.25	-0.08	7.67
65.536	18.93	26.15	-0.08	7.67
65.568	18.93	26.15	-0.00	7.75
65.600	18.93	26.15	-0.00	7.75
65.632	18.83	26.05	-0.00	7.75
65.664	18.83	26.05	-0.09	7.67
65.696	18.83	26.05	-0.09	7.67
65.728	18.87	26.10	-0.09	7.67
65.760	18.87	26.10	-0.01	7.74
65.792	18.87	26.10	-0.01	7.74
65.824	19.03	26.26	-0.01	7.74
65.856	19.03	26.26	-0.05	7.71
65.888	19.03	26.26	-0.05	7.71
65.920	18.96	26.19	-0.05	7.71
65.952	18.96	26.19	-0.09	7.67
65.984	18.96	26.19	-0.09	7.67
66.016	18.94	26.17	-0.09	7.67
66.048	18.94	26.17	0.00	7.75
66.080	18.94	26.17	0.00	7.75
66.112	19.01	26.23	0.00	7.75
66.144	19.01	26.23	-0.08	7.67
66.176	19.01	26.23	-0.08	7.67
66.208	19.04	26.27	-0.08	7.67
66.240	19.04	26.27	-0.02	7.74
66.272	19.04	26.27	-0.02	7.74
66.304	18.99	26.22	-0.02	7.74
66.336	18.99	26.22	-0.04	7.71
66.368	18.99	26.22	-0.04	7.71
66.400	18.99	26.21	-0.04	7.71
66.432	18.99	26.21	-0.09	7.67
66.464	18.99	26.21	-0.09	7.67
66.496	19.02	26.25	-0.09	7.67
66.528	19.02	26.25	0.00	7.76
66.560	19.02	26.25	0.00	7.76
66.592	18.94	26.16	0.00	7.76
66.624	18.94	26.16	-0.08	7.67
66.656	18.94	26.16	-0.08	7.67
66.688	18.96	26.19	-0.08	7.67
66.720	18.96	26.19	-0.02	7.74
66.752	18.96	26.19	-0.02	7.74
66.784	19.13	26.36	-0.02	7.74
66.816	19.13	26.36	-0.04	7.72
66.848	19.13	26.36	-0.04	7.72
66.880	18.96	26.19	-0.04	7.72
66.912	18.96	26.19	-0.09	7.67
66.944	18.96	26.19	-0.09	7.67
66.976	18.96	26.19	-0.09	7.67
67.008	18.96	26.19	0.00	7.76
67.040	18.96	26.19	0.00	7.76
67.072	18.95	26.18	0.00	7.76
67.104	18.95	26.18	-0.08	7.67
67.136	18.95	26.18	-0.08	7.67
67.168	19.05	26.27	-0.08	7.67
67.200	19.05	26.27	-0.02	7.74
67.232	19.05	26.27	-0.02	7.74
67.264	19.01	26.24	-0.02	7.74
67.296	19.01	26.24	-0.03	7.73
67.328	19.01	26.24	-0.03	7.73
67.360	19.02	26.24	-0.03	7.73
67.392	19.02	26.24	-0.09	7.67
67.424	19.02	26.24	-0.09	7.67
67.456	19.00	26.23	-0.09	7.67
67.488	19.00	26.23	0.00	7.76
67.520	19.00	26.23	0.00	7.76
67.552	18.97	26.19	0.00	7.76
67.584	18.97	26.19	-0.08	7.67
67.616	18.97	26.19	-0.08	7.67
67.648	19.06	26.28	-0.08	7.67
67.680	19.06	26.28	-0.02	7.73
67.712	19.06	26.28	-0.02	7.73
67.744	18.95	26.18	-0.02	7.73
67.776	18.95	26.18	-0.02	7.73
67.808	18.95	26.18	-0.02	7.73
67.840	19.02	26.25	-0.02	7.73
67.872	19.02	26.25	-0.09	7.67
67.904	19.02	26.25	-0.09	7.67
67.936	19.03	26.26	-0.09	7.67
67.968	19.03	26.26	0.01	7.76
68.000	19.03	26.26	0.01	7.76
68.032	19.09	26.31	0.01	7.76
68.064	19.09	26.31	-0.08	7.68
68.096	19.09	26.31	-0.08	7.68
68.128	19.01	26.24	-0.08	7.68
68.160	19.01	26.24	-0.02	7.73
68.192	19.01	26.24	-0.02	7.73
68.224	19.02	26.25	-0.02	7.73
68.256	19.02	26.25	-0.02	7.74
68.288	19.02	26.25	-0.02	7.74
68.320	19.01	26.23	-0.02	7.74
68.352	19.01	26.23	-0.09	7.67
68.384	19.01	26.23	-0.09	7.67
68.416	18.97	26.19	-0.09	7.67
68.448	18.97	26.19	0.00	7.76
68.480	18.97	26.19	0.00	7.76
68.512	18.90	26.13	0.00	7.76
68.544	18.90	26.13	-0.08	7.68
68.576	18.90	26.13	-0.08	7.68
68.608	18.95	26.18	-0.08	7.68
68.640	18.95	26.18	-0.03	7.72
68.672	18.95	26.18	-0.03	7.72
68.704	19.04	26.27	-0.03	7.72
68.736	19.04	26.27	-0.01	7.74
68.768	19.04	26.27	-0.01	7.74
68.800	19.05	26.27	-0.01	7.74
68.832	19.05	26.27	-0.09	7.67
68.864	19.05	26.27	-0.09	7.67
68.896	19.03	26.26	-0.09	7.67
68.928	19.03	26.26	0.00	7.76
68.960	19.03	26.26	0.00	7.76
68.992	18.96	26.19	0.00	7.76
69.024	18.96	26.19	-0.08	7.68
69.056	18.96	26.19	-0.08	7.68
69.088	18.92	26.15	-0.08	7.68
69.120	18.92	26.15	-0.03	7.72
69.152	18.92	26.15	-0.03	7.72
69.184	19.09	26.31	-0.03	7.72
69.216	19.09	26.31	-0.01	7.75
69.248	19.09	26.31	-0.01	7.75
69.280	18.89	26.11	-0.01	7.75
69.312	18.89	26.11	-0.09	7.67
69.344	18.89	26.11	-0.09	7.67
69.376	18.91	26.13	-0.09	7.67
69.408	18.91	26.13	0.00	7.75
69.440	18.91	26.13	0.00	7.75
69.472	18.90	26.12	0.00	7.75
69.504	18.90	26.12	-0.07	7.68
69.536	18.90	26.12	-0.07	7.68
69.568	18.89	26.12	-0.07	7.68
69.600	18.89	26.12	-0.04	7.72
69.632	18.89	26.12	-0.04	7.72
69.664	18.91	26.13	-0.04	7.72
69.696	18.91	26.13	-0.00	7.75
69.728	18.91	26.13	-0.00	7.75
69.760	18.95	26.18	-0.00	7.75
69.792	18.95	26.18	-0.09	7.67
69.824	18.95	26.18	-0.09	7.67
69.856	19.02	26.25	-0.09	7.67
69.888	19.02	26.25	-0.00	7.75
69.920	19.02	26.25	-0.00	7.75
69.952	18.85	26.08	-0.00	7.75
69.984	18.85	26.08	-0.07	7.68
70.016	18.85	26.08	-0.07	7.68
70.048	18.95	26.18	-0.07	7.68
70.080	18.95	26.18	-0.05	7.71
70.112	18.95	26.18	-0.05	7.71
70.144	18.91	26.14	-0.05	7.71
70.176	18.91	26.14	-0.00	7.75
70.208	18.91	26.14	-0.00	7.75
70.240	18.90	26.13	-0.00	7.75
70.272	18.90	26.13	-0.09	7.67
70.304	18.90	26.13	-0.09	7.67
70.336	18.76	25.98	-0.09	7.67
70.368	18.76	25.98	-0.01	7.75
70.400	18.76	25.98	-0.01	7.75
70.432	18.77	26.00	-0.01	7.75
70.464	18.77	26.00	-0.07	7.68
70.496	18.77	26.00	-0.07	7.68
70.528	18.69	25.91	-0.07	7.68
70.560	18.69	25.91	-0.05	7.70
70.592	18.69	25.91	-0.05	7.70
70.624	18.75	25.98	-0.05	7.70
70.656	18.75	25.98	-0.00	7.75
70.688	18.75	25.98	-0.00	7.75
70.720	18.75	25.97	-0.00	7.75
70.752	18.75	25.97	-0.09	7.67
70.784	18.75	25.97	-0.09	7.67
70.816	18.89	26.11	-0.09	7.67
70.848	18.89	26.11	-0.01	7.75
70.880	18.89	26.11	-0.01	7.75
70.912	18.85	26.07	-0.01	7.75
70.944	18.85	26.07	-0.07	7.68
70.976	18.85	26.07	-0.07	7.68
71.008	18.86	26.09	-0.07	7.68
71.040	18.86	26.09	-0.06	7.69
71.072	18.86	26.09	-0.06	7.69
71.104	18.86	26.09	-0.06	7.69
71.136	18.86	26.09	-0.00	7.75
71.168	18.86	26.09	-0.00	7.75
71.200	18.88	26.10	-0.00	7.75
71.232	18.88	26.10	-0.09	7.66
71.264	18.88	26.10	-0.09	7.66
71.296	18.88	26.10	-0.09	7.66
71.328	18.88	26.10	-0.01	7.75
71.360	18.88	26.10	-0.01	7.75
71.392	18.84	26.07	-0.01	7.75
71.424	18.84	26.07	-0.06	7.69
71.456	18.84	26.07	-0.06	7.69
71.488	18.64	25.86	-0.06	7.69
71.520	18.64	25.86	-0.07	7.68
71.552	18.64	25.86	-0.07	7.68
71.584	18.62	25.84	-0.07	7.68
71.616	18.62	25.84	-0.01	7.75
71.648	18.62	25.84	-0.01	7.75
71.680	18.91	26.14	-0.01	7.75
71.712	18.91	26.14	-0.09	7.66
71.744	18.91	26.14	-0.09	7.66
71.776	18.95	26.17	-0.09	7.66
71.808	18.95	26.17	-0.01	7.74
71.840	18.95	26.17	-0.01	7.74
71.872	18.97	26.20	-0.01	7.74
71.904	18.97	26.20	-0.06	7.69
71.936	18.97	26.20	-0.06	7.69
71.968	19.00	26.22	-0.06	7.69
72.000	19.00	26.22	-0.08	7.68
72.032	19.00	26.22	-0.08	7.68
72.064	18.98	26.20	-0.08	7.68
72.096	18.98	26.20	-0.00	7.75
72.128	18.98	26.20	-0.00	7.75
72.160	19.04	26.27	-0.00	7.75
72.192	19.04	26.27	-0.09	7.67
72.224	19.04	26.27	-0.09	7.67
72.256	19.02	26.24	-0.09	7.67
72.288	19.02	26.24	-0.01	7.74
72.320	19.02	26.24	-0.01	7.74
72.352	18.96	26.18	-0.01	7.74
72.384	18.96	26.18	-0.06	7.70
72.416	18.96	26.18	-0.06	7.70
72.448	18.96	26.19	-0.06	7.70
72.480	18.96	26.19	-0.08	7.67
72.512	18.96	26.19	-0.08	7.67
72.544	18.93	26.15	-0.08	7.67
72.576	18.93	26.15	-0.00	7.75
72.608	18.93	26.15	-0.00	7.75
72.640	19.13	26.35	-0.00	7.75
72.672	19.13	26.35	-0.09	7.67
72.704	19.13	26.35	-0.09	7.67
72.736	19.05	26.27	-0.09	7.67
72.768	19.05	26.27	-0.01	7.74
72.800	19.05	26.27	-0.01	7.74
72.832	19.09	26.32	-0.01	7.74
72.864	19.09	26.32	-0.05	7.71
72.896	19.09	26.32	-0.05	7.71
72.928	19.07	26.30	-0.05	7.71
72.960	19.07	26.30	-0.09	7.67
72.992	19.07	26.30	-0.09	7.67
73.024	19.01	26.23	-0.09	7.67
73.056	19.01	26.23	-0.00	7.75
73.088	19.01	26.23	-0.00	7.75
73.120	19.02	26.24	-0.00	7.75
73.152	19.02	26.24	-0.08	7.67
73.184	19.02	26.24	-0.08	7.67
73.216	19.02	26.25	-0.08	7.67
73.248	19.02	26.25	-0.02	7.74
73.280	19.02	26.25	-0.02	7.74
73.312	19.06	26.29	-0.02	7.74
73.344	19.06	26.29	-0.04	7.71
73.376	19.06	26.29	-0.04	7.71
73.408	19.08	26.30	-0.04	7.71
73.440	19.08	26.30	-0.09	7.67
73.472	19.08	26.30	-0.09	7.67
73.504	18.93	26.15	-0.09	7.67
73.536	18.93	26.15	0.00	7.76
73.568	18.93	26.15	0.00	7.76
73.600	19.02	26.24	0.00	7.76
73.632	19.02	26.24	-0.08	7.67
73.664	19.02	26.24	-0.08	7.67
73.696	18.99	26.22	-0.08	7.67
73.728	18.99	26.22	-0.02	7.73
73.760	18.99	26.22	-0.02	7.73
73.792	19.08	26.31	-0.02	7.73
73.824	19.08	26.31	-0.03	7.72
73.856	19.08	26.31	-0.03	7.72
73.888	19.15	26.38	-0.03	7.72
73.920	19.15	26.38	-0.09	7.67
73.952	19.15	26.38	-0.09	7.67
73.984	19.10	26.32	-0.09	7.67
74.016	19.10	26.32	0.00	7.76
74.048	19.10	26.32	0.00	7.76
74.080	19.06	26.28	0.00	7.76
74.112	19.06	26.28	-0.08	7.68
74.144	19.06	26.28	-0.08	7.68
74.176	19.05	26.28	-0.08	7.68
74.208	19.05	26.28	-0.02	7.73
74.240	19.05	26.28	-0.02	7.73
74.272	19.04	26.27	-0.02	7.73
74.304	19.04	26.27	-0.02	7.73
74.336	19.04	26.27	-0.02	7.73
74.368	19.08	26.30	-0.02	7.73
74.400	19.08	26.30	-0.09	7.67
74.432	19.08	26.30	-0.09	7.67
74.464	19.12	26.35	-0.09	7.67
74.496	19.12	26.35	0.00	7.76
74.528	19.12	26.35	0.00	7.76
74.560	19.10	26.33	0.00	7.76
74.592	19.10	26.33	-0.08	7.67
74.624	19.10	26.33	-0.08	7.67
74.656	18.96	26.19	-0.08	7.67
74.688	18.96	26.19	-0.03	7.73
74.720	18.96	26.19	-0.03	7.73
74.752	19.09	26.31	-0.03	7.73
74.784	19.09	26.31	-0.01	7.74
74.816	19.09	26.31	-0.01	7.74
74.848	19.06	26.28	-0.01	7.74
74.880	19.06	26.28	-0.09	7.67
74.912	19.06	26.28	-0.09	7.67
74.944	19.14	26.37	-0.09	7.67
74.976	19.14	26.37	0.00	7.76
75.008	19.14	26.37	0.00	7.76
75.040	19.19	26.41	0.00	7.76
75.072	19.19	26.41	-0.07	7.68
75.104	19.19	26.41	-0.07	7.68
75.136	19.13	26.35	-0.07	7.68
75.168	19.13	26.35	-0.03	7.72
75.200	19.13	26.35	-0.03	7.72
75.232	19.16	26.39	-0.03	7.72
75.264	19.16	26.39	-0.01	7.75
75.296	19.16	26.39	-0.01	7.75
75.328	19.13	26.36	-0.01	7.75
75.360	19.13	26.36	-0.09	7.67
75.392	19.13	26.36	-0.09	7.67
75.424	18.99	26.21	-0.09	7.67
75.456	18.99	26.21	-0.00	7.75
75.488	18.99	26.21	-0.00	7.75
75.520	18.90	26.12	-0.00	7.75
75.552	18.90	26.12	-0.08	7.68
75.584	18.90	26.12	-0.08	7.68
75.616	18.81	26.03	-0.08	7.68
75.648	18.81	26.03	-0.05	7.71
75.680	18.81	26.03	-0.05	7.71
75.712	18.76	25.98	-0.05	7.71
75.744	18.76	25.98	-0.01	7.75
75.776	18.76	25.98	-0.01	7.75
75.808	18.73	25.95	-0.01	7.75
75.840	18.73	25.95	-0.09	7.67
75.872	18.73	25.95	-0.09	7.67
75.904	18.75	25.97	-0.09	7.67
75.936	18.75	25.97	-0.01	7.75
75.968	18.75	25.97	-0.01	7.75
76.000	18.83	26.05	-0.01	7.75
76.032	18.83	26.05	-0.07	7.68
76.064	18.83	26.05	-0.07	7.68
76.096	18.70	25.92	-0.07	7.68
76.128	18.70	25.92	-0.05	7.70
76.160	18.70	25.92	-0.05	7.70
76.192	18.85	26.07	-0.05	7.70
76.224	18.85	26.07	-0.00	7.75
76.256	18.85	26.07	-0.00	7.75
76.288	18.77	26.00	-0.00	7.75
76.320	18.77	26.00	-0.09	7.66
76.352	18.77	26.00	-0.09	7.66
76.384	18.78	26.00	-0.09	7.66
76.416	18.78	26.00	-0.01	7.75
76.448	18.78	26.00	-0.01	7.75
76.480	18.67	25.90	-0.01	7.75
76.512	18.67	25.90	-0.07	7.69
76.544	18.67	25.90	-0.07	7.69
76.576	18.45	25.67	-0.07	7.69
76.608	18.45	25.67	-0.06	7.69
76.640	18.45	25.67	-0.06	7.69
76.672	18.41	25.63	-0.06	7.69
76.704	18.41	25.63	-0.00	7.75
76.736	18.41	25.63	-0.00	7.75
76.768	18.67	25.90	-0.00	7.75
76.800	18.67	25.90	-0.09	7.66
76.832	18.67	25.90	-0.09	7.66
76.864	18.90	26.12	-0.09	7.66
76.896	18.90	26.12	-0.01	7.75
76.928	18.90	26.12	-0.01	7.75
76.960	18.82	26.04	-0.01	7.75
76.992	18.82	26.04	-0.07	7.69
77.024	18.82	26.04	-0.07	7.69
77.056	18.80	26.03	-0.07	7.69
77.088	18.80	26.03	-0.07	7.69
77.120	18.80	26.03	-0.07	7.69
77.152	18.80	26.03	-0.07	7.69
77.184	18.80	26.03	-0.00	7.75
77.216	18.80	26.03	-0.00	7.75
77.248	18.66	25.89	-0.00	7.75
77.280	18.66	25.89	-0.09	7.66
77.312	18.66	25.89	-0.09	7.66
77.344	18.66	25.89	-0.09	7.66
77.376	18.66	25.89	-0.01	7.74
77.408	18.66	25.89	-0.01	7.74
77.440	18.49	25.71	-0.01	7.74
77.472	18.49	25.71	-0.06	7.69
77.504	18.49	25.71	-0.06	7.69
77.536	18.69	25.92	-0.06	7.69
77.568	18.69	25.92	-0.07	7.68
77.600	18.69	25.92	-0.07	7.68
77.632	18.80	26.03	-0.07	7.68
77.664	18.80	26.03	-0.01	7.75
77.696	18.80	26.03	-0.01	7.75
77.728	18.71	25.94	-0.01	7.75
77.760	18.71	25.94	-0.09	7.67
77.792	18.71	25.94	-0.09	7.67
77.824	18.74	25.97	-0.09	7.67
77.856	18.74	25.97	-0.01	7.74
77.888	18.74	25.97	-0.01	7.74
77.920	18.85	26.08	-0.01	7.74
77.952	18.85	26.08	-0.06	7.70
77.984	18.85	26.08	-0.06	7.70
78.016	18.78	26.01	-0.06	7.70
78.048	18.78	26.01	-0.08	7.67
78.080	18.78	26.01	-0.08	7.67
78.112	18.90	26.12	-0.08	7.67
78.144	18.90	26.12	0.00	7.75
78.176	18.90	26.12	0.00	7.75
78.208	18.89	26.12	0.00	7.75
78.240	18.89	26.12	-0.09	7.67
78.272	18.89	26.12	-0.09	7.67
78.304	19.04	26.26	-0.09	7.67
78.336	19.04	26.26	-0.01	7.74
78.368	19.04	26.26	-0.01	7.74
78.400	19.02	26.25	-0.01	7.74
78.432	19.02	26.25	-0.05	7.71
78.464	19.02	26.25	-0.05	7.71
78.496	19.05	26.27	-0.05	7.71
78.528	19.05	26.27	-0.09	7.67
78.560	19.05	26.27	-0.09	7.67
78.592	18.89	26.12	-0.09	7.67
78.624	18.89	26.12	0.00	7.75
78.656	18.89	26.12	0.00	7.75
78.688	19.02	26.24	0.00	7.75
78.720	19.02	26.24	-0.08	7.67
78.752	19.02	26.24	-0.08	7.67
78.784	18.99	26.22	-0.08	7.67
78.816	18.99	26.22	-0.02	7.74
78.848	18.99	26.22	-0.02	7.74
78.880	18.98	26.20	-0.02	7.74
78.912	18.98	26.20	-0.04	7.72
78.944	18.98	26.20	-0.04	7.72
78.976	18.82	26.05	-0.04	7.72
79.008	18.82	26.05	-0.09	7.67
79.040	18.82	26.05	-0.09	7.67
79.072	18.76	25.99	-0.09	7.67
79.104	18.76	25.99	0.00	7.76
79.136	18.76	25.99	0.00	7.76
79.168	18.95	26.18	0.00	7.76
79.200	18.95	26.18	-0.08	7.67
79.232	18.95	26.18	-0.08	7.67
79.264	18.80	26.03	-0.08	7.67
79.296	18.80	26.03	-0.02	7.74
79.328	18.80	26.03	-0.02	7.74
79.360	18.95	26.18	-0.02	7.74
79.392	18.95	26.18	-0.03	7.72
79.424	18.95	26.18	-0.03	7.72
79.456	18.80	26.03	-0.03	7.72
79.488	18.80	26.03	-0.08	7.67
79.520	18.80	26.03	-0.08	7.67
79.552	18.79	26.02	-0.08	7.67
79.584	18.79	26.02	0.00	7.76
79.616	18.79	26.02	0.00	7.76
79.648	18.70	25.93	0.00	7.76
79.680	18.70	25.93	-0.08	7.68
79.712	18.70	25.93	-0.08	7.68
79.744	18.87	26.10	-0.08	7.68
79.776	18.87	26.10	-0.02	7.73
79.808	18.87	26.10	-0.02	7.73
79.840	18.94	26.17	-0.02	7.73
79.872	18.94	26.17	-0.02	7.73
79.904	18.94	26.17	-0.02	7.73
79.936	18.87	26.10	-0.02	7.73
79.968	18.87	26.10	-0.09	7.67
80.000	18.87	26.10	-0.09	7.67
80.032	18.92	26.14	-0.09	7.67
80.064	18.92	26.14	0.01	7.76
80.096	18.92	26.14	0.01	7.76
80.128	18.87	26.10	0.01	7.76
80.160	18.87	26.10	-0.08	7.67
80.192	18.87	26.10	-0.08	7.67
80.224	18.95	26.18	-0.08	7.67
80.256	18.95	26.18	-0.02	7.73
80.288	18.95	26.18	-0.02	7.73
80.320	19.00	26.23	-0.02	7.73
80.352	19.00	26.23	-0.02	7.73
80.384	19.00	26.23	-0.02	7.73
80.416	18.96	26.19	-0.02	7.73
80.448	18.96	26.19	-0.09	7.67
80.480	18.96	26.19	-0.09	7.67
80.512	18.75	25.98	-0.09	7.67
80.544	18.75	25.98	0.00	7.75
80.576	18.75	25.98	0.00	7.75
80.608	18.86	26.08	0.00	7.75
80.640	18.86	26.08	-0.08	7.68
80.672	18.86	26.08	-0.08	7.68
80.704	18.84	26.06	-0.08	7.68
80.736	18.84	26.06	-0.03	7.72
80.768	18.84	26.06	-0.03	7.72
80.800	18.83	26.05	-0.03	7.72
80.832	18.83	26.05	-0.01	7.74
80.864	18.83	26.05	-0.01	7.74
80.896	18.93	26.15	-0.01	7.74
80.928	18.93	26.15	-0.09	7.67
80.960	18.93	26.15	-0.09	7.67
80.992	18.86	26.09	-0.09	7.67
81.024	18.86	26.09	0.00	7.75
81.056	18.86	26.09	0.00	7.75
81.088	18.87	26.09	0.00	7.75
81.120	18.87	26.09	-0.08	7.68
81.152	18.87	26.09	-0.08	7.68
81.184	18.84	26.07	-0.08	7.68
81.216	18.84	26.07	-0.04	7.72
81.248	18.84	26.07	-0.04	7.72
81.280	18.82	26.05	-0.04	7.72
81.312	18.82	26.05	-0.01	7.75
81.344	18.82	26.05	-0.01	7.75
81.376	18.61	25.83	-0.01	7.75
81.408	18.61	25.83	-0.09	7.67
81.440	18.61	25.83	-0.09	7.67
81.472	18.59	25.81	-0.09	7.67
81.504	18.59	25.81	-0.01	7.75
81.536	18.59	25.81	-0.01	7.75
81.568	18.70	25.93	-0.01	7.75
81.600	18.70	25.93	-0.08	7.67
81.632	18.70	25.93	-0.08	7.67
81.664	18.78	26.01	-0.08	7.67
81.696	18.78	26.01	-0.05	7.71
81.728	18.78	26.01	-0.05	7.71
81.760	18.79	26.01	-0.05	7.71
81.792	18.79	26.01	-0.01	7.75
81.824	18.79	26.01	-0.01	7.75
81.856	18.80	26.02	-0.01	7.75
81.888	18.80	26.02	-0.09	7.66
81.920	18.80	26.02	-0.09	7.66
81.952	18.89	26.11	-0.09	7.66
81.984	18.89	26.11	-0.01	7.74
82.016	18.89	26.11	-0.01	7.74
82.048	18.71	25.94	-0.01	7.74
82.080	18.71	25.94	-0.08	7.67
82.112	18.71	25.94	-0.08	7.67
82.144	18.77	26.00	-0.08	7.67
82.176	18.77	26.00	-0.06	7.70
82.208	18.77	26.00	-0.06	7.70
82.240	18.81	26.03	-0.06	7.70
82.272	18.81	26.03	-0.01	7.75
82.304	18.81	26.03	-0.01	7.75
82.336	18.79	26.02	-0.01	7.75
82.368	18.79	26.02	-0.10	7.66
82.400	18.79	26.02	-0.10	7.66
82.432	18.80	26.02	-0.10	7.66
82.464	18.80	26.02	-0.02	7.74
82.496	18.80	26.02	-0.02	7.74
82.528	18.61	25.83	-0.02	7.74
82.560	18.61	25.83	-0.08	7.68
82.592	18.61	25.83	-0.08	7.68
82.624	18.78	26.01	-0.08	7.68
82.656	18.78	26.01	-0.06	7.69
82.688	18.78	26.01	-0.06	7.69
82.720	18.91	26.14	-0.06	7.69
82.752	18.91	26.14	-0.01	7.75
82.784	18.91	26.14	-0.01	7.75
82.816	18.78	26.01	-0.01	7.75
82.848	18.78	26.01	-0.10	7.65
82.880	18.78	26.01	-0.10	7.65
82.912	18.85	26.08	-0.10	7.65
82.944	18.85	26.08	-0.02	7.74
82.976	18.85	26.08	-0.02	7.74
83.008	18.76	25.99	-0.02	7.74
83.040	18.76	25.99	-0.07	7.68
83.072	18.76	25.99	-0.07	7.68
83.104	18.77	25.99	-0.07	7.68
83.136	18.77	25.99	-0.07	7.68
83.168	18.77	25.99	-0.07	7.68
83.200	18.82	26.05	-0.07	7.68
83.232	18.82	26.05	-0.01	7.74
83.264	18.82	26.05	-0.01	7.74
83.296	18.99	26.21	-0.01	7.74
83.328	18.99	26.21	-0.10	7.66
83.360	18.99	26.21	-0.10	7.66
83.392	18.90	26.12	-0.10	7.66
83.424	18.90	26.12	-0.02	7.74
83.456	18.90	26.12	-0.02	7.74
83.488	18.92	26.14	-0.02	7.74
83.520	18.92	26.14	-0.07	7.68
83.552	18.92	26.14	-0.07	7.68
83.584	18.93	26.15	-0.07	7.68
83.616	18.93	26.15	-0.08	7.68
83.648	18.93	26.15	-0.08	7.68
83.680	18.70	25.93	-0.08	7.68
83.712	18.70	25.93	-0.01	7.75
83.744	18.70	25.93	-0.01	7.75
83.776	18.80	26.03	-0.01	7.75
83.808	18.80	26.03	-0.10	7.66
83.840	18.80	26.03	-0.10	7.66
83.872	18.76	25.99	-0.10	7.66
83.904	18.76	25.99	-0.02	7.73
83.936	18.76	25.99	-0.02	7.73
83.968	18.87	26.09	-0.02	7.73
84.000	18.87	26.09	-0.06	7.69
84.032	18.87	26.09	-0.06	7.69
84.064	18.85	26.08	-0.06	7.69
84.096	18.85	26.08	-0.08	7.67
84.128	18.85	26.08	-0.08	7.67
84.160	19.00	26.23	-0.08	7.67
84.192	19.00	26.23	-0.01	7.75
84.224	19.00	26.23	-0.01	7.75
84.256	19.00	26.22	-0.01	7.75
84.288	19.00	26.22	-0.10	7.66
84.320	19.00	26.22	-0.10	7.66
84.352	19.03	26.25	-0.10	7.66
84.384	19.03	26.25	-0.02	7.73
84.416	19.03	26.25	-0.02	7.73
84.448	19.02	26.25	-0.02	7.73
84.480	19.02	26.25	-0.06	7.69
84.512	19.02	26.25	-0.06	7.69
84.544	19.07	26.29	-0.06	7.69
84.576	19.07	26.29	-0.09	7.67
84.608	19.07	26.29	-0.09	7.67
84.640	19.13	26.36	-0.09	7.67
84.672	19.13	26.36	-0.01	7.75
84.704	19.13	26.36	-0.01	7.75
84.736	19.07	26.29	-0.01	7.75
84.768	19.07	26.29	-0.09	7.66
84.800	19.07	26.29	-0.09	7.66
84.832	18.74	25.97	-0.09	7.66
84.864	18.74	25.97	-0.02	7.73
84.896	18.74	25.97	-0.02	7.73
84.928	18.85	26.07	-0.02	7.73
84.960	18.85	26.07	-0.05	7.70
84.992	18.85	26.07	-0.05	7.70
85.024	18.86	26.09	-0.05	7.70
85.056	18.86	26.09	-0.09	7.66
85.088	18.86	26.09	-0.09	7.66
85.120	18.33	25.56	-0.09	7.66
85.152	18.33	25.56	-0.01	7.75
85.184	18.33	25.56	-0.01	7.75
85.216	18.74	25.97	-0.01	7.75
85.248	18.74	25.97	-0.09	7.66
85.280	18.74	25.97	-0.09	7.66
85.312	19.02	26.24	-0.09	7.66
85.344	19.02	26.24	-0.03	7.73
85.376	19.02	26.24	-0.03	7.73
85.408	18.43	25.66	-0.03	7.73
85.440	18.43	25.66	-0.05	7.71
85.472	18.43	25.66	-0.05	7.71
85.504	18.59	25.82	-0.05	7.71
85.536	18.59	25.82	-0.10	7.66
85.568	18.59	25.82	-0.10	7.66
85.600	18.60	25.82	-0.10	7.66
85.632	18.60	25.82	-0.01	7.75
85.664	18.60	25.82	-0.01	7.75
85.696	18.71	25.94	-0.01	7.75
85.728	18.71	25.94	-0.09	7.67
85.760	18.71	25.94	-0.09	7.67
85.792	18.69	25.91	-0.09	7.67
85.824	18.69	25.91	-0.03	7.73
85.856	18.69	25.91	-0.03	7.73
85.888	19.06	26.28	-0.03	7.73
85.920	19.06	26.28	-0.04	7.72
85.952	19.06	26.28	-0.04	7.72
85.984	19.00	26.22	-0.04	7.72
86.016	19.00	26.22	-0.10	7.66
86.048	19.00	26.22	-0.10	7.66
86.080	19.08	26.30	-0.10	7.66
86.112	19.08	26.30	-0.00	7.75
86.144	19.08	26.30	-0.00	7.75
86.176	18.96	26.18	-0.00	7.75
86.208	18.96	26.18	-0.09	7.67
86.240	18.96	26.18	-0.09	7.67
86.272	18.95	26.18	-0.09	7.67
86.304	18.95	26.18	-0.03	7.72
86.336	18.95	26.18	-0.03	7.72
86.368	18.96	26.18	-0.03	7.72
86.400	18.96	26.18	-0.03	7.72
86.432	18.96	26.18	-0.03	7.72
86.464	18.90	26.13	-0.03	7.72
86.496	18.90	26.13	-0.10	7.66
86.528	18.90	26.13	-0.10	7.66
86.560	18.64	25.87	-0.10	7.66
86.592	18.64	25.87	-0.00	7.75
86.624	18.64	25.87	-0.00	7.75
86.656	18.84	26.07	-0.00	7.75
86.688	18.84	26.07	-0.09	7.66
86.720	18.84	26.07	-0.09	7.66
86.752	18.83	26.06	-0.09	7.66
86.784	18.83	26.06	-0.04	7.72
86.816	18.83	26.06	-0.04	7.72
86.848	18.96	26.19	-0.04	7.72
86.880	18.96	26.19	-0.03	7.73
86.912	18.96	26.19	-0.03	7.73
86.944	18.94	26.16	-0.03	7.73
86.976	18.94	26.16	-0.10	7.66
87.008	18.94	26.16	-0.10	7.66
87.040	18.87	26.10	-0.10	7.66
87.072	18.87	26.10	-0.01	7.74
87.104	18.87	26.10	-0.01	7.74
87.136	19.09	26.32	-0.01	7.74
87.168	19.09	26.32	-0.09	7.67
87.200	19.09	26.32	-0.09	7.67
87.232	18.82	26.04	-0.09	7.67
87.264	18.82	26.04	-0.04	7.71
87.296	18.82	26.04	-0.04	7.71
87.328	18.72	25.94	-0.04	7.71
87.360	18.72	25.94	-0.02	7.73
87.392	18.72	25.94	-0.02	7.73
87.424	18.62	25.85	-0.02	7.73
87.456	18.62	25.85	-0.10	7.66
87.488	18.62	25.85	-0.10	7.66
87.520	18.66	25.89	-0.10	7.66
87.552	18.66	25.89	-0.01	7.75
87.584	18.66	25.89	-0.01	7.75
87.616	18.51	25.73	-0.01	7.75
87.648	18.51	25.73	-0.09	7.67
87.680	18.51	25.73	-0.09	7.67
87.712	18.54	25.77	-0.09	7.67
87.744	18.54	25.77	-0.04	7.71
87.776	18.54	25.77	-0.04	7.71
87.808	18.56	25.79	-0.04	7.71
87.840	18.56	25.79	-0.02	7.74
87.872	18.56	25.79	-0.02	7.74
87.904	18.82	26.05	-0.02	7.74
87.936	18.82	26.05	-0.10	7.66
87.968	18.82	26.05	-0.10	7.66
88.000	18.79	26.01	-0.10	7.66
88.032	18.79	26.01	-0.01	7.75
88.064	18.79	26.01	-0.01	7.75
88.096	18.86	26.08	-0.01	7.75
88.128	18.86	26.08	-0.09	7.67
88.160	18.86	26.08	-0.09	7.67
88.192	18.87	26.09	-0.09	7.67
88.224	18.87	26.09	-0.05	7.71
88.256	18.87	26.09	-0.05	7.71
88.288	18.78	26.01	-0.05	7.71
88.320	18.78	26.01	-0.02	7.74
88.352	18.78	26.01	-0.02	7.74
88.384	18.58	25.80	-0.02	7.74
88.416	18.58	25.80	-0.10	7.66
88.448	18.58	25.80	-0.10	7.66
88.480	18.91	26.13	-0.10	7.66
88.512	18.91	26.13	-0.01	7.74
88.544	18.91	26.13	-0.01	7.74
88.576	18.90	26.13	-0.01	7.74
88.608	18.90	26.13	-0.09	7.67
88.640	18.90	26.13	-0.09	7.67
88.672	18.31	25.54	-0.09	7.67
88.704	18.31	25.54	-0.05	7.70
88.736	18.31	25.54	-0.05	7.70
88.768	18.56	25.78	-0.05	7.70
88.800	18.56	25.78	-0.02	7.74
88.832	18.56	25.78	-0.02	7.74
88.864	19.17	26.39	-0.02	7.74
88.896	19.17	26.39	-0.10	7.66
88.928	19.17	26.39	-0.10	7.66
88.960	18.98	26.20	-0.10	7.66
88.992	18.98	26.20	-0.02	7.74
89.024	18.98	26.20	-0.02	7.74
89.056	18.76	25.98	-0.02	7.74
89.088	18.76	25.98	-0.09	7.67
89.120	18.76	25.98	-0.09	7.67
89.152	18.79	26.02	-0.09	7.67
89.184	18.79	26.02	-0.06	7.70
89.216	18.79	26.02	-0.06	7.70
89.248	18.80	26.02	-0.06	7.70
89.280	18.80	26.02	-0.01	7.74
89.312	18.80	26.02	-0.01	7.74
89.344	18.28	25.51	-0.01	7.74
89.376	18.28	25.51	-0.10	7.66
89.408	18.28	25.51	-0.10	7.66
89.440	18.50	25.72	-0.10	7.66
89.472	18.50	25.72	-0.02	7.74
89.504	18.50	25.72	-0.02	7.74
89.536	18.54	25.77	-0.02	7.74
89.568	18.54	25.77	-0.08	7.67
89.600	18.54	25.77	-0.08	7.67
89.632	18.52	25.74	-0.08	7.67
89.664	18.52	25.74	-0.07	7.69
89.696	18.52	25.74	-0.07	7.69
89.728	18.36	25.59	-0.07	7.69
89.760	18.36	25.59	-0.01	7.74
89.792	18.36	25.59	-0.01	7.74
89.824	18.85	26.07	-0.01	7.74
89.856	18.85	26.07	-0.10	7.66
89.888	18.85	26.07	-0.10	7.66
89.920	19.00	26.23	-0.10	7.66
89.952	19.00	26.23	-0.02	7.73
89.984	19.00	26.23	-0.02	7.73
90.016	18.96	26.19	-0.02	7.73
90.048	18.96	26.19	-0.08	7.67
90.080	18.96	26.19	-0.08	7.67
90.112	18.89	26.12	-0.08	7.67
90.144	18.89	26.12	-0.07	7.68
90.176	18.89	26.12	-0.07	7.68
90.208	18.89	26.11	-0.07	7.68
90.240	18.89	26.11	-0.01	7.74
90.272	18.89	26.11	-0.01	7.74
90.304	19.04	26.26	-0.01	7.74
90.336	19.04	26.26	-0.10	7.65
90.368	19.04	26.26	-0.10	7.65
90.400	19.05	26.28	-0.10	7.65
90.432	19.05	26.28	-0.02	7.74
90.464	19.05	26.28	-0.02	7.74
90.496	19.13	26.35	-0.02	7.74
90.528	19.13	26.35	-0.08	7.68
90.560	19.13	26.35	-0.08	7.68
90.592	19.09	26.31	-0.08	7.68
90.624	19.09	26.31	-0.07	7.68
90.656	19.09	26.31	-0.07	7.68
90.688	18.84	26.07	-0.07	7.68
90.720	18.84	26.07	-0.01	7.74
90.752	18.84	26.07	-0.01	7.74
90.784	7.90	15.13	-0.01	7.74
90.816	7.90	15.13	-0.10	7.65
90.848	7.90	15.13	-0.10	7.65
90.880	-2.95	4.28	-0.10	7.65
90.912	-2.95	4.28	-0.02	7.73
90.944	-2.95	4.28	-0.02	7.73
90.976	-2.72	4.51	-0.02	7.73
91.008	-2.72	4.51	-0.08	7.68
91.040	-2.72	4.51	-0.08	7.68
91.072	0.11	7.34	-0.08	7.68
91.104	0.11	7.34	-0.08	7.67
91.136	0.11	7.34	-0.08	7.67
91.168	2.45	9.68	-0.08	7.67
91.200	2.45	9.68	-0.02	7.74
91.232	2.45	9.68	-0.02	7.74
91.264	1.15	8.38	-0.02	7.74
91.296	1.15	8.38	-0.10	7.65
91.328	1.15	8.38	-0.10	7.65
91.360	-0.64	6.58	-0.10	7.65
91.392	-0.64	6.58	-0.02	7.73
91.424	-0.64	6.58	-0.02	7.73
91.456	-0.46	6.76	-0.02	7.73
91.488	-0.46	6.76	-0.07	7.68
91.520	-0.46	6.76	-0.07	7.68
91.552	0.15	7.37	-0.07	7.68
91.584	0.15	7.37	-0.09	7.67
91.616	0.15	7.37	-0.09	7.67
91.648	0.64	7.87	-0.09	7.67
91.680	0.64	7.87	-0.01	7.74
91.712	0.64	7.87	-0.01	7.74
91.744	0.37	7.60	-0.01	7.74
91.776	0.37	7.60	-0.10	7.65
91.808	0.37	7.60	-0.10	7.65
91.840	0.15	7.38	-0.10	7.65
91.872	0.15	7.38	-0.02	7.73
91.904	0.15	7.38	-0.02	7.73
91.936	0.20	7.43	-0.02	7.73
91.968	0.20	7.43	-0.07	7.68
92.000	0.20	7.43	-0.07	7.68
92.032	0.25	7.47	-0.07	7.68
92.064	0.25	7.47	-0.09	7.67
92.096	0.25	7.47	-0.09	7.67
92.128	0.31	7.53	-0.09	7.67
92.160	0.31	7.53	-0.02	7.74
92.192	0.31	7.53	-0.02	7.74
92.224	0.26	7.48	-0.02	7.74
92.256	0.26	7.48	-0.10	7.65
92.288	0.26	7.48	-0.10	7.65
92.320	0.28	7.50	-0.10	7.65
92.352	0.28	7.50	-0.02	7.73
92.384	0.28	7.50	-0.02	7.73
92.416	0.30	7.52	-0.02	7.73
92.448	0.30	7.52	-0.07	7.68
92.480	0.30	7.52	-0.07	7.68
92.512	0.26	7.49	-0.07	7.68
92.544	0.26	7.49	-0.09	7.66
92.576	0.26	7.49	-0.09	7.66
92.608	0.31	7.54	-0.09	7.66
92.640	0.31	7.54	-0.01	7.74
92.672	0.31	7.54	-0.01	7.74
92.704	0.29	7.52	-0.01	7.74
92.736	0.29	7.52	-0.11	7.65
92.768	0.29	7.52	-0.11	7.65
92.800	0.30	7.53	-0.11	7.65
92.832	0.30	7.53	-0.02	7.73
92.864	0.30	7.53	-0.02	7.73
92.896	0.33	7.55	-0.02	7.73
92.928	0.33	7.55	-0.07	7.69
92.960	0.33	7.55	-0.07	7.69
92.992	0.30	7.52	-0.07	7.69
93.024	0.30	7.52	-0.09	7.66
93.056	0.30	7.52	-0.09	7.66
93.088	0.34	7.56	-0.09	7.66
93.120	0.34	7.56	-0.01	7.74
93.152	0.34	7.56	-0.01	7.74
93.184	0.31	7.53	-0.01	7.74
93.216	0.31	7.53	-0.11	7.65
93.248	0.31	7.53	-0.11	7.65
93.280	0.31	7.54	-0.11	7.65
93.312	0.31	7.54	-0.03	7.73
93.344	0.31	7.54	-0.03	7.73
93.376	0.33	7.56	-0.03	7.73
93.408	0.33	7.56	-0.07	7.69
93.440	0.33	7.56	-0.07	7.69
93.472	0.31	7.53	-0.07	7.69
93.504	0.31	7.53	-0.09	7.66
93.536	0.31	7.53	-0.09	7.66
93.568	0.36	7.59	-0.09	7.66
93.600	0.36	7.59	-0.01	7.74
93.632	0.36	7.59	-0.01	7.74
93.664	0.34	7.57	-0.01	7.74
93.696	0.34	7.57	-0.10	7.65
93.728	0.34	7.57	-0.10	7.65
93.760	0.36	7.59	-0.10	7.65
93.792	0.36	7.59	-0.03	7.73
93.824	0.36	7.59	-0.03	7.73
93.856	0.39	7.62	-0.03	7.73
93.888	0.39	7.62	-0.06	7.69
93.920	0.39	7.62	-0.06	7.69
93.952	0.36	7.59	-0.06	7.69
93.984	0.36	7.59	-0.10	7.65
94.016	0.36	7.59	-0.10	7.65
94.048	0.41	7.64	-0.10	7.65
94.080	0.41	7.64	-0.02	7.74
94.112	0.41	7.64	-0.02	7.74
94.144	0.39	7.62	-0.02	7.74
94.176	0.39	7.62	-0.10	7.65
94.208	0.39	7.62	-0.10	7.65
94.240	0.40	7.62	-0.10	7.65
94.272	0.40	7.62	-0.03	7.72
94.304	0.40	7.62	-0.03	7.72
94.336	0.42	7.65	-0.03	7.72
94.368	0.42	7.65	-0.06	7.70
94.400	0.42	7.65	-0.06	7.70
94.432	0.39	7.62	-0.06	7.70
94.464	0.39	7.62	-0.10	7.66
94.496	0.39	7.62	-0.10	7.66
94.528	0.45	7.68	-0.10	7.66
94.560	0.45	7.68	-0.01	7.74
94.592	0.45	7.68	-0.01	7.74
