Tempo(s)    P0(KPa) P0+Coluna(KPa)  P1(KPa) P1+Coluna(KPa)
0.032	-2.22	-2.22	-2.22	-2.22
0.064	8.49	8.49	-2.22	-2.22
0.096	8.49	8.49	7.50	7.50
0.128	8.49	8.49	7.50	7.50
0.160	8.49	8.49	7.50	7.50
0.192	8.49	8.49	7.54	7.54
0.224	8.49	8.49	7.54	7.54
0.256	8.51	8.51	7.54	7.54
0.288	8.51	8.51	7.50	7.50
0.320	8.51	8.51	7.50	7.50
0.352	8.49	8.49	7.50	7.50
0.384	8.49	8.49	7.59	7.59
0.416	8.49	8.49	7.59	7.59
0.448	8.49	8.49	7.59	7.59
0.480	8.49	8.49	7.53	7.53
0.512	8.49	8.49	7.53	7.53
0.544	8.49	8.49	7.53	7.53
0.576	8.49	8.49	7.51	7.51
0.608	8.49	8.49	7.51	7.51
0.640	8.48	8.48	7.51	7.51
0.672	-0.00	8.48	0.08	7.58
0.704	-0.00	8.48	0.08	7.58
0.736	0.01	8.49	0.08	7.58
0.768	0.01	8.49	-0.01	7.49
0.800	0.01	8.49	-0.01	7.49
0.832	-0.00	8.48	-0.01	7.49
0.864	-0.00	8.48	0.07	7.58
0.896	-0.00	8.48	0.07	7.58
0.928	0.00	8.49	0.07	7.58
0.960	0.00	8.49	0.02	7.53
0.992	0.00	8.49	0.02	7.53
1.024	-0.00	8.48	0.02	7.53
1.056	-0.00	8.48	-0.00	7.50
1.088	-0.00	8.48	-0.00	7.50
1.120	-0.00	8.48	-0.00	7.50
1.152	-0.00	8.48	0.08	7.59
1.184	-0.00	8.48	0.08	7.59
1.216	-0.00	8.48	0.08	7.59
1.248	-0.00	8.48	-0.02	7.49
1.280	-0.00	8.48	-0.02	7.49
1.312	-0.01	8.48	-0.02	7.49
1.344	-0.01	8.48	0.07	7.58
1.376	-0.01	8.48	0.07	7.58
1.408	-0.00	8.48	0.07	7.58
1.440	-0.00	8.48	0.02	7.53
1.472	-0.00	8.48	0.02	7.53
1.504	-0.01	8.48	0.02	7.53
1.536	-0.01	8.48	-0.01	7.50
1.568	-0.01	8.48	-0.01	7.50
1.600	-0.01	8.48	-0.01	7.50
1.632	-0.01	8.48	0.08	7.59
1.664	-0.01	8.48	0.08	7.59
1.696	-0.00	8.48	0.08	7.59
1.728	-0.00	8.48	-0.02	7.49
1.760	-0.00	8.48	-0.02	7.49
1.792	-0.01	8.48	-0.02	7.49
1.824	-0.01	8.48	0.07	7.58
1.856	-0.01	8.48	0.07	7.58
1.888	-0.01	8.48	0.07	7.58
1.920	-0.01	8.48	0.02	7.53
1.952	-0.01	8.48	0.02	7.53
1.984	-0.01	8.48	0.02	7.53
2.016	-0.01	8.48	-0.01	7.50
2.048	-0.01	8.48	-0.01	7.50
2.080	-0.01	8.48	-0.01	7.50
2.112	-0.01	8.48	0.08	7.59
2.144	-0.01	8.48	0.08	7.59
2.176	-0.01	8.48	0.08	7.59
2.208	-0.01	8.48	-0.02	7.49
2.240	-0.01	8.48	-0.02	7.49
2.272	-0.01	8.47	-0.02	7.49
2.304	-0.01	8.47	0.07	7.58
2.336	-0.01	8.47	0.07	7.58
2.368	-0.01	8.48	0.07	7.58
2.400	-0.01	8.48	0.02	7.53
2.432	-0.01	8.48	0.02	7.53
2.464	-0.01	8.47	0.02	7.53
2.496	-0.01	8.47	-0.01	7.50
2.528	-0.01	8.47	-0.01	7.50
2.560	-0.01	8.48	-0.01	7.50
2.592	-0.01	8.48	0.08	7.59
2.624	-0.01	8.48	0.08	7.59
2.656	-0.01	8.47	0.08	7.59
2.688	-0.01	8.47	-0.02	7.49
2.720	-0.01	8.47	-0.02	7.49
2.752	-0.01	8.47	-0.02	7.49
2.784	-0.01	8.47	0.06	7.57
2.816	-0.01	8.47	0.06	7.57
2.848	-0.01	8.48	0.06	7.57
2.880	-0.01	8.48	0.03	7.54
2.912	-0.01	8.48	0.03	7.54
2.944	-0.01	8.48	0.03	7.54
2.976	-0.01	8.48	-0.00	7.50
3.008	-0.01	8.48	-0.00	7.50
3.040	-0.01	8.48	-0.00	7.50
3.072	-0.01	8.48	0.08	7.59
3.104	-0.01	8.48	0.08	7.59
3.136	-0.01	8.48	0.08	7.59
3.168	-0.01	8.48	-0.02	7.49
3.200	-0.01	8.48	-0.02	7.49
3.232	-0.01	8.48	-0.02	7.49
3.264	-0.01	8.48	0.07	7.58
3.296	-0.01	8.48	0.07	7.58
3.328	-0.01	8.48	0.07	7.58
3.360	-0.01	8.48	0.02	7.53
3.392	-0.01	8.48	0.02	7.53
3.424	-0.01	8.48	0.02	7.53
3.456	-0.01	8.48	-0.01	7.50
3.488	-0.01	8.48	-0.01	7.50
3.520	-0.01	8.48	-0.01	7.50
3.552	-0.01	8.48	0.08	7.59
3.584	-0.01	8.48	0.08	7.59
3.616	-0.01	8.48	0.08	7.59
3.648	-0.01	8.48	-0.02	7.49
3.680	-0.01	8.48	-0.02	7.49
3.712	-0.01	8.48	-0.02	7.49
3.744	-0.01	8.48	0.06	7.57
3.776	-0.01	8.48	0.06	7.57
3.808	-0.01	8.48	0.06	7.57
3.840	-0.01	8.48	0.03	7.54
3.872	-0.01	8.48	0.03	7.54
3.904	-0.01	8.48	0.03	7.54
3.936	-0.01	8.48	-0.01	7.50
3.968	-0.01	8.48	-0.01	7.50
4.000	-0.01	8.48	-0.01	7.50
4.032	-0.01	8.48	0.08	7.59
4.064	-0.01	8.48	0.08	7.59
4.096	-0.01	8.48	0.08	7.59
4.128	-0.01	8.48	-0.01	7.50
4.160	-0.01	8.48	-0.01	7.50
4.192	-0.01	8.48	-0.01	7.50
4.224	-0.01	8.48	0.07	7.58
4.256	-0.01	8.48	0.07	7.58
4.288	-0.01	8.48	0.07	7.58
4.320	-0.01	8.48	0.03	7.54
4.352	-0.01	8.48	0.03	7.54
4.384	-0.01	8.47	0.03	7.54
4.416	-0.01	8.47	-0.01	7.50
4.448	-0.01	8.47	-0.01	7.50
4.480	-0.01	8.48	-0.01	7.50
4.512	-0.01	8.48	0.08	7.59
4.544	-0.01	8.48	0.08	7.59
4.576	-0.01	8.48	0.08	7.59
4.608	-0.01	8.48	-0.01	7.50
4.640	-0.01	8.48	-0.01	7.50
4.672	-0.01	8.48	-0.01	7.50
4.704	-0.01	8.48	0.07	7.58
4.736	-0.01	8.48	0.07	7.58
4.768	-0.01	8.48	0.07	7.58
4.800	-0.01	8.48	0.03	7.54
4.832	-0.01	8.48	0.03	7.54
4.864	-0.01	8.47	0.03	7.54
4.896	-0.01	8.47	-0.01	7.50
4.928	-0.01	8.47	-0.01	7.50
4.960	-0.01	8.47	-0.01	7.50
4.992	-0.01	8.47	0.08	7.59
5.024	-0.01	8.47	0.08	7.59
5.056	-0.01	8.48	0.08	7.59
5.088	-0.01	8.48	-0.01	7.49
5.120	-0.01	8.48	-0.01	7.49
5.152	-0.01	8.48	-0.01	7.49
5.184	-0.01	8.48	0.06	7.57
5.216	-0.01	8.48	0.06	7.57
5.248	-0.01	8.48	0.06	7.57
5.280	-0.01	8.48	0.04	7.55
5.312	-0.01	8.48	0.04	7.55
5.344	-0.01	8.48	0.04	7.55
5.376	-0.01	8.48	-0.01	7.50
5.408	-0.01	8.48	-0.01	7.50
5.440	-0.01	8.47	-0.01	7.50
5.472	-0.01	8.47	0.09	7.59
5.504	-0.01	8.47	0.09	7.59
5.536	-0.01	8.48	0.09	7.59
5.568	-0.01	8.48	-0.01	7.49
5.600	-0.01	8.48	-0.01	7.49
5.632	-0.01	8.48	-0.01	7.49
5.664	-0.01	8.48	0.06	7.57
5.696	-0.01	8.48	0.06	7.57
5.728	-0.01	8.48	0.06	7.57
5.760	-0.01	8.48	0.04	7.55
5.792	-0.01	8.48	0.04	7.55
5.824	-0.01	8.47	0.04	7.55
5.856	-0.01	8.47	-0.01	7.50
5.888	-0.01	8.47	-0.01	7.50
5.920	-0.01	8.48	-0.01	7.50
5.952	-0.01	8.48	0.09	7.60
5.984	-0.01	8.48	0.09	7.60
6.016	-0.01	8.48	0.09	7.60
6.048	-0.01	8.48	-0.01	7.49
6.080	-0.01	8.48	-0.01	7.49
6.112	-0.01	8.47	-0.01	7.49
6.144	-0.01	8.47	0.06	7.57
6.176	-0.01	8.47	0.06	7.57
6.208	-0.01	8.48	0.06	7.57
6.240	-0.01	8.48	0.04	7.55
6.272	-0.01	8.48	0.04	7.55
6.304	-0.01	8.47	0.04	7.55
6.336	-0.01	8.47	-0.01	7.50
6.368	-0.01	8.47	-0.01	7.50
6.400	-0.01	8.48	-0.01	7.50
6.432	-0.01	8.48	0.09	7.59
6.464	-0.01	8.48	0.09	7.59
6.496	-0.01	8.48	0.09	7.59
6.528	-0.01	8.48	-0.01	7.50
6.560	-0.01	8.48	-0.01	7.50
6.592	-0.01	8.47	-0.01	7.50
6.624	-0.01	8.47	0.07	7.58
6.656	-0.01	8.47	0.07	7.58
6.688	-0.00	8.48	0.07	7.58
6.720	-0.00	8.48	0.04	7.55
6.752	-0.00	8.48	0.04	7.55
6.784	-0.01	8.48	0.04	7.55
6.816	-0.01	8.48	-0.01	7.49
6.848	-0.01	8.48	-0.01	7.49
6.880	-0.01	8.47	-0.01	7.49
6.912	-0.01	8.47	0.09	7.60
6.944	-0.01	8.47	0.09	7.60
6.976	-0.01	8.47	0.09	7.60
7.008	-0.01	8.47	-0.01	7.50
7.040	-0.01	8.47	-0.01	7.50
7.072	-0.01	8.47	-0.01	7.50
7.104	-0.01	8.47	0.06	7.57
7.136	-0.01	8.47	0.06	7.57
7.168	-0.01	8.47	0.06	7.57
7.200	-0.01	8.47	0.05	7.56
7.232	-0.01	8.47	0.05	7.56
7.264	-0.01	8.47	0.05	7.56
7.296	-0.01	8.47	-0.01	7.50
7.328	-0.01	8.47	-0.01	7.50
7.360	-0.01	8.47	-0.01	7.50
7.392	-0.01	8.47	0.09	7.60
7.424	-0.01	8.47	0.09	7.60
7.456	-0.01	8.47	0.09	7.60
7.488	-0.01	8.47	-0.01	7.50
7.520	-0.01	8.47	-0.01	7.50
7.552	-0.01	8.47	-0.01	7.50
7.584	-0.01	8.47	0.06	7.57
7.616	-0.01	8.47	0.06	7.57
7.648	-0.01	8.47	0.06	7.57
7.680	-0.01	8.47	0.05	7.55
7.712	-0.01	8.47	0.05	7.55
7.744	-0.01	8.47	0.05	7.55
7.776	-0.01	8.47	-0.01	7.49
7.808	-0.01	8.47	-0.01	7.49
7.840	-0.01	8.47	-0.01	7.49
7.872	-0.01	8.47	0.09	7.60
7.904	-0.01	8.47	0.09	7.60
7.936	-0.01	8.47	0.09	7.60
7.968	-0.01	8.47	-0.01	7.50
8.000	-0.01	8.47	-0.01	7.50
8.032	-0.01	8.47	-0.01	7.50
8.064	-0.01	8.47	0.06	7.57
8.096	-0.01	8.47	0.06	7.57
8.128	-0.01	8.47	0.06	7.57
8.160	-0.01	8.47	0.05	7.56
8.192	-0.01	8.47	0.05	7.56
8.224	-0.01	8.47	0.05	7.56
8.256	-0.01	8.47	-0.01	7.50
8.288	-0.01	8.47	-0.01	7.50
8.320	-0.01	8.47	-0.01	7.50
8.352	-0.01	8.47	0.09	7.59
8.384	-0.01	8.47	0.09	7.59
8.416	-0.01	8.47	0.09	7.59
8.448	-0.01	8.47	-0.01	7.50
8.480	-0.01	8.47	-0.01	7.50
8.512	-0.01	8.47	-0.01	7.50
8.544	-0.01	8.47	0.05	7.56
8.576	-0.01	8.47	0.05	7.56
8.608	-0.01	8.47	0.05	7.56
8.640	-0.01	8.47	0.05	7.56
8.672	-0.01	8.47	0.05	7.56
8.704	-0.01	8.47	0.05	7.56
8.736	-0.01	8.47	-0.02	7.49
8.768	-0.01	8.47	-0.02	7.49
8.800	-0.01	8.47	-0.02	7.49
8.832	-0.01	8.47	0.09	7.59
8.864	-0.01	8.47	0.09	7.59
8.896	-0.01	8.47	0.09	7.59
8.928	-0.01	8.47	-0.01	7.50
8.960	-0.01	8.47	-0.01	7.50
8.992	-0.01	8.48	-0.01	7.50
9.024	-0.01	8.48	0.05	7.56
9.056	-0.01	8.48	0.05	7.56
9.088	-0.01	8.47	0.05	7.56
9.120	-0.01	8.47	0.06	7.57
9.152	-0.01	8.47	0.06	7.57
9.184	-0.01	8.48	0.06	7.57
9.216	-0.01	8.48	-0.01	7.49
9.248	-0.01	8.48	-0.01	7.49
9.280	-0.01	8.48	-0.01	7.49
9.312	-0.01	8.48	0.08	7.59
9.344	-0.01	8.48	0.08	7.59
9.376	-0.01	8.47	0.08	7.59
9.408	-0.01	8.47	-0.01	7.50
9.440	-0.01	8.47	-0.01	7.50
9.472	-0.01	8.47	-0.01	7.50
9.504	-0.01	8.47	0.05	7.56
9.536	-0.01	8.47	0.05	7.56
9.568	-0.01	8.48	0.05	7.56
9.600	-0.01	8.48	0.06	7.57
9.632	-0.01	8.48	0.06	7.57
9.664	-0.01	8.48	0.06	7.57
9.696	-0.01	8.48	-0.02	7.49
9.728	-0.01	8.48	-0.02	7.49
9.760	-0.01	8.47	-0.02	7.49
9.792	-0.01	8.47	0.08	7.59
9.824	-0.01	8.47	0.08	7.59
9.856	-0.01	8.47	0.08	7.59
9.888	-0.01	8.47	-0.00	7.50
9.920	-0.01	8.47	-0.00	7.50
9.952	-0.01	8.47	-0.00	7.50
9.984	-0.01	8.47	0.05	7.56
10.016	-0.01	8.47	0.05	7.56
10.048	-0.01	8.48	0.05	7.56
10.080	-0.01	8.48	0.06	7.57
10.112	-0.01	8.48	0.06	7.57
10.144	-0.01	8.48	0.06	7.57
10.176	-0.01	8.48	-0.02	7.49
10.208	-0.01	8.48	-0.02	7.49
10.240	-0.01	8.47	-0.02	7.49
10.272	-0.01	8.47	0.08	7.59
10.304	-0.01	8.47	0.08	7.59
10.336	-0.01	8.48	0.08	7.59
10.368	-0.01	8.48	-0.01	7.50
10.400	-0.01	8.48	-0.01	7.50
10.432	-0.01	8.47	-0.01	7.50
10.464	-0.01	8.47	0.04	7.55
10.496	-0.01	8.47	0.04	7.55
10.528	-0.01	8.47	0.04	7.55
10.560	-0.01	8.47	0.07	7.58
10.592	-0.01	8.47	0.07	7.58
10.624	-0.01	8.48	0.07	7.58
10.656	-0.01	8.48	-0.02	7.49
10.688	-0.01	8.48	-0.02	7.49
10.720	-0.01	8.47	-0.02	7.49
10.752	-0.01	8.47	0.08	7.59
10.784	-0.01	8.47	0.08	7.59
10.816	-0.01	8.47	0.08	7.59
10.848	-0.01	8.47	-0.01	7.50
10.880	-0.01	8.47	-0.01	7.50
10.912	-0.01	8.47	-0.01	7.50
10.944	-0.01	8.47	0.04	7.55
10.976	-0.01	8.47	0.04	7.55
11.008	-0.01	8.47	0.04	7.55
11.040	-0.01	8.47	0.07	7.58
11.072	-0.01	8.47	0.07	7.58
11.104	-0.01	8.47	0.07	7.58
11.136	-0.01	8.47	-0.02	7.49
11.168	-0.01	8.47	-0.02	7.49
11.200	-0.01	8.47	-0.02	7.49
11.232	-0.01	8.47	0.08	7.59
11.264	-0.01	8.47	0.08	7.59
11.296	-0.01	8.47	0.08	7.59
11.328	-0.01	8.47	-0.01	7.50
11.360	-0.01	8.47	-0.01	7.50
11.392	-0.02	8.47	-0.01	7.50
11.424	-0.02	8.47	0.04	7.55
11.456	-0.02	8.47	0.04	7.55
11.488	-0.01	8.47	0.04	7.55
11.520	-0.01	8.47	0.07	7.58
11.552	-0.01	8.47	0.07	7.58
11.584	-0.02	8.47	0.07	7.58
11.616	-0.02	8.47	-0.02	7.49
11.648	-0.02	8.47	-0.02	7.49
11.680	-0.01	8.47	-0.02	7.49
11.712	-0.01	8.47	0.08	7.59
11.744	-0.01	8.47	0.08	7.59
11.776	-0.01	8.47	0.08	7.59
11.808	-0.01	8.47	-0.00	7.50
11.840	-0.01	8.47	-0.00	7.50
11.872	-0.02	8.47	-0.00	7.50
11.904	-0.02	8.47	0.03	7.54
11.936	-0.02	8.47	0.03	7.54
11.968	-0.01	8.47	0.03	7.54
12.000	-0.01	8.47	0.07	7.58
12.032	-0.01	8.47	0.07	7.58
12.064	-0.02	8.47	0.07	7.58
12.096	-0.02	8.47	-0.02	7.49
12.128	-0.02	8.47	-0.02	7.49
12.160	-0.01	8.47	-0.02	7.49
12.192	-0.01	8.47	0.08	7.58
12.224	-0.01	8.47	0.08	7.58
12.256	-0.01	8.47	0.08	7.58
12.288	-0.01	8.47	-0.00	7.51
12.320	-0.01	8.47	-0.00	7.51
12.352	-0.01	8.48	-0.00	7.51
12.384	-0.01	8.48	0.03	7.54
12.416	-0.01	8.48	0.03	7.54
12.448	-0.01	8.47	0.03	7.54
12.480	-0.01	8.47	0.08	7.58
12.512	-0.01	8.47	0.08	7.58
12.544	-0.01	8.47	0.08	7.58
12.576	-0.01	8.47	-0.03	7.48
12.608	-0.01	8.47	-0.03	7.48
12.640	-0.01	8.48	-0.03	7.48
12.672	-0.01	8.48	0.08	7.59
12.704	-0.01	8.48	0.08	7.59
12.736	-0.01	8.47	0.08	7.59
12.768	-0.01	8.47	-0.00	7.51
12.800	-0.01	8.47	-0.00	7.51
12.832	-0.02	8.47	-0.00	7.51
12.864	-0.02	8.47	0.03	7.54
12.896	-0.02	8.47	0.03	7.54
12.928	-0.01	8.47	0.03	7.54
12.960	-0.01	8.47	0.07	7.58
12.992	-0.01	8.47	0.07	7.58
13.024	-0.01	8.47	0.07	7.58
13.056	-0.01	8.47	-0.02	7.49
13.088	-0.01	8.47	-0.02	7.49
13.120	-0.01	8.47	-0.02	7.49
13.152	-0.01	8.47	0.08	7.59
13.184	-0.01	8.47	0.08	7.59
13.216	-0.01	8.47	0.08	7.59
13.248	-0.01	8.47	-0.00	7.50
13.280	-0.01	8.47	-0.00	7.50
13.312	-0.01	8.47	-0.00	7.50
13.344	-0.01	8.47	0.02	7.53
13.376	-0.01	8.47	0.02	7.53
13.408	-0.01	8.47	0.02	7.53
13.440	-0.01	8.47	0.07	7.58
13.472	-0.01	8.47	0.07	7.58
13.504	-0.01	8.48	0.07	7.58
13.536	-0.01	8.48	-0.02	7.48
13.568	-0.01	8.48	-0.02	7.48
13.600	-0.02	8.47	-0.02	7.48
13.632	-0.02	8.47	0.08	7.58
13.664	-0.02	8.47	0.08	7.58
13.696	-0.01	8.47	0.08	7.58
13.728	-0.01	8.47	-0.00	7.51
13.760	-0.01	8.47	-0.00	7.51
13.792	-0.01	8.47	-0.00	7.51
13.824	-0.01	8.47	0.02	7.53
13.856	-0.01	8.47	0.02	7.53
13.888	-0.01	8.47	0.02	7.53
13.920	-0.01	8.47	0.08	7.58
13.952	-0.01	8.47	0.08	7.58
13.984	-0.01	8.47	0.08	7.58
14.016	-0.01	8.47	-0.03	7.48
14.048	-0.01	8.47	-0.03	7.48
14.080	-0.01	8.47	-0.03	7.48
14.112	-0.01	8.47	0.07	7.58
14.144	-0.01	8.47	0.07	7.58
14.176	-0.01	8.47	0.07	7.58
14.208	-0.01	8.47	0.00	7.51
14.240	-0.01	8.47	0.00	7.51
14.272	1.07	9.55	0.00	7.51
14.304	1.07	9.55	0.02	7.53
14.336	1.07	9.55	0.02	7.53
14.368	16.63	25.12	0.02	7.53
14.400	16.63	25.12	0.08	7.59
14.432	16.63	25.12	0.08	7.59
14.464	19.30	27.79	0.08	7.59
14.496	19.30	27.79	-0.02	7.49
14.528	19.30	27.79	-0.02	7.49
14.560	19.75	28.23	-0.02	7.49
14.592	19.75	28.23	0.07	7.58
14.624	19.75	28.23	0.07	7.58
14.656	19.75	28.23	0.07	7.58
14.688	19.75	28.23	0.01	7.52
14.720	19.75	28.23	0.01	7.52
14.752	19.55	28.03	0.01	7.52
14.784	19.55	28.03	0.01	7.52
14.816	19.55	28.03	0.01	7.52
14.848	19.58	28.06	0.01	7.52
14.880	19.58	28.06	0.08	7.59
14.912	19.58	28.06	0.08	7.59
14.944	19.61	28.10	0.08	7.59
14.976	19.61	28.10	-0.02	7.49
15.008	19.61	28.10	-0.02	7.49
15.040	19.56	28.04	-0.02	7.49
15.072	19.56	28.04	0.07	7.58
15.104	19.56	28.04	0.07	7.58
15.136	19.60	28.09	0.07	7.58
15.168	19.60	28.09	0.01	7.52
15.200	19.60	28.09	0.01	7.52
15.232	19.49	27.98	0.01	7.52
15.264	19.49	27.98	0.01	7.52
15.296	19.49	27.98	0.01	7.52
15.328	19.51	27.99	0.01	7.52
15.360	19.51	27.99	0.08	7.59
15.392	19.51	27.99	0.08	7.59
15.424	19.53	28.02	0.08	7.59
15.456	19.53	28.02	-0.02	7.49
15.488	19.53	28.02	-0.02	7.49
15.520	19.51	28.00	-0.02	7.49
15.552	19.51	28.00	0.07	7.58
15.584	19.51	28.00	0.07	7.58
15.616	19.69	28.18	0.07	7.58
15.648	19.69	28.18	0.01	7.52
15.680	19.69	28.18	0.01	7.52
15.712	19.58	28.07	0.01	7.52
15.744	19.58	28.07	0.00	7.51
15.776	19.58	28.07	0.00	7.51
15.808	19.55	28.04	0.00	7.51
15.840	19.55	28.04	0.09	7.59
15.872	19.55	28.04	0.09	7.59
15.904	19.71	28.20	0.09	7.59
15.936	19.71	28.20	-0.02	7.49
15.968	19.71	28.20	-0.02	7.49
16.000	19.63	28.11	-0.02	7.49
16.032	19.63	28.11	0.07	7.58
16.064	19.63	28.11	0.07	7.58
16.096	19.61	28.09	0.07	7.58
16.128	19.61	28.09	0.02	7.53
16.160	19.61	28.09	0.02	7.53
16.192	19.62	28.11	0.02	7.53
16.224	19.62	28.11	-0.00	7.51
16.256	19.62	28.11	-0.00	7.51
16.288	19.57	28.06	-0.00	7.51
16.320	19.57	28.06	0.08	7.59
16.352	19.57	28.06	0.08	7.59
16.384	19.64	28.12	0.08	7.59
16.416	19.64	28.12	-0.02	7.49
16.448	19.64	28.12	-0.02	7.49
16.480	19.61	28.09	-0.02	7.49
16.512	19.61	28.09	0.07	7.58
16.544	19.61	28.09	0.07	7.58
16.576	19.77	28.25	0.07	7.58
16.608	19.77	28.25	0.02	7.53
16.640	19.77	28.25	0.02	7.53
16.672	19.70	28.19	0.02	7.53
16.704	19.70	28.19	-0.00	7.50
16.736	19.70	28.19	-0.00	7.50
16.768	19.67	28.16	-0.00	7.50
16.800	19.67	28.16	0.08	7.59
16.832	19.67	28.16	0.08	7.59
16.864	19.65	28.14	0.08	7.59
16.896	19.65	28.14	-0.01	7.49
16.928	19.65	28.14	-0.01	7.49
16.960	19.68	28.16	-0.01	7.49
16.992	19.68	28.16	0.07	7.58
17.024	19.68	28.16	0.07	7.58
17.056	19.65	28.13	0.07	7.58
17.088	19.65	28.13	0.03	7.54
17.120	19.65	28.13	0.03	7.54
17.152	19.61	28.09	0.03	7.54
17.184	19.61	28.09	-0.01	7.50
17.216	19.61	28.09	-0.01	7.50
17.248	19.57	28.05	-0.01	7.50
17.280	19.57	28.05	0.09	7.60
17.312	19.57	28.05	0.09	7.60
17.344	19.57	28.05	0.09	7.60
17.376	19.57	28.05	-0.01	7.50
17.408	19.57	28.05	-0.01	7.50
17.440	19.70	28.19	-0.01	7.50
17.472	19.70	28.19	0.07	7.58
17.504	19.70	28.19	0.07	7.58
17.536	19.70	28.18	0.07	7.58
17.568	19.70	28.18	0.04	7.55
17.600	19.70	28.18	0.04	7.55
17.632	19.61	28.09	0.04	7.55
17.664	19.61	28.09	-0.01	7.50
17.696	19.61	28.09	-0.01	7.50
17.728	19.67	28.15	-0.01	7.50
17.760	19.67	28.15	0.09	7.60
17.792	19.67	28.15	0.09	7.60
17.824	19.67	28.16	0.09	7.60
17.856	19.67	28.16	-0.01	7.50
17.888	19.67	28.16	-0.01	7.50
17.920	19.66	28.15	-0.01	7.50
17.952	19.66	28.15	0.07	7.58
17.984	19.66	28.15	0.07	7.58
18.016	19.68	28.16	0.07	7.58
18.048	19.68	28.16	0.05	7.56
18.080	19.68	28.16	0.05	7.56
18.112	19.60	28.08	0.05	7.56
18.144	19.60	28.08	-0.01	7.50
18.176	19.60	28.08	-0.01	7.50
18.208	19.60	28.09	-0.01	7.50
18.240	19.60	28.09	0.09	7.60
18.272	19.60	28.09	0.09	7.60
18.304	19.56	28.04	0.09	7.60
18.336	19.56	28.04	-0.00	7.51
18.368	19.56	28.04	-0.00	7.51
18.400	19.68	28.17	-0.00	7.51
18.432	19.68	28.17	0.06	7.57
18.464	19.68	28.17	0.06	7.57
18.496	19.67	28.16	0.06	7.57
18.528	19.67	28.16	0.06	7.57
18.560	19.67	28.16	0.06	7.57
18.592	19.66	28.14	0.06	7.57
18.624	19.66	28.14	-0.01	7.50
18.656	19.66	28.14	-0.01	7.50
18.688	19.64	28.12	-0.01	7.50
18.720	19.64	28.12	0.09	7.60
18.752	19.64	28.12	0.09	7.60
18.784	19.65	28.13	0.09	7.60
18.816	19.65	28.13	-0.00	7.51
18.848	19.65	28.13	-0.00	7.51
18.880	19.69	28.17	-0.00	7.51
18.912	19.69	28.17	0.06	7.57
18.944	19.69	28.17	0.06	7.57
18.976	19.63	28.12	0.06	7.57
19.008	19.63	28.12	0.06	7.57
19.040	19.63	28.12	0.06	7.57
19.072	19.56	28.04	0.06	7.57
19.104	19.56	28.04	-0.01	7.49
19.136	19.56	28.04	-0.01	7.49
19.168	19.60	28.08	-0.01	7.49
19.200	19.60	28.08	0.09	7.60
19.232	19.60	28.08	0.09	7.60
19.264	19.62	28.10	0.09	7.60
19.296	19.62	28.10	-0.00	7.51
19.328	19.62	28.10	-0.00	7.51
19.360	19.58	28.06	-0.00	7.51
19.392	19.58	28.06	0.05	7.56
19.424	19.58	28.06	0.05	7.56
19.456	19.58	28.07	0.05	7.56
19.488	19.58	28.07	0.07	7.58
19.520	19.58	28.07	0.07	7.58
19.552	19.58	28.07	0.07	7.58
19.584	19.58	28.07	-0.01	7.50
19.616	19.58	28.07	-0.01	7.50
19.648	19.63	28.11	-0.01	7.50
19.680	19.63	28.11	0.09	7.60
19.712	19.63	28.11	0.09	7.60
19.744	19.66	28.15	0.09	7.60
19.776	19.66	28.15	-0.00	7.50
19.808	19.66	28.15	-0.00	7.50
19.840	19.66	28.14	-0.00	7.50
19.872	19.66	28.14	0.05	7.55
19.904	19.66	28.14	0.05	7.55
19.936	19.62	28.11	0.05	7.55
19.968	19.62	28.11	0.07	7.58
20.000	19.62	28.11	0.07	7.58
20.032	19.59	28.07	0.07	7.58
20.064	19.59	28.07	-0.01	7.49
20.096	19.59	28.07	-0.01	7.49
20.128	19.57	28.05	-0.01	7.49
20.160	19.57	28.05	0.09	7.59
20.192	19.57	28.05	0.09	7.59
20.224	19.64	28.12	0.09	7.59
20.256	19.64	28.12	-0.00	7.51
20.288	19.64	28.12	-0.00	7.51
20.320	19.60	28.09	-0.00	7.51
20.352	19.60	28.09	0.04	7.55
20.384	19.60	28.09	0.04	7.55
20.416	19.63	28.12	0.04	7.55
20.448	19.63	28.12	0.08	7.58
20.480	19.63	28.12	0.08	7.58
20.512	19.62	28.10	0.08	7.58
20.544	19.62	28.10	-0.02	7.49
20.576	19.62	28.10	-0.02	7.49
20.608	19.57	28.06	-0.02	7.49
20.640	19.57	28.06	0.08	7.59
20.672	19.57	28.06	0.08	7.59
20.704	19.71	28.19	0.08	7.59
20.736	19.71	28.19	0.00	7.51
20.768	19.71	28.19	0.00	7.51
20.800	19.70	28.18	0.00	7.51
20.832	19.70	28.18	0.03	7.54
20.864	19.70	28.18	0.03	7.54
20.896	19.66	28.15	0.03	7.54
20.928	19.66	28.15	0.08	7.59
20.960	19.66	28.15	0.08	7.59
20.992	19.63	28.12	0.08	7.59
21.024	19.63	28.12	-0.02	7.48
21.056	19.63	28.12	-0.02	7.48
21.088	19.59	28.08	-0.02	7.48
21.120	19.59	28.08	0.08	7.59
21.152	19.59	28.08	0.08	7.59
21.184	19.67	28.15	0.08	7.59
21.216	19.67	28.15	0.00	7.51
21.248	19.67	28.15	0.00	7.51
21.280	19.61	28.09	0.00	7.51
21.312	19.61	28.09	0.02	7.53
21.344	19.61	28.09	0.02	7.53
21.376	19.64	28.13	0.02	7.53
21.408	19.64	28.13	0.08	7.59
21.440	19.64	28.13	0.08	7.59
21.472	19.69	28.17	0.08	7.59
21.504	19.69	28.17	-0.02	7.49
21.536	19.69	28.17	-0.02	7.49
21.568	19.67	28.16	-0.02	7.49
21.600	19.67	28.16	0.08	7.58
21.632	19.67	28.16	0.08	7.58
21.664	19.69	28.18	0.08	7.58
21.696	19.69	28.18	0.01	7.52
21.728	19.69	28.18	0.01	7.52
21.760	19.65	28.13	0.01	7.52
21.792	19.65	28.13	0.01	7.52
21.824	19.65	28.13	0.01	7.52
21.856	19.64	28.13	0.01	7.52
21.888	19.64	28.13	0.08	7.59
21.920	19.64	28.13	0.08	7.59
21.952	19.65	28.14	0.08	7.59
21.984	19.65	28.14	-0.02	7.49
22.016	19.65	28.14	-0.02	7.49
22.048	19.65	28.13	-0.02	7.49
22.080	19.65	28.13	0.07	7.58
22.112	19.65	28.13	0.07	7.58
22.144	19.63	28.11	0.07	7.58
22.176	19.63	28.11	0.01	7.52
22.208	19.63	28.11	0.01	7.52
22.240	19.59	28.07	0.01	7.52
22.272	19.59	28.07	0.01	7.52
22.304	19.59	28.07	0.01	7.52
22.336	19.66	28.14	0.01	7.52
22.368	19.66	28.14	0.09	7.59
22.400	19.66	28.14	0.09	7.59
22.432	19.63	28.11	0.09	7.59
22.464	19.63	28.11	-0.02	7.49
22.496	19.63	28.11	-0.02	7.49
22.528	19.67	28.15	-0.02	7.49
22.560	19.67	28.15	0.07	7.58
22.592	19.67	28.15	0.07	7.58
22.624	19.69	28.17	0.07	7.58
22.656	19.69	28.17	0.02	7.53
22.688	19.69	28.17	0.02	7.53
22.720	19.69	28.18	0.02	7.53
22.752	19.69	28.18	-0.00	7.51
22.784	19.69	28.18	-0.00	7.51
22.816	19.61	28.10	-0.00	7.51
22.848	19.61	28.10	0.09	7.59
22.880	19.61	28.10	0.09	7.59
22.912	19.66	28.15	0.09	7.59
22.944	19.66	28.15	-0.01	7.49
22.976	19.66	28.15	-0.01	7.49
23.008	19.77	28.25	-0.01	7.49
23.040	19.77	28.25	0.07	7.58
23.072	19.77	28.25	0.07	7.58
23.104	19.70	28.19	0.07	7.58
23.136	19.70	28.19	0.03	7.54
23.168	19.70	28.19	0.03	7.54
23.200	19.70	28.18	0.03	7.54
23.232	19.70	28.18	-0.00	7.50
23.264	19.70	28.18	-0.00	7.50
23.296	19.71	28.20	-0.00	7.50
23.328	19.71	28.20	0.09	7.59
23.360	19.71	28.20	0.09	7.59
23.392	19.72	28.20	0.09	7.59
23.424	19.72	28.20	-0.01	7.50
23.456	19.72	28.20	-0.01	7.50
23.488	19.74	28.22	-0.01	7.50
23.520	19.74	28.22	0.07	7.58
23.552	19.74	28.22	0.07	7.58
23.584	19.74	28.23	0.07	7.58
23.616	19.74	28.23	0.04	7.55
23.648	19.74	28.23	0.04	7.55
23.680	19.72	28.21	0.04	7.55
23.712	19.72	28.21	-0.01	7.50
23.744	19.72	28.21	-0.01	7.50
23.776	19.70	28.18	-0.01	7.50
23.808	19.70	28.18	0.09	7.60
23.840	19.70	28.18	0.09	7.60
23.872	19.71	28.20	0.09	7.60
23.904	19.71	28.20	-0.01	7.50
23.936	19.71	28.20	-0.01	7.50
23.968	19.80	28.28	-0.01	7.50
24.000	19.80	28.28	0.07	7.58
24.032	19.80	28.28	0.07	7.58
24.064	19.74	28.23	0.07	7.58
24.096	19.74	28.23	0.05	7.56
24.128	19.74	28.23	0.05	7.56
24.160	19.72	28.21	0.05	7.56
24.192	19.72	28.21	-0.01	7.50
24.224	19.72	28.21	-0.01	7.50
24.256	19.74	28.22	-0.01	7.50
24.288	19.74	28.22	0.09	7.60
24.320	19.74	28.22	0.09	7.60
24.352	19.72	28.20	0.09	7.60
24.384	19.72	28.20	-0.00	7.50
24.416	19.72	28.20	-0.00	7.50
24.448	19.78	28.26	-0.00	7.50
24.480	19.78	28.26	0.06	7.57
24.512	19.78	28.26	0.06	7.57
24.544	19.69	28.17	0.06	7.57
24.576	19.69	28.17	0.06	7.57
24.608	19.69	28.17	0.06	7.57
24.640	19.67	28.15	0.06	7.57
24.672	19.67	28.15	-0.01	7.50
24.704	19.67	28.15	-0.01	7.50
24.736	19.71	28.19	-0.01	7.50
24.768	19.71	28.19	0.09	7.60
24.800	19.71	28.19	0.09	7.60
24.832	19.69	28.18	0.09	7.60
24.864	19.69	28.18	-0.00	7.51
24.896	19.69	28.18	-0.00	7.51
24.928	19.75	28.23	-0.00	7.51
24.960	19.75	28.23	0.06	7.57
24.992	19.75	28.23	0.06	7.57
25.024	19.74	28.22	0.06	7.57
25.056	19.74	28.22	0.06	7.57
25.088	19.74	28.22	0.06	7.57
25.120	19.74	28.22	0.06	7.57
25.152	19.74	28.22	-0.01	7.49
25.184	19.74	28.22	-0.01	7.49
25.216	19.77	28.25	-0.01	7.49
25.248	19.77	28.25	0.09	7.60
25.280	19.77	28.25	0.09	7.60
25.312	19.78	28.26	0.09	7.60
25.344	19.78	28.26	-0.00	7.51
25.376	19.78	28.26	-0.00	7.51
25.408	19.77	28.25	-0.00	7.51
25.440	19.77	28.25	0.05	7.56
25.472	19.77	28.25	0.05	7.56
25.504	19.73	28.21	0.05	7.56
25.536	19.73	28.21	0.07	7.58
25.568	19.73	28.21	0.07	7.58
25.600	19.71	28.19	0.07	7.58
25.632	19.71	28.19	-0.01	7.50
25.664	19.71	28.19	-0.01	7.50
25.696	19.68	28.17	-0.01	7.50
25.728	19.68	28.17	0.09	7.59
25.760	19.68	28.17	0.09	7.59
25.792	19.80	28.28	0.09	7.59
25.824	19.80	28.28	-0.00	7.51
25.856	19.80	28.28	-0.00	7.51
25.888	19.75	28.23	-0.00	7.51
25.920	19.75	28.23	0.04	7.55
25.952	19.75	28.23	0.04	7.55
25.984	19.79	28.27	0.04	7.55
26.016	19.79	28.27	0.08	7.58
26.048	19.79	28.27	0.08	7.58
26.080	19.80	28.29	0.08	7.58
26.112	19.80	28.29	-0.02	7.49
26.144	19.80	28.29	-0.02	7.49
26.176	19.74	28.23	-0.02	7.49
26.208	19.74	28.23	0.08	7.59
26.240	19.74	28.23	0.08	7.59
26.272	19.76	28.25	0.08	7.59
26.304	19.76	28.25	0.00	7.51
26.336	19.76	28.25	0.00	7.51
26.368	19.77	28.25	0.00	7.51
26.400	19.77	28.25	0.03	7.54
26.432	19.77	28.25	0.03	7.54
26.464	19.75	28.23	0.03	7.54
26.496	19.75	28.23	0.08	7.59
26.528	19.75	28.23	0.08	7.59
26.560	19.71	28.19	0.08	7.59
26.592	19.71	28.19	-0.02	7.49
26.624	19.71	28.19	-0.02	7.49
26.656	19.68	28.17	-0.02	7.49
26.688	19.68	28.17	0.08	7.59
26.720	19.68	28.17	0.08	7.59
26.752	19.77	28.26	0.08	7.59
26.784	19.77	28.26	0.00	7.51
26.816	19.77	28.26	0.00	7.51
26.848	19.77	28.26	0.00	7.51
26.880	19.77	28.26	0.02	7.53
26.912	19.77	28.26	0.02	7.53
26.944	19.74	28.22	0.02	7.53
26.976	19.74	28.22	0.08	7.59
27.008	19.74	28.22	0.08	7.59
27.040	19.76	28.24	0.08	7.59
27.072	19.76	28.24	-0.02	7.49
27.104	19.76	28.24	-0.02	7.49
27.136	19.77	28.25	-0.02	7.49
27.168	19.77	28.25	0.07	7.58
27.200	19.77	28.25	0.07	7.58
27.232	19.79	28.28	0.07	7.58
27.264	19.79	28.28	0.01	7.52
27.296	19.79	28.28	0.01	7.52
27.328	19.77	28.25	0.01	7.52
27.360	19.77	28.25	0.01	7.52
27.392	19.77	28.25	0.01	7.52
27.424	19.72	28.20	0.01	7.52
27.456	19.72	28.20	0.08	7.59
27.488	19.72	28.20	0.08	7.59
27.520	19.74	28.22	0.08	7.59
27.552	19.74	28.22	-0.02	7.49
27.584	19.74	28.22	-0.02	7.49
27.616	19.74	28.23	-0.02	7.49
27.648	19.74	28.23	0.07	7.58
27.680	19.74	28.23	0.07	7.58
27.712	19.81	28.29	0.07	7.58
27.744	19.81	28.29	0.02	7.53
27.776	19.81	28.29	0.02	7.53
27.808	19.79	28.27	0.02	7.53
27.840	19.79	28.27	0.00	7.51
27.872	19.79	28.27	0.00	7.51
27.904	19.78	28.26	0.00	7.51
27.936	19.78	28.26	0.08	7.59
27.968	19.78	28.26	0.08	7.59
28.000	19.79	28.28	0.08	7.59
28.032	19.79	28.28	-0.02	7.49
28.064	19.79	28.28	-0.02	7.49
28.096	19.76	28.25	-0.02	7.49
28.128	19.76	28.25	0.07	7.58
28.160	19.76	28.25	0.07	7.58
28.192	19.80	28.28	0.07	7.58
28.224	19.80	28.28	0.03	7.54
28.256	19.80	28.28	0.03	7.54
28.288	19.76	28.24	0.03	7.54
28.320	19.76	28.24	-0.00	7.51
28.352	19.76	28.24	-0.00	7.51
28.384	19.75	28.24	-0.00	7.51
28.416	19.75	28.24	0.09	7.60
28.448	19.75	28.24	0.09	7.60
28.480	19.75	28.23	0.09	7.60
28.512	19.75	28.23	-0.01	7.50
28.544	19.75	28.23	-0.01	7.50
28.576	19.75	28.23	-0.01	7.50
28.608	19.75	28.23	0.07	7.58
28.640	19.75	28.23	0.07	7.58
28.672	19.80	28.28	0.07	7.58
28.704	19.80	28.28	0.04	7.55
28.736	19.80	28.28	0.04	7.55
28.768	19.78	28.26	0.04	7.55
28.800	19.78	28.26	-0.00	7.50
28.832	19.78	28.26	-0.00	7.50
28.864	19.78	28.27	-0.00	7.50
28.896	19.78	28.27	0.09	7.60
28.928	19.78	28.27	0.09	7.60
28.960	19.72	28.20	0.09	7.60
28.992	19.72	28.20	-0.01	7.50
29.024	19.72	28.20	-0.01	7.50
29.056	19.75	28.23	-0.01	7.50
29.088	19.75	28.23	0.07	7.58
29.120	19.75	28.23	0.07	7.58
29.152	19.80	28.29	0.07	7.58
29.184	19.80	28.29	0.05	7.55
29.216	19.80	28.29	0.05	7.55
29.248	19.73	28.22	0.05	7.55
29.280	19.73	28.22	-0.01	7.50
29.312	19.73	28.22	-0.01	7.50
29.344	19.77	28.25	-0.01	7.50
29.376	19.77	28.25	0.09	7.60
29.408	19.77	28.25	0.09	7.60
29.440	19.75	28.24	0.09	7.60
29.472	19.75	28.24	-0.01	7.50
29.504	19.75	28.24	-0.01	7.50
29.536	19.79	28.27	-0.01	7.50
29.568	19.79	28.27	0.06	7.57
29.600	19.79	28.27	0.06	7.57
29.632	19.86	28.34	0.06	7.57
29.664	19.86	28.34	0.06	7.57
29.696	19.86	28.34	0.06	7.57
29.728	19.79	28.28	0.06	7.57
29.760	19.79	28.28	-0.01	7.50
29.792	19.79	28.28	-0.01	7.50
29.824	19.77	28.25	-0.01	7.50
29.856	19.77	28.25	0.10	7.60
29.888	19.77	28.25	0.10	7.60
29.920	19.79	28.28	0.10	7.60
29.952	19.79	28.28	-0.00	7.51
29.984	19.79	28.28	-0.00	7.51
30.016	19.86	28.34	-0.00	7.51
30.048	19.86	28.34	0.06	7.57
30.080	19.86	28.34	0.06	7.57
30.112	19.78	28.27	0.06	7.57
30.144	19.78	28.27	0.06	7.57
30.176	19.78	28.27	0.06	7.57
30.208	19.79	28.28	0.06	7.57
30.240	19.79	28.28	-0.01	7.50
30.272	19.79	28.28	-0.01	7.50
30.304	19.76	28.24	-0.01	7.50
30.336	19.76	28.24	0.09	7.60
30.368	19.76	28.24	0.09	7.60
30.400	19.81	28.30	0.09	7.60
30.432	19.81	28.30	-0.00	7.50
30.464	19.81	28.30	-0.00	7.50
30.496	19.83	28.31	-0.00	7.50
30.528	19.83	28.31	0.05	7.56
30.560	19.83	28.31	0.05	7.56
30.592	19.77	28.25	0.05	7.56
30.624	19.77	28.25	0.07	7.58
30.656	19.77	28.25	0.07	7.58
30.688	19.77	28.25	0.07	7.58
30.720	19.77	28.25	-0.01	7.49
30.752	19.77	28.25	-0.01	7.49
30.784	19.78	28.26	-0.01	7.49
30.816	19.78	28.26	0.09	7.60
30.848	19.78	28.26	0.09	7.60
30.880	19.81	28.29	0.09	7.60
30.912	19.81	28.29	-0.00	7.51
30.944	19.81	28.29	-0.00	7.51
30.976	19.78	28.27	-0.00	7.51
31.008	19.78	28.27	0.04	7.55
31.040	19.78	28.27	0.04	7.55
31.072	19.77	28.25	0.04	7.55
31.104	19.77	28.25	0.08	7.58
31.136	19.77	28.25	0.08	7.58
31.168	19.73	28.21	0.08	7.58
31.200	19.73	28.21	-0.02	7.49
31.232	19.73	28.21	-0.02	7.49
31.264	19.77	28.25	-0.02	7.49
31.296	19.77	28.25	0.08	7.59
31.328	19.77	28.25	0.08	7.59
31.360	19.77	28.25	0.08	7.59
31.392	19.77	28.25	-0.00	7.51
31.424	19.77	28.25	-0.00	7.51
31.456	19.80	28.29	-0.00	7.51
31.488	19.80	28.29	0.03	7.54
31.520	19.80	28.29	0.03	7.54
31.552	19.82	28.31	0.03	7.54
31.584	19.82	28.31	0.08	7.59
31.616	19.82	28.31	0.08	7.59
31.648	19.73	28.22	0.08	7.59
31.680	19.73	28.22	-0.02	7.49
31.712	19.73	28.22	-0.02	7.49
31.744	19.78	28.27	-0.02	7.49
31.776	19.78	28.27	0.08	7.59
31.808	19.78	28.27	0.08	7.59
31.840	19.79	28.28	0.08	7.59
31.872	19.79	28.28	0.00	7.51
31.904	19.79	28.28	0.00	7.51
31.936	19.80	28.28	0.00	7.51
31.968	19.80	28.28	0.02	7.53
32.000	19.80	28.28	0.02	7.53
32.032	19.79	28.27	0.02	7.53
32.064	19.79	28.27	0.08	7.59
32.096	19.79	28.27	0.08	7.59
32.128	19.74	28.22	0.08	7.59
32.160	19.74	28.22	-0.02	7.49
32.192	19.74	28.22	-0.02	7.49
32.224	19.68	28.16	-0.02	7.49
32.256	19.68	28.16	0.07	7.58
32.288	19.68	28.16	0.07	7.58
32.320	19.80	28.28	0.07	7.58
32.352	19.80	28.28	0.01	7.52
32.384	19.80	28.28	0.01	7.52
32.416	19.74	28.23	0.01	7.52
32.448	19.74	28.23	0.01	7.52
32.480	19.74	28.23	0.01	7.52
32.512	19.72	28.21	0.01	7.52
32.544	19.72	28.21	0.08	7.59
32.576	19.72	28.21	0.08	7.59
32.608	19.72	28.20	0.08	7.59
32.640	19.72	28.20	-0.02	7.49
32.672	19.72	28.20	-0.02	7.49
32.704	19.73	28.22	-0.02	7.49
32.736	19.73	28.22	0.07	7.58
32.768	19.73	28.22	0.07	7.58
32.800	19.80	28.28	0.07	7.58
32.832	19.80	28.28	0.01	7.52
32.864	19.80	28.28	0.01	7.52
32.896	19.78	28.27	0.01	7.52
32.928	19.78	28.27	0.00	7.51
32.960	19.78	28.27	0.00	7.51
32.992	19.74	28.22	0.00	7.51
33.024	19.74	28.22	0.09	7.60
33.056	19.74	28.22	0.09	7.60
33.088	19.74	28.23	0.09	7.60
33.120	19.74	28.23	-0.02	7.49
33.152	19.74	28.23	-0.02	7.49
33.184	19.75	28.23	-0.02	7.49
33.216	19.75	28.23	0.07	7.58
33.248	19.75	28.23	0.07	7.58
33.280	19.83	28.31	0.07	7.58
33.312	19.83	28.31	0.03	7.54
33.344	19.83	28.31	0.03	7.54
33.376	19.78	28.26	0.03	7.54
33.408	19.78	28.26	-0.00	7.50
33.440	19.78	28.26	-0.00	7.50
33.472	19.83	28.31	-0.00	7.50
33.504	19.83	28.31	0.09	7.60
33.536	19.83	28.31	0.09	7.60
33.568	19.78	28.27	0.09	7.60
33.600	19.78	28.27	-0.01	7.49
33.632	19.78	28.27	-0.01	7.49
33.664	19.79	28.28	-0.01	7.49
33.696	19.79	28.28	0.07	7.58
33.728	19.79	28.28	0.07	7.58
33.760	19.81	28.30	0.07	7.58
33.792	19.81	28.30	0.04	7.55
33.824	19.81	28.30	0.04	7.55
33.856	19.80	28.28	0.04	7.55
33.888	19.80	28.28	-0.00	7.50
33.920	19.80	28.28	-0.00	7.50
33.952	19.77	28.25	-0.00	7.50
33.984	19.77	28.25	0.09	7.60
34.016	19.77	28.25	0.09	7.60
34.048	19.82	28.31	0.09	7.60
34.080	19.82	28.31	-0.01	7.50
34.112	19.82	28.31	-0.01	7.50
34.144	19.77	28.25	-0.01	7.50
34.176	19.77	28.25	0.07	7.58
34.208	19.77	28.25	0.07	7.58
34.240	19.85	28.34	0.07	7.58
34.272	19.85	28.34	0.04	7.55
34.304	19.85	28.34	0.04	7.55
34.336	19.80	28.28	0.04	7.55
34.368	19.80	28.28	-0.01	7.50
34.400	19.80	28.28	-0.01	7.50
34.432	19.78	28.27	-0.01	7.50
34.464	19.78	28.27	0.09	7.60
34.496	19.78	28.27	0.09	7.60
34.528	19.80	28.28	0.09	7.60
34.560	19.80	28.28	-0.00	7.50
34.592	19.80	28.28	-0.00	7.50
34.624	19.82	28.30	-0.00	7.50
34.656	19.82	28.30	0.06	7.57
34.688	19.82	28.30	0.06	7.57
34.720	19.83	28.32	0.06	7.57
34.752	19.83	28.32	0.05	7.56
34.784	19.83	28.32	0.05	7.56
34.816	19.74	28.22	0.05	7.56
34.848	19.74	28.22	-0.01	7.50
34.880	19.74	28.22	-0.01	7.50
34.912	19.76	28.24	-0.01	7.50
34.944	19.76	28.24	0.09	7.60
34.976	19.76	28.24	0.09	7.60
35.008	19.69	28.18	0.09	7.60
35.040	19.69	28.18	0.00	7.51
35.072	19.69	28.18	0.00	7.51
35.104	19.79	28.28	0.00	7.51
35.136	19.79	28.28	0.06	7.57
35.168	19.79	28.28	0.06	7.57
35.200	19.80	28.28	0.06	7.57
35.232	19.80	28.28	0.06	7.57
35.264	19.80	28.28	0.06	7.57
35.296	19.79	28.27	0.06	7.57
35.328	19.79	28.27	-0.01	7.50
35.360	19.79	28.27	-0.01	7.50
35.392	19.84	28.32	-0.01	7.50
35.424	19.84	28.32	0.09	7.60
35.456	19.84	28.32	0.09	7.60
35.488	19.80	28.28	0.09	7.60
35.520	19.80	28.28	-0.00	7.51
35.552	19.80	28.28	-0.00	7.51
35.584	19.83	28.31	-0.00	7.51
35.616	19.83	28.31	0.06	7.57
35.648	19.83	28.31	0.06	7.57
35.680	19.80	28.28	0.06	7.57
35.712	19.80	28.28	0.07	7.58
35.744	19.80	28.28	0.07	7.58
35.776	19.80	28.29	0.07	7.58
35.808	19.80	28.29	-0.01	7.49
35.840	19.80	28.29	-0.01	7.49
35.872	19.74	28.22	-0.01	7.49
35.904	19.74	28.22	0.09	7.60
35.936	19.74	28.22	0.09	7.60
35.968	19.78	28.26	0.09	7.60
36.000	19.78	28.26	-0.00	7.51
36.032	19.78	28.26	-0.00	7.51
36.064	19.80	28.28	-0.00	7.51
36.096	19.80	28.28	0.04	7.55
36.128	19.80	28.28	0.04	7.55
36.160	19.88	28.36	0.04	7.55
36.192	19.88	28.36	0.08	7.58
36.224	19.88	28.36	0.08	7.58
36.256	19.80	28.28	0.08	7.58
36.288	19.80	28.28	-0.02	7.49
36.320	19.80	28.28	-0.02	7.49
36.352	19.87	28.35	-0.02	7.49
36.384	19.87	28.35	0.08	7.59
36.416	19.87	28.35	0.08	7.59
36.448	19.82	28.30	0.08	7.59
36.480	19.82	28.30	-0.00	7.51
36.512	19.82	28.30	-0.00	7.51
36.544	19.91	28.40	-0.00	7.51
36.576	19.91	28.40	0.03	7.54
36.608	19.91	28.40	0.03	7.54
36.640	19.85	28.33	0.03	7.54
36.672	19.85	28.33	0.08	7.59
36.704	19.85	28.33	0.08	7.59
36.736	19.85	28.33	0.08	7.59
36.768	19.85	28.33	-0.02	7.49
36.800	19.85	28.33	-0.02	7.49
36.832	19.78	28.27	-0.02	7.49
36.864	19.78	28.27	0.08	7.59
36.896	19.78	28.27	0.08	7.59
36.928	19.77	28.26	0.08	7.59
36.960	19.77	28.26	0.00	7.51
36.992	19.77	28.26	0.00	7.51
37.024	19.85	28.33	0.00	7.51
37.056	19.85	28.33	0.02	7.53
37.088	19.85	28.33	0.02	7.53
37.120	19.80	28.28	0.02	7.53
37.152	19.80	28.28	0.08	7.59
37.184	19.80	28.28	0.08	7.59
37.216	19.77	28.26	0.08	7.59
37.248	19.77	28.26	-0.02	7.49
37.280	19.77	28.26	-0.02	7.49
37.312	19.85	28.33	-0.02	7.49
37.344	19.85	28.33	0.07	7.58
37.376	19.85	28.33	0.07	7.58
37.408	19.78	28.27	0.07	7.58
37.440	19.78	28.27	0.01	7.52
37.472	19.78	28.27	0.01	7.52
37.504	19.87	28.35	0.01	7.52
37.536	19.87	28.35	0.01	7.52
37.568	19.87	28.35	0.01	7.52
37.600	19.79	28.27	0.01	7.52
37.632	19.79	28.27	0.08	7.59
37.664	19.79	28.27	0.08	7.59
37.696	19.82	28.31	0.08	7.59
37.728	19.82	28.31	-0.02	7.49
37.760	19.82	28.31	-0.02	7.49
37.792	19.79	28.28	-0.02	7.49
37.824	19.79	28.28	0.07	7.58
37.856	19.79	28.28	0.07	7.58
37.888	19.83	28.31	0.07	7.58
37.920	19.83	28.31	0.01	7.52
37.952	19.83	28.31	0.01	7.52
37.984	19.82	28.30	0.01	7.52
38.016	19.82	28.30	0.01	7.52
38.048	19.82	28.30	0.01	7.52
38.080	19.82	28.30	0.01	7.52
38.112	19.82	28.30	0.09	7.59
38.144	19.82	28.30	0.09	7.59
38.176	19.84	28.33	0.09	7.59
38.208	19.84	28.33	-0.02	7.49
38.240	19.84	28.33	-0.02	7.49
38.272	19.84	28.32	-0.02	7.49
38.304	19.84	28.32	0.08	7.58
38.336	19.84	28.32	0.08	7.58
38.368	19.84	28.33	0.08	7.58
38.400	19.84	28.33	0.02	7.53
38.432	19.84	28.33	0.02	7.53
38.464	19.84	28.33	0.02	7.53
38.496	19.84	28.33	-0.00	7.51
38.528	19.84	28.33	-0.00	7.51
38.560	19.78	28.27	-0.00	7.51
38.592	19.78	28.27	0.09	7.59
38.624	19.78	28.27	0.09	7.59
38.656	19.81	28.29	0.09	7.59
38.688	19.81	28.29	-0.01	7.49
38.720	19.81	28.29	-0.01	7.49
38.752	19.80	28.28	-0.01	7.49
38.784	19.80	28.28	0.07	7.58
38.816	19.80	28.28	0.07	7.58
38.848	19.85	28.33	0.07	7.58
38.880	19.85	28.33	0.03	7.54
38.912	19.85	28.33	0.03	7.54
38.944	19.83	28.32	0.03	7.54
38.976	19.83	28.32	-0.00	7.51
39.008	19.83	28.32	-0.00	7.51
39.040	19.81	28.29	-0.00	7.51
39.072	19.81	28.29	0.09	7.59
39.104	19.81	28.29	0.09	7.59
39.136	19.85	28.33	0.09	7.59
39.168	19.85	28.33	-0.01	7.50
39.200	19.85	28.33	-0.01	7.50
39.232	19.83	28.31	-0.01	7.50
39.264	19.83	28.31	0.07	7.58
39.296	19.83	28.31	0.07	7.58
39.328	19.85	28.34	0.07	7.58
39.360	19.85	28.34	0.04	7.55
39.392	19.85	28.34	0.04	7.55
39.424	19.83	28.32	0.04	7.55
39.456	19.83	28.32	-0.01	7.50
39.488	19.83	28.32	-0.01	7.50
39.520	19.82	28.30	-0.01	7.50
39.552	19.82	28.30	0.09	7.60
39.584	19.82	28.30	0.09	7.60
39.616	19.79	28.28	0.09	7.60
39.648	19.79	28.28	-0.01	7.50
39.680	19.79	28.28	-0.01	7.50
39.712	19.77	28.26	-0.01	7.50
39.744	19.77	28.26	0.07	7.58
39.776	19.77	28.26	0.07	7.58
39.808	19.83	28.32	0.07	7.58
39.840	19.83	28.32	0.05	7.56
39.872	19.83	28.32	0.05	7.56
39.904	19.84	28.32	0.05	7.56
39.936	19.84	28.32	-0.01	7.50
39.968	19.84	28.32	-0.01	7.50
40.000	19.82	28.30	-0.01	7.50
40.032	19.82	28.30	0.09	7.60
40.064	19.82	28.30	0.09	7.60
40.096	19.87	28.35	0.09	7.60
40.128	19.87	28.35	-0.00	7.51
40.160	19.87	28.35	-0.00	7.51
40.192	19.83	28.32	-0.00	7.51
40.224	19.83	28.32	0.06	7.57
40.256	19.83	28.32	0.06	7.57
40.288	19.86	28.34	0.06	7.57
40.320	19.86	28.34	0.06	7.57
40.352	19.86	28.34	0.06	7.57
40.384	19.84	28.33	0.06	7.57
40.416	19.84	28.33	-0.01	7.50
40.448	19.84	28.33	-0.01	7.50
40.480	19.76	28.25	-0.01	7.50
40.512	19.76	28.25	0.09	7.60
40.544	19.76	28.25	0.09	7.60
40.576	19.76	28.24	0.09	7.60
40.608	19.76	28.24	-0.00	7.50
40.640	19.76	28.24	-0.00	7.50
40.672	19.81	28.29	-0.00	7.50
40.704	19.81	28.29	0.06	7.57
40.736	19.81	28.29	0.06	7.57
40.768	19.85	28.34	0.06	7.57
40.800	19.85	28.34	0.06	7.57
40.832	19.85	28.34	0.06	7.57
40.864	19.83	28.31	0.06	7.57
40.896	19.83	28.31	-0.01	7.50
40.928	19.83	28.31	-0.01	7.50
40.960	19.82	28.30	-0.01	7.50
40.992	19.82	28.30	0.09	7.60
41.024	19.82	28.30	0.09	7.60
41.056	19.88	28.37	0.09	7.60
41.088	19.88	28.37	-0.00	7.51
41.120	19.88	28.37	-0.00	7.51
41.152	19.84	28.33	-0.00	7.51
41.184	19.84	28.33	0.05	7.56
41.216	19.84	28.33	0.05	7.56
41.248	19.84	28.33	0.05	7.56
41.280	19.84	28.33	0.07	7.58
41.312	19.84	28.33	0.07	7.58
41.344	19.85	28.33	0.07	7.58
41.376	19.85	28.33	-0.02	7.49
41.408	19.85	28.33	-0.02	7.49
41.440	19.79	28.27	-0.02	7.49
41.472	19.79	28.27	0.09	7.60
41.504	19.79	28.27	0.09	7.60
41.536	19.79	28.27	0.09	7.60
41.568	19.79	28.27	-0.00	7.50
41.600	19.79	28.27	-0.00	7.50
41.632	19.89	28.38	-0.00	7.50
41.664	19.89	28.38	0.04	7.55
41.696	19.89	28.38	0.04	7.55
41.728	19.87	28.35	0.04	7.55
41.760	19.87	28.35	0.08	7.59
41.792	19.87	28.35	0.08	7.59
41.824	19.86	28.35	0.08	7.59
41.856	19.86	28.35	-0.01	7.50
41.888	19.86	28.35	-0.01	7.50
41.920	19.82	28.30	-0.01	7.50
41.952	19.82	28.30	0.08	7.59
41.984	19.82	28.30	0.08	7.59
42.016	19.81	28.29	0.08	7.59
42.048	19.81	28.29	-0.00	7.51
42.080	19.81	28.29	-0.00	7.51
42.112	19.87	28.35	-0.00	7.51
42.144	19.87	28.35	0.04	7.54
42.176	19.87	28.35	0.04	7.54
42.208	19.86	28.34	0.04	7.54
42.240	19.86	28.34	0.08	7.59
42.272	19.86	28.34	0.08	7.59
42.304	19.79	28.27	0.08	7.59
42.336	19.79	28.27	-0.02	7.49
42.368	19.79	28.27	-0.02	7.49
42.400	19.84	28.32	-0.02	7.49
42.432	19.84	28.32	0.08	7.59
42.464	19.84	28.32	0.08	7.59
42.496	19.79	28.27	0.08	7.59
42.528	19.79	28.27	-0.00	7.51
42.560	19.79	28.27	-0.00	7.51
42.592	19.86	28.34	-0.00	7.51
42.624	19.86	28.34	0.02	7.53
42.656	19.86	28.34	0.02	7.53
42.688	19.85	28.33	0.02	7.53
42.720	19.85	28.33	0.08	7.59
42.752	19.85	28.33	0.08	7.59
42.784	19.81	28.29	0.08	7.59
42.816	19.81	28.29	-0.02	7.49
42.848	19.81	28.29	-0.02	7.49
42.880	19.86	28.34	-0.02	7.49
42.912	19.86	28.34	0.08	7.59
42.944	19.86	28.34	0.08	7.59
42.976	19.82	28.30	0.08	7.59
43.008	19.82	28.30	0.00	7.51
43.040	19.82	28.30	0.00	7.51
43.072	19.88	28.36	0.00	7.51
43.104	19.88	28.36	0.02	7.53
43.136	19.88	28.36	0.02	7.53
43.168	19.83	28.31	0.02	7.53
43.200	19.83	28.31	0.08	7.59
43.232	19.83	28.31	0.08	7.59
43.264	19.81	28.30	0.08	7.59
43.296	19.81	28.30	-0.02	7.49
43.328	19.81	28.30	-0.02	7.49
43.360	19.79	28.28	-0.02	7.49
43.392	19.79	28.28	0.08	7.58
43.424	19.79	28.28	0.08	7.58
43.456	19.83	28.31	0.08	7.58
43.488	19.83	28.31	0.01	7.52
43.520	19.83	28.31	0.01	7.52
43.552	19.89	28.38	0.01	7.52
43.584	19.89	28.38	0.01	7.52
43.616	19.89	28.38	0.01	7.52
43.648	19.87	28.35	0.01	7.52
43.680	19.87	28.35	0.09	7.59
43.712	19.87	28.35	0.09	7.59
43.744	19.85	28.34	0.09	7.59
43.776	19.85	28.34	-0.02	7.49
43.808	19.85	28.34	-0.02	7.49
43.840	19.86	28.35	-0.02	7.49
43.872	19.86	28.35	0.07	7.58
43.904	19.86	28.35	0.07	7.58
43.936	19.83	28.31	0.07	7.58
43.968	19.83	28.31	0.01	7.52
44.000	19.83	28.31	0.01	7.52
44.032	19.86	28.35	0.01	7.52
44.064	19.86	28.35	0.01	7.52
44.096	19.86	28.35	0.01	7.52
44.128	19.84	28.32	0.01	7.52
44.160	19.84	28.32	0.09	7.59
44.192	19.84	28.32	0.09	7.59
44.224	19.79	28.27	0.09	7.59
44.256	19.79	28.27	-0.01	7.49
44.288	19.79	28.27	-0.01	7.49
44.320	19.85	28.34	-0.01	7.49
44.352	19.85	28.34	0.08	7.58
44.384	19.85	28.34	0.08	7.58
44.416	19.83	28.31	0.08	7.58
44.448	19.83	28.31	0.02	7.53
44.480	19.83	28.31	0.02	7.53
44.512	19.80	28.29	0.02	7.53
44.544	19.80	28.29	0.00	7.51
44.576	19.80	28.29	0.00	7.51
44.608	19.81	28.30	0.00	7.51
44.640	19.81	28.30	0.09	7.59
44.672	19.81	28.30	0.09	7.59
44.704	19.86	28.34	0.09	7.59
44.736	19.86	28.34	-0.02	7.49
44.768	19.86	28.34	-0.02	7.49
44.800	19.84	28.33	-0.02	7.49
44.832	19.84	28.33	0.07	7.58
44.864	19.84	28.33	0.07	7.58
44.896	19.82	28.31	0.07	7.58
44.928	19.82	28.31	0.02	7.53
44.960	19.82	28.31	0.02	7.53
44.992	19.86	28.34	0.02	7.53
45.024	19.86	28.34	-0.00	7.51
45.056	19.86	28.34	-0.00	7.51
45.088	19.84	28.33	-0.00	7.51
45.120	19.84	28.33	0.09	7.59
45.152	19.84	28.33	0.09	7.59
45.184	19.80	28.29	0.09	7.59
45.216	19.80	28.29	-0.02	7.49
45.248	19.80	28.29	-0.02	7.49
45.280	19.77	28.25	-0.02	7.49
45.312	19.77	28.25	0.07	7.58
45.344	19.77	28.25	0.07	7.58
45.376	19.82	28.30	0.07	7.58
45.408	19.82	28.30	0.03	7.54
45.440	19.82	28.30	0.03	7.54
45.472	19.84	28.33	0.03	7.54
45.504	19.84	28.33	-0.00	7.50
45.536	19.84	28.33	-0.00	7.50
45.568	19.82	28.30	-0.00	7.50
45.600	19.82	28.30	0.09	7.59
45.632	19.82	28.30	0.09	7.59
45.664	19.87	28.36	0.09	7.59
45.696	19.87	28.36	-0.01	7.50
45.728	19.87	28.36	-0.01	7.50
45.760	19.79	28.28	-0.01	7.50
45.792	19.79	28.28	0.07	7.58
45.824	19.79	28.28	0.07	7.58
45.856	19.83	28.31	0.07	7.58
45.888	19.83	28.31	0.04	7.55
45.920	19.83	28.31	0.04	7.55
45.952	19.85	28.34	0.04	7.55
45.984	19.85	28.34	-0.01	7.50
46.016	19.85	28.34	-0.01	7.50
46.048	19.80	28.29	-0.01	7.50
46.080	19.80	28.29	0.09	7.60
46.112	19.80	28.29	0.09	7.60
46.144	19.79	28.27	0.09	7.60
46.176	19.79	28.27	-0.01	7.50
46.208	19.79	28.27	-0.01	7.50
46.240	19.80	28.28	-0.01	7.50
46.272	19.80	28.28	0.07	7.58
46.304	19.80	28.28	0.07	7.58
46.336	19.84	28.33	0.07	7.58
46.368	19.84	28.33	0.05	7.55
46.400	19.84	28.33	0.05	7.55
46.432	19.84	28.32	0.05	7.55
46.464	19.84	28.32	-0.01	7.50
46.496	19.84	28.32	-0.01	7.50
46.528	19.85	28.33	-0.01	7.50
46.560	19.85	28.33	0.09	7.60
46.592	19.85	28.33	0.09	7.60
46.624	19.88	28.36	0.09	7.60
46.656	19.88	28.36	-0.01	7.50
46.688	19.88	28.36	-0.01	7.50
46.720	19.86	28.34	-0.01	7.50
46.752	19.86	28.34	0.06	7.57
46.784	19.86	28.34	0.06	7.57
46.816	19.85	28.34	0.06	7.57
46.848	19.85	28.34	0.05	7.56
46.880	19.85	28.34	0.05	7.56
46.912	19.85	28.33	0.05	7.56
46.944	19.85	28.33	-0.01	7.50
46.976	19.85	28.33	-0.01	7.50
47.008	19.79	28.28	-0.01	7.50
47.040	19.79	28.28	0.10	7.60
47.072	19.79	28.28	0.10	7.60
47.104	19.87	28.35	0.10	7.60
47.136	19.87	28.35	-0.00	7.51
47.168	19.87	28.35	-0.00	7.51
47.200	19.83	28.32	-0.00	7.51
47.232	19.83	28.32	0.06	7.57
47.264	19.83	28.32	0.06	7.57
47.296	19.84	28.32	0.06	7.57
47.328	19.84	28.32	0.06	7.57
47.360	19.84	28.32	0.06	7.57
47.392	19.82	28.30	0.06	7.57
47.424	19.82	28.30	-0.01	7.50
47.456	19.82	28.30	-0.01	7.50
47.488	19.83	28.32	-0.01	7.50
47.520	19.83	28.32	0.09	7.60
47.552	19.83	28.32	0.09	7.60
47.584	19.86	28.34	0.09	7.60
47.616	19.86	28.34	-0.00	7.51
47.648	19.86	28.34	-0.00	7.51
47.680	19.87	28.35	-0.00	7.51
47.712	19.87	28.35	0.06	7.57
47.744	19.87	28.35	0.06	7.57
47.776	19.83	28.32	0.06	7.57
47.808	19.83	28.32	0.06	7.57
47.840	19.83	28.32	0.06	7.57
47.872	19.86	28.34	0.06	7.57
47.904	19.86	28.34	-0.01	7.50
47.936	19.86	28.34	-0.01	7.50
47.968	19.82	28.31	-0.01	7.50
48.000	19.82	28.31	0.09	7.60
48.032	19.82	28.31	0.09	7.60
48.064	19.83	28.31	0.09	7.60
48.096	19.83	28.31	-0.00	7.51
48.128	19.83	28.31	-0.00	7.51
48.160	19.88	28.36	-0.00	7.51
48.192	19.88	28.36	0.05	7.56
48.224	19.88	28.36	0.05	7.56
48.256	19.88	28.36	0.05	7.56
48.288	19.88	28.36	0.07	7.58
48.320	19.88	28.36	0.07	7.58
48.352	19.86	28.35	0.07	7.58
48.384	19.86	28.35	-0.01	7.50
48.416	19.86	28.35	-0.01	7.50
48.448	19.85	28.33	-0.01	7.50
48.480	19.85	28.33	0.09	7.60
48.512	19.85	28.33	0.09	7.60
48.544	19.81	28.29	0.09	7.60
48.576	19.81	28.29	-0.00	7.51
48.608	19.81	28.29	-0.00	7.51
48.640	19.87	28.35	-0.00	7.51
48.672	19.87	28.35	0.05	7.55
48.704	19.87	28.35	0.05	7.55
48.736	19.87	28.35	0.05	7.55
48.768	19.87	28.35	0.07	7.58
48.800	19.87	28.35	0.07	7.58
48.832	19.82	28.30	0.07	7.58
48.864	19.82	28.30	-0.01	7.50
48.896	19.82	28.30	-0.01	7.50
48.928	19.80	28.29	-0.01	7.50
48.960	19.80	28.29	0.08	7.59
48.992	19.80	28.29	0.08	7.59
49.024	19.80	28.28	0.08	7.59
49.056	19.80	28.28	-0.00	7.51
49.088	19.80	28.28	-0.00	7.51
49.120	19.84	28.33	-0.00	7.51
49.152	19.84	28.33	0.04	7.55
49.184	19.84	28.33	0.04	7.55
49.216	19.83	28.31	0.04	7.55
49.248	19.83	28.31	0.08	7.59
49.280	19.83	28.31	0.08	7.59
49.312	19.84	28.33	0.08	7.59
49.344	19.84	28.33	-0.02	7.49
49.376	19.84	28.33	-0.02	7.49
49.408	19.86	28.34	-0.02	7.49
49.440	19.86	28.34	0.08	7.59
49.472	19.86	28.34	0.08	7.59
49.504	19.86	28.34	0.08	7.59
49.536	19.86	28.34	-0.00	7.51
49.568	19.86	28.34	-0.00	7.51
49.600	19.88	28.36	-0.00	7.51
49.632	19.88	28.36	0.03	7.54
49.664	19.88	28.36	0.03	7.54
49.696	19.86	28.35	0.03	7.54
49.728	19.86	28.35	0.08	7.59
49.760	19.86	28.35	0.08	7.59
49.792	19.83	28.32	0.08	7.59
49.824	19.83	28.32	-0.02	7.49
49.856	19.83	28.32	-0.02	7.49
49.888	19.83	28.31	-0.02	7.49
49.920	19.83	28.31	0.08	7.59
49.952	19.83	28.31	0.08	7.59
49.984	19.88	28.37	0.08	7.59
50.016	19.88	28.37	0.00	7.51
50.048	19.88	28.37	0.00	7.51
50.080	19.88	28.36	0.00	7.51
50.112	19.88	28.36	0.03	7.54
50.144	19.88	28.36	0.03	7.54
50.176	19.85	28.33	0.03	7.54
50.208	19.85	28.33	0.08	7.59
50.240	19.85	28.33	0.08	7.59
50.272	19.84	28.33	0.08	7.59
50.304	19.84	28.33	-0.02	7.49
50.336	19.84	28.33	-0.02	7.49
50.368	19.90	28.39	-0.02	7.49
50.400	19.90	28.39	0.08	7.59
50.432	19.90	28.39	0.08	7.59
50.464	19.87	28.35	0.08	7.59
50.496	19.87	28.35	0.00	7.51
50.528	19.87	28.35	0.00	7.51
50.560	19.86	28.34	0.00	7.51
50.592	19.86	28.34	0.02	7.53
50.624	19.86	28.34	0.02	7.53
50.656	19.87	28.35	0.02	7.53
50.688	19.87	28.35	0.08	7.59
50.720	19.87	28.35	0.08	7.59
50.752	19.81	28.29	0.08	7.59
50.784	19.81	28.29	-0.02	7.49
50.816	19.81	28.29	-0.02	7.49
50.848	19.82	28.30	-0.02	7.49
50.880	19.82	28.30	0.08	7.59
50.912	19.82	28.30	0.08	7.59
50.944	19.85	28.33	0.08	7.59
50.976	19.85	28.33	0.01	7.52
51.008	19.85	28.33	0.01	7.52
51.040	19.85	28.33	0.01	7.52
51.072	19.85	28.33	0.01	7.52
51.104	19.85	28.33	0.01	7.52
51.136	19.82	28.31	0.01	7.52
51.168	19.82	28.31	0.08	7.59
51.200	19.82	28.31	0.08	7.59
51.232	19.85	28.33	0.08	7.59
51.264	19.85	28.33	-0.02	7.49
51.296	19.85	28.33	-0.02	7.49
51.328	19.86	28.35	-0.02	7.49
51.360	19.86	28.35	0.07	7.58
51.392	19.86	28.35	0.07	7.58
51.424	19.83	28.31	0.07	7.58
51.456	19.83	28.31	0.01	7.52
51.488	19.83	28.31	0.01	7.52
51.520	19.86	28.35	0.01	7.52
51.552	19.86	28.35	0.01	7.52
51.584	19.86	28.35	0.01	7.52
51.616	19.84	28.33	0.01	7.52
51.648	19.84	28.33	0.09	7.59
51.680	19.84	28.33	0.09	7.59
51.712	19.81	28.30	0.09	7.59
51.744	19.81	28.30	-0.02	7.49
51.776	19.81	28.30	-0.02	7.49
51.808	19.80	28.29	-0.02	7.49
51.840	19.80	28.29	0.07	7.58
51.872	19.80	28.29	0.07	7.58
51.904	19.88	28.36	0.07	7.58
51.936	19.88	28.36	0.02	7.53
51.968	19.88	28.36	0.02	7.53
52.000	19.85	28.33	0.02	7.53
52.032	19.85	28.33	0.00	7.51
52.064	19.85	28.33	0.00	7.51
52.096	19.86	28.34	0.00	7.51
52.128	19.86	28.34	0.09	7.59
52.160	19.86	28.34	0.09	7.59
52.192	19.85	28.34	0.09	7.59
52.224	19.85	28.34	-0.01	7.50
52.256	19.85	28.34	-0.01	7.50
52.288	19.82	28.30	-0.01	7.50
52.320	19.82	28.30	0.07	7.58
52.352	19.82	28.30	0.07	7.58
52.384	19.88	28.36	0.07	7.58
52.416	19.88	28.36	0.02	7.53
52.448	19.88	28.36	0.02	7.53
52.480	19.87	28.35	0.02	7.53
52.512	19.87	28.35	-0.00	7.51
52.544	19.87	28.35	-0.00	7.51
52.576	19.82	28.30	-0.00	7.51
52.608	19.82	28.30	0.08	7.59
52.640	19.82	28.30	0.08	7.59
52.672	19.80	28.29	0.08	7.59
52.704	19.80	28.29	-0.01	7.49
52.736	19.80	28.29	-0.01	7.49
52.768	19.81	28.29	-0.01	7.49
52.800	19.81	28.29	0.07	7.58
52.832	19.81	28.29	0.07	7.58
52.864	19.89	28.38	0.07	7.58
52.896	19.89	28.38	0.03	7.54
52.928	19.89	28.38	0.03	7.54
52.960	19.84	28.32	0.03	7.54
52.992	19.84	28.32	-0.00	7.51
53.024	19.84	28.32	-0.00	7.51
53.056	19.79	28.27	-0.00	7.51
53.088	19.79	28.27	0.09	7.59
53.120	19.79	28.27	0.09	7.59
53.152	19.86	28.34	0.09	7.59
53.184	19.86	28.34	-0.01	7.50
53.216	19.86	28.34	-0.01	7.50
53.248	19.86	28.34	-0.01	7.50
53.280	19.86	28.34	0.07	7.58
53.312	19.86	28.34	0.07	7.58
53.344	19.88	28.36	0.07	7.58
53.376	19.88	28.36	0.04	7.55
53.408	19.88	28.36	0.04	7.55
53.440	19.85	28.33	0.04	7.55
53.472	19.85	28.33	-0.00	7.50
53.504	19.85	28.33	-0.00	7.50
53.536	19.85	28.34	-0.00	7.50
53.568	19.85	28.34	0.09	7.60
53.600	19.85	28.34	0.09	7.60
53.632	19.83	28.31	0.09	7.60
53.664	19.83	28.31	-0.01	7.50
53.696	19.83	28.31	-0.01	7.50
53.728	19.83	28.31	-0.01	7.50
53.760	19.83	28.31	0.07	7.58
53.792	19.83	28.31	0.07	7.58
53.824	19.83	28.31	0.07	7.58
53.856	19.83	28.31	0.04	7.55
53.888	19.83	28.31	0.04	7.55
53.920	19.85	28.34	0.04	7.55
53.952	19.85	28.34	-0.00	7.50
53.984	19.85	28.34	-0.00	7.50
54.016	19.81	28.29	-0.00	7.50
54.048	19.81	28.29	0.09	7.60
54.080	19.81	28.29	0.09	7.60
54.112	19.86	28.35	0.09	7.60
54.144	19.86	28.35	-0.01	7.50
54.176	19.86	28.35	-0.01	7.50
54.208	19.79	28.28	-0.01	7.50
54.240	19.79	28.28	0.07	7.58
54.272	19.79	28.28	0.07	7.58
54.304	19.84	28.32	0.07	7.58
54.336	19.84	28.32	0.05	7.56
54.368	19.84	28.32	0.05	7.56
54.400	19.83	28.31	0.05	7.56
54.432	19.83	28.31	-0.01	7.50
54.464	19.83	28.31	-0.01	7.50
54.496	19.81	28.30	-0.01	7.50
54.528	19.81	28.30	0.09	7.60
54.560	19.81	28.30	0.09	7.60
54.592	19.82	28.30	0.09	7.60
54.624	19.82	28.30	-0.00	7.51
54.656	19.82	28.30	-0.00	7.51
54.688	19.87	28.35	-0.00	7.51
54.720	19.87	28.35	0.07	7.58
54.752	19.87	28.35	0.07	7.58
54.784	19.86	28.34	0.07	7.58
54.816	19.86	28.34	0.05	7.56
54.848	19.86	28.34	0.05	7.56
54.880	19.84	28.32	0.05	7.56
54.912	19.84	28.32	-0.01	7.50
54.944	19.84	28.32	-0.01	7.50
54.976	19.83	28.32	-0.01	7.50
55.008	19.83	28.32	0.09	7.60
55.040	19.83	28.32	0.09	7.60
55.072	19.79	28.28	0.09	7.60
55.104	19.79	28.28	-0.00	7.51
55.136	19.79	28.28	-0.00	7.51
55.168	19.83	28.31	-0.00	7.51
55.200	19.83	28.31	0.06	7.57
55.232	19.83	28.31	0.06	7.57
55.264	19.85	28.33	0.06	7.57
55.296	19.85	28.33	0.05	7.56
55.328	19.85	28.33	0.05	7.56
55.360	19.80	28.29	0.05	7.56
55.392	19.80	28.29	-0.01	7.50
55.424	19.80	28.29	-0.01	7.50
55.456	19.82	28.30	-0.01	7.50
55.488	19.82	28.30	0.09	7.60
55.520	19.82	28.30	0.09	7.60
55.552	19.78	28.26	0.09	7.60
55.584	19.78	28.26	-0.00	7.51
55.616	19.78	28.26	-0.00	7.51
55.648	19.82	28.30	-0.00	7.51
55.680	19.82	28.30	0.06	7.57
55.712	19.82	28.30	0.06	7.57
55.744	19.82	28.30	0.06	7.57
55.776	19.82	28.30	0.06	7.57
55.808	19.82	28.30	0.06	7.57
55.840	19.86	28.35	0.06	7.57
55.872	19.86	28.35	-0.01	7.50
55.904	19.86	28.35	-0.01	7.50
55.936	19.89	28.38	-0.01	7.50
55.968	19.89	28.38	0.09	7.60
56.000	19.89	28.38	0.09	7.60
56.032	19.85	28.34	0.09	7.60
56.064	19.85	28.34	-0.00	7.51
56.096	19.85	28.34	-0.00	7.51
56.128	19.83	28.31	-0.00	7.51
56.160	19.83	28.31	0.06	7.57
56.192	19.83	28.31	0.06	7.57
56.224	19.84	28.32	0.06	7.57
56.256	19.84	28.32	0.06	7.57
56.288	19.84	28.32	0.06	7.57
56.320	19.78	28.27	0.06	7.57
56.352	19.78	28.27	-0.01	7.50
56.384	19.78	28.27	-0.01	7.50
56.416	19.80	28.28	-0.01	7.50
56.448	19.80	28.28	0.09	7.60
56.480	19.80	28.28	0.09	7.60
56.512	19.82	28.30	0.09	7.60
56.544	19.82	28.30	-0.00	7.51
56.576	19.82	28.30	-0.00	7.51
56.608	19.89	28.38	-0.00	7.51
56.640	19.89	28.38	0.06	7.57
56.672	19.89	28.38	0.06	7.57
56.704	19.90	28.38	0.06	7.57
56.736	19.90	28.38	0.07	7.58
56.768	19.90	28.38	0.07	7.58
56.800	19.87	28.35	0.07	7.58
56.832	19.87	28.35	-0.01	7.50
56.864	19.87	28.35	-0.01	7.50
56.896	19.84	28.33	-0.01	7.50
56.928	19.84	28.33	0.09	7.60
56.960	19.84	28.33	0.09	7.60
56.992	19.84	28.33	0.09	7.60
57.024	19.84	28.33	-0.00	7.51
57.056	19.84	28.33	-0.00	7.51
57.088	19.84	28.33	-0.00	7.51
57.120	19.84	28.33	0.05	7.56
57.152	19.84	28.33	0.05	7.56
57.184	19.85	28.34	0.05	7.56
57.216	19.85	28.34	0.07	7.58
57.248	19.85	28.34	0.07	7.58
57.280	19.86	28.34	0.07	7.58
57.312	19.86	28.34	-0.01	7.50
57.344	19.86	28.34	-0.01	7.50
57.376	19.83	28.32	-0.01	7.50
57.408	19.83	28.32	0.09	7.60
57.440	19.83	28.32	0.09	7.60
57.472	19.89	28.37	0.09	7.60
57.504	19.89	28.37	-0.00	7.51
57.536	19.89	28.37	-0.00	7.51
57.568	19.83	28.31	-0.00	7.51
57.600	19.83	28.31	0.05	7.56
57.632	19.83	28.31	0.05	7.56
57.664	19.84	28.32	0.05	7.56
57.696	19.84	28.32	0.08	7.59
57.728	19.84	28.32	0.08	7.59
57.760	19.87	28.35	0.08	7.59
57.792	19.87	28.35	-0.01	7.49
57.824	19.87	28.35	-0.01	7.49
57.856	19.82	28.31	-0.01	7.49
57.888	19.82	28.31	0.08	7.59
57.920	19.82	28.31	0.08	7.59
57.952	19.85	28.33	0.08	7.59
57.984	19.85	28.33	0.00	7.51
58.016	19.85	28.33	0.00	7.51
58.048	19.84	28.33	0.00	7.51
58.080	19.84	28.33	0.04	7.55
58.112	19.84	28.33	0.04	7.55
58.144	19.81	28.30	0.04	7.55
58.176	19.81	28.30	0.08	7.58
58.208	19.81	28.30	0.08	7.58
58.240	19.80	28.28	0.08	7.58
58.272	19.80	28.28	-0.02	7.49
58.304	19.80	28.28	-0.02	7.49
58.336	19.80	28.28	-0.02	7.49
58.368	19.80	28.28	0.08	7.59
58.400	19.80	28.28	0.08	7.59
58.432	19.87	28.35	0.08	7.59
58.464	19.87	28.35	0.00	7.51
58.496	19.87	28.35	0.00	7.51
58.528	19.86	28.34	0.00	7.51
58.560	19.86	28.34	0.04	7.54
58.592	19.86	28.34	0.04	7.54
58.624	19.80	28.29	0.04	7.54
58.656	19.80	28.29	0.08	7.59
58.688	19.80	28.29	0.08	7.59
58.720	19.89	28.38	0.08	7.59
58.752	19.89	28.38	-0.02	7.49
58.784	19.89	28.38	-0.02	7.49
58.816	19.82	28.30	-0.02	7.49
58.848	19.82	28.30	0.08	7.59
58.880	19.82	28.30	0.08	7.59
58.912	19.89	28.38	0.08	7.59
58.944	19.89	28.38	0.00	7.51
58.976	19.89	28.38	0.00	7.51
59.008	19.85	28.34	0.00	7.51
59.040	19.85	28.34	0.03	7.54
59.072	19.85	28.34	0.03	7.54
59.104	19.83	28.31	0.03	7.54
59.136	19.83	28.31	0.08	7.59
59.168	19.83	28.31	0.08	7.59
59.200	19.79	28.28	0.08	7.59
59.232	19.79	28.28	-0.02	7.49
59.264	19.79	28.28	-0.02	7.49
59.296	19.78	28.26	-0.02	7.49
59.328	19.78	28.26	0.08	7.59
59.360	19.78	28.26	0.08	7.59
59.392	19.84	28.33	0.08	7.59
59.424	19.84	28.33	-0.00	7.51
59.456	19.84	28.33	-0.00	7.51
59.488	19.92	28.40	-0.00	7.51
59.520	19.92	28.40	0.02	7.53
59.552	19.92	28.40	0.02	7.53
59.584	19.85	28.33	0.02	7.53
59.616	19.85	28.33	0.08	7.59
59.648	19.85	28.33	0.08	7.59
59.680	19.88	28.37	0.08	7.59
59.712	19.88	28.37	-0.02	7.49
59.744	19.88	28.37	-0.02	7.49
59.776	19.83	28.32	-0.02	7.49
59.808	19.83	28.32	0.08	7.59
59.840	19.83	28.32	0.08	7.59
59.872	19.86	28.35	0.08	7.59
59.904	19.86	28.35	0.00	7.51
59.936	19.86	28.35	0.00	7.51
59.968	19.84	28.33	0.00	7.51
60.000	19.84	28.33	0.02	7.53
60.032	19.84	28.33	0.02	7.53
60.064	19.81	28.30	0.02	7.53
60.096	19.81	28.30	0.08	7.59
60.128	19.81	28.30	0.08	7.59
60.160	19.82	28.30	0.08	7.59
60.192	19.82	28.30	-0.02	7.49
60.224	19.82	28.30	-0.02	7.49
60.256	19.88	28.36	-0.02	7.49
60.288	19.88	28.36	0.08	7.59
60.320	19.88	28.36	0.08	7.59
60.352	19.88	28.36	0.08	7.59
60.384	19.88	28.36	0.01	7.52
60.416	19.88	28.36	0.01	7.52
60.448	19.85	28.33	0.01	7.52
60.480	19.85	28.33	0.02	7.53
60.512	19.85	28.33	0.02	7.53
60.544	19.87	28.35	0.02	7.53
60.576	19.87	28.35	0.08	7.59
60.608	19.87	28.35	0.08	7.59
60.640	19.84	28.32	0.08	7.59
60.672	19.84	28.32	-0.02	7.49
60.704	19.84	28.32	-0.02	7.49
60.736	19.86	28.34	-0.02	7.49
60.768	19.86	28.34	0.08	7.59
60.800	19.86	28.34	0.08	7.59
60.832	19.85	28.33	0.08	7.59
60.864	19.85	28.33	0.01	7.52
60.896	19.85	28.33	0.01	7.52
60.928	19.80	28.29	0.01	7.52
60.960	19.80	28.29	0.01	7.52
60.992	19.80	28.29	0.01	7.52
61.024	19.85	28.33	0.01	7.52
61.056	19.85	28.33	0.08	7.59
61.088	19.85	28.33	0.08	7.59
61.120	19.79	28.28	0.08	7.59
61.152	19.79	28.28	-0.02	7.49
61.184	19.79	28.28	-0.02	7.49
61.216	19.85	28.33	-0.02	7.49
61.248	19.85	28.33	0.08	7.58
61.280	19.85	28.33	0.08	7.58
61.312	19.88	28.37	0.08	7.58
61.344	19.88	28.37	0.01	7.52
61.376	19.88	28.37	0.01	7.52
61.408	19.86	28.34	0.01	7.52
61.440	19.86	28.34	0.01	7.52
61.472	19.86	28.34	0.01	7.52
61.504	19.83	28.31	0.01	7.52
61.536	19.83	28.31	0.08	7.59
61.568	19.83	28.31	0.08	7.59
61.600	19.87	28.35	0.08	7.59
61.632	19.87	28.35	-0.02	7.49
61.664	19.87	28.35	-0.02	7.49
61.696	19.89	28.37	-0.02	7.49
61.728	19.89	28.37	0.07	7.58
61.760	19.89	28.37	0.07	7.58
61.792	19.85	28.33	0.07	7.58
61.824	19.85	28.33	0.01	7.52
61.856	19.85	28.33	0.01	7.52
61.888	19.86	28.34	0.01	7.52
61.920	19.86	28.34	0.01	7.52
61.952	19.86	28.34	0.01	7.52
61.984	19.83	28.32	0.01	7.52
62.016	19.83	28.32	0.08	7.59
62.048	19.83	28.32	0.08	7.59
62.080	19.80	28.28	0.08	7.59
62.112	19.80	28.28	-0.02	7.49
62.144	19.80	28.28	-0.02	7.49
62.176	19.91	28.39	-0.02	7.49
62.208	19.91	28.39	0.07	7.58
62.240	19.91	28.39	0.07	7.58
62.272	19.86	28.34	0.07	7.58
62.304	19.86	28.34	0.01	7.52
62.336	19.86	28.34	0.01	7.52
62.368	19.88	28.37	0.01	7.52
62.400	19.88	28.37	0.01	7.52
62.432	19.88	28.37	0.01	7.52
62.464	19.88	28.37	0.01	7.52
62.496	19.88	28.37	0.09	7.59
62.528	19.88	28.37	0.09	7.59
62.560	19.85	28.33	0.09	7.59
62.592	19.85	28.33	-0.02	7.49
62.624	19.85	28.33	-0.02	7.49
62.656	19.91	28.40	-0.02	7.49
62.688	19.91	28.40	0.07	7.58
62.720	19.91	28.40	0.07	7.58
62.752	19.88	28.36	0.07	7.58
62.784	19.88	28.36	0.01	7.52
62.816	19.88	28.36	0.01	7.52
62.848	19.83	28.31	0.01	7.52
62.880	19.83	28.31	0.01	7.52
62.912	19.83	28.31	0.01	7.52
62.944	19.82	28.31	0.01	7.52
62.976	19.82	28.31	0.09	7.60
63.008	19.82	28.31	0.09	7.60
63.040	19.85	28.33	0.09	7.60
63.072	19.85	28.33	-0.02	7.49
63.104	19.85	28.33	-0.02	7.49
63.136	19.87	28.35	-0.02	7.49
63.168	19.87	28.35	0.07	7.58
63.200	19.87	28.35	0.07	7.58
63.232	19.84	28.33	0.07	7.58
63.264	19.84	28.33	0.01	7.52
63.296	19.84	28.33	0.01	7.52
63.328	19.84	28.33	0.01	7.52
63.360	19.84	28.33	0.01	7.52
63.392	19.84	28.33	0.01	7.52
63.424	19.86	28.35	0.01	7.52
63.456	19.86	28.35	0.09	7.60
63.488	19.86	28.35	0.09	7.60
63.520	19.80	28.29	0.09	7.60
63.552	19.80	28.29	-0.01	7.49
63.584	19.80	28.29	-0.01	7.49
63.616	19.86	28.34	-0.01	7.49
63.648	19.86	28.34	0.07	7.58
63.680	19.86	28.34	0.07	7.58
63.712	19.85	28.33	0.07	7.58
63.744	19.85	28.33	0.02	7.53
63.776	19.85	28.33	0.02	7.53
63.808	19.80	28.28	0.02	7.53
63.840	19.80	28.28	0.00	7.51
63.872	19.80	28.28	0.00	7.51
63.904	19.83	28.31	0.00	7.51
63.936	19.83	28.31	0.09	7.59
63.968	19.83	28.31	0.09	7.59
64.000	19.87	28.36	0.09	7.59
64.032	19.87	28.36	-0.02	7.49
64.064	19.87	28.36	-0.02	7.49
64.096	19.94	28.42	-0.02	7.49
64.128	19.94	28.42	0.07	7.58
64.160	19.94	28.42	0.07	7.58
64.192	19.84	28.33	0.07	7.58
64.224	19.84	28.33	0.01	7.52
64.256	19.84	28.33	0.01	7.52
64.288	19.86	28.34	0.01	7.52
64.320	19.86	28.34	0.00	7.51
64.352	19.86	28.34	0.00	7.51
64.384	19.83	28.32	0.00	7.51
64.416	19.83	28.32	0.09	7.59
64.448	19.83	28.32	0.09	7.59
64.480	19.87	28.35	0.09	7.59
64.512	19.87	28.35	-0.02	7.49
64.544	19.87	28.35	-0.02	7.49
64.576	19.92	28.40	-0.02	7.49
64.608	19.92	28.40	0.07	7.58
64.640	19.92	28.40	0.07	7.58
64.672	19.84	28.33	0.07	7.58
64.704	19.84	28.33	0.02	7.53
64.736	19.84	28.33	0.02	7.53
64.768	19.85	28.33	0.02	7.53
64.800	19.85	28.33	0.00	7.51
64.832	19.85	28.33	0.00	7.51
64.864	19.82	28.30	0.00	7.51
64.896	19.82	28.30	0.09	7.60
64.928	19.82	28.30	0.09	7.60
64.960	19.90	28.39	0.09	7.60
64.992	19.90	28.39	-0.02	7.49
65.024	19.90	28.39	-0.02	7.49
65.056	19.88	28.36	-0.02	7.49
65.088	19.88	28.36	0.07	7.58
65.120	19.88	28.36	0.07	7.58
65.152	19.85	28.33	0.07	7.58
65.184	19.85	28.33	0.02	7.53
65.216	19.85	28.33	0.02	7.53
65.248	19.86	28.34	0.02	7.53
65.280	19.86	28.34	0.00	7.51
65.312	19.86	28.34	0.00	7.51
65.344	19.87	28.36	0.00	7.51
65.376	19.87	28.36	0.09	7.60
65.408	19.87	28.36	0.09	7.60
65.440	19.88	28.37	0.09	7.60
65.472	19.88	28.37	-0.01	7.50
65.504	19.88	28.37	-0.01	7.50
65.536	19.88	28.36	-0.01	7.50
65.568	19.88	28.36	0.07	7.58
65.600	19.88	28.36	0.07	7.58
65.632	19.83	28.31	0.07	7.58
65.664	19.83	28.31	0.02	7.53
65.696	19.83	28.31	0.02	7.53
65.728	19.85	28.33	0.02	7.53
65.760	19.85	28.33	-0.00	7.51
65.792	19.85	28.33	-0.00	7.51
65.824	19.78	28.27	-0.00	7.51
65.856	19.78	28.27	0.09	7.59
65.888	19.78	28.27	0.09	7.59
65.920	19.92	28.41	0.09	7.59
65.952	19.92	28.41	-0.02	7.49
65.984	19.92	28.41	-0.02	7.49
66.016	19.86	28.34	-0.02	7.49
66.048	19.86	28.34	0.08	7.58
66.080	19.86	28.34	0.08	7.58
66.112	19.84	28.32	0.08	7.58
66.144	19.84	28.32	0.03	7.54
66.176	19.84	28.32	0.03	7.54
66.208	19.88	28.36	0.03	7.54
66.240	19.88	28.36	-0.00	7.51
66.272	19.88	28.36	-0.00	7.51
66.304	19.86	28.34	-0.00	7.51
66.336	19.86	28.34	0.09	7.60
66.368	19.86	28.34	0.09	7.60
66.400	19.86	28.35	0.09	7.60
66.432	19.86	28.35	-0.01	7.50
66.464	19.86	28.35	-0.01	7.50
66.496	19.93	28.42	-0.01	7.50
66.528	19.93	28.42	0.07	7.58
66.560	19.93	28.42	0.07	7.58
66.592	19.85	28.33	0.07	7.58
66.624	19.85	28.33	0.03	7.54
66.656	19.85	28.33	0.03	7.54
66.688	19.87	28.35	0.03	7.54
66.720	19.87	28.35	-0.00	7.51
66.752	19.87	28.35	-0.00	7.51
66.784	19.85	28.33	-0.00	7.51
66.816	19.85	28.33	0.09	7.60
66.848	19.85	28.33	0.09	7.60
66.880	19.92	28.40	0.09	7.60
66.912	19.92	28.40	-0.01	7.49
66.944	19.92	28.40	-0.01	7.49
66.976	19.90	28.38	-0.01	7.49
67.008	19.90	28.38	0.07	7.58
67.040	19.90	28.38	0.07	7.58
67.072	19.87	28.36	0.07	7.58
67.104	19.87	28.36	0.03	7.54
67.136	19.87	28.36	0.03	7.54
67.168	19.92	28.40	0.03	7.54
67.200	19.92	28.40	-0.00	7.51
67.232	19.92	28.40	-0.00	7.51
67.264	19.87	28.36	-0.00	7.51
67.296	19.87	28.36	0.09	7.59
67.328	19.87	28.36	0.09	7.59
67.360	19.93	28.41	0.09	7.59
67.392	19.93	28.41	-0.01	7.50
67.424	19.93	28.41	-0.01	7.50
67.456	19.85	28.33	-0.01	7.50
67.488	19.85	28.33	0.07	7.58
67.520	19.85	28.33	0.07	7.58
67.552	19.82	28.30	0.07	7.58
67.584	19.82	28.30	0.04	7.54
67.616	19.82	28.30	0.04	7.54
67.648	19.83	28.32	0.04	7.54
67.680	19.83	28.32	-0.00	7.50
67.712	19.83	28.32	-0.00	7.50
67.744	19.85	28.33	-0.00	7.50
67.776	19.85	28.33	0.09	7.60
67.808	19.85	28.33	0.09	7.60
67.840	19.89	28.37	0.09	7.60
67.872	19.89	28.37	-0.01	7.50
67.904	19.89	28.37	-0.01	7.50
67.936	19.86	28.34	-0.01	7.50
67.968	19.86	28.34	0.07	7.58
68.000	19.86	28.34	0.07	7.58
68.032	19.86	28.34	0.07	7.58
68.064	19.86	28.34	0.03	7.54
68.096	19.86	28.34	0.03	7.54
68.128	19.88	28.36	0.03	7.54
68.160	19.88	28.36	-0.00	7.50
68.192	19.88	28.36	-0.00	7.50
68.224	19.87	28.36	-0.00	7.50
68.256	19.87	28.36	0.09	7.60
68.288	19.87	28.36	0.09	7.60
68.320	19.94	28.43	0.09	7.60
68.352	19.94	28.43	-0.01	7.50
68.384	19.94	28.43	-0.01	7.50
68.416	19.85	28.33	-0.01	7.50
68.448	19.85	28.33	0.07	7.58
68.480	19.85	28.33	0.07	7.58
68.512	19.89	28.38	0.07	7.58
68.544	19.89	28.38	0.04	7.54
68.576	19.89	28.38	0.04	7.54
68.608	19.89	28.37	0.04	7.54
68.640	19.89	28.37	-0.01	7.50
68.672	19.89	28.37	-0.01	7.50
68.704	19.93	28.41	-0.01	7.50
68.736	19.93	28.41	0.09	7.60
68.768	19.93	28.41	0.09	7.60
68.800	19.86	28.34	0.09	7.60
68.832	19.86	28.34	-0.01	7.50
68.864	19.86	28.34	-0.01	7.50
68.896	19.89	28.37	-0.01	7.50
68.928	19.89	28.37	0.07	7.58
68.960	19.89	28.37	0.07	7.58
68.992	19.89	28.38	0.07	7.58
69.024	19.89	28.38	0.04	7.55
69.056	19.89	28.38	0.04	7.55
69.088	19.83	28.32	0.04	7.55
69.120	19.83	28.32	-0.00	7.50
69.152	19.83	28.32	-0.00	7.50
69.184	19.90	28.38	-0.00	7.50
69.216	19.90	28.38	0.09	7.60
69.248	19.90	28.38	0.09	7.60
69.280	19.92	28.40	0.09	7.60
69.312	19.92	28.40	-0.01	7.50
69.344	19.92	28.40	-0.01	7.50
69.376	19.88	28.37	-0.01	7.50
69.408	19.88	28.37	0.07	7.58
69.440	19.88	28.37	0.07	7.58
69.472	19.82	28.31	0.07	7.58
69.504	19.82	28.31	0.04	7.55
69.536	19.82	28.31	0.04	7.55
69.568	19.81	28.30	0.04	7.55
69.600	19.81	28.30	-0.00	7.50
69.632	19.81	28.30	-0.00	7.50
69.664	19.84	28.32	-0.00	7.50
69.696	19.84	28.32	0.09	7.60
69.728	19.84	28.32	0.09	7.60
69.760	19.86	28.34	0.09	7.60
69.792	19.86	28.34	-0.01	7.50
69.824	19.86	28.34	-0.01	7.50
69.856	19.86	28.34	-0.01	7.50
69.888	19.86	28.34	0.07	7.58
69.920	19.86	28.34	0.07	7.58
69.952	19.89	28.37	0.07	7.58
69.984	19.89	28.37	0.04	7.55
70.016	19.89	28.37	0.04	7.55
70.048	19.86	28.34	0.04	7.55
70.080	19.86	28.34	-0.01	7.50
70.112	19.86	28.34	-0.01	7.50
70.144	19.92	28.40	-0.01	7.50
70.176	19.92	28.40	0.09	7.60
70.208	19.92	28.40	0.09	7.60
70.240	19.87	28.35	0.09	7.60
70.272	19.87	28.35	-0.01	7.50
70.304	19.87	28.35	-0.01	7.50
70.336	19.83	28.32	-0.01	7.50
70.368	19.83	28.32	0.07	7.58
70.400	19.83	28.32	0.07	7.58
70.432	19.79	28.27	0.07	7.58
70.464	19.79	28.27	0.05	7.56
70.496	19.79	28.27	0.05	7.56
70.528	19.84	28.32	0.05	7.56
70.560	19.84	28.32	-0.01	7.50
70.592	19.84	28.32	-0.01	7.50
70.624	19.88	28.36	-0.01	7.50
70.656	19.88	28.36	0.09	7.60
70.688	19.88	28.36	0.09	7.60
70.720	19.87	28.35	0.09	7.60
70.752	19.87	28.35	-0.01	7.50
70.784	19.87	28.35	-0.01	7.50
70.816	19.86	28.35	-0.01	7.50
70.848	19.86	28.35	0.07	7.58
70.880	19.86	28.35	0.07	7.58
70.912	19.86	28.34	0.07	7.58
70.944	19.86	28.34	0.05	7.56
70.976	19.86	28.34	0.05	7.56
71.008	19.86	28.35	0.05	7.56
71.040	19.86	28.35	-0.01	7.50
71.072	19.86	28.35	-0.01	7.50
71.104	19.85	28.33	-0.01	7.50
71.136	19.85	28.33	0.09	7.60
71.168	19.85	28.33	0.09	7.60
71.200	19.81	28.29	0.09	7.60
71.232	19.81	28.29	-0.01	7.50
71.264	19.81	28.29	-0.01	7.50
71.296	19.80	28.29	-0.01	7.50
71.328	19.80	28.29	0.07	7.58
71.360	19.80	28.29	0.07	7.58
71.392	19.84	28.32	0.07	7.58
71.424	19.84	28.32	0.05	7.56
71.456	19.84	28.32	0.05	7.56
71.488	19.84	28.32	0.05	7.56
71.520	19.84	28.32	-0.01	7.50
71.552	19.84	28.32	-0.01	7.50
71.584	19.84	28.32	-0.01	7.50
71.616	19.84	28.32	0.10	7.61
71.648	19.84	28.32	0.10	7.61
71.680	19.83	28.31	0.10	7.61
71.712	19.83	28.31	-0.00	7.50
71.744	19.83	28.31	-0.00	7.50
71.776	19.82	28.31	-0.00	7.50
71.808	19.82	28.31	0.06	7.57
71.840	19.82	28.31	0.06	7.57
71.872	19.80	28.28	0.06	7.57
71.904	19.80	28.28	0.05	7.56
71.936	19.80	28.28	0.05	7.56
71.968	19.89	28.37	0.05	7.56
72.000	19.89	28.37	-0.01	7.50
72.032	19.89	28.37	-0.01	7.50
72.064	19.85	28.34	-0.01	7.50
72.096	19.85	28.34	0.09	7.60
72.128	19.85	28.34	0.09	7.60
72.160	19.86	28.34	0.09	7.60
72.192	19.86	28.34	-0.00	7.50
72.224	19.86	28.34	-0.00	7.50
72.256	19.82	28.30	-0.00	7.50
72.288	19.82	28.30	0.06	7.57
72.320	19.82	28.30	0.06	7.57
72.352	19.83	28.31	0.06	7.57
72.384	19.83	28.31	0.05	7.56
72.416	19.83	28.31	0.05	7.56
72.448	19.85	28.33	0.05	7.56
72.480	19.85	28.33	-0.01	7.50
72.512	19.85	28.33	-0.01	7.50
72.544	19.89	28.37	-0.01	7.50
72.576	19.89	28.37	0.10	7.60
72.608	19.89	28.37	0.10	7.60
72.640	19.84	28.33	0.10	7.60
72.672	19.84	28.33	-0.00	7.51
72.704	19.84	28.33	-0.00	7.51
72.736	19.90	28.38	-0.00	7.51
72.768	19.90	28.38	0.06	7.57
72.800	19.90	28.38	0.06	7.57
72.832	19.84	28.32	0.06	7.57
72.864	19.84	28.32	0.06	7.57
72.896	19.84	28.32	0.06	7.57
72.928	19.86	28.35	0.06	7.57
72.960	19.86	28.35	-0.01	7.50
72.992	19.86	28.35	-0.01	7.50
73.024	19.83	28.32	-0.01	7.50
73.056	19.83	28.32	0.09	7.60
73.088	19.83	28.32	0.09	7.60
73.120	19.83	28.31	0.09	7.60
73.152	19.83	28.31	-0.00	7.51
73.184	19.83	28.31	-0.00	7.51
73.216	19.81	28.30	-0.00	7.51
73.248	19.81	28.30	0.06	7.57
73.280	19.81	28.30	0.06	7.57
73.312	19.83	28.32	0.06	7.57
73.344	19.83	28.32	0.06	7.57
73.376	19.83	28.32	0.06	7.57
73.408	19.86	28.35	0.06	7.57
73.440	19.86	28.35	-0.01	7.50
73.472	19.86	28.35	-0.01	7.50
73.504	19.87	28.35	-0.01	7.50
73.536	19.87	28.35	0.09	7.60
73.568	19.87	28.35	0.09	7.60
73.600	19.87	28.36	0.09	7.60
73.632	19.87	28.36	-0.00	7.51
73.664	19.87	28.36	-0.00	7.51
73.696	19.88	28.36	-0.00	7.51
73.728	19.88	28.36	0.06	7.57
73.760	19.88	28.36	0.06	7.57
73.792	19.87	28.35	0.06	7.57
73.824	19.87	28.35	0.06	7.57
73.856	19.87	28.35	0.06	7.57
73.888	19.93	28.41	0.06	7.57
73.920	19.93	28.41	-0.01	7.50
73.952	19.93	28.41	-0.01	7.50
73.984	19.85	28.34	-0.01	7.50
74.016	19.85	28.34	0.09	7.60
74.048	19.85	28.34	0.09	7.60
74.080	19.85	28.33	0.09	7.60
74.112	19.85	28.33	-0.00	7.51
74.144	19.85	28.33	-0.00	7.51
74.176	19.85	28.33	-0.00	7.51
74.208	19.85	28.33	0.06	7.57
74.240	19.85	28.33	0.06	7.57
74.272	19.85	28.34	0.06	7.57
74.304	19.85	28.34	0.06	7.57
74.336	19.85	28.34	0.06	7.57
74.368	19.91	28.40	0.06	7.57
74.400	19.91	28.40	-0.01	7.50
74.432	19.91	28.40	-0.01	7.50
74.464	19.87	28.36	-0.01	7.50
74.496	19.87	28.36	0.09	7.60
74.528	19.87	28.36	0.09	7.60
74.560	19.92	28.40	0.09	7.60
74.592	19.92	28.40	0.00	7.51
74.624	19.92	28.40	0.00	7.51
74.656	19.90	28.38	0.00	7.51
74.688	19.90	28.38	0.06	7.57
74.720	19.90	28.38	0.06	7.57
74.752	19.92	28.40	0.06	7.57
74.784	19.92	28.40	0.06	7.57
74.816	19.92	28.40	0.06	7.57
74.848	19.90	28.38	0.06	7.57
74.880	19.90	28.38	-0.01	7.50
74.912	19.90	28.38	-0.01	7.50
74.944	19.86	28.34	-0.01	7.50
74.976	19.86	28.34	0.09	7.60
75.008	19.86	28.34	0.09	7.60
75.040	19.87	28.35	0.09	7.60
75.072	19.87	28.35	-0.00	7.50
75.104	19.87	28.35	-0.00	7.50
75.136	19.80	28.28	-0.00	7.50
75.168	19.80	28.28	0.06	7.57
75.200	19.80	28.28	0.06	7.57
75.232	19.89	28.38	0.06	7.57
75.264	19.89	28.38	0.06	7.57
75.296	19.89	28.38	0.06	7.57
75.328	19.89	28.38	0.06	7.57
75.360	19.89	28.38	-0.01	7.50
75.392	19.89	28.38	-0.01	7.50
75.424	19.87	28.35	-0.01	7.50
75.456	19.87	28.35	0.09	7.60
75.488	19.87	28.35	0.09	7.60
75.520	19.87	28.36	0.09	7.60
75.552	19.87	28.36	0.00	7.51
75.584	19.87	28.36	0.00	7.51
75.616	19.83	28.32	0.00	7.51
75.648	19.83	28.32	0.06	7.57
75.680	19.83	28.32	0.06	7.57
75.712	19.93	28.42	0.06	7.57
75.744	19.93	28.42	0.06	7.57
75.776	19.93	28.42	0.06	7.57
75.808	19.90	28.39	0.06	7.57
75.840	19.90	28.39	-0.01	7.50
75.872	19.90	28.39	-0.01	7.50
75.904	19.89	28.38	-0.01	7.50
75.936	19.89	28.38	0.09	7.60
75.968	19.89	28.38	0.09	7.60
76.000	19.85	28.34	0.09	7.60
76.032	19.85	28.34	-0.00	7.51
76.064	19.85	28.34	-0.00	7.51
76.096	19.83	28.31	-0.00	7.51
76.128	19.83	28.31	0.06	7.57
76.160	19.83	28.31	0.06	7.57
76.192	19.93	28.41	0.06	7.57
76.224	19.93	28.41	0.06	7.57
76.256	19.93	28.41	0.06	7.57
76.288	19.90	28.38	0.06	7.57
76.320	19.90	28.38	-0.01	7.50
76.352	19.90	28.38	-0.01	7.50
76.384	19.85	28.33	-0.01	7.50
76.416	19.85	28.33	0.09	7.60
76.448	19.85	28.33	0.09	7.60
76.480	19.90	28.38	0.09	7.60
76.512	19.90	28.38	-0.00	7.51
76.544	19.90	28.38	-0.00	7.51
76.576	19.87	28.35	-0.00	7.51
76.608	19.87	28.35	0.06	7.57
76.640	19.87	28.35	0.06	7.57
76.672	19.88	28.37	0.06	7.57
76.704	19.88	28.37	0.06	7.57
76.736	19.88	28.37	0.06	7.57
76.768	19.87	28.35	0.06	7.57
76.800	19.87	28.35	-0.01	7.49
76.832	19.87	28.35	-0.01	7.49
76.864	19.87	28.35	-0.01	7.49
76.896	19.87	28.35	0.09	7.60
76.928	19.87	28.35	0.09	7.60
76.960	19.84	28.32	0.09	7.60
76.992	19.84	28.32	-0.00	7.51
77.024	19.84	28.32	-0.00	7.51
77.056	19.90	28.38	-0.00	7.51
77.088	19.90	28.38	0.06	7.57
77.120	19.90	28.38	0.06	7.57
77.152	19.94	28.42	0.06	7.57
77.184	19.94	28.42	0.06	7.57
77.216	19.94	28.42	0.06	7.57
77.248	19.89	28.38	0.06	7.57
77.280	19.89	28.38	-0.01	7.50
77.312	19.89	28.38	-0.01	7.50
77.344	19.88	28.36	-0.01	7.50
77.376	19.88	28.36	0.09	7.60
77.408	19.88	28.36	0.09	7.60
77.440	19.92	28.41	0.09	7.60
77.472	19.92	28.41	-0.00	7.51
77.504	19.92	28.41	-0.00	7.51
77.536	19.90	28.38	-0.00	7.51
77.568	19.90	28.38	0.06	7.57
77.600	19.90	28.38	0.06	7.57
77.632	19.90	28.38	0.06	7.57
77.664	19.90	28.38	0.06	7.57
77.696	19.90	28.38	0.06	7.57
77.728	19.88	28.36	0.06	7.57
77.760	19.88	28.36	-0.01	7.50
77.792	19.88	28.36	-0.01	7.50
77.824	19.91	28.40	-0.01	7.50
77.856	19.91	28.40	0.09	7.60
77.888	19.91	28.40	0.09	7.60
77.920	19.87	28.35	0.09	7.60
77.952	19.87	28.35	-0.00	7.51
77.984	19.87	28.35	-0.00	7.51
78.016	19.88	28.37	-0.00	7.51
78.048	19.88	28.37	0.06	7.57
78.080	19.88	28.37	0.06	7.57
78.112	19.90	28.39	0.06	7.57
78.144	19.90	28.39	0.06	7.57
78.176	19.90	28.39	0.06	7.57
78.208	19.89	28.37	0.06	7.57
78.240	19.89	28.37	-0.01	7.50
78.272	19.89	28.37	-0.01	7.50
78.304	19.89	28.37	-0.01	7.50
78.336	19.89	28.37	0.10	7.60
78.368	19.89	28.37	0.10	7.60
78.400	19.86	28.35	0.10	7.60
78.432	19.86	28.35	-0.00	7.51
78.464	19.86	28.35	-0.00	7.51
78.496	19.91	28.39	-0.00	7.51
78.528	19.91	28.39	0.06	7.57
78.560	19.91	28.39	0.06	7.57
78.592	19.90	28.38	0.06	7.57
78.624	19.90	28.38	0.06	7.57
78.656	19.90	28.38	0.06	7.57
78.688	19.86	28.34	0.06	7.57
78.720	19.86	28.34	-0.01	7.50
78.752	19.86	28.34	-0.01	7.50
78.784	19.85	28.34	-0.01	7.50
78.816	19.85	28.34	0.09	7.60
78.848	19.85	28.34	0.09	7.60
78.880	19.82	28.31	0.09	7.60
78.912	19.82	28.31	-0.00	7.51
78.944	19.82	28.31	-0.00	7.51
78.976	19.94	28.43	-0.00	7.51
79.008	19.94	28.43	0.06	7.57
79.040	19.94	28.43	0.06	7.57
79.072	19.93	28.41	0.06	7.57
79.104	19.93	28.41	0.06	7.57
79.136	19.93	28.41	0.06	7.57
79.168	19.89	28.38	0.06	7.57
79.200	19.89	28.38	-0.01	7.50
79.232	19.89	28.38	-0.01	7.50
79.264	19.90	28.38	-0.01	7.50
79.296	19.90	28.38	0.09	7.60
79.328	19.90	28.38	0.09	7.60
79.360	19.88	28.37	0.09	7.60
79.392	19.88	28.37	-0.01	7.50
79.424	19.88	28.37	-0.01	7.50
79.456	19.97	28.45	-0.01	7.50
79.488	19.97	28.45	0.06	7.57
79.520	19.97	28.45	0.06	7.57
79.552	19.90	28.39	0.06	7.57
79.584	19.90	28.39	0.06	7.57
79.616	19.90	28.39	0.06	7.57
79.648	19.90	28.39	0.06	7.57
79.680	19.90	28.39	-0.01	7.50
79.712	19.90	28.39	-0.01	7.50
79.744	19.84	28.33	-0.01	7.50
79.776	19.84	28.33	0.09	7.60
79.808	19.84	28.33	0.09	7.60
79.840	19.83	28.32	0.09	7.60
79.872	19.83	28.32	-0.00	7.51
79.904	19.83	28.32	-0.00	7.51
79.936	19.95	28.44	-0.00	7.51
79.968	19.95	28.44	0.06	7.57
80.000	19.95	28.44	0.06	7.57
80.032	19.88	28.37	0.06	7.57
80.064	19.88	28.37	0.06	7.57
80.096	19.88	28.37	0.06	7.57
80.128	19.93	28.42	0.06	7.57
80.160	19.93	28.42	-0.01	7.50
80.192	19.93	28.42	-0.01	7.50
80.224	19.93	28.42	-0.01	7.50
80.256	19.93	28.42	0.09	7.60
80.288	19.93	28.42	0.09	7.60
80.320	19.90	28.38	0.09	7.60
80.352	19.90	28.38	-0.00	7.51
80.384	19.90	28.38	-0.00	7.51
80.416	19.92	28.41	-0.00	7.51
80.448	19.92	28.41	0.06	7.57
80.480	19.92	28.41	0.06	7.57
80.512	19.89	28.37	0.06	7.57
80.544	19.89	28.37	0.06	7.57
80.576	19.89	28.37	0.06	7.57
80.608	19.86	28.34	0.06	7.57
80.640	19.86	28.34	-0.01	7.50
80.672	19.86	28.34	-0.01	7.50
80.704	19.81	28.30	-0.01	7.50
80.736	19.81	28.30	0.09	7.60
80.768	19.81	28.30	0.09	7.60
80.800	19.85	28.34	0.09	7.60
80.832	19.85	28.34	-0.00	7.51
80.864	19.85	28.34	-0.00	7.51
80.896	19.92	28.40	-0.00	7.51
80.928	19.92	28.40	0.07	7.58
80.960	19.92	28.40	0.07	7.58
80.992	19.92	28.41	0.07	7.58
81.024	19.92	28.41	0.06	7.57
81.056	19.92	28.41	0.06	7.57
81.088	19.89	28.38	0.06	7.57
81.120	19.89	28.38	-0.01	7.50
81.152	19.89	28.38	-0.01	7.50
81.184	19.92	28.40	-0.01	7.50
81.216	19.92	28.40	0.09	7.60
81.248	19.92	28.40	0.09	7.60
81.280	19.90	28.39	0.09	7.60
81.312	19.90	28.39	-0.00	7.50
81.344	19.90	28.39	-0.00	7.50
81.376	19.92	28.41	-0.00	7.50
81.408	19.92	28.41	0.06	7.57
81.440	19.92	28.41	0.06	7.57
81.472	19.88	28.37	0.06	7.57
81.504	19.88	28.37	0.05	7.56
81.536	19.88	28.37	0.05	7.56
81.568	19.88	28.36	0.05	7.56
81.600	19.88	28.36	-0.01	7.50
81.632	19.88	28.36	-0.01	7.50
81.664	19.88	28.37	-0.01	7.50
81.696	19.88	28.37	0.10	7.60
81.728	19.88	28.37	0.10	7.60
81.760	19.90	28.39	0.10	7.60
81.792	19.90	28.39	-0.00	7.51
81.824	19.90	28.39	-0.00	7.51
81.856	19.89	28.37	-0.00	7.51
81.888	19.89	28.37	0.07	7.58
81.920	19.89	28.37	0.07	7.58
81.952	19.84	28.32	0.07	7.58
81.984	19.84	28.32	0.05	7.56
82.016	19.84	28.32	0.05	7.56
82.048	19.91	28.40	0.05	7.56
82.080	19.91	28.40	-0.01	7.50
82.112	19.91	28.40	-0.01	7.50
82.144	19.88	28.36	-0.01	7.50
82.176	19.88	28.36	0.09	7.60
82.208	19.88	28.36	0.09	7.60
82.240	19.91	28.39	0.09	7.60
82.272	19.91	28.39	-0.00	7.50
82.304	19.91	28.39	-0.00	7.50
82.336	19.92	28.40	-0.00	7.50
82.368	19.92	28.40	0.07	7.58
82.400	19.92	28.40	0.07	7.58
82.432	19.88	28.37	0.07	7.58
82.464	19.88	28.37	0.05	7.56
82.496	19.88	28.37	0.05	7.56
82.528	19.81	28.30	0.05	7.56
82.560	19.81	28.30	-0.01	7.50
82.592	19.81	28.30	-0.01	7.50
82.624	19.78	28.26	-0.01	7.50
82.656	19.78	28.26	0.09	7.60
82.688	19.78	28.26	0.09	7.60
82.720	19.89	28.38	0.09	7.60
82.752	19.89	28.38	-0.01	7.50
82.784	19.89	28.38	-0.01	7.50
82.816	19.90	28.38	-0.01	7.50
82.848	19.90	28.38	0.07	7.58
82.880	19.90	28.38	0.07	7.58
82.912	19.87	28.35	0.07	7.58
82.944	19.87	28.35	0.05	7.56
82.976	19.87	28.35	0.05	7.56
83.008	19.91	28.39	0.05	7.56
83.040	19.91	28.39	-0.01	7.50
83.072	19.91	28.39	-0.01	7.50
83.104	19.85	28.33	-0.01	7.50
83.136	19.85	28.33	0.09	7.60
83.168	19.85	28.33	0.09	7.60
83.200	19.89	28.38	0.09	7.60
83.232	19.89	28.38	-0.01	7.50
83.264	19.89	28.38	-0.01	7.50
83.296	19.94	28.42	-0.01	7.50
83.328	19.94	28.42	0.07	7.58
83.360	19.94	28.42	0.07	7.58
83.392	19.81	28.29	0.07	7.58
83.424	19.81	28.29	0.05	7.55
83.456	19.81	28.29	0.05	7.55
83.488	19.87	28.35	0.05	7.55
83.520	19.87	28.35	-0.01	7.50
83.552	19.87	28.35	-0.01	7.50
83.584	19.88	28.36	-0.01	7.50
83.616	19.88	28.36	0.09	7.60
83.648	19.88	28.36	0.09	7.60
83.680	19.89	28.38	0.09	7.60
83.712	19.89	28.38	-0.01	7.50
83.744	19.89	28.38	-0.01	7.50
83.776	19.86	28.34	-0.01	7.50
83.808	19.86	28.34	0.07	7.58
83.840	19.86	28.34	0.07	7.58
83.872	19.92	28.40	0.07	7.58
83.904	19.92	28.40	0.04	7.55
83.936	19.92	28.40	0.04	7.55
83.968	19.89	28.37	0.04	7.55
84.000	19.89	28.37	-0.00	7.50
84.032	19.89	28.37	-0.00	7.50
84.064	19.88	28.36	-0.00	7.50
84.096	19.88	28.36	0.09	7.60
84.128	19.88	28.36	0.09	7.60
84.160	19.92	28.40	0.09	7.60
84.192	19.92	28.40	-0.01	7.50
84.224	19.92	28.40	-0.01	7.50
84.256	19.92	28.40	-0.01	7.50
84.288	19.92	28.40	0.07	7.58
84.320	19.92	28.40	0.07	7.58
84.352	19.86	28.34	0.07	7.58
84.384	19.86	28.34	0.04	7.55
84.416	19.86	28.34	0.04	7.55
84.448	19.89	28.37	0.04	7.55
84.480	19.89	28.37	-0.00	7.50
84.512	19.89	28.37	-0.00	7.50
84.544	19.89	28.37	-0.00	7.50
84.576	19.89	28.37	0.09	7.60
84.608	19.89	28.37	0.09	7.60
84.640	19.89	28.37	0.09	7.60
84.672	19.89	28.37	-0.01	7.49
84.704	19.89	28.37	-0.01	7.49
84.736	19.88	28.37	-0.01	7.49
84.768	19.88	28.37	0.07	7.58
84.800	19.88	28.37	0.07	7.58
84.832	19.88	28.36	0.07	7.58
84.864	19.88	28.36	0.03	7.54
84.896	19.88	28.36	0.03	7.54
84.928	19.89	28.38	0.03	7.54
84.960	19.89	28.38	-0.00	7.50
84.992	19.89	28.38	-0.00	7.50
85.024	19.93	28.42	-0.00	7.50
85.056	19.93	28.42	0.09	7.59
85.088	19.93	28.42	0.09	7.59
85.120	19.91	28.40	0.09	7.59
85.152	19.91	28.40	-0.01	7.49
85.184	19.91	28.40	-0.01	7.49
85.216	19.87	28.35	-0.01	7.49
85.248	19.87	28.35	0.07	7.58
85.280	19.87	28.35	0.07	7.58
85.312	19.85	28.33	0.07	7.58
85.344	19.85	28.33	0.03	7.54
85.376	19.85	28.33	0.03	7.54
85.408	19.83	28.32	0.03	7.54
85.440	19.83	28.32	-0.00	7.51
85.472	19.83	28.32	-0.00	7.51
85.504	19.91	28.39	-0.00	7.51
85.536	19.91	28.39	0.09	7.60
85.568	19.91	28.39	0.09	7.60
85.600	19.93	28.41	0.09	7.60
85.632	19.93	28.41	-0.02	7.49
85.664	19.93	28.41	-0.02	7.49
85.696	19.90	28.38	-0.02	7.49
85.728	19.90	28.38	0.08	7.58
85.760	19.90	28.38	0.08	7.58
85.792	19.95	28.44	0.08	7.58
85.824	19.95	28.44	0.03	7.54
85.856	19.95	28.44	0.03	7.54
85.888	19.88	28.36	0.03	7.54
85.920	19.88	28.36	-0.00	7.51
85.952	19.88	28.36	-0.00	7.51
85.984	19.94	28.42	-0.00	7.51
86.016	19.94	28.42	0.09	7.60
86.048	19.94	28.42	0.09	7.60
86.080	19.88	28.36	0.09	7.60
86.112	19.88	28.36	-0.01	7.50
86.144	19.88	28.36	-0.01	7.50
86.176	19.85	28.33	-0.01	7.50
86.208	19.85	28.33	0.07	7.58
86.240	19.85	28.33	0.07	7.58
86.272	19.86	28.35	0.07	7.58
86.304	19.86	28.35	0.02	7.53
86.336	19.86	28.35	0.02	7.53
86.368	19.91	28.39	0.02	7.53
86.400	19.91	28.39	0.00	7.51
86.432	19.91	28.39	0.00	7.51
86.464	19.92	28.40	0.00	7.51
86.496	19.92	28.40	0.09	7.60
86.528	19.92	28.40	0.09	7.60
86.560	19.91	28.39	0.09	7.60
86.592	19.91	28.39	-0.02	7.49
86.624	19.91	28.39	-0.02	7.49
86.656	19.90	28.38	-0.02	7.49
86.688	19.90	28.38	0.07	7.58
86.720	19.90	28.38	0.07	7.58
86.752	19.94	28.42	0.07	7.58
86.784	19.94	28.42	0.02	7.53
86.816	19.94	28.42	0.02	7.53
86.848	19.93	28.41	0.02	7.53
86.880	19.93	28.41	0.01	7.52
86.912	19.93	28.41	0.01	7.52
86.944	12.60	21.08	0.01	7.52
86.976	12.60	21.08	0.08	7.59
87.008	12.60	21.08	0.08	7.59
87.040	0.28	8.77	0.08	7.59
87.072	0.28	8.77	-0.02	7.49
87.104	0.28	8.77	-0.02	7.49
87.136	-3.64	4.85	-0.02	7.49
87.168	-3.64	4.85	0.07	7.58
87.200	-3.64	4.85	0.07	7.58
87.232	0.54	9.02	0.07	7.58
87.264	0.54	9.02	0.01	7.52
87.296	0.54	9.02	0.01	7.52
87.328	2.37	10.85	0.01	7.52
87.360	2.37	10.85	0.01	7.52
87.392	2.37	10.85	0.01	7.52
87.424	0.62	9.11	0.01	7.52
87.456	0.62	9.11	0.08	7.59
87.488	0.62	9.11	0.08	7.59
87.520	-0.68	7.80	0.08	7.59
87.552	-0.68	7.80	-0.02	7.49
87.584	-0.68	7.80	-0.02	7.49
87.616	-0.21	8.27	-0.02	7.49
87.648	-0.21	8.27	0.07	7.58
87.680	-0.21	8.27	0.07	7.58
87.712	0.71	9.19	0.07	7.58
87.744	0.71	9.19	0.01	7.52
87.776	0.71	9.19	0.01	7.52
87.808	0.67	9.15	0.01	7.52
87.840	0.67	9.15	0.01	7.52
87.872	0.67	9.15	0.01	7.52
87.904	0.07	8.56	0.01	7.52
87.936	0.07	8.56	0.08	7.59
87.968	0.07	8.56	0.08	7.59
88.000	-0.06	8.42	0.08	7.59
88.032	-0.06	8.42	-0.02	7.49
88.064	-0.06	8.42	-0.02	7.49
88.096	0.26	8.75	-0.02	7.49
88.128	0.26	8.75	0.07	7.58
88.160	0.26	8.75	0.07	7.58
88.192	0.43	8.92	0.07	7.58
88.224	0.43	8.92	0.01	7.52
88.256	0.43	8.92	0.01	7.52
88.288	0.27	8.75	0.01	7.52
88.320	0.27	8.75	0.01	7.52
88.352	0.27	8.75	0.01	7.52
88.384	0.11	8.59	0.01	7.52
88.416	0.11	8.59	0.08	7.59
88.448	0.11	8.59	0.08	7.59
88.480	0.16	8.65	0.08	7.59
88.512	0.16	8.65	-0.02	7.49
88.544	0.16	8.65	-0.02	7.49
88.576	0.27	8.75	-0.02	7.49
88.608	0.27	8.75	0.08	7.58
88.640	0.27	8.75	0.08	7.58
88.672	0.27	8.75	0.08	7.58
88.704	0.27	8.75	0.00	7.51
88.736	0.27	8.75	0.00	7.51
88.768	0.19	8.67	0.00	7.51
88.800	0.19	8.67	0.02	7.53
88.832	0.19	8.67	0.02	7.53
88.864	0.18	8.66	0.02	7.53
88.896	0.18	8.66	0.08	7.59
88.928	0.18	8.66	0.08	7.59
88.960	0.22	8.70	0.08	7.59
88.992	0.22	8.70	-0.02	7.49
89.024	0.22	8.70	-0.02	7.49
89.056	0.23	8.71	-0.02	7.49
89.088	0.23	8.71	0.08	7.58
89.120	0.23	8.71	0.08	7.58
89.152	0.21	8.70	0.08	7.58
89.184	0.21	8.70	0.01	7.52
89.216	0.21	8.70	0.01	7.52
89.248	0.19	8.68	0.01	7.52
89.280	0.19	8.68	0.02	7.53
89.312	0.19	8.68	0.02	7.53
89.344	0.26	8.74	0.02	7.53
89.376	0.26	8.74	0.08	7.59
89.408	0.26	8.74	0.08	7.59
89.440	0.29	8.77	0.08	7.59
89.472	0.29	8.77	-0.02	7.49
89.504	0.29	8.77	-0.02	7.49
89.536	0.26	8.74	-0.02	7.49
89.568	0.26	8.74	0.08	7.59
89.600	0.26	8.74	0.08	7.59
89.632	0.23	8.72	0.08	7.59
89.664	0.23	8.72	-0.00	7.51
89.696	0.23	8.72	-0.00	7.51
89.728	0.23	8.71	-0.00	7.51
89.760	0.23	8.71	0.02	7.53
89.792	0.23	8.71	0.02	7.53
89.824	0.23	8.72	0.02	7.53
89.856	0.23	8.72	0.08	7.59
89.888	0.23	8.72	0.08	7.59
89.920	0.23	8.72	0.08	7.59
89.952	0.23	8.72	-0.02	7.49
89.984	0.23	8.72	-0.02	7.49
90.016	0.23	8.71	-0.02	7.49
90.048	0.23	8.71	0.08	7.59
90.080	0.23	8.71	0.08	7.59
90.112	0.23	8.71	0.08	7.59
90.144	0.23	8.71	-0.00	7.51
90.176	0.23	8.71	-0.00	7.51
90.208	0.23	8.71	-0.00	7.51
90.240	0.23	8.71	0.03	7.54
90.272	0.23	8.71	0.03	7.54
90.304	0.23	8.72	0.03	7.54
90.336	0.23	8.72	0.08	7.59
