Contador    P0  P1
0	-2.22	-2.22
1	-2.22	-2.22
2	7.29	-2.22
3	7.29	7.64
4	7.29	7.64
5	7.29	7.64
6	7.29	7.59
7	7.29	7.59
8	7.29	7.59
9	7.29	7.63
10	7.29	7.63
11	7.30	7.63
12	7.30	7.54
13	7.30	7.54
14	7.31	7.54
15	7.31	7.63
16	7.31	7.63
17	7.30	7.63
18	7.30	7.57
19	7.30	7.57
20	7.31	7.57
21	0.00	-0.00
22	0.00	-0.00
23	-0.00	-0.00
24	-0.00	0.07
25	-0.00	0.07
26	-0.00	0.07
27	-0.00	-0.03
28	-0.00	-0.03
29	-0.00	-0.03
30	-0.00	0.07
31	-0.00	0.07
32	-0.00	0.07
33	-0.00	-0.00
34	-0.00	-0.00
35	-0.00	-0.00
36	-0.00	0.01
37	-0.00	0.01
38	-0.00	0.01
39	-0.00	0.08
40	-0.00	0.08
41	0.00	0.08
42	0.00	-0.03
43	0.00	-0.03
44	-0.01	-0.03
45	-0.01	0.07
46	-0.01	0.07
47	-0.01	0.07
48	-0.01	-0.00
49	-0.01	-0.00
50	-0.01	-0.00
51	-0.01	0.02
52	-0.01	0.02
53	-0.01	0.02
54	-0.01	0.07
55	-0.01	0.07
56	-0.01	0.07
57	-0.01	-0.02
58	-0.01	-0.02
59	-0.01	-0.02
60	-0.01	0.07
61	-0.01	0.07
62	-0.01	0.07
63	-0.01	-0.00
64	-0.01	-0.00
65	-0.01	-0.00
66	-0.01	0.03
67	-0.01	0.03
68	-0.01	0.03
69	-0.01	0.07
70	-0.01	0.07
71	-0.01	0.07
72	-0.01	-0.02
73	-0.01	-0.02
74	-0.02	-0.02
75	-0.02	0.08
76	-0.02	0.08
77	-0.01	0.08
78	-0.01	-0.00
79	-0.01	-0.00
80	-0.02	-0.00
81	-0.02	0.04
82	-0.02	0.04
83	-0.02	0.04
84	-0.02	0.07
85	-0.02	0.07
86	-0.02	0.07
87	-0.02	-0.02
88	-0.02	-0.02
89	-0.02	-0.02
90	-0.02	0.09
91	-0.02	0.09
92	-0.02	0.09
93	-0.02	-0.00
94	-0.02	-0.00
95	-0.02	-0.00
96	-0.02	0.04
97	-0.02	0.04
98	-0.02	0.04
99	-0.02	0.07
100	-0.02	0.07
101	-0.02	0.07
102	-0.02	-0.02
103	-0.02	-0.02
104	-0.03	-0.02
105	-0.03	0.08
106	-0.03	0.08
107	-0.02	0.08
108	-0.02	-0.00
109	-0.02	-0.00
110	-0.03	-0.00
111	-0.03	0.05
112	-0.03	0.05
113	-0.03	0.05
114	-0.03	0.06
115	-0.03	0.06
116	-0.03	0.06
117	-0.03	-0.02
118	-0.03	-0.02
119	-0.03	-0.02
120	-0.03	0.09
121	-0.03	0.09
122	-0.04	0.09
123	-0.04	-0.00
124	-0.04	-0.00
125	-0.03	-0.00
126	-0.03	0.05
127	-0.03	0.05
128	-0.04	0.05
129	-0.04	0.06
130	-0.04	0.06
131	-0.04	0.06
132	-0.04	-0.02
133	-0.04	-0.02
134	-0.04	-0.02
135	-0.04	0.09
136	-0.04	0.09
137	-0.04	0.09
138	-0.04	-0.01
139	-0.04	-0.01
140	-0.04	-0.01
141	-0.04	0.06
142	-0.04	0.06
143	-0.04	0.06
144	-0.04	0.05
145	-0.04	0.05
146	-0.04	0.05
147	-0.04	-0.01
148	-0.04	-0.01
149	-0.04	-0.01
150	-0.04	0.09
151	-0.04	0.09
152	-0.04	0.09
153	-0.04	-0.00
154	-0.04	-0.00
155	-0.04	-0.00
156	-0.04	0.06
157	-0.04	0.06
158	-0.04	0.06
159	-0.04	0.04
160	-0.04	0.04
161	-0.04	0.04
162	-0.04	-0.01
163	-0.04	-0.01
164	-0.04	-0.01
165	-0.04	0.09
166	-0.04	0.09
167	-0.04	0.09
168	-0.04	-0.00
169	-0.04	-0.00
170	-0.04	-0.00
171	-0.04	0.07
172	-0.04	0.07
173	-0.04	0.07
174	-0.04	0.04
175	-0.04	0.04
176	-0.04	0.04
177	-0.04	-0.01
178	-0.04	-0.01
179	-0.04	-0.01
180	-0.04	0.10
181	-0.04	0.10
182	-0.04	0.10
183	-0.04	-0.01
184	-0.04	-0.01
185	-0.04	-0.01
186	-0.04	0.07
187	-0.04	0.07
188	-0.04	0.07
189	-0.04	0.04
190	-0.04	0.04
191	-0.04	0.04
192	-0.04	-0.00
193	-0.04	-0.00
194	-0.04	-0.00
195	-0.04	0.10
196	-0.04	0.10
197	-0.04	0.10
198	-0.04	-0.01
199	-0.04	-0.01
200	-0.04	-0.01
201	-0.04	0.07
202	-0.04	0.07
203	-0.04	0.07
204	-0.04	0.03
205	-0.04	0.03
206	-0.04	0.03
207	-0.04	0.01
208	-0.04	0.01
209	-0.05	0.01
210	-0.05	0.09
211	-0.05	0.09
212	-0.04	0.09
213	-0.04	-0.01
214	-0.04	-0.01
215	-0.05	-0.01
216	-0.05	0.07
217	-0.05	0.07
218	-0.05	0.07
219	-0.05	0.02
220	-0.05	0.02
221	-0.03	0.02
222	-0.03	0.01
223	-0.03	0.01
224	9.89	0.01
225	9.89	0.10
226	9.89	0.10
227	19.05	0.10
228	19.05	-0.02
229	19.05	-0.02
230	20.96	-0.02
231	20.96	0.08
232	20.96	0.08
233	21.22	0.08
234	21.22	0.02
235	21.22	0.02
236	21.75	0.02
237	21.75	0.02
238	21.75	0.02
239	21.97	0.02
240	21.97	0.10
241	21.97	0.10
242	22.09	0.10
243	22.09	-0.01
244	22.09	-0.01
245	22.26	-0.01
246	22.26	0.09
247	22.26	0.09
248	22.39	0.09
249	22.39	0.02
250	22.39	0.02
251	22.52	0.02
252	22.52	0.03
253	22.52	0.03
254	22.58	0.03
255	22.58	0.10
256	22.58	0.10
257	22.68	0.10
258	22.68	-0.00
259	22.68	-0.00
260	22.74	-0.00
261	22.74	0.09
262	22.74	0.09
263	22.74	0.09
264	22.74	0.02
265	22.74	0.02
266	22.75	0.02
267	22.75	0.04
268	22.75	0.04
269	22.77	0.04
270	22.77	0.10
271	22.77	0.10
272	22.77	0.10
273	22.77	-0.00
274	22.77	-0.00
275	22.81	-0.00
276	22.81	0.09
277	22.81	0.09
278	22.82	0.09
279	22.82	0.02
280	22.82	0.02
281	22.84	0.02
282	22.84	0.06
283	22.84	0.06
284	22.88	0.06
285	22.88	0.10
286	22.88	0.10
287	22.92	0.10
288	22.92	-0.00
289	22.92	-0.00
290	22.94	-0.00
291	22.94	0.10
292	22.94	0.10
293	22.94	0.10
294	22.94	0.02
295	22.94	0.02
296	22.96	0.02
297	22.96	0.06
298	22.96	0.06
299	22.96	0.06
300	22.96	0.09
301	22.96	0.09
302	22.97	0.09
303	22.97	0.00
304	22.97	0.00
305	23.01	0.00
306	23.01	0.11
307	23.01	0.11
308	23.01	0.11
309	23.01	0.02
310	23.01	0.02
311	23.02	0.02
312	23.02	0.07
313	23.02	0.07
314	23.03	0.07
315	23.03	0.09
316	23.03	0.09
317	23.03	0.09
318	23.03	0.00
319	23.03	0.00
320	23.04	0.00
321	23.04	0.11
322	23.04	0.11
323	23.04	0.11
324	23.04	0.02
325	23.04	0.02
326	23.05	0.02
327	23.05	0.08
328	23.05	0.08
329	23.06	0.08
330	23.06	0.08
331	23.06	0.08
332	23.08	0.08
333	23.08	0.01
334	23.08	0.01
335	23.09	0.01
336	23.09	0.11
337	23.09	0.11
338	23.09	0.11
339	23.09	0.02
340	23.09	0.02
341	23.10	0.02
342	23.10	0.08
343	23.10	0.08
344	23.11	0.08
345	23.11	0.08
346	23.11	0.08
347	23.12	0.08
348	23.12	0.01
349	23.12	0.01
350	23.12	0.01
351	23.12	0.11
352	23.12	0.11
353	23.12	0.11
354	23.12	0.02
355	23.12	0.02
356	23.13	0.02
357	23.13	0.09
358	23.13	0.09
359	23.13	0.09
360	23.13	0.07
361	23.13	0.07
362	23.13	0.07
363	23.13	0.01
364	23.13	0.01
365	23.14	0.01
366	23.14	0.11
367	23.14	0.11
368	23.14	0.11
369	23.14	0.02
370	23.14	0.02
371	23.15	0.02
372	23.15	0.09
373	23.15	0.09
374	23.16	0.09
375	23.16	0.07
376	23.16	0.07
377	23.16	0.07
378	23.16	0.02
379	23.16	0.02
380	23.16	0.02
381	23.16	0.12
382	23.16	0.12
383	23.15	0.12
384	23.15	0.02
385	23.15	0.02
386	23.16	0.02
387	23.16	0.10
388	23.16	0.10
389	23.16	0.10
390	23.16	0.07
391	23.16	0.07
392	23.16	0.07
393	23.16	0.03
394	23.16	0.03
395	23.16	0.03
396	23.16	0.13
397	23.16	0.13
398	23.16	0.13
399	23.16	0.03
400	23.16	0.03
401	23.16	0.03
402	23.16	0.11
403	23.16	0.11
404	23.17	0.11
405	23.17	0.07
406	23.17	0.07
407	23.17	0.07
408	23.17	0.04
409	23.17	0.04
410	23.18	0.04
411	23.18	0.13
412	23.18	0.13
413	23.19	0.13
414	23.19	0.03
415	23.19	0.03
416	23.21	0.03
417	23.21	0.12
418	23.21	0.12
419	23.21	0.12
420	23.21	0.07
421	23.21	0.07
422	23.22	0.07
423	23.22	0.05
424	23.22	0.05
425	23.23	0.05
426	23.23	0.13
427	23.23	0.13
428	23.23	0.13
429	23.23	0.04
430	23.23	0.04
431	23.23	0.04
432	23.23	0.12
433	23.23	0.12
434	23.23	0.12
435	23.23	0.07
436	23.23	0.07
437	23.24	0.07
438	23.24	0.06
439	23.24	0.06
440	23.24	0.06
441	23.24	0.14
442	23.24	0.14
443	23.24	0.14
444	23.24	0.04
445	23.24	0.04
446	23.24	0.04
447	23.24	0.12
448	23.24	0.12
449	23.24	0.12
450	23.24	0.06
451	23.24	0.06
452	23.24	0.06
453	23.24	0.06
454	23.24	0.06
455	23.25	0.06
456	23.25	0.13
457	23.25	0.13
458	23.25	0.13
459	23.25	0.03
460	23.25	0.03
461	23.26	0.03
462	23.26	0.12
463	23.26	0.12
464	23.26	0.12
465	23.26	0.06
466	23.26	0.06
467	23.25	0.06
468	23.25	0.07
469	23.25	0.07
470	23.25	0.07
471	23.25	0.13
472	23.25	0.13
473	23.26	0.13
474	23.26	0.04
475	23.26	0.04
476	23.26	0.04
477	23.26	0.13
478	23.26	0.13
479	23.27	0.13
480	23.27	0.05
481	23.27	0.05
482	23.27	0.05
483	23.27	0.07
484	23.27	0.07
485	23.27	0.07
486	23.27	0.13
487	23.27	0.13
488	23.27	0.13
489	23.27	0.04
490	23.27	0.04
491	23.28	0.04
492	23.28	0.13
493	23.28	0.13
494	23.28	0.13
495	23.28	0.05
496	23.28	0.05
497	23.28	0.05
498	23.28	0.08
499	23.28	0.08
500	23.29	0.08
501	23.29	0.13
502	23.29	0.13
503	23.29	0.13
504	23.29	0.03
505	23.29	0.03
506	23.30	0.03
507	23.30	0.13
508	23.30	0.13
509	23.30	0.13
510	23.30	0.05
511	23.30	0.05
512	23.30	0.05
513	23.30	0.09
514	23.30	0.09
515	23.30	0.09
516	23.30	0.12
517	23.30	0.12
518	23.31	0.12
519	23.31	0.04
520	23.31	0.04
521	23.31	0.04
522	23.31	0.13
523	23.31	0.13
524	23.30	0.13
525	23.30	0.05
526	23.30	0.05
527	23.30	0.05
528	23.30	0.09
529	23.30	0.09
530	23.30	0.09
531	23.30	0.12
532	23.30	0.12
533	23.30	0.12
534	23.30	0.03
535	23.30	0.03
536	23.30	0.03
537	23.30	0.13
538	23.30	0.13
539	23.30	0.13
540	23.30	0.04
541	23.30	0.04
542	23.30	0.04
543	23.30	0.09
544	23.30	0.09
545	23.31	0.09
546	23.31	0.11
547	23.31	0.11
548	23.31	0.11
549	23.31	0.03
550	23.31	0.03
551	23.31	0.03
552	23.31	0.13
553	23.31	0.13
554	23.31	0.13
555	23.31	0.05
556	23.31	0.05
557	23.30	0.05
558	23.30	0.10
559	23.30	0.10
560	23.30	0.10
561	23.30	0.11
562	23.30	0.11
563	23.30	0.11
564	23.30	0.03
565	23.30	0.03
566	23.30	0.03
567	23.30	0.13
568	23.30	0.13
569	23.29	0.13
570	23.29	0.04
571	23.29	0.04
572	23.30	0.04
573	23.30	0.10
574	23.30	0.10
575	23.30	0.10
576	23.30	0.10
577	23.30	0.10
578	23.30	0.10
579	23.30	0.03
580	23.30	0.03
581	23.30	0.03
582	23.30	0.13
583	23.30	0.13
584	23.30	0.13
585	23.30	0.04
586	23.30	0.04
587	23.29	0.04
588	23.29	0.10
589	23.29	0.10
590	23.29	0.10
591	23.29	0.10
592	23.29	0.10
593	23.29	0.10
594	23.29	0.03
595	23.29	0.03
596	23.29	0.03
597	23.29	0.13
598	23.29	0.13
599	23.29	0.13
600	23.29	0.04
601	23.29	0.04
602	23.29	0.04
603	23.29	0.10
604	23.29	0.10
605	23.29	0.10
606	23.29	0.09
607	23.29	0.09
608	23.29	0.09
609	23.29	0.02
610	23.29	0.02
611	23.28	0.02
612	23.28	0.13
613	23.28	0.13
614	23.28	0.13
615	23.28	0.03
616	23.28	0.03
617	23.28	0.03
618	23.28	0.10
619	23.28	0.10
620	23.28	0.10
621	23.28	0.09
622	23.28	0.09
623	23.27	0.09
624	23.27	0.02
625	23.27	0.02
626	23.27	0.02
627	23.27	0.12
628	23.27	0.12
629	23.27	0.12
630	23.27	0.03
631	23.27	0.03
632	23.27	0.03
633	23.27	0.10
634	23.27	0.10
635	23.26	0.10
636	23.26	0.08
637	23.26	0.08
638	23.27	0.08
639	23.27	0.03
640	23.27	0.03
641	23.27	0.03
642	23.27	0.13
643	23.27	0.13
644	23.27	0.13
645	23.27	0.03
646	23.27	0.03
647	23.27	0.03
648	23.27	0.10
649	23.27	0.10
650	23.27	0.10
651	23.27	0.08
652	23.27	0.08
653	23.27	0.08
654	23.27	0.03
655	23.27	0.03
656	23.26	0.03
657	23.26	0.13
658	23.26	0.13
659	23.27	0.13
660	23.27	0.03
661	23.27	0.03
662	23.27	0.03
663	23.27	0.11
664	23.27	0.11
665	23.27	0.11
666	23.27	0.08
667	23.27	0.08
668	23.28	0.08
669	23.28	0.03
670	23.28	0.03
671	23.28	0.03
672	23.28	0.13
673	23.28	0.13
674	23.28	0.13
675	23.28	0.03
676	23.28	0.03
677	23.29	0.03
678	23.29	0.11
679	23.29	0.11
680	23.29	0.11
681	23.29	0.07
682	23.29	0.07
683	23.31	0.07
684	23.31	0.03
685	23.31	0.03
686	23.31	0.03
687	23.31	0.13
688	23.31	0.13
689	23.31	0.13
690	23.31	0.03
691	23.31	0.03
692	23.32	0.03
693	23.32	0.11
694	23.32	0.11
695	23.32	0.11
696	23.32	0.07
697	23.32	0.07
698	23.32	0.07
699	23.32	0.03
700	23.32	0.03
701	23.32	0.03
702	23.32	0.13
703	23.32	0.13
704	23.31	0.13
705	23.31	0.03
706	23.31	0.03
707	23.31	0.03
708	23.31	0.11
709	23.31	0.11
710	23.31	0.11
711	23.31	0.07
712	23.31	0.07
713	23.32	0.07
714	23.32	0.03
715	23.32	0.03
716	23.32	0.03
717	23.32	0.13
718	23.32	0.13
719	23.31	0.13
720	23.31	0.03
721	23.31	0.03
722	23.32	0.03
723	23.32	0.11
724	23.32	0.11
725	23.32	0.11
726	23.32	0.07
727	23.32	0.07
728	23.32	0.07
729	23.32	0.03
730	23.32	0.03
731	23.32	0.03
732	23.32	0.13
733	23.32	0.13
734	23.31	0.13
735	23.31	0.03
736	23.31	0.03
737	23.31	0.03
738	23.31	0.10
739	23.31	0.10
740	23.32	0.10
741	23.32	0.07
742	23.32	0.07
743	23.33	0.07
744	23.33	0.03
745	23.33	0.03
746	23.33	0.03
747	23.33	0.13
748	23.33	0.13
749	23.34	0.13
750	23.34	0.02
751	23.34	0.02
752	23.34	0.02
753	23.34	0.10
754	23.34	0.10
755	23.34	0.10
756	23.34	0.07
757	23.34	0.07
758	23.34	0.07
759	23.34	0.03
760	23.34	0.03
761	23.33	0.03
762	23.33	0.12
763	23.33	0.12
764	23.34	0.12
765	23.34	0.03
766	23.34	0.03
767	23.34	0.03
768	23.34	0.11
769	23.34	0.11
770	23.34	0.11
771	23.34	0.07
772	23.34	0.07
773	23.34	0.07
774	23.34	0.03
775	23.34	0.03
776	23.34	0.03
777	23.34	0.13
778	23.34	0.13
779	23.34	0.13
780	23.34	0.03
781	23.34	0.03
782	23.33	0.03
783	23.33	0.11
784	23.33	0.11
785	23.33	0.11
786	23.33	0.07
787	23.33	0.07
788	23.33	0.07
789	23.33	0.03
790	23.33	0.03
791	23.32	0.03
792	23.32	0.12
793	23.32	0.12
794	23.33	0.12
795	23.33	0.03
796	23.33	0.03
797	23.33	0.03
798	23.33	0.10
799	23.33	0.10
800	23.33	0.10
801	23.33	0.07
802	23.33	0.07
803	23.33	0.07
804	23.33	0.03
805	23.33	0.03
806	23.32	0.03
807	23.32	0.13
808	23.32	0.13
809	23.33	0.13
810	23.33	0.03
811	23.33	0.03
812	23.33	0.03
813	23.33	0.11
814	23.33	0.11
815	23.33	0.11
816	23.33	0.07
817	23.33	0.07
818	23.33	0.07
819	23.33	0.03
820	23.33	0.03
821	23.32	0.03
822	23.32	0.13
823	23.32	0.13
824	23.33	0.13
825	23.33	0.03
826	23.33	0.03
827	23.33	0.03
828	23.33	0.10
829	23.33	0.10
830	23.33	0.10
831	23.33	0.07
832	23.33	0.07
833	23.32	0.07
834	23.32	0.03
835	23.32	0.03
836	23.32	0.03
837	23.32	0.12
838	23.32	0.12
839	23.32	0.12
840	23.32	0.03
841	23.32	0.03
842	23.32	0.03
843	23.32	0.10
844	23.32	0.10
845	23.32	0.10
846	23.32	0.08
847	23.32	0.08
848	23.32	0.08
849	23.32	0.03
850	23.32	0.03
851	23.32	0.03
852	23.32	0.13
853	23.32	0.13
854	23.32	0.13
855	23.32	0.03
856	23.32	0.03
857	23.32	0.03
858	23.32	0.10
859	23.32	0.10
860	23.32	0.10
861	23.32	0.08
862	23.32	0.08
863	23.33	0.08
864	23.33	0.03
865	23.33	0.03
866	23.33	0.03
867	23.33	0.13
868	23.33	0.13
869	23.33	0.13
870	23.33	0.03
871	23.33	0.03
872	23.33	0.03
873	23.33	0.10
874	23.33	0.10
875	23.33	0.10
876	23.33	0.08
877	23.33	0.08
878	23.32	0.08
879	23.32	0.02
880	23.32	0.02
881	23.33	0.02
882	23.33	0.12
883	23.33	0.12
884	23.33	0.12
885	23.33	0.03
886	23.33	0.03
887	23.33	0.03
888	23.33	0.10
889	23.33	0.10
890	23.34	0.10
891	23.34	0.09
892	23.34	0.09
893	23.33	0.09
894	23.33	0.02
895	23.33	0.02
896	23.34	0.02
897	23.34	0.13
898	23.34	0.13
899	23.35	0.13
900	23.35	0.03
901	23.35	0.03
902	23.36	0.03
903	23.36	0.10
904	23.36	0.10
905	23.36	0.10
906	23.36	0.09
907	23.36	0.09
908	23.36	0.09
909	23.36	0.02
910	23.36	0.02
911	23.36	0.02
912	23.36	0.13
913	23.36	0.13
914	23.36	0.13
915	23.36	0.03
916	23.36	0.03
917	23.36	0.03
918	23.36	0.09
919	23.36	0.09
920	23.37	0.09
921	23.37	0.09
922	23.37	0.09
923	23.37	0.09
924	23.37	0.02
925	23.37	0.02
926	23.37	0.02
927	23.37	0.13
928	23.37	0.13
929	23.37	0.13
930	23.37	0.04
931	23.37	0.04
932	23.38	0.04
933	23.38	0.10
934	23.38	0.10
935	23.38	0.10
936	23.38	0.09
937	23.38	0.09
938	23.38	0.09
939	23.38	0.02
940	23.38	0.02
941	23.38	0.02
942	23.38	0.12
943	23.38	0.12
944	23.38	0.12
945	23.38	0.04
946	23.38	0.04
947	23.38	0.04
948	23.38	0.09
949	23.38	0.09
950	23.38	0.09
951	23.38	0.10
952	23.38	0.10
953	23.38	0.10
954	23.38	0.02
955	23.38	0.02
956	23.38	0.02
957	23.38	0.13
958	23.38	0.13
959	23.38	0.13
960	23.38	0.04
961	23.38	0.04
962	23.38	0.04
963	23.38	0.09
964	23.38	0.09
965	23.38	0.09
966	23.38	0.10
967	23.38	0.10
968	23.39	0.10
969	23.39	0.02
970	23.39	0.02
971	23.39	0.02
972	23.39	0.12
973	23.39	0.12
974	23.39	0.12
975	23.39	0.03
976	23.39	0.03
977	23.39	0.03
978	23.39	0.09
979	23.39	0.09
980	23.39	0.09
981	23.39	0.11
982	23.39	0.11
983	23.39	0.11
984	23.39	0.02
985	23.39	0.02
986	23.39	0.02
987	23.39	0.12
988	23.39	0.12
989	23.39	0.12
990	23.39	0.04
991	23.39	0.04
992	23.39	0.04
993	23.39	0.08
994	23.39	0.08
995	23.37	0.08
996	23.37	0.11
997	23.37	0.11
998	23.38	0.11
999	23.38	0.02
1000	23.38	0.02
1001	23.38	0.02
1002	23.38	0.12
1003	23.38	0.12
1004	23.38	0.12
1005	23.38	0.04
1006	23.38	0.04
1007	23.38	0.04
1008	23.38	0.08
1009	23.38	0.08
1010	23.38	0.08
1011	23.38	0.12
1012	23.38	0.12
1013	23.38	0.12
1014	23.38	0.02
1015	23.38	0.02
1016	23.38	0.02
1017	23.38	0.12
1018	23.38	0.12
1019	23.38	0.12
1020	23.38	0.04
1021	23.38	0.04
1022	23.38	0.04
1023	23.38	0.07
1024	23.38	0.07
1025	23.38	0.07
1026	23.38	0.12
1027	23.38	0.12
1028	23.38	0.12
1029	23.38	0.02
1030	23.38	0.02
1031	23.38	0.02
1032	23.38	0.11
1033	23.38	0.11
1034	23.38	0.11
1035	23.38	0.04
1036	23.38	0.04
1037	23.39	0.04
1038	23.39	0.06
1039	23.39	0.06
1040	23.39	0.06
1041	23.39	0.12
1042	23.39	0.12
1043	23.39	0.12
1044	23.39	0.02
1045	23.39	0.02
1046	23.40	0.02
1047	23.40	0.12
1048	23.40	0.12
1049	23.40	0.12
1050	23.40	0.05
1051	23.40	0.05
1052	23.40	0.05
1053	23.40	0.06
1054	23.40	0.06
1055	23.40	0.06
1056	23.40	0.12
1057	23.40	0.12
1058	23.40	0.12
1059	23.40	0.02
1060	23.40	0.02
1061	23.40	0.02
1062	23.40	0.11
1063	23.40	0.11
1064	23.40	0.11
1065	23.40	0.05
1066	23.40	0.05
1067	23.40	0.05
1068	23.40	0.06
1069	23.40	0.06
1070	23.40	0.06
1071	23.40	0.12
1072	23.40	0.12
1073	23.40	0.12
1074	23.40	0.02
1075	23.40	0.02
1076	23.40	0.02
1077	23.40	0.11
1078	23.40	0.11
1079	23.40	0.11
1080	23.40	0.05
1081	23.40	0.05
1082	23.40	0.05
1083	23.40	0.05
1084	23.40	0.05
1085	23.40	0.05
1086	23.40	0.13
1087	23.40	0.13
1088	23.40	0.13
1089	23.40	0.02
1090	23.40	0.02
1091	23.40	0.02
1092	23.40	0.11
1093	23.40	0.11
1094	23.40	0.11
1095	23.40	0.05
1096	23.40	0.05
1097	23.39	0.05
1098	23.39	0.05
1099	23.39	0.05
1100	23.40	0.05
1101	23.40	0.13
1102	23.40	0.13
1103	23.40	0.13
1104	23.40	0.02
1105	23.40	0.02
1106	23.40	0.02
1107	23.40	0.11
1108	23.40	0.11
1109	23.40	0.11
1110	23.40	0.06
1111	23.40	0.06
1112	23.39	0.06
1113	23.39	0.04
1114	23.39	0.04
1115	23.39	0.04
1116	23.39	0.13
1117	23.39	0.13
1118	23.40	0.13
1119	23.40	0.02
1120	23.40	0.02
1121	23.39	0.02
1122	23.39	0.11
1123	23.39	0.11
1124	23.40	0.11
1125	23.40	0.06
1126	23.40	0.06
1127	23.40	0.06
1128	23.40	0.03
1129	23.40	0.03
1130	23.40	0.03
1131	23.40	0.13
1132	23.40	0.13
1133	23.39	0.13
1134	23.39	0.02
1135	23.39	0.02
1136	23.39	0.02
1137	23.39	0.11
1138	23.39	0.11
1139	23.39	0.11
1140	23.39	0.07
1141	23.39	0.07
1142	23.40	0.07
1143	23.40	0.03
1144	23.40	0.03
1145	23.39	0.03
1146	23.39	0.12
1147	23.39	0.12
1148	23.39	0.12
1149	23.39	0.03
1150	23.39	0.03
1151	23.39	0.03
1152	23.39	0.11
1153	23.39	0.11
1154	23.40	0.11
1155	23.40	0.07
1156	23.40	0.07
1157	23.40	0.07
1158	23.40	0.03
1159	23.40	0.03
1160	23.40	0.03
1161	23.40	0.13
1162	23.40	0.13
1163	23.41	0.13
1164	23.41	0.03
1165	23.41	0.03
1166	23.40	0.03
1167	23.40	0.10
1168	23.40	0.10
1169	23.40	0.10
1170	23.40	0.08
1171	23.40	0.08
1172	23.40	0.08
1173	23.40	0.03
1174	23.40	0.03
1175	23.40	0.03
1176	23.40	0.13
1177	23.40	0.13
1178	23.40	0.13
1179	23.40	0.03
1180	23.40	0.03
1181	23.40	0.03
1182	23.40	0.10
1183	23.40	0.10
1184	23.39	0.10
1185	23.39	0.08
1186	23.39	0.08
1187	23.39	0.08
1188	23.39	0.02
1189	23.39	0.02
1190	23.39	0.02
1191	23.39	0.12
1192	23.39	0.12
1193	23.39	0.12
1194	23.39	0.03
1195	23.39	0.03
1196	23.39	0.03
1197	23.39	0.10
1198	23.39	0.10
1199	23.39	0.10
1200	23.39	0.09
1201	23.39	0.09
1202	23.39	0.09
1203	23.39	0.02
1204	23.39	0.02
1205	23.39	0.02
1206	23.39	0.13
1207	23.39	0.13
1208	23.39	0.13
1209	23.39	0.03
1210	23.39	0.03
1211	23.39	0.03
1212	23.39	0.10
1213	23.39	0.10
1214	23.39	0.10
1215	23.39	0.09
1216	23.39	0.09
1217	23.39	0.09
1218	23.39	0.02
1219	23.39	0.02
1220	23.39	0.02
1221	23.39	0.13
1222	23.39	0.13
1223	23.39	0.13
1224	23.39	0.03
1225	23.39	0.03
1226	23.39	0.03
1227	23.39	0.09
1228	23.39	0.09
1229	23.38	0.09
1230	23.38	0.10
1231	23.38	0.10
1232	23.38	0.10
1233	23.38	0.02
1234	23.38	0.02
1235	23.38	0.02
1236	23.38	0.13
1237	23.38	0.13
1238	23.38	0.13
1239	23.38	0.04
1240	23.38	0.04
1241	23.38	0.04
1242	23.38	0.09
1243	23.38	0.09
1244	23.39	0.09
1245	23.39	0.11
1246	23.39	0.11
1247	23.39	0.11
1248	23.39	0.02
1249	23.39	0.02
1250	23.38	0.02
1251	23.38	0.13
1252	23.38	0.13
1253	23.38	0.13
1254	23.38	0.04
1255	23.38	0.04
1256	23.38	0.04
1257	23.38	0.09
1258	23.38	0.09
1259	23.38	0.09
1260	23.38	0.11
1261	23.38	0.11
1262	23.37	0.11
1263	23.37	0.02
1264	23.37	0.02
1265	23.38	0.02
1266	23.38	0.12
1267	23.38	0.12
1268	23.38	0.12
1269	23.38	0.04
1270	23.38	0.04
1271	23.37	0.04
1272	23.37	0.08
1273	23.37	0.08
1274	23.38	0.08
1275	23.38	0.12
1276	23.38	0.12
1277	23.38	0.12
1278	23.38	0.02
1279	23.38	0.02
1280	23.39	0.02
1281	23.39	0.12
1282	23.39	0.12
1283	23.38	0.12
1284	23.38	0.04
1285	23.38	0.04
1286	23.38	0.04
1287	23.38	0.07
1288	23.38	0.07
1289	23.38	0.07
1290	23.38	0.13
1291	23.38	0.13
1292	23.38	0.13
1293	23.38	0.02
1294	23.38	0.02
1295	23.39	0.02
1296	23.39	0.12
1297	23.39	0.12
1298	23.38	0.12
1299	23.38	0.05
1300	23.38	0.05
1301	23.38	0.05
1302	23.38	0.06
1303	23.38	0.06
1304	23.39	0.06
1305	23.39	0.12
1306	23.39	0.12
1307	23.39	0.12
1308	23.39	0.02
1309	23.39	0.02
1310	23.39	0.02
1311	23.39	0.11
1312	23.39	0.11
1313	23.39	0.11
1314	23.39	0.05
1315	23.39	0.05
1316	23.38	0.05
1317	23.38	0.06
1318	23.38	0.06
1319	23.38	0.06
1320	23.38	0.13
1321	23.38	0.13
1322	23.39	0.13
1323	23.39	0.02
1324	23.39	0.02
1325	23.38	0.02
1326	23.38	0.11
1327	23.38	0.11
1328	23.38	0.11
1329	23.38	0.05
1330	23.38	0.05
1331	23.38	0.05
1332	23.38	0.05
1333	23.38	0.05
1334	23.38	0.05
1335	23.38	0.12
1336	23.38	0.12
1337	23.38	0.12
1338	23.38	0.03
1339	23.38	0.03
1340	23.38	0.03
1341	23.38	0.11
1342	23.38	0.11
1343	23.38	0.11
1344	23.38	0.05
1345	23.38	0.05
1346	23.37	0.05
1347	23.37	0.03
1348	23.37	0.03
1349	23.38	0.03
1350	23.38	0.12
1351	23.38	0.12
1352	23.37	0.12
1353	23.37	0.02
1354	23.37	0.02
1355	23.38	0.02
1356	23.38	0.10
1357	23.38	0.10
1358	23.38	0.10
1359	23.38	0.05
1360	23.38	0.05
1361	23.37	0.05
1362	23.37	0.03
1363	23.37	0.03
1364	23.37	0.03
1365	23.37	0.12
1366	23.37	0.12
1367	23.37	0.12
1368	23.37	0.02
1369	23.37	0.02
1370	23.37	0.02
1371	23.37	0.10
1372	23.37	0.10
1373	23.37	0.10
1374	23.37	0.06
1375	23.37	0.06
1376	23.37	0.06
1377	23.37	0.02
1378	23.37	0.02
1379	23.37	0.02
1380	23.37	0.12
1381	23.37	0.12
1382	23.37	0.12
1383	23.37	0.03
1384	23.37	0.03
1385	23.37	0.03
1386	23.37	0.09
1387	23.37	0.09
1388	23.37	0.09
1389	23.37	0.07
1390	23.37	0.07
1391	23.37	0.07
1392	23.37	0.01
1393	23.37	0.01
1394	23.38	0.01
1395	23.38	0.11
1396	23.38	0.11
1397	23.38	0.11
1398	23.38	0.02
1399	23.38	0.02
1400	23.38	0.02
1401	23.38	0.09
1402	23.38	0.09
1403	23.37	0.09
1404	23.37	0.09
1405	23.37	0.09
1406	23.38	0.09
1407	23.38	0.01
1408	23.38	0.01
1409	23.39	0.01
1410	23.39	0.12
1411	23.39	0.12
1412	23.39	0.12
1413	23.39	0.03
1414	23.39	0.03
1415	23.39	0.03
1416	23.39	0.09
1417	23.39	0.09
1418	23.39	0.09
1419	23.39	0.09
1420	23.39	0.09
1421	23.39	0.09
1422	23.39	0.01
1423	23.39	0.01
1424	23.40	0.01
1425	23.40	0.12
1426	23.40	0.12
1427	23.40	0.12
1428	23.40	0.03
1429	23.40	0.03
1430	23.40	0.03
1431	23.40	0.07
1432	23.40	0.07
1433	23.40	0.07
1434	23.40	0.10
1435	23.40	0.10
1436	23.40	0.10
1437	23.40	0.01
1438	23.40	0.01
1439	23.40	0.01
1440	23.40	0.11
1441	23.40	0.11
1442	23.40	0.11
1443	23.40	0.03
1444	23.40	0.03
1445	23.40	0.03
1446	23.40	0.07
1447	23.40	0.07
1448	23.40	0.07
1449	23.40	0.11
1450	23.40	0.11
1451	23.40	0.11
1452	23.40	0.01
1453	23.40	0.01
1454	23.40	0.01
1455	23.40	0.11
1456	23.40	0.11
1457	23.40	0.11
1458	23.40	0.03
1459	23.40	0.03
1460	23.40	0.03
1461	23.40	0.06
1462	23.40	0.06
1463	23.40	0.06
1464	23.40	0.12
1465	23.40	0.12
1466	23.39	0.12
1467	23.39	0.01
1468	23.39	0.01
1469	23.39	0.01
1470	23.39	0.11
1471	23.39	0.11
1472	23.39	0.11
1473	23.39	0.04
1474	23.39	0.04
1475	23.39	0.04
1476	23.39	0.05
1477	23.39	0.05
1478	23.39	0.05
1479	23.39	0.11
1480	23.39	0.11
1481	23.39	0.11
1482	23.39	0.00
1483	23.39	0.00
1484	23.39	0.00
1485	23.39	0.10
1486	23.39	0.10
1487	23.39	0.10
1488	23.39	0.04
1489	23.39	0.04
1490	23.38	0.04
1491	23.38	0.04
1492	23.38	0.04
1493	23.39	0.04
1494	23.39	0.12
1495	23.39	0.12
1496	23.38	0.12
1497	23.38	0.01
1498	23.38	0.01
1499	23.39	0.01
1500	23.39	0.10
1501	23.39	0.10
1502	23.39	0.10
1503	23.39	0.05
1504	23.39	0.05
1505	23.38	0.05
1506	23.38	0.03
1507	23.38	0.03
1508	23.38	0.03
1509	23.38	0.11
1510	23.38	0.11
1511	23.39	0.11
1512	23.39	0.01
1513	23.39	0.01
1514	23.39	0.01
1515	23.39	0.10
1516	23.39	0.10
1517	23.39	0.10
1518	23.39	0.06
1519	23.39	0.06
1520	23.39	0.06
1521	23.39	0.02
1522	23.39	0.02
1523	23.39	0.02
1524	23.39	0.11
1525	23.39	0.11
1526	23.39	0.11
1527	23.39	0.01
1528	23.39	0.01
1529	23.38	0.01
1530	23.38	0.09
1531	23.38	0.09
1532	23.38	0.09
1533	23.38	0.07
1534	23.38	0.07
1535	23.38	0.07
1536	23.38	0.01
1537	23.38	0.01
1538	23.38	0.01
1539	23.38	0.11
1540	23.38	0.11
1541	23.38	0.11
1542	23.38	0.02
1543	23.38	0.02
1544	23.38	0.02
1545	23.38	0.08
1546	23.38	0.08
1547	23.38	0.08
1548	23.38	0.08
1549	23.38	0.08
1550	23.38	0.08
1551	23.38	0.01
1552	23.38	0.01
1553	23.38	0.01
1554	23.38	0.12
1555	23.38	0.12
1556	23.38	0.12
1557	23.38	0.02
1558	23.38	0.02
1559	23.38	0.02
1560	23.38	0.08
1561	23.38	0.08
1562	23.37	0.08
1563	23.37	0.09
1564	23.37	0.09
1565	23.38	0.09
1566	23.38	0.01
1567	23.38	0.01
1568	23.37	0.01
1569	23.37	0.11
1570	23.37	0.11
1571	23.37	0.11
1572	23.37	0.03
1573	23.37	0.03
1574	23.37	0.03
1575	23.37	0.07
1576	23.37	0.07
1577	23.37	0.07
1578	23.37	0.10
1579	23.37	0.10
1580	23.37	0.10
1581	23.37	0.01
1582	23.37	0.01
1583	23.37	0.01
1584	23.37	0.11
1585	23.37	0.11
1586	23.37	0.11
1587	23.37	0.03
1588	23.37	0.03
1589	23.37	0.03
1590	23.37	0.06
1591	23.37	0.06
1592	23.37	0.06
1593	23.37	0.11
1594	23.37	0.11
1595	23.36	0.11
1596	23.36	0.01
1597	23.36	0.01
1598	23.37	0.01
1599	23.37	0.11
1600	23.37	0.11
1601	23.37	0.11
1602	23.37	0.03
1603	23.37	0.03
1604	23.37	0.03
1605	23.37	0.05
1606	23.37	0.05
1607	23.37	0.05
1608	23.37	0.11
1609	23.37	0.11
1610	23.37	0.11
1611	23.37	0.01
1612	23.37	0.01
1613	23.37	0.01
1614	23.37	0.10
1615	23.37	0.10
1616	23.37	0.10
1617	23.37	0.04
1618	23.37	0.04
1619	23.37	0.04
1620	23.37	0.04
1621	23.37	0.04
1622	23.37	0.04
1623	23.37	0.12
1624	23.37	0.12
1625	23.37	0.12
1626	23.37	0.01
1627	23.37	0.01
1628	23.36	0.01
1629	23.36	0.10
1630	23.36	0.10
1631	23.36	0.10
1632	23.36	0.05
1633	23.36	0.05
1634	23.36	0.05
1635	23.36	0.03
1636	23.36	0.03
1637	23.36	0.03
1638	23.36	0.12
1639	23.36	0.12
1640	23.36	0.12
1641	23.36	0.01
1642	23.36	0.01
1643	23.36	0.01
1644	23.36	0.10
1645	23.36	0.10
1646	23.36	0.10
1647	23.36	0.05
1648	23.36	0.05
1649	23.36	0.05
1650	23.36	0.02
1651	23.36	0.02
1652	23.36	0.02
1653	23.36	0.12
1654	23.36	0.12
1655	23.36	0.12
1656	23.36	0.01
1657	23.36	0.01
1658	23.36	0.01
1659	23.36	0.10
1660	23.36	0.10
1661	23.36	0.10
1662	23.36	0.06
1663	23.36	0.06
1664	23.36	0.06
1665	23.36	0.01
1666	23.36	0.01
1667	23.36	0.01
1668	23.36	0.11
1669	23.36	0.11
1670	23.36	0.11
1671	23.36	0.02
1672	23.36	0.02
1673	23.36	0.02
1674	23.36	0.09
1675	23.36	0.09
1676	23.36	0.09
1677	23.36	0.07
1678	23.36	0.07
1679	23.36	0.07
1680	23.36	0.01
1681	23.36	0.01
1682	23.36	0.01
1683	23.36	0.11
1684	23.36	0.11
1685	23.36	0.11
1686	23.36	0.02
1687	23.36	0.02
1688	23.36	0.02
1689	23.36	0.09
1690	23.36	0.09
1691	23.36	0.09
1692	23.36	0.08
1693	23.36	0.08
1694	23.36	0.08
1695	23.36	0.01
1696	23.36	0.01
1697	23.36	0.01
1698	23.36	0.12
1699	23.36	0.12
1700	23.36	0.12
1701	23.36	0.03
1702	23.36	0.03
1703	23.36	0.03
1704	23.36	0.08
1705	23.36	0.08
1706	23.36	0.08
1707	23.36	0.09
1708	23.36	0.09
1709	23.36	0.09
1710	23.36	0.01
1711	23.36	0.01
1712	23.36	0.01
1713	23.36	0.12
1714	23.36	0.12
1715	23.36	0.12
1716	23.36	0.03
1717	23.36	0.03
1718	23.36	0.03
1719	23.36	0.07
1720	23.36	0.07
1721	23.35	0.07
1722	23.35	0.10
1723	23.35	0.10
1724	23.36	0.10
1725	23.36	0.01
1726	23.36	0.01
1727	23.35	0.01
1728	23.35	0.11
1729	23.35	0.11
1730	23.36	0.11
1731	23.36	0.03
1732	23.36	0.03
1733	23.36	0.03
1734	23.36	0.07
1735	23.36	0.07
1736	23.36	0.07
1737	23.36	0.11
1738	23.36	0.11
1739	23.36	0.11
1740	23.36	0.01
1741	23.36	0.01
1742	23.36	0.01
1743	23.36	0.11
1744	23.36	0.11
1745	23.36	0.11
1746	23.36	0.04
1747	23.36	0.04
1748	23.36	0.04
1749	23.36	0.07
1750	23.36	0.07
1751	23.35	0.07
1752	23.35	0.12
1753	23.35	0.12
1754	23.36	0.12
1755	23.36	0.01
1756	23.36	0.01
1757	23.36	0.01
1758	23.36	0.11
1759	23.36	0.11
1760	23.35	0.11
1761	23.35	0.04
1762	23.35	0.04
1763	23.34	0.04
1764	23.34	0.06
1765	23.34	0.06
1766	23.36	0.06
1767	23.36	0.12
1768	23.36	0.12
1769	23.36	0.12
1770	23.36	0.01
1771	23.36	0.01
1772	23.36	0.01
1773	23.36	0.10
1774	23.36	0.10
1775	23.36	0.10
1776	23.36	0.04
1777	23.36	0.04
1778	23.36	0.04
1779	23.36	0.04
1780	23.36	0.04
1781	23.36	0.04
1782	23.36	0.11
1783	23.36	0.11
1784	23.36	0.11
1785	23.36	0.01
1786	23.36	0.01
1787	23.36	0.01
1788	23.36	0.10
1789	23.36	0.10
1790	23.36	0.10
1791	23.36	0.04
1792	23.36	0.04
1793	23.36	0.04
1794	23.36	0.04
1795	23.36	0.04
1796	23.36	0.04
1797	23.36	0.12
1798	23.36	0.12
1799	23.36	0.12
1800	23.36	0.01
1801	23.36	0.01
1802	23.36	0.01
1803	23.36	0.10
1804	23.36	0.10
1805	23.36	0.10
1806	23.36	0.05
1807	23.36	0.05
1808	23.36	0.05
1809	23.36	0.03
1810	23.36	0.03
1811	23.35	0.03
1812	23.35	0.12
1813	23.35	0.12
1814	23.36	0.12
1815	23.36	0.01
1816	23.36	0.01
1817	23.36	0.01
1818	23.36	0.10
1819	23.36	0.10
1820	23.36	0.10
1821	23.36	0.06
1822	23.36	0.06
1823	23.36	0.06
1824	23.36	0.02
1825	23.36	0.02
1826	23.35	0.02
1827	23.35	0.12
1828	23.35	0.12
1829	23.35	0.12
1830	23.35	0.01
1831	23.35	0.01
1832	23.36	0.01
1833	23.36	0.10
1834	23.36	0.10
1835	23.36	0.10
1836	23.36	0.06
1837	23.36	0.06
1838	23.35	0.06
1839	23.35	0.02
1840	23.35	0.02
1841	23.36	0.02
1842	23.36	0.12
1843	23.36	0.12
1844	23.35	0.12
1845	23.35	0.02
1846	23.35	0.02
1847	23.35	0.02
1848	23.35	0.09
1849	23.35	0.09
1850	23.35	0.09
1851	23.35	0.07
1852	23.35	0.07
1853	23.36	0.07
1854	23.36	0.01
1855	23.36	0.01
1856	23.36	0.01
1857	23.36	0.11
1858	23.36	0.11
1859	23.36	0.11
1860	23.36	0.02
1861	23.36	0.02
1862	23.35	0.02
1863	23.35	0.09
1864	23.35	0.09
1865	23.35	0.09
1866	23.35	0.08
1867	23.35	0.08
1868	23.35	0.08
1869	23.35	0.02
1870	23.35	0.02
1871	23.35	0.02
1872	23.35	0.12
1873	23.35	0.12
1874	23.35	0.12
1875	23.35	0.02
1876	23.35	0.02
1877	23.35	0.02
1878	23.35	0.09
1879	23.35	0.09
1880	23.36	0.09
1881	23.36	0.09
1882	23.36	0.09
1883	23.35	0.09
1884	23.35	0.01
1885	23.35	0.01
1886	23.35	0.01
1887	23.35	0.12
1888	23.35	0.12
1889	23.35	0.12
1890	23.35	0.03
1891	23.35	0.03
1892	23.35	0.03
1893	23.35	0.08
1894	23.35	0.08
1895	23.35	0.08
1896	23.35	0.09
1897	23.35	0.09
1898	23.34	0.09
1899	23.34	0.01
1900	23.34	0.01
1901	23.35	0.01
1902	23.35	0.11
1903	23.35	0.11
1904	23.35	0.11
1905	23.35	0.03
1906	23.35	0.03
1907	23.35	0.03
1908	23.35	0.08
1909	23.35	0.08
1910	23.35	0.08
1911	23.35	0.10
1912	23.35	0.10
1913	23.35	0.10
1914	23.35	0.01
1915	23.35	0.01
1916	23.35	0.01
1917	23.35	0.12
1918	23.35	0.12
1919	23.36	0.12
1920	23.36	0.03
1921	23.36	0.03
1922	23.35	0.03
1923	23.35	0.07
1924	23.35	0.07
1925	23.35	0.07
1926	23.35	0.11
1927	23.35	0.11
1928	23.36	0.11
1929	23.36	0.01
1930	23.36	0.01
1931	23.35	0.01
1932	23.35	0.11
1933	23.35	0.11
1934	23.36	0.11
1935	23.36	0.03
1936	23.36	0.03
1937	23.35	0.03
1938	23.35	0.06
1939	23.35	0.06
1940	23.35	0.06
1941	23.35	0.11
1942	23.35	0.11
1943	23.35	0.11
1944	23.35	0.01
1945	23.35	0.01
1946	23.35	0.01
1947	23.35	0.11
1948	23.35	0.11
1949	23.35	0.11
1950	23.35	0.03
1951	23.35	0.03
1952	23.34	0.03
1953	23.34	0.05
1954	23.34	0.05
1955	23.34	0.05
1956	23.34	0.12
1957	23.34	0.12
1958	23.35	0.12
1959	23.35	0.01
1960	23.35	0.01
1961	23.35	0.01
1962	23.35	0.10
1963	23.35	0.10
1964	23.35	0.10
1965	23.35	0.03
1966	23.35	0.03
1967	23.36	0.03
1968	23.36	0.04
1969	23.36	0.04
1970	23.35	0.04
1971	23.35	0.11
1972	23.35	0.11
1973	23.35	0.11
1974	23.35	0.00
1975	23.35	0.00
1976	23.35	0.00
1977	23.35	0.10
1978	23.35	0.10
1979	23.35	0.10
1980	23.35	0.04
1981	23.35	0.04
1982	23.35	0.04
1983	23.35	0.04
1984	23.35	0.04
1985	23.36	0.04
1986	23.36	0.11
1987	23.36	0.11
1988	23.36	0.11
1989	23.36	0.01
1990	23.36	0.01
1991	23.36	0.01
1992	23.36	0.09
1993	23.36	0.09
1994	23.35	0.09
1995	23.35	0.04
1996	23.35	0.04
1997	23.35	0.04
1998	23.35	0.02
1999	23.35	0.02
2000	23.36	0.02
2001	23.36	0.11
2002	23.36	0.11
2003	23.36	0.11
2004	23.36	0.00
2005	23.36	0.00
2006	23.36	0.00
2007	23.36	0.09
2008	23.36	0.09
2009	23.36	0.09
2010	23.36	0.04
2011	23.36	0.04
2012	23.36	0.04
2013	23.36	0.01
2014	23.36	0.01
2015	23.35	0.01
2016	23.35	0.11
2017	23.35	0.11
2018	23.36	0.11
2019	23.36	0.01
2020	23.36	0.01
2021	23.36	0.01
2022	23.36	0.09
2023	23.36	0.09
2024	23.36	0.09
2025	23.36	0.05
2026	23.36	0.05
2027	23.36	0.05
2028	23.36	0.00
2029	23.36	0.00
2030	23.36	0.00
2031	23.36	0.11
2032	23.36	0.11
2033	23.36	0.11
2034	23.36	0.01
2035	23.36	0.01
2036	23.36	0.01
2037	23.36	0.08
2038	23.36	0.08
2039	23.36	0.08
2040	23.36	0.06
2041	23.36	0.06
2042	23.36	0.06
2043	23.36	0.00
2044	23.36	0.00
2045	23.36	0.00
2046	23.36	0.10
2047	23.36	0.10
2048	23.36	0.10
2049	23.36	0.00
2050	23.36	0.00
2051	23.37	0.00
2052	23.37	0.08
2053	23.37	0.08
2054	23.37	0.08
2055	23.37	0.07
2056	23.37	0.07
2057	23.36	0.07
2058	23.36	-0.00
2059	23.36	-0.00
2060	23.37	-0.00
2061	23.37	0.10
2062	23.37	0.10
2063	23.37	0.10
2064	23.37	0.01
2065	23.37	0.01
2066	23.36	0.01
2067	23.36	0.07
2068	23.36	0.07
2069	23.37	0.07
2070	23.37	0.07
2071	23.37	0.07
2072	23.36	0.07
2073	23.36	-0.01
2074	23.36	-0.01
2075	23.36	-0.01
2076	23.36	0.10
2077	23.36	0.10
2078	23.36	0.10
2079	23.36	0.01
2080	23.36	0.01
2081	23.37	0.01
2082	23.37	0.06
2083	23.37	0.06
2084	23.36	0.06
2085	23.36	0.07
2086	23.36	0.07
2087	23.36	0.07
2088	23.36	-0.01
2089	23.36	-0.01
2090	23.36	-0.01
2091	23.36	0.10
2092	23.36	0.10
2093	23.36	0.10
2094	23.36	0.01
2095	23.36	0.01
2096	23.36	0.01
2097	23.36	0.05
2098	23.36	0.05
2099	23.36	0.05
2100	23.36	0.08
2101	23.36	0.08
2102	23.36	0.08
2103	23.36	-0.01
2104	23.36	-0.01
2105	23.36	-0.01
2106	23.36	0.10
2107	23.36	0.10
2108	23.36	0.10
2109	23.36	0.00
2110	23.36	0.00
2111	23.36	0.00
2112	23.36	0.05
2113	23.36	0.05
2114	23.37	0.05
2115	23.37	0.09
2116	23.37	0.09
2117	23.37	0.09
2118	23.37	-0.01
2119	23.37	-0.01
2120	23.37	-0.01
2121	23.37	0.09
2122	23.37	0.09
2123	23.37	0.09
2124	23.37	0.01
2125	23.37	0.01
2126	23.37	0.01
2127	23.37	0.04
2128	23.37	0.04
2129	23.36	0.04
2130	23.36	0.09
2131	23.36	0.09
2132	23.37	0.09
2133	23.37	-0.01
2134	23.37	-0.01
2135	23.36	-0.01
2136	23.36	0.09
2137	23.36	0.09
2138	23.36	0.09
2139	23.36	0.01
2140	23.36	0.01
2141	23.37	0.01
2142	23.37	0.03
2143	23.37	0.03
2144	23.37	0.03
2145	23.37	0.10
2146	23.37	0.10
2147	23.37	0.10
2148	23.37	-0.01
2149	23.37	-0.01
2150	23.37	-0.01
2151	23.37	0.08
2152	23.37	0.08
2153	23.37	0.08
2154	23.37	0.02
2155	23.37	0.02
2156	23.38	0.02
2157	23.38	0.02
2158	23.38	0.02
2159	23.38	0.02
2160	23.38	0.09
2161	23.38	0.09
2162	23.38	0.09
2163	23.38	-0.01
2164	23.38	-0.01
2165	23.38	-0.01
2166	23.38	0.08
2167	23.38	0.08
2168	23.38	0.08
2169	23.38	0.02
2170	23.38	0.02
2171	23.38	0.02
2172	23.38	0.01
2173	23.38	0.01
2174	23.39	0.01
2175	23.39	0.09
2176	23.39	0.09
2177	23.39	0.09
2178	23.39	-0.01
2179	23.39	-0.01
2180	23.39	-0.01
2181	23.39	0.08
2182	23.39	0.08
2183	23.39	0.08
2184	23.39	0.03
2185	23.39	0.03
2186	23.38	0.03
2187	23.38	0.00
2188	23.38	0.00
2189	23.38	0.00
2190	23.38	0.09
2191	23.38	0.09
2192	23.39	0.09
2193	23.39	-0.01
2194	23.39	-0.01
2195	23.39	-0.01
2196	23.39	0.07
2197	23.39	0.07
2198	23.39	0.07
2199	23.39	0.03
2200	23.39	0.03
2201	23.38	0.03
2202	23.38	-0.00
2203	23.38	-0.00
2204	23.39	-0.00
2205	23.39	0.10
2206	23.39	0.10
2207	23.38	0.10
2208	23.38	-0.01
2209	23.38	-0.01
2210	23.38	-0.01
2211	23.38	0.07
2212	23.38	0.07
2213	23.38	0.07
2214	23.38	0.04
2215	23.38	0.04
2216	23.38	0.04
2217	23.38	-0.01
2218	23.38	-0.01
2219	23.38	-0.01
2220	23.38	0.09
2221	23.38	0.09
2222	23.38	0.09
2223	23.38	-0.01
2224	23.38	-0.01
2225	23.38	-0.01
2226	23.38	0.07
2227	23.38	0.07
2228	23.38	0.07
2229	23.38	0.05
2230	23.38	0.05
2231	23.38	0.05
2232	23.38	-0.01
2233	23.38	-0.01
2234	23.38	-0.01
2235	23.38	0.09
2236	23.38	0.09
2237	23.38	0.09
2238	23.38	-0.00
2239	23.38	-0.00
2240	23.38	-0.00
2241	23.38	0.07
2242	23.38	0.07
2243	23.37	0.07
2244	23.37	0.06
2245	23.37	0.06
2246	23.38	0.06
2247	23.38	-0.01
2248	23.38	-0.01
2249	23.37	-0.01
2250	23.37	0.09
2251	23.37	0.09
2252	23.37	0.09
2253	23.37	-0.00
2254	23.37	-0.00
2255	23.37	-0.00
2256	23.37	0.06
2257	23.37	0.06
2258	23.37	0.06
2259	23.37	0.06
2260	23.37	0.06
2261	23.37	0.06
2262	23.37	-0.01
2263	23.37	-0.01
2264	23.37	-0.01
2265	23.37	0.09
2266	23.37	0.09
2267	23.37	0.09
2268	23.37	-0.00
2269	23.37	-0.00
2270	23.37	-0.00
2271	23.37	0.05
2272	23.37	0.05
2273	23.37	0.05
2274	23.37	0.07
2275	23.37	0.07
2276	23.37	0.07
2277	23.37	-0.01
2278	23.37	-0.01
2279	23.37	-0.01
2280	23.37	0.09
2281	23.37	0.09
2282	23.37	0.09
2283	23.37	0.00
2284	23.37	0.00
2285	23.37	0.00
2286	23.37	0.05
2287	23.37	0.05
2288	23.37	0.05
2289	23.37	0.08
2290	23.37	0.08
2291	23.37	0.08
2292	23.37	-0.02
2293	23.37	-0.02
2294	23.37	-0.02
2295	23.37	0.09
2296	23.37	0.09
2297	23.37	0.09
2298	23.37	0.01
2299	23.37	0.01
2300	23.37	0.01
2301	23.37	0.04
2302	23.37	0.04
2303	23.37	0.04
2304	23.37	0.09
2305	23.37	0.09
2306	23.37	0.09
2307	23.37	-0.01
2308	23.37	-0.01
2309	23.37	-0.01
2310	23.37	0.09
2311	23.37	0.09
2312	23.37	0.09
2313	23.37	0.01
2314	23.37	0.01
2315	23.38	0.01
2316	23.38	0.03
2317	23.38	0.03
2318	23.38	0.03
2319	23.38	0.09
2320	23.38	0.09
2321	23.38	0.09
2322	23.38	-0.01
2323	23.38	-0.01
2324	23.39	-0.01
2325	23.39	0.08
2326	23.39	0.08
2327	23.38	0.08
2328	23.38	0.01
2329	23.38	0.01
2330	23.39	0.01
2331	23.39	0.02
2332	23.39	0.02
2333	23.38	0.02
2334	23.38	0.09
2335	23.38	0.09
2336	23.38	0.09
2337	23.38	-0.02
2338	23.38	-0.02
2339	23.39	-0.02
2340	23.39	0.08
2341	23.39	0.08
2342	23.39	0.08
2343	23.39	0.01
2344	23.39	0.01
2345	23.39	0.01
2346	23.39	0.01
2347	23.39	0.01
2348	23.39	0.01
2349	23.39	0.10
2350	23.39	0.10
2351	23.39	0.10
2352	23.39	-0.02
2353	23.39	-0.02
2354	23.39	-0.02
2355	23.39	0.07
2356	23.39	0.07
2357	23.38	0.07
2358	23.38	0.02
2359	23.38	0.02
2360	23.38	0.02
2361	23.38	0.01
2362	23.38	0.01
2363	23.38	0.01
2364	23.38	0.09
2365	23.38	0.09
2366	23.38	0.09
2367	23.38	-0.01
2368	23.38	-0.01
2369	23.39	-0.01
2370	23.39	0.07
2371	23.39	0.07
2372	23.38	0.07
2373	23.38	0.03
2374	23.38	0.03
2375	23.39	0.03
2376	23.39	-0.00
2377	23.39	-0.00
2378	23.38	-0.00
2379	23.38	0.09
2380	23.38	0.09
2381	23.38	0.09
2382	23.38	-0.01
2383	23.38	-0.01
2384	23.39	-0.01
2385	23.39	0.07
2386	23.39	0.07
2387	23.38	0.07
2388	23.38	0.03
2389	23.38	0.03
2390	23.37	0.03
2391	23.37	-0.01
2392	23.37	-0.01
2393	23.38	-0.01
2394	23.38	0.09
2395	23.38	0.09
2396	23.37	0.09
2397	23.37	-0.01
2398	23.37	-0.01
2399	23.37	-0.01
2400	23.37	0.07
2401	23.37	0.07
2402	23.37	0.07
2403	23.37	0.04
2404	23.37	0.04
2405	23.37	0.04
2406	23.37	-0.01
2407	23.37	-0.01
2408	23.37	-0.01
2409	23.37	0.09
2410	23.37	0.09
2411	23.38	0.09
2412	23.38	-0.01
2413	23.38	-0.01
2414	23.38	-0.01
2415	23.38	0.07
2416	23.38	0.07
2417	23.38	0.07
2418	23.38	0.04
2419	23.38	0.04
2420	23.38	0.04
2421	23.38	-0.01
2422	23.38	-0.01
2423	23.38	-0.01
2424	23.38	0.09
2425	23.38	0.09
2426	23.38	0.09
2427	23.38	-0.01
2428	23.38	-0.01
2429	23.39	-0.01
2430	23.39	0.06
2431	23.39	0.06
2432	23.38	0.06
2433	23.38	0.05
2434	23.38	0.05
2435	23.39	0.05
2436	23.39	-0.01
2437	23.39	-0.01
2438	23.39	-0.01
2439	23.39	0.09
2440	23.39	0.09
2441	23.39	0.09
2442	23.39	-0.01
2443	23.39	-0.01
2444	23.39	-0.01
2445	23.39	0.06
2446	23.39	0.06
2447	23.39	0.06
2448	23.39	0.06
2449	23.39	0.06
2450	23.39	0.06
2451	23.39	-0.01
2452	23.39	-0.01
2453	23.39	-0.01
2454	23.39	0.09
2455	23.39	0.09
2456	23.39	0.09
2457	23.39	-0.00
2458	23.39	-0.00
2459	23.39	-0.00
2460	23.39	0.05
2461	23.39	0.05
2462	23.39	0.05
2463	23.39	0.07
2464	23.39	0.07
2465	23.38	0.07
2466	23.38	-0.02
2467	23.38	-0.02
2468	23.39	-0.02
2469	23.39	0.09
2470	23.39	0.09
2471	23.39	0.09
2472	23.39	-0.00
2473	23.39	-0.00
2474	23.38	-0.00
2475	23.38	0.05
2476	23.38	0.05
2477	23.38	0.05
2478	23.38	0.07
2479	23.38	0.07
2480	23.38	0.07
2481	23.38	-0.02
2482	23.38	-0.02
2483	23.38	-0.02
2484	23.38	0.09
2485	23.38	0.09
2486	23.38	0.09
2487	23.38	0.00
2488	23.38	0.00
2489	23.38	0.00
2490	23.38	0.04
2491	23.38	0.04
2492	23.38	0.04
2493	23.38	0.08
2494	23.38	0.08
2495	23.38	0.08
2496	23.38	-0.02
2497	23.38	-0.02
2498	23.38	-0.02
2499	23.38	0.09
2500	23.38	0.09
2501	23.39	0.09
2502	23.39	0.00
2503	23.39	0.00
2504	23.39	0.00
2505	23.39	0.04
2506	23.39	0.04
2507	23.39	0.04
2508	23.39	0.08
2509	23.39	0.08
2510	23.39	0.08
2511	23.39	-0.02
2512	23.39	-0.02
2513	23.39	-0.02
2514	23.39	0.08
2515	23.39	0.08
2516	23.39	0.08
2517	23.39	0.00
2518	23.39	0.00
2519	23.39	0.00
2520	23.39	0.03
2521	23.39	0.03
2522	23.39	0.03
2523	23.39	0.09
2524	23.39	0.09
2525	23.39	0.09
2526	23.39	-0.02
2527	23.39	-0.02
2528	23.39	-0.02
2529	23.39	0.08
2530	23.39	0.08
2531	23.39	0.08
2532	23.39	0.01
2533	23.39	0.01
2534	23.38	0.01
2535	23.38	0.02
2536	23.38	0.02
2537	23.38	0.02
2538	23.38	0.09
2539	23.38	0.09
2540	23.38	0.09
2541	23.38	-0.02
2542	23.38	-0.02
2543	23.39	-0.02
2544	23.39	0.08
2545	23.39	0.08
2546	23.39	0.08
2547	23.39	0.01
2548	23.39	0.01
2549	23.39	0.01
2550	23.39	0.01
2551	23.39	0.01
2552	23.39	0.01
2553	23.39	0.09
2554	23.39	0.09
2555	23.39	0.09
2556	23.39	-0.02
2557	23.39	-0.02
2558	23.39	-0.02
2559	23.39	0.08
2560	23.39	0.08
2561	23.39	0.08
2562	23.39	0.01
2563	23.39	0.01
2564	23.39	0.01
2565	23.39	0.01
2566	23.39	0.01
2567	23.39	0.01
2568	23.39	0.09
2569	23.39	0.09
2570	23.39	0.09
2571	23.39	-0.02
2572	23.39	-0.02
2573	23.39	-0.02
2574	23.39	0.07
2575	23.39	0.07
2576	23.38	0.07
2577	23.38	0.02
2578	23.38	0.02
2579	23.39	0.02
2580	23.39	0.01
2581	23.39	0.01
2582	23.39	0.01
2583	23.39	0.09
2584	23.39	0.09
2585	23.39	0.09
2586	23.39	-0.02
2587	23.39	-0.02
2588	23.39	-0.02
2589	23.39	0.07
2590	23.39	0.07
2591	23.39	0.07
2592	23.39	0.02
2593	23.39	0.02
2594	23.38	0.02
2595	23.38	-0.00
2596	23.38	-0.00
2597	23.38	-0.00
2598	23.38	0.09
2599	23.38	0.09
2600	23.39	0.09
2601	23.39	-0.01
2602	23.39	-0.01
2603	23.39	-0.01
2604	23.39	0.07
2605	23.39	0.07
2606	23.39	0.07
2607	23.39	0.02
2608	23.39	0.02
2609	23.39	0.02
2610	23.39	-0.01
2611	23.39	-0.01
2612	23.39	-0.01
2613	23.39	0.09
2614	23.39	0.09
2615	23.39	0.09
2616	23.39	-0.01
2617	23.39	-0.01
2618	23.39	-0.01
2619	23.39	0.07
2620	23.39	0.07
2621	23.39	0.07
2622	23.39	0.03
2623	23.39	0.03
2624	23.39	0.03
2625	23.39	-0.01
2626	23.39	-0.01
2627	23.39	-0.01
2628	23.39	0.10
2629	23.39	0.10
2630	23.39	0.10
2631	23.39	-0.02
2632	23.39	-0.02
2633	23.39	-0.02
2634	23.39	0.07
2635	23.39	0.07
2636	23.39	0.07
2637	23.39	0.04
2638	23.39	0.04
2639	23.39	0.04
2640	23.39	-0.02
2641	23.39	-0.02
2642	23.38	-0.02
2643	23.38	0.09
2644	23.38	0.09
2645	23.39	0.09
2646	23.39	-0.01
2647	23.39	-0.01
2648	23.39	-0.01
2649	23.39	0.07
2650	23.39	0.07
2651	23.38	0.07
2652	23.38	0.04
2653	23.38	0.04
2654	23.39	0.04
2655	23.39	-0.02
2656	23.39	-0.02
2657	23.39	-0.02
2658	23.39	0.09
2659	23.39	0.09
2660	23.39	0.09
2661	23.39	-0.01
2662	23.39	-0.01
2663	23.40	-0.01
2664	23.40	0.06
2665	23.40	0.06
2666	23.40	0.06
2667	23.40	0.05
2668	23.40	0.05
2669	23.40	0.05
2670	23.40	-0.02
2671	23.40	-0.02
2672	23.41	-0.02
2673	23.41	0.09
2674	23.41	0.09
2675	23.40	0.09
2676	23.40	-0.01
2677	23.40	-0.01
2678	23.40	-0.01
2679	23.40	0.06
2680	23.40	0.06
2681	23.41	0.06
2682	23.41	0.05
2683	23.41	0.05
2684	23.41	0.05
2685	23.41	-0.02
2686	23.41	-0.02
2687	23.41	-0.02
2688	23.41	0.09
2689	23.41	0.09
2690	23.41	0.09
2691	23.41	-0.01
2692	23.41	-0.01
2693	23.41	-0.01
2694	23.41	0.06
2695	23.41	0.06
2696	23.41	0.06
2697	23.41	0.06
2698	23.41	0.06
2699	23.42	0.06
2700	23.42	-0.02
2701	23.42	-0.02
2702	23.42	-0.02
2703	23.42	0.09
2704	23.42	0.09
2705	23.42	0.09
2706	23.42	-0.01
2707	23.42	-0.01
2708	23.42	-0.01
2709	23.42	0.06
2710	23.42	0.06
2711	23.42	0.06
2712	23.42	0.06
2713	23.42	0.06
2714	23.42	0.06
2715	23.42	-0.02
2716	23.42	-0.02
2717	23.43	-0.02
2718	23.43	0.09
2719	23.43	0.09
2720	23.43	0.09
2721	23.43	-0.00
2722	23.43	-0.00
2723	23.43	-0.00
2724	23.43	0.05
2725	23.43	0.05
2726	23.43	0.05
2727	23.43	0.07
2728	23.43	0.07
2729	23.43	0.07
2730	23.43	-0.02
2731	23.43	-0.02
2732	23.43	-0.02
2733	23.43	0.09
2734	23.43	0.09
2735	23.43	0.09
2736	23.43	-0.00
2737	23.43	-0.00
2738	23.42	-0.00
2739	23.42	0.05
2740	23.42	0.05
2741	23.43	0.05
2742	23.43	0.07
2743	23.43	0.07
2744	23.43	0.07
2745	23.43	-0.02
2746	23.43	-0.02
2747	23.43	-0.02
2748	23.43	0.09
2749	23.43	0.09
2750	23.43	0.09
2751	23.43	-0.00
2752	23.43	-0.00
2753	23.42	-0.00
2754	23.42	0.05
2755	23.42	0.05
2756	23.43	0.05
2757	23.43	0.07
2758	23.43	0.07
2759	23.43	0.07
2760	23.43	-0.02
2761	23.43	-0.02
2762	23.43	-0.02
2763	23.43	0.09
2764	23.43	0.09
2765	23.43	0.09
2766	23.43	-0.00
2767	23.43	-0.00
2768	23.43	-0.00
2769	23.43	0.04
2770	23.43	0.04
2771	23.43	0.04
2772	23.43	0.07
2773	23.43	0.07
2774	23.43	0.07
2775	23.43	-0.02
2776	23.43	-0.02
2777	23.43	-0.02
2778	23.43	0.09
2779	23.43	0.09
2780	23.43	0.09
2781	23.43	-0.00
2782	23.43	-0.00
2783	23.43	-0.00
2784	23.43	0.04
2785	23.43	0.04
2786	23.43	0.04
2787	23.43	0.08
2788	23.43	0.08
2789	23.43	0.08
2790	23.43	-0.02
2791	23.43	-0.02
2792	23.43	-0.02
2793	23.43	0.08
2794	23.43	0.08
2795	23.43	0.08
2796	23.43	-0.00
2797	23.43	-0.00
2798	23.43	-0.00
2799	23.43	0.04
2800	23.43	0.04
2801	23.43	0.04
2802	23.43	0.08
2803	23.43	0.08
2804	23.43	0.08
2805	23.43	-0.02
2806	23.43	-0.02
2807	23.43	-0.02
2808	23.43	0.08
2809	23.43	0.08
2810	23.43	0.08
2811	23.43	0.00
2812	23.43	0.00
2813	23.43	0.00
2814	23.43	0.04
2815	23.43	0.04
2816	23.43	0.04
2817	23.43	0.08
2818	23.43	0.08
2819	23.43	0.08
2820	23.43	-0.02
2821	23.43	-0.02
2822	23.42	-0.02
2823	23.42	0.08
2824	23.42	0.08
2825	23.42	0.08
2826	23.42	0.00
2827	23.42	0.00
2828	23.42	0.00
2829	23.42	0.03
2830	23.42	0.03
2831	23.42	0.03
2832	23.42	0.09
2833	23.42	0.09
2834	23.43	0.09
2835	23.43	-0.02
2836	23.43	-0.02
2837	23.43	-0.02
2838	23.43	0.08
2839	23.43	0.08
2840	23.43	0.08
2841	23.43	0.00
2842	23.43	0.00
2843	23.43	0.00
2844	23.43	0.03
2845	23.43	0.03
2846	23.43	0.03
2847	23.43	0.09
2848	23.43	0.09
2849	23.43	0.09
2850	23.43	-0.02
2851	23.43	-0.02
2852	23.43	-0.02
2853	23.43	0.08
2854	23.43	0.08
2855	23.42	0.08
2856	23.42	0.00
2857	23.42	0.00
2858	23.42	0.00
2859	23.42	0.02
2860	23.42	0.02
2861	23.43	0.02
2862	23.43	0.09
2863	23.43	0.09
2864	23.42	0.09
2865	23.42	-0.02
2866	23.42	-0.02
2867	23.42	-0.02
2868	23.42	0.08
2869	23.42	0.08
2870	23.42	0.08
2871	23.42	0.01
2872	23.42	0.01
2873	23.43	0.01
2874	23.43	0.02
2875	23.43	0.02
2876	23.43	0.02
2877	23.43	0.08
2878	23.43	0.08
2879	23.43	0.08
2880	23.43	-0.02
2881	23.43	-0.02
2882	23.42	-0.02
2883	23.42	0.08
2884	23.42	0.08
2885	23.42	0.08
2886	23.42	0.00
2887	23.42	0.00
2888	23.43	0.00
2889	23.43	0.01
2890	23.43	0.01
2891	23.43	0.01
2892	23.43	0.09
2893	23.43	0.09
2894	23.43	0.09
2895	23.43	-0.03
2896	23.43	-0.03
2897	23.43	-0.03
2898	23.43	0.07
2899	23.43	0.07
2900	23.43	0.07
2901	23.43	0.01
2902	23.43	0.01
2903	23.43	0.01
2904	23.43	0.01
2905	23.43	0.01
2906	23.43	0.01
2907	23.43	0.09
2908	23.43	0.09
2909	23.43	0.09
2910	23.43	-0.02
2911	23.43	-0.02
2912	23.43	-0.02
2913	23.43	0.07
2914	23.43	0.07
2915	23.43	0.07
2916	23.43	0.01
2917	23.43	0.01
2918	23.43	0.01
2919	23.43	0.01
2920	23.43	0.01
2921	23.44	0.01
2922	23.44	0.09
2923	23.44	0.09
2924	23.45	0.09
2925	23.45	-0.02
2926	23.45	-0.02
2927	23.45	-0.02
2928	23.45	0.07
2929	23.45	0.07
2930	23.45	0.07
2931	23.45	0.01
2932	23.45	0.01
2933	23.45	0.01
2934	23.45	0.00
2935	23.45	0.00
2936	23.45	0.00
2937	23.45	0.09
2938	23.45	0.09
2939	23.45	0.09
2940	23.45	-0.02
2941	23.45	-0.02
2942	23.45	-0.02
2943	23.45	0.07
2944	23.45	0.07
2945	23.45	0.07
2946	23.45	0.01
2947	23.45	0.01
2948	23.45	0.01
2949	23.45	-0.00
2950	23.45	-0.00
2951	23.45	-0.00
2952	23.45	0.09
2953	23.45	0.09
2954	23.45	0.09
2955	23.45	-0.03
2956	23.45	-0.03
2957	23.45	-0.03
2958	23.45	0.07
2959	23.45	0.07
2960	23.46	0.07
2961	23.46	0.02
2962	23.46	0.02
2963	23.46	0.02
2964	23.46	-0.00
2965	23.46	-0.00
2966	23.46	-0.00
2967	23.46	0.09
2968	23.46	0.09
2969	23.46	0.09
2970	23.46	-0.02
2971	23.46	-0.02
2972	23.46	-0.02
2973	23.46	0.07
2974	23.46	0.07
2975	23.46	0.07
2976	23.46	0.02
2977	23.46	0.02
2978	23.46	0.02
2979	23.46	-0.01
2980	23.46	-0.01
2981	23.46	-0.01
2982	23.46	0.09
2983	23.46	0.09
2984	23.46	0.09
2985	23.46	-0.02
2986	23.46	-0.02
2987	23.46	-0.02
2988	23.46	0.07
2989	23.46	0.07
2990	23.46	0.07
2991	23.46	0.02
2992	23.46	0.02
2993	23.47	0.02
2994	23.47	-0.01
2995	23.47	-0.01
2996	23.46	-0.01
2997	23.46	0.09
2998	23.46	0.09
2999	23.46	0.09
3000	23.46	-0.02
3001	23.46	-0.02
3002	23.46	-0.02
3003	23.46	0.07
3004	23.46	0.07
3005	23.46	0.07
3006	23.46	0.02
3007	23.46	0.02
3008	23.45	0.02
3009	23.45	-0.01
3010	23.45	-0.01
3011	23.46	-0.01
3012	23.46	0.09
3013	23.46	0.09
3014	23.46	0.09
3015	23.46	-0.02
3016	23.46	-0.02
3017	23.45	-0.02
3018	23.45	0.07
3019	23.45	0.07
3020	23.46	0.07
3021	23.46	0.03
3022	23.46	0.03
3023	23.46	0.03
3024	23.46	-0.01
3025	23.46	-0.01
3026	23.46	-0.01
3027	23.46	0.09
3028	23.46	0.09
3029	23.46	0.09
3030	23.46	-0.01
3031	23.46	-0.01
3032	23.46	-0.01
3033	23.46	0.06
3034	23.46	0.06
3035	23.46	0.06
3036	23.46	0.03
3037	23.46	0.03
3038	23.46	0.03
3039	23.46	-0.02
3040	23.46	-0.02
3041	23.46	-0.02
3042	23.46	0.09
3043	23.46	0.09
3044	23.46	0.09
3045	23.46	-0.01
3046	23.46	-0.01
3047	23.46	-0.01
3048	23.46	0.06
3049	23.46	0.06
3050	23.47	0.06
3051	23.47	0.03
3052	23.47	0.03
3053	23.47	0.03
3054	23.47	-0.02
3055	23.47	-0.02
3056	23.47	-0.02
3057	23.47	0.09
3058	23.47	0.09
3059	23.47	0.09
3060	23.47	-0.01
3061	23.47	-0.01
3062	23.47	-0.01
3063	23.47	0.06
3064	23.47	0.06
3065	23.47	0.06
3066	23.47	0.03
3067	23.47	0.03
3068	23.47	0.03
3069	23.47	-0.02
3070	23.47	-0.02
3071	23.47	-0.02
3072	23.47	0.09
3073	23.47	0.09
3074	23.47	0.09
3075	23.47	-0.01
3076	23.47	-0.01
3077	23.47	-0.01
3078	23.47	0.06
3079	23.47	0.06
3080	23.47	0.06
3081	23.47	0.04
3082	23.47	0.04
3083	23.47	0.04
3084	23.47	-0.02
3085	23.47	-0.02
3086	23.47	-0.02
3087	23.47	0.08
3088	23.47	0.08
3089	23.47	0.08
3090	23.47	-0.01
3091	23.47	-0.01
3092	23.47	-0.01
3093	23.47	0.06
3094	23.47	0.06
3095	23.46	0.06
3096	23.46	0.04
3097	23.46	0.04
3098	23.47	0.04
3099	23.47	-0.02
3100	23.47	-0.02
3101	23.47	-0.02
3102	23.47	0.08
3103	23.47	0.08
3104	23.47	0.08
3105	23.47	-0.01
3106	23.47	-0.01
3107	23.47	-0.01
3108	23.47	0.06
3109	23.47	0.06
3110	23.47	0.06
3111	23.47	0.04
3112	23.47	0.04
3113	23.46	0.04
3114	23.46	-0.02
3115	23.46	-0.02
3116	23.47	-0.02
3117	23.47	0.09
3118	23.47	0.09
3119	23.46	0.09
3120	23.46	-0.01
3121	23.46	-0.01
3122	23.46	-0.01
3123	23.46	0.06
3124	23.46	0.06
3125	23.47	0.06
3126	23.47	0.04
3127	23.47	0.04
3128	23.47	0.04
3129	23.47	-0.02
3130	23.47	-0.02
3131	23.47	-0.02
3132	23.47	0.09
3133	23.47	0.09
3134	23.47	0.09
3135	23.47	-0.01
3136	23.47	-0.01
3137	23.47	-0.01
3138	23.47	0.06
3139	23.47	0.06
3140	23.48	0.06
3141	23.48	0.04
3142	23.48	0.04
3143	23.48	0.04
3144	23.48	-0.02
3145	23.48	-0.02
3146	23.48	-0.02
3147	23.48	0.09
3148	23.48	0.09
3149	23.48	0.09
3150	23.48	-0.01
3151	23.48	-0.01
3152	23.48	-0.01
3153	23.48	0.06
3154	23.48	0.06
3155	23.47	0.06
3156	23.47	0.04
3157	23.47	0.04
3158	23.48	0.04
3159	23.48	-0.02
3160	23.48	-0.02
3161	23.48	-0.02
3162	23.48	0.09
3163	23.48	0.09
3164	23.48	0.09
3165	23.48	-0.01
3166	23.48	-0.01
3167	23.48	-0.01
3168	23.48	0.06
3169	23.48	0.06
3170	23.48	0.06
3171	23.48	0.05
3172	23.48	0.05
3173	23.48	0.05
3174	23.48	-0.02
3175	23.48	-0.02
3176	23.47	-0.02
3177	23.47	0.09
3178	23.47	0.09
3179	23.47	0.09
3180	23.47	-0.01
3181	23.47	-0.01
3182	23.47	-0.01
3183	23.47	0.06
3184	23.47	0.06
3185	23.47	0.06
3186	23.47	0.05
3187	23.47	0.05
3188	23.47	0.05
3189	23.47	-0.02
3190	23.47	-0.02
3191	23.47	-0.02
3192	23.47	0.08
3193	23.47	0.08
3194	23.48	0.08
3195	23.48	-0.01
3196	23.48	-0.01
3197	23.48	-0.01
3198	23.48	0.06
3199	23.48	0.06
3200	23.48	0.06
3201	23.48	0.04
3202	23.48	0.04
3203	23.47	0.04
3204	23.47	-0.02
3205	23.47	-0.02
3206	23.47	-0.02
3207	23.47	0.08
3208	23.47	0.08
3209	23.47	0.08
3210	23.47	-0.01
3211	23.47	-0.01
3212	23.47	-0.01
3213	23.47	0.06
3214	23.47	0.06
3215	23.47	0.06
3216	23.47	0.04
3217	23.47	0.04
3218	23.48	0.04
3219	23.48	-0.02
3220	23.48	-0.02
3221	23.48	-0.02
3222	23.48	0.09
3223	23.48	0.09
3224	23.48	0.09
3225	23.48	-0.01
3226	23.48	-0.01
3227	23.47	-0.01
3228	23.47	0.06
3229	23.47	0.06
3230	23.48	0.06
3231	23.48	0.04
3232	23.48	0.04
3233	23.46	0.04
3234	23.46	-0.02
3235	23.46	-0.02
3236	23.48	-0.02
3237	23.48	0.08
3238	23.48	0.08
3239	23.47	0.08
3240	23.47	-0.01
3241	23.47	-0.01
3242	23.48	-0.01
3243	23.48	0.06
3244	23.48	0.06
3245	23.48	0.06
3246	23.48	0.04
3247	23.48	0.04
3248	23.48	0.04
3249	23.48	-0.02
3250	23.48	-0.02
3251	23.48	-0.02
3252	23.48	0.08
3253	23.48	0.08
3254	23.48	0.08
3255	23.48	-0.01
3256	23.48	-0.01
3257	23.48	-0.01
3258	23.48	0.06
3259	23.48	0.06
3260	23.47	0.06
3261	23.47	0.04
3262	23.47	0.04
3263	23.47	0.04
3264	23.47	-0.02
3265	23.47	-0.02
3266	23.47	-0.02
3267	23.47	0.09
3268	23.47	0.09
3269	23.47	0.09
3270	23.47	-0.01
3271	23.47	-0.01
3272	23.47	-0.01
3273	23.47	0.06
3274	23.47	0.06
3275	23.47	0.06
3276	23.47	0.04
3277	23.47	0.04
3278	23.47	0.04
3279	23.47	-0.02
3280	23.47	-0.02
3281	23.47	-0.02
3282	23.47	0.08
3283	23.47	0.08
3284	23.47	0.08
3285	23.47	-0.01
3286	23.47	-0.01
3287	23.47	-0.01
3288	23.47	0.06
3289	23.47	0.06
3290	23.46	0.06
3291	23.46	0.04
3292	23.46	0.04
3293	23.46	0.04
3294	23.46	-0.02
3295	23.46	-0.02
3296	23.46	-0.02
3297	23.46	0.09
3298	23.46	0.09
3299	23.47	0.09
3300	23.47	-0.02
3301	23.47	-0.02
3302	23.47	-0.02
3303	23.47	0.06
3304	23.47	0.06
3305	23.47	0.06
3306	23.47	0.03
3307	23.47	0.03
3308	23.47	0.03
3309	23.47	-0.02
3310	23.47	-0.02
3311	23.47	-0.02
3312	23.47	0.09
3313	23.47	0.09
3314	23.47	0.09
3315	23.47	-0.02
3316	23.47	-0.02
3317	23.47	-0.02
3318	23.47	0.06
3319	23.47	0.06
3320	23.47	0.06
3321	23.47	0.03
3322	23.47	0.03
3323	23.47	0.03
3324	23.47	-0.02
3325	23.47	-0.02
3326	23.47	-0.02
3327	23.47	0.09
3328	23.47	0.09
3329	23.47	0.09
3330	23.47	-0.01
3331	23.47	-0.01
3332	23.47	-0.01
3333	23.47	0.06
3334	23.47	0.06
3335	23.47	0.06
3336	23.47	0.03
3337	23.47	0.03
3338	23.47	0.03
3339	23.47	-0.02
3340	23.47	-0.02
3341	23.47	-0.02
3342	23.47	0.09
3343	23.47	0.09
3344	23.47	0.09
3345	23.47	-0.02
3346	23.47	-0.02
3347	23.47	-0.02
3348	23.47	0.06
3349	23.47	0.06
3350	23.46	0.06
3351	23.46	0.03
3352	23.46	0.03
3353	23.46	0.03
3354	23.46	-0.01
3355	23.46	-0.01
3356	23.46	-0.01
3357	23.46	0.09
3358	23.46	0.09
3359	23.47	0.09
3360	23.47	-0.02
3361	23.47	-0.02
3362	23.47	-0.02
3363	23.47	0.06
3364	23.47	0.06
3365	23.47	0.06
3366	23.47	0.02
3367	23.47	0.02
3368	23.47	0.02
3369	23.47	-0.01
3370	23.47	-0.01
3371	23.47	-0.01
3372	23.47	0.09
3373	23.47	0.09
3374	23.47	0.09
3375	23.47	-0.02
3376	23.47	-0.02
3377	23.47	-0.02
3378	23.47	0.06
3379	23.47	0.06
3380	23.47	0.06
3381	23.47	0.02
3382	23.47	0.02
3383	23.47	0.02
3384	23.47	-0.01
3385	23.47	-0.01
3386	23.47	-0.01
3387	23.47	0.09
3388	23.47	0.09
3389	23.47	0.09
3390	23.47	-0.02
3391	23.47	-0.02
3392	23.47	-0.02
3393	23.47	0.06
3394	23.47	0.06
3395	23.47	0.06
3396	23.47	0.02
3397	23.47	0.02
3398	23.48	0.02
3399	23.48	-0.01
3400	23.48	-0.01
3401	23.47	-0.01
3402	23.47	0.08
3403	23.47	0.08
3404	23.48	0.08
3405	23.48	-0.02
3406	23.48	-0.02
3407	23.48	-0.02
3408	23.48	0.07
3409	23.48	0.07
3410	23.48	0.07
3411	23.48	0.02
3412	23.48	0.02
3413	23.48	0.02
3414	23.48	-0.00
3415	23.48	-0.00
3416	23.48	-0.00
3417	23.48	0.08
3418	23.48	0.08
3419	23.48	0.08
3420	23.48	-0.03
3421	23.48	-0.03
3422	23.47	-0.03
3423	23.47	0.06
3424	23.47	0.06
3425	23.48	0.06
3426	23.48	0.01
3427	23.48	0.01
3428	23.48	0.01
3429	23.48	-0.00
3430	23.48	-0.00
3431	23.48	-0.00
3432	23.48	0.09
3433	23.48	0.09
3434	23.48	0.09
3435	23.48	-0.02
3436	23.48	-0.02
3437	23.47	-0.02
3438	23.47	0.07
3439	23.47	0.07
3440	23.47	0.07
3441	23.47	0.01
3442	23.47	0.01
3443	23.48	0.01
3444	23.48	0.00
3445	23.48	0.00
3446	23.48	0.00
3447	23.48	0.09
3448	23.48	0.09
3449	23.48	0.09
3450	23.48	-0.02
3451	23.48	-0.02
3452	23.47	-0.02
3453	23.47	0.07
3454	23.47	0.07
3455	23.47	0.07
3456	23.47	0.01
3457	23.47	0.01
3458	23.48	0.01
3459	23.48	0.00
3460	23.48	0.00
3461	23.48	0.00
3462	23.48	0.08
3463	23.48	0.08
3464	23.47	0.08
3465	23.47	-0.02
3466	23.47	-0.02
3467	23.47	-0.02
3468	23.47	0.07
3469	23.47	0.07
3470	23.47	0.07
3471	23.47	0.01
3472	23.47	0.01
3473	23.47	0.01
3474	23.47	0.01
3475	23.47	0.01
3476	23.47	0.01
3477	23.47	0.08
3478	23.47	0.08
3479	23.47	0.08
3480	23.47	-0.03
3481	23.47	-0.03
3482	23.47	-0.03
3483	23.47	0.07
3484	23.47	0.07
3485	23.47	0.07
3486	23.47	0.01
3487	23.47	0.01
3488	23.47	0.01
3489	23.47	0.01
3490	23.47	0.01
3491	23.47	0.01
3492	23.47	0.08
3493	23.47	0.08
3494	23.47	0.08
3495	23.47	-0.03
3496	23.47	-0.03
3497	23.47	-0.03
3498	23.47	0.07
3499	23.47	0.07
3500	23.47	0.07
3501	23.47	0.00
3502	23.47	0.00
3503	23.46	0.00
3504	23.46	0.01
3505	23.46	0.01
3506	23.47	0.01
3507	23.47	0.08
3508	23.47	0.08
3509	23.47	0.08
3510	23.47	-0.03
3511	23.47	-0.03
3512	23.47	-0.03
3513	23.47	0.08
3514	23.47	0.08
3515	23.47	0.08
3516	23.47	0.00
3517	23.47	0.00
3518	23.46	0.00
3519	23.46	0.01
3520	23.46	0.01
3521	23.46	0.01
3522	23.46	0.08
3523	23.46	0.08
3524	23.46	0.08
3525	23.46	-0.02
3526	23.46	-0.02
3527	20.76	-0.02
3528	20.76	0.07
3529	20.76	0.07
3530	5.91	0.07
3531	5.91	-0.00
3532	5.91	-0.00
3533	-1.33	-0.00
3534	-1.33	0.01
3535	-1.33	0.01
3536	-2.92	0.01
3537	-2.92	0.07
3538	-2.92	0.07
3539	-2.14	0.07
3540	-2.14	-0.03
3541	-2.14	-0.03
3542	0.20	-0.03
3543	0.20	0.07
3544	0.20	0.07
3545	1.26	0.07
3546	1.26	0.00
3547	1.26	0.00
3548	1.17	0.00
3549	1.17	0.02
3550	1.17	0.02
3551	0.49	0.02
3552	0.49	0.08
3553	0.49	0.08
3554	-0.05	0.08
3555	-0.05	-0.03
3556	-0.05	-0.03
3557	-0.04	-0.03
3558	-0.04	0.07
3559	-0.04	0.07
3560	0.08	0.07
3561	0.08	-0.00
3562	0.08	-0.00
3563	0.24	-0.00
3564	0.24	0.02
3565	0.24	0.02
3566	0.26	0.02
3567	0.26	0.08
3568	0.26	0.08
3569	0.23	0.08
3570	0.23	-0.03
3571	0.23	-0.03
3572	0.21	-0.03
3573	0.21	0.07
3574	0.21	0.07
3575	0.22	0.07
3576	0.22	-0.00
3577	0.22	-0.00
3578	0.23	-0.00
3579	0.23	0.02
3580	0.23	0.02
3581	0.24	0.02
3582	0.24	0.08
3583	0.24	0.08
3584	0.24	0.08
3585	0.24	-0.02
3586	0.24	-0.02
3587	0.23	-0.02
3588	0.23	0.07
3589	0.23	0.07
3590	0.23	0.07
3591	0.23	-0.00
3592	0.23	-0.00
3593	0.23	-0.00
3594	0.23	0.03
3595	0.23	0.03
3596	0.24	0.03
3597	0.24	0.08
3598	0.24	0.08
3599	0.24	0.08
3600	0.24	-0.03
3601	0.24	-0.03
3602	0.25	-0.03
3603	0.25	0.07
3604	0.25	0.07
3605	0.25	0.07
3606	0.25	-0.00
3607	0.25	-0.00
3608	0.26	-0.00
3609	0.26	0.03
3610	0.26	0.03
3611	0.26	0.03
3612	0.26	0.08
3613	0.26	0.08
3614	0.27	0.08
3615	0.27	-0.03
3616	0.27	-0.03
3617	0.26	-0.03
3618	0.26	0.07
3619	0.26	0.07
3620	0.24	0.07
3621	0.24	-0.00
3622	0.24	-0.00
3623	0.24	-0.00
3624	0.24	0.03
3625	0.24	0.03
3626	0.23	0.03
3627	0.23	0.07
3628	0.23	0.07
3629	0.23	0.07
3630	0.23	-0.03
3631	0.23	-0.03
3632	0.23	-0.03
3633	0.23	0.08
