Contador    P0  P1
0	-2.22	-2.22
1	-2.22	-2.22
2	6.29	-2.22
3	6.29	7.64
4	6.29	7.64
5	6.29	7.64
6	6.29	7.65
7	6.29	7.65
8	6.28	7.65
9	6.28	7.65
10	6.28	7.65
11	6.28	7.65
12	6.28	7.57
13	6.28	7.57
14	6.28	7.57
15	6.28	7.67
16	6.28	7.67
17	6.28	7.67
18	6.28	7.58
19	6.28	7.58
20	6.28	7.58
21	-0.00	0.05
22	-0.00	0.05
23	0.00	0.05
24	0.00	0.07
25	0.00	0.07
26	0.00	0.07
27	0.00	-0.02
28	0.00	-0.02
29	0.00	-0.02
30	0.00	0.08
31	0.00	0.08
32	-0.00	0.08
33	-0.00	-0.00
34	-0.00	-0.00
35	0.00	-0.00
36	0.00	0.04
37	0.00	0.04
38	0.00	0.04
39	0.00	0.07
40	0.00	0.07
41	0.00	0.07
42	0.00	-0.02
43	0.00	-0.02
44	0.00	-0.02
45	0.00	0.08
46	0.00	0.08
47	0.00	0.08
48	0.00	0.00
49	0.00	0.00
50	0.00	0.00
51	0.00	0.02
52	0.00	0.02
53	0.00	0.02
54	0.00	0.08
55	0.00	0.08
56	0.00	0.08
57	0.00	-0.02
58	0.00	-0.02
59	0.00	-0.02
60	0.00	0.07
61	0.00	0.07
62	0.00	0.07
63	0.00	0.00
64	0.00	0.00
65	0.00	0.00
66	0.00	0.01
67	0.00	0.01
68	0.00	0.01
69	0.00	0.07
70	0.00	0.07
71	0.00	0.07
72	0.00	-0.03
73	0.00	-0.03
74	0.00	-0.03
75	0.00	0.06
76	0.00	0.06
77	0.00	0.06
78	0.00	0.00
79	0.00	0.00
80	0.00	0.00
81	0.00	0.00
82	0.00	0.00
83	0.00	0.00
84	0.00	0.07
85	0.00	0.07
86	0.00	0.07
87	0.00	-0.02
88	0.00	-0.02
89	-0.00	-0.02
90	-0.00	0.06
91	-0.00	0.06
92	-0.00	0.06
93	-0.00	0.01
94	-0.00	0.01
95	0.00	0.01
96	0.00	-0.01
97	0.00	-0.01
98	-0.00	-0.01
99	-0.00	0.08
100	-0.00	0.08
101	-0.00	0.08
102	-0.00	-0.03
103	-0.00	-0.03
104	-0.00	-0.03
105	-0.00	0.06
106	-0.00	0.06
107	-0.00	0.06
108	-0.00	0.01
109	-0.00	0.01
110	-0.00	0.01
111	-0.00	-0.01
112	-0.00	-0.01
113	-0.00	-0.01
114	-0.00	0.07
115	-0.00	0.07
116	-0.00	0.07
117	-0.00	-0.02
118	-0.00	-0.02
119	0.00	-0.02
120	0.00	0.06
121	0.00	0.06
122	-0.00	0.06
123	-0.00	0.02
124	-0.00	0.02
125	-0.00	0.02
126	-0.00	-0.01
127	-0.00	-0.01
128	-0.00	-0.01
129	-0.00	0.08
130	-0.00	0.08
131	-0.00	0.08
132	-0.00	-0.02
133	-0.00	-0.02
134	-0.00	-0.02
135	-0.00	0.06
136	-0.00	0.06
137	-0.00	0.06
138	-0.00	0.03
139	-0.00	0.03
140	-0.00	0.03
141	-0.00	-0.02
142	-0.00	-0.02
143	-0.00	-0.02
144	-0.00	0.08
145	-0.00	0.08
146	-0.00	0.08
147	-0.00	-0.02
148	-0.00	-0.02
149	-0.00	-0.02
150	-0.00	0.06
151	-0.00	0.06
152	-0.00	0.06
153	-0.00	0.04
154	-0.00	0.04
155	-0.00	0.04
156	-0.00	-0.02
157	-0.00	-0.02
158	-0.00	-0.02
159	-0.00	0.08
160	-0.00	0.08
161	-0.00	0.08
162	-0.00	-0.02
163	-0.00	-0.02
164	-0.00	-0.02
165	-0.00	0.05
166	-0.00	0.05
167	-0.00	0.05
168	-0.00	0.04
169	-0.00	0.04
170	-0.00	0.04
171	-0.00	-0.02
172	-0.00	-0.02
173	-0.00	-0.02
174	-0.00	0.08
175	-0.00	0.08
176	-0.00	0.08
177	-0.00	-0.01
178	-0.00	-0.01
179	-0.00	-0.01
180	-0.00	0.05
181	-0.00	0.05
182	-0.00	0.05
183	-0.00	0.05
184	-0.00	0.05
185	-0.00	0.05
186	-0.00	-0.02
187	-0.00	-0.02
188	-0.00	-0.02
189	-0.00	0.08
190	-0.00	0.08
191	-0.00	0.08
192	-0.00	-0.01
193	-0.00	-0.01
194	-0.00	-0.01
195	-0.00	0.05
196	-0.00	0.05
197	-0.00	0.05
198	-0.00	0.06
199	-0.00	0.06
200	-0.00	0.06
201	-0.00	-0.02
202	-0.00	-0.02
203	-0.00	-0.02
204	-0.00	0.08
205	-0.00	0.08
206	-0.00	0.08
207	-0.00	-0.01
208	-0.00	-0.01
209	-0.00	-0.01
210	-0.00	0.04
211	-0.00	0.04
212	-0.00	0.04
213	-0.00	0.06
214	-0.00	0.06
215	-0.00	0.06
216	-0.00	-0.02
217	-0.00	-0.02
218	-0.00	-0.02
219	-0.00	0.08
220	-0.00	0.08
221	0.00	0.08
222	0.00	-0.01
223	0.00	-0.01
224	-0.00	-0.01
225	-0.00	0.03
226	-0.00	0.03
227	0.00	0.03
228	0.00	0.07
229	0.00	0.07
230	0.00	0.07
231	0.00	-0.02
232	0.00	-0.02
233	-0.00	-0.02
234	-0.00	0.07
235	-0.00	0.07
236	-0.00	0.07
237	-0.00	-0.00
238	-0.00	-0.00
239	0.00	-0.00
240	0.00	0.02
241	0.00	0.02
242	-0.00	0.02
243	-0.00	0.08
244	-0.00	0.08
245	-0.00	0.08
246	-0.00	-0.02
247	-0.00	-0.02
248	0.00	-0.02
249	0.00	0.07
250	0.00	0.07
251	-0.00	0.07
252	-0.00	-0.00
253	-0.00	-0.00
254	0.00	-0.00
255	0.00	0.01
256	0.00	0.01
257	0.00	0.01
258	0.00	0.08
259	0.00	0.08
260	0.00	0.08
261	0.00	-0.02
262	0.00	-0.02
263	0.00	-0.02
264	0.00	0.07
265	0.00	0.07
266	0.00	0.07
267	0.00	0.00
268	0.00	0.00
269	0.00	0.00
270	0.00	0.01
271	0.00	0.01
272	0.00	0.01
273	0.00	0.08
274	0.00	0.08
275	8.78	0.08
276	8.78	-0.02
277	8.78	-0.02
278	18.89	-0.02
279	18.89	0.07
280	18.89	0.07
281	21.03	0.07
282	21.03	0.01
283	21.03	0.01
284	21.44	0.01
285	21.44	0.00
286	21.44	0.00
287	21.86	0.00
288	21.86	0.08
289	21.86	0.08
290	21.91	0.08
291	21.91	-0.02
292	21.91	-0.02
293	21.89	-0.02
294	21.89	0.07
295	21.89	0.07
296	21.92	0.07
297	21.92	0.02
298	21.92	0.02
299	21.90	0.02
300	21.90	0.00
301	21.90	0.00
302	21.94	0.00
303	21.94	0.08
304	21.94	0.08
305	21.94	0.08
306	21.94	-0.02
307	21.94	-0.02
308	21.93	-0.02
309	21.93	0.07
310	21.93	0.07
311	21.94	0.07
312	21.94	0.02
313	21.94	0.02
314	21.92	0.02
315	21.92	-0.01
316	21.92	-0.01
317	21.91	-0.01
318	21.91	0.08
319	21.91	0.08
320	21.90	0.08
321	21.90	-0.02
322	21.90	-0.02
323	21.92	-0.02
324	21.92	0.06
325	21.92	0.06
326	21.92	0.06
327	21.92	0.03
328	21.92	0.03
329	21.91	0.03
330	21.91	-0.01
331	21.91	-0.01
332	21.88	-0.01
333	21.88	0.09
334	21.88	0.09
335	21.87	0.09
336	21.87	-0.01
337	21.87	-0.01
338	21.85	-0.01
339	21.85	0.06
340	21.85	0.06
341	21.83	0.06
342	21.83	0.04
343	21.83	0.04
344	21.82	0.04
345	21.82	-0.02
346	21.82	-0.02
347	21.81	-0.02
348	21.81	0.08
349	21.81	0.08
350	21.81	0.08
351	21.81	-0.01
352	21.81	-0.01
353	21.81	-0.01
354	21.81	0.06
355	21.81	0.06
356	21.81	0.06
357	21.81	0.05
358	21.81	0.05
359	21.81	0.05
360	21.81	-0.01
361	21.81	-0.01
362	21.81	-0.01
363	21.81	0.09
364	21.81	0.09
365	21.81	0.09
366	21.81	-0.01
367	21.81	-0.01
368	21.83	-0.01
369	21.83	0.06
370	21.83	0.06
371	21.88	0.06
372	21.88	0.05
373	21.88	0.05
374	21.89	0.05
375	21.89	-0.01
376	21.89	-0.01
377	21.89	-0.01
378	21.89	0.08
379	21.89	0.08
380	21.90	0.08
381	21.90	-0.00
382	21.90	-0.00
383	21.89	-0.00
384	21.89	0.05
385	21.89	0.05
386	21.89	0.05
387	21.89	0.06
388	21.89	0.06
389	21.89	0.06
390	21.89	-0.02
391	21.89	-0.02
392	21.89	-0.02
393	21.89	0.08
394	21.89	0.08
395	21.89	0.08
396	21.89	-0.00
397	21.89	-0.00
398	21.89	-0.00
399	21.89	0.05
400	21.89	0.05
401	21.90	0.05
402	21.90	0.07
403	21.90	0.07
404	21.90	0.07
405	21.90	-0.02
406	21.90	-0.02
407	21.91	-0.02
408	21.91	0.09
409	21.91	0.09
410	21.91	0.09
411	21.91	-0.00
412	21.91	-0.00
413	21.91	-0.00
414	21.91	0.04
415	21.91	0.04
416	21.92	0.04
417	21.92	0.07
418	21.92	0.07
419	21.92	0.07
420	21.92	-0.02
421	21.92	-0.02
422	21.92	-0.02
423	21.92	0.08
424	21.92	0.08
425	21.92	0.08
426	21.92	-0.00
427	21.92	-0.00
428	21.93	-0.00
429	21.93	0.03
430	21.93	0.03
431	21.94	0.03
432	21.94	0.07
433	21.94	0.07
434	21.94	0.07
435	21.94	-0.02
436	21.94	-0.02
437	21.94	-0.02
438	21.94	0.08
439	21.94	0.08
440	21.94	0.08
441	21.94	-0.00
442	21.94	-0.00
443	21.94	-0.00
444	21.94	0.03
445	21.94	0.03
446	21.94	0.03
447	21.94	0.08
448	21.94	0.08
449	21.94	0.08
450	21.94	-0.02
451	21.94	-0.02
452	21.94	-0.02
453	21.94	0.07
454	21.94	0.07
455	21.94	0.07
456	21.94	-0.00
457	21.94	-0.00
458	21.94	-0.00
459	21.94	0.02
460	21.94	0.02
461	21.94	0.02
462	21.94	0.08
463	21.94	0.08
464	21.94	0.08
465	21.94	-0.02
466	21.94	-0.02
467	21.94	-0.02
468	21.94	0.07
469	21.94	0.07
470	21.94	0.07
471	21.94	0.00
472	21.94	0.00
473	21.94	0.00
474	21.94	0.02
475	21.94	0.02
476	21.94	0.02
477	21.94	0.08
478	21.94	0.08
479	21.94	0.08
480	21.94	-0.02
481	21.94	-0.02
482	21.93	-0.02
483	21.93	0.07
484	21.93	0.07
485	21.93	0.07
486	21.93	0.01
487	21.93	0.01
488	21.94	0.01
489	21.94	0.01
490	21.94	0.01
491	21.93	0.01
492	21.93	0.08
493	21.93	0.08
494	21.94	0.08
495	21.94	-0.03
496	21.94	-0.03
497	21.94	-0.03
498	21.94	0.07
499	21.94	0.07
500	21.94	0.07
501	21.94	0.01
502	21.94	0.01
503	21.94	0.01
504	21.94	0.00
505	21.94	0.00
506	21.94	0.00
507	21.94	0.08
508	21.94	0.08
509	21.94	0.08
510	21.94	-0.02
511	21.94	-0.02
512	21.94	-0.02
513	21.94	0.06
514	21.94	0.06
515	21.94	0.06
516	21.94	0.01
517	21.94	0.01
518	21.94	0.01
519	21.94	0.00
520	21.94	0.00
521	21.94	0.00
522	21.94	0.08
523	21.94	0.08
524	21.95	0.08
525	21.95	-0.02
526	21.95	-0.02
527	21.95	-0.02
528	21.95	0.06
529	21.95	0.06
530	21.95	0.06
531	21.95	0.02
532	21.95	0.02
533	21.95	0.02
534	21.95	-0.01
535	21.95	-0.01
536	21.95	-0.01
537	21.95	0.08
538	21.95	0.08
539	21.95	0.08
540	21.95	-0.02
541	21.95	-0.02
542	21.95	-0.02
543	21.95	0.06
544	21.95	0.06
545	21.96	0.06
546	21.96	0.02
547	21.96	0.02
548	21.96	0.02
549	21.96	-0.01
550	21.96	-0.01
551	21.96	-0.01
552	21.96	0.08
553	21.96	0.08
554	21.96	0.08
555	21.96	-0.02
556	21.96	-0.02
557	21.96	-0.02
558	21.96	0.06
559	21.96	0.06
560	21.96	0.06
561	21.96	0.03
562	21.96	0.03
563	21.96	0.03
564	21.96	-0.02
565	21.96	-0.02
566	21.96	-0.02
567	21.96	0.08
568	21.96	0.08
569	21.96	0.08
570	21.96	-0.01
571	21.96	-0.01
572	21.96	-0.01
573	21.96	0.06
574	21.96	0.06
575	21.96	0.06
576	21.96	0.03
577	21.96	0.03
578	21.95	0.03
579	21.95	-0.02
580	21.95	-0.02
581	21.95	-0.02
582	21.95	0.08
583	21.95	0.08
584	21.95	0.08
585	21.95	-0.02
586	21.95	-0.02
587	21.95	-0.02
588	21.95	0.06
589	21.95	0.06
590	21.95	0.06
591	21.95	0.04
592	21.95	0.04
593	21.95	0.04
594	21.95	-0.02
595	21.95	-0.02
596	21.95	-0.02
597	21.95	0.08
598	21.95	0.08
599	21.95	0.08
600	21.95	-0.01
601	21.95	-0.01
602	21.95	-0.01
603	21.95	0.06
604	21.95	0.06
605	21.95	0.06
606	21.95	0.04
607	21.95	0.04
608	21.95	0.04
609	21.95	-0.02
610	21.95	-0.02
611	21.95	-0.02
612	21.95	0.09
613	21.95	0.09
614	21.96	0.09
615	21.96	-0.01
616	21.96	-0.01
617	21.96	-0.01
618	21.96	0.06
619	21.96	0.06
620	21.96	0.06
621	21.96	0.05
622	21.96	0.05
623	21.97	0.05
624	21.97	-0.02
625	21.97	-0.02
626	21.97	-0.02
627	21.97	0.08
628	21.97	0.08
629	21.97	0.08
630	21.97	-0.01
631	21.97	-0.01
632	21.97	-0.01
633	21.97	0.05
634	21.97	0.05
635	21.97	0.05
636	21.97	0.05
637	21.97	0.05
638	21.97	0.05
639	21.97	-0.02
640	21.97	-0.02
641	21.97	-0.02
642	21.97	0.09
643	21.97	0.09
644	21.97	0.09
645	21.97	-0.01
646	21.97	-0.01
647	21.97	-0.01
648	21.97	0.06
649	21.97	0.06
650	21.97	0.06
651	21.97	0.06
652	21.97	0.06
653	21.97	0.06
654	21.97	-0.02
655	21.97	-0.02
656	21.97	-0.02
657	21.97	0.08
658	21.97	0.08
659	21.97	0.08
660	21.97	-0.00
661	21.97	-0.00
662	21.97	-0.00
663	21.97	0.05
664	21.97	0.05
665	21.97	0.05
666	21.97	0.06
667	21.97	0.06
668	21.97	0.06
669	21.97	-0.02
670	21.97	-0.02
671	21.96	-0.02
672	21.96	0.08
673	21.96	0.08
674	21.96	0.08
675	21.96	-0.00
676	21.96	-0.00
677	21.96	-0.00
678	21.96	0.05
679	21.96	0.05
680	21.96	0.05
681	21.96	0.06
682	21.96	0.06
683	21.96	0.06
684	21.96	-0.01
685	21.96	-0.01
686	21.96	-0.01
687	21.96	0.08
688	21.96	0.08
689	21.95	0.08
690	21.95	-0.00
691	21.95	-0.00
692	21.96	-0.00
693	21.96	0.04
694	21.96	0.04
695	21.96	0.04
696	21.96	0.07
697	21.96	0.07
698	21.96	0.07
699	21.96	-0.01
700	21.96	-0.01
701	21.96	-0.01
702	21.96	0.08
703	21.96	0.08
704	21.96	0.08
705	21.96	-0.00
706	21.96	-0.00
707	21.96	-0.00
708	21.96	0.04
709	21.96	0.04
710	21.95	0.04
711	21.95	0.07
712	21.95	0.07
713	21.95	0.07
714	21.95	-0.01
715	21.95	-0.01
716	21.95	-0.01
717	21.95	0.08
718	21.95	0.08
719	21.95	0.08
720	21.95	0.00
721	21.95	0.00
722	21.95	0.00
723	21.95	0.04
724	21.95	0.04
725	21.95	0.04
726	21.95	0.08
727	21.95	0.08
728	21.95	0.08
729	21.95	-0.02
730	21.95	-0.02
731	21.95	-0.02
732	21.95	0.07
733	21.95	0.07
734	21.95	0.07
735	21.95	0.00
736	21.95	0.00
737	21.95	0.00
738	21.95	0.03
739	21.95	0.03
740	21.95	0.03
741	21.95	0.08
742	21.95	0.08
743	21.94	0.08
744	21.94	-0.02
745	21.94	-0.02
746	21.94	-0.02
747	21.94	0.07
748	21.94	0.07
749	21.94	0.07
750	21.94	0.00
751	21.94	0.00
752	21.94	0.00
753	21.94	0.02
754	21.94	0.02
755	21.94	0.02
756	21.94	0.08
757	21.94	0.08
758	21.94	0.08
759	21.94	-0.02
760	21.94	-0.02
761	21.94	-0.02
762	21.94	0.07
763	21.94	0.07
764	21.94	0.07
765	21.94	0.00
766	21.94	0.00
767	21.94	0.00
768	21.94	0.02
769	21.94	0.02
770	21.94	0.02
771	21.94	0.08
772	21.94	0.08
773	21.94	0.08
774	21.94	-0.02
775	21.94	-0.02
776	21.94	-0.02
777	21.94	0.07
778	21.94	0.07
779	21.94	0.07
780	21.94	0.00
781	21.94	0.00
782	21.94	0.00
783	21.94	0.01
784	21.94	0.01
785	21.93	0.01
786	21.93	0.08
787	21.93	0.08
788	21.94	0.08
789	21.94	-0.02
790	21.94	-0.02
791	21.93	-0.02
792	21.93	0.07
793	21.93	0.07
794	21.93	0.07
795	21.93	0.01
796	21.93	0.01
797	21.93	0.01
798	21.93	0.01
799	21.93	0.01
800	21.93	0.01
801	21.93	0.08
802	21.93	0.08
803	21.93	0.08
804	21.93	-0.02
805	21.93	-0.02
806	21.94	-0.02
807	21.94	0.07
808	21.94	0.07
809	21.93	0.07
810	21.93	0.01
811	21.93	0.01
812	21.93	0.01
813	21.93	0.00
814	21.93	0.00
815	21.93	0.00
816	21.93	0.08
817	21.93	0.08
818	21.93	0.08
819	21.93	-0.02
820	21.93	-0.02
821	21.93	-0.02
822	21.93	0.07
823	21.93	0.07
824	21.93	0.07
825	21.93	0.02
826	21.93	0.02
827	21.94	0.02
828	21.94	-0.00
829	21.94	-0.00
830	21.93	-0.00
831	21.93	0.08
832	21.93	0.08
833	21.93	0.08
834	21.93	-0.02
835	21.93	-0.02
836	21.93	-0.02
837	21.93	0.06
838	21.93	0.06
839	21.93	0.06
840	21.93	0.02
841	21.93	0.02
842	21.93	0.02
843	21.93	-0.01
844	21.93	-0.01
845	21.94	-0.01
846	21.94	0.08
847	21.94	0.08
848	21.94	0.08
849	21.94	-0.02
850	21.94	-0.02
851	21.94	-0.02
852	21.94	0.06
853	21.94	0.06
854	21.94	0.06
855	21.94	0.01
856	21.94	0.01
857	21.94	0.01
858	21.94	-0.01
859	21.94	-0.01
860	21.94	-0.01
861	21.94	0.08
862	21.94	0.08
863	21.94	0.08
864	21.94	-0.02
865	21.94	-0.02
866	21.94	-0.02
867	21.94	0.06
868	21.94	0.06
869	21.94	0.06
870	21.94	0.02
871	21.94	0.02
872	21.94	0.02
873	21.94	-0.01
874	21.94	-0.01
875	21.95	-0.01
876	21.95	0.08
877	21.95	0.08
878	21.95	0.08
879	21.95	-0.01
880	21.95	-0.01
881	21.95	-0.01
882	21.95	0.06
883	21.95	0.06
884	21.95	0.06
885	21.95	0.03
886	21.95	0.03
887	21.95	0.03
888	21.95	-0.02
889	21.95	-0.02
890	21.95	-0.02
891	21.95	0.08
892	21.95	0.08
893	21.95	0.08
894	21.95	-0.01
895	21.95	-0.01
896	21.96	-0.01
897	21.96	0.06
898	21.96	0.06
899	21.96	0.06
900	21.96	0.04
901	21.96	0.04
902	21.96	0.04
903	21.96	-0.02
904	21.96	-0.02
905	21.96	-0.02
906	21.96	0.08
907	21.96	0.08
908	21.96	0.08
909	21.96	-0.01
910	21.96	-0.01
911	21.96	-0.01
912	21.96	0.06
913	21.96	0.06
914	21.95	0.06
915	21.95	0.05
916	21.95	0.05
917	21.96	0.05
918	21.96	-0.02
919	21.96	-0.02
920	21.96	-0.02
921	21.96	0.08
922	21.96	0.08
923	21.96	0.08
924	21.96	-0.01
925	21.96	-0.01
926	21.97	-0.01
927	21.97	0.05
928	21.97	0.05
929	21.97	0.05
930	21.97	0.06
931	21.97	0.06
932	21.97	0.06
933	21.97	-0.01
934	21.97	-0.01
935	21.97	-0.01
936	21.97	0.08
937	21.97	0.08
938	21.97	0.08
939	21.97	-0.01
940	21.97	-0.01
941	21.97	-0.01
942	21.97	0.05
943	21.97	0.05
944	21.96	0.05
945	21.96	0.06
946	21.96	0.06
947	21.97	0.06
948	21.97	-0.02
949	21.97	-0.02
950	21.97	-0.02
951	21.97	0.08
952	21.97	0.08
953	21.97	0.08
954	21.97	-0.01
955	21.97	-0.01
956	21.97	-0.01
957	21.97	0.04
958	21.97	0.04
959	21.96	0.04
960	21.96	0.06
961	21.96	0.06
962	21.97	0.06
963	21.97	-0.02
964	21.97	-0.02
965	21.97	-0.02
966	21.97	0.08
967	21.97	0.08
968	21.97	0.08
969	21.97	-0.01
970	21.97	-0.01
971	21.97	-0.01
972	21.97	0.04
973	21.97	0.04
974	21.97	0.04
975	21.97	0.07
976	21.97	0.07
977	21.97	0.07
978	21.97	-0.02
979	21.97	-0.02
980	21.97	-0.02
981	21.97	0.08
982	21.97	0.08
983	21.97	0.08
984	21.97	-0.00
985	21.97	-0.00
986	21.97	-0.00
987	21.97	0.04
988	21.97	0.04
989	21.97	0.04
990	21.97	0.07
991	21.97	0.07
992	21.97	0.07
993	21.97	-0.02
994	21.97	-0.02
995	21.97	-0.02
996	21.97	0.08
997	21.97	0.08
998	21.96	0.08
999	21.96	-0.00
1000	21.96	-0.00
1001	21.96	-0.00
1002	21.96	0.02
1003	21.96	0.02
1004	21.97	0.02
1005	21.97	0.08
1006	21.97	0.08
1007	21.97	0.08
1008	21.97	-0.02
1009	21.97	-0.02
1010	21.96	-0.02
1011	21.96	0.07
1012	21.96	0.07
1013	21.97	0.07
1014	21.97	-0.00
1015	21.97	-0.00
1016	21.96	-0.00
1017	21.96	0.02
1018	21.96	0.02
1019	21.96	0.02
1020	21.96	0.07
1021	21.96	0.07
1022	21.97	0.07
1023	21.97	-0.02
1024	21.97	-0.02
1025	21.96	-0.02
1026	21.96	0.07
1027	21.96	0.07
1028	21.97	0.07
1029	21.97	0.01
1030	21.97	0.01
1031	21.96	0.01
1032	21.96	0.01
1033	21.96	0.01
1034	21.96	0.01
1035	21.96	0.08
1036	21.96	0.08
1037	21.96	0.08
1038	21.96	-0.02
1039	21.96	-0.02
1040	21.97	-0.02
1041	21.97	0.07
1042	21.97	0.07
1043	21.96	0.07
1044	21.96	0.01
1045	21.96	0.01
1046	21.97	0.01
1047	21.97	0.01
1048	21.97	0.01
1049	21.97	0.01
1050	21.97	0.08
1051	21.97	0.08
1052	21.97	0.08
1053	21.97	-0.02
1054	21.97	-0.02
1055	21.97	-0.02
1056	21.97	0.07
1057	21.97	0.07
1058	21.96	0.07
1059	21.96	0.01
1060	21.96	0.01
1061	21.96	0.01
1062	21.96	0.00
1063	21.96	0.00
1064	21.96	0.00
1065	21.96	0.08
1066	21.96	0.08
1067	21.96	0.08
1068	21.96	-0.02
1069	21.96	-0.02
1070	21.96	-0.02
1071	21.96	0.06
1072	21.96	0.06
1073	21.96	0.06
1074	21.96	0.02
1075	21.96	0.02
1076	21.96	0.02
1077	21.96	-0.00
1078	21.96	-0.00
1079	21.96	-0.00
1080	21.96	0.08
1081	21.96	0.08
1082	21.95	0.08
1083	21.95	-0.02
1084	21.95	-0.02
1085	21.96	-0.02
1086	21.96	0.06
1087	21.96	0.06
1088	21.96	0.06
1089	21.96	0.02
1090	21.96	0.02
1091	21.96	0.02
1092	21.96	-0.01
1093	21.96	-0.01
1094	21.96	-0.01
1095	21.96	0.08
1096	21.96	0.08
1097	21.95	0.08
1098	21.95	-0.02
1099	21.95	-0.02
1100	21.95	-0.02
1101	21.95	0.06
1102	21.95	0.06
1103	21.95	0.06
1104	21.95	0.02
1105	21.95	0.02
1106	21.95	0.02
1107	21.95	-0.01
1108	21.95	-0.01
1109	21.95	-0.01
1110	21.95	0.08
1111	21.95	0.08
1112	21.95	0.08
1113	21.95	-0.01
1114	21.95	-0.01
1115	21.94	-0.01
1116	21.94	0.06
1117	21.94	0.06
1118	21.95	0.06
1119	21.95	0.03
1120	21.95	0.03
1121	21.95	0.03
1122	21.95	-0.02
1123	21.95	-0.02
1124	21.95	-0.02
1125	21.95	0.08
1126	21.95	0.08
1127	21.95	0.08
1128	21.95	-0.01
1129	21.95	-0.01
1130	21.95	-0.01
1131	21.95	0.06
1132	21.95	0.06
1133	21.95	0.06
1134	21.95	0.04
1135	21.95	0.04
1136	21.95	0.04
1137	21.95	-0.01
1138	21.95	-0.01
1139	21.95	-0.01
1140	21.95	0.08
1141	21.95	0.08
1142	21.95	0.08
1143	21.95	-0.01
1144	21.95	-0.01
1145	21.94	-0.01
1146	21.94	0.06
1147	21.94	0.06
1148	21.94	0.06
1149	21.94	0.05
1150	21.94	0.05
1151	21.94	0.05
1152	21.94	-0.02
1153	21.94	-0.02
1154	21.94	-0.02
1155	21.94	0.08
1156	21.94	0.08
1157	21.94	0.08
1158	21.94	-0.01
1159	21.94	-0.01
1160	21.94	-0.01
1161	21.94	0.05
1162	21.94	0.05
1163	21.95	0.05
1164	21.95	0.05
1165	21.95	0.05
1166	21.95	0.05
1167	21.95	-0.02
1168	21.95	-0.02
1169	21.95	-0.02
1170	21.95	0.08
1171	21.95	0.08
1172	21.94	0.08
1173	21.94	-0.00
1174	21.94	-0.00
1175	21.95	-0.00
1176	21.95	0.05
1177	21.95	0.05
1178	21.95	0.05
1179	21.95	0.06
1180	21.95	0.06
1181	21.95	0.06
1182	21.95	-0.02
1183	21.95	-0.02
1184	21.95	-0.02
1185	21.95	0.08
1186	21.95	0.08
1187	21.95	0.08
1188	21.95	-0.01
1189	21.95	-0.01
1190	21.95	-0.01
1191	21.95	0.05
1192	21.95	0.05
1193	21.96	0.05
1194	21.96	0.06
1195	21.96	0.06
1196	21.95	0.06
1197	21.95	-0.01
1198	21.95	-0.01
1199	21.95	-0.01
1200	21.95	0.08
1201	21.95	0.08
1202	21.96	0.08
1203	21.96	-0.01
1204	21.96	-0.01
1205	21.96	-0.01
1206	21.96	0.04
1207	21.96	0.04
1208	21.96	0.04
1209	21.96	0.07
1210	21.96	0.07
1211	21.96	0.07
1212	21.96	-0.02
1213	21.96	-0.02
1214	21.96	-0.02
1215	21.96	0.08
1216	21.96	0.08
1217	21.96	0.08
1218	21.96	-0.00
1219	21.96	-0.00
1220	21.96	-0.00
1221	21.96	0.04
1222	21.96	0.04
1223	21.96	0.04
1224	21.96	0.07
1225	21.96	0.07
1226	21.96	0.07
1227	21.96	-0.02
1228	21.96	-0.02
1229	21.97	-0.02
1230	21.97	0.07
1231	21.97	0.07
1232	21.97	0.07
1233	21.97	-0.00
1234	21.97	-0.00
1235	21.97	-0.00
1236	21.97	0.03
1237	21.97	0.03
1238	21.97	0.03
1239	21.97	0.08
1240	21.97	0.08
1241	21.97	0.08
1242	21.97	-0.02
1243	21.97	-0.02
1244	21.97	-0.02
1245	21.97	0.07
1246	21.97	0.07
1247	21.97	0.07
1248	21.97	0.00
1249	21.97	0.00
1250	21.97	0.00
1251	21.97	0.02
1252	21.97	0.02
1253	21.98	0.02
1254	21.98	0.08
1255	21.98	0.08
1256	21.98	0.08
1257	21.98	-0.02
1258	21.98	-0.02
1259	21.98	-0.02
1260	21.98	0.07
1261	21.98	0.07
1262	21.98	0.07
1263	21.98	0.00
1264	21.98	0.00
1265	21.98	0.00
1266	21.98	0.02
1267	21.98	0.02
1268	21.98	0.02
1269	21.98	0.08
1270	21.98	0.08
1271	21.98	0.08
1272	21.98	-0.02
1273	21.98	-0.02
1274	21.98	-0.02
1275	21.98	0.07
1276	21.98	0.07
1277	21.98	0.07
1278	21.98	0.01
1279	21.98	0.01
1280	21.98	0.01
1281	21.98	0.01
1282	21.98	0.01
1283	21.98	0.01
1284	21.98	0.08
1285	21.98	0.08
1286	21.98	0.08
1287	21.98	-0.02
1288	21.98	-0.02
1289	21.98	-0.02
1290	21.98	0.07
1291	21.98	0.07
1292	21.98	0.07
1293	21.98	0.01
1294	21.98	0.01
1295	21.98	0.01
1296	21.98	0.01
1297	21.98	0.01
1298	21.99	0.01
1299	21.99	0.08
1300	21.99	0.08
1301	21.99	0.08
1302	21.99	-0.02
1303	21.99	-0.02
1304	21.99	-0.02
1305	21.99	0.07
1306	21.99	0.07
1307	21.98	0.07
1308	21.98	0.01
1309	21.98	0.01
1310	21.99	0.01
1311	21.99	0.01
1312	21.99	0.01
1313	21.99	0.01
1314	21.99	0.08
1315	21.99	0.08
1316	21.99	0.08
1317	21.99	-0.02
1318	21.99	-0.02
1319	21.99	-0.02
1320	21.99	0.07
1321	21.99	0.07
1322	21.99	0.07
1323	21.99	0.02
1324	21.99	0.02
1325	21.99	0.02
1326	21.99	0.00
1327	21.99	0.00
1328	21.99	0.00
1329	21.99	0.08
1330	21.99	0.08
1331	21.99	0.08
1332	21.99	-0.02
1333	21.99	-0.02
1334	21.99	-0.02
1335	21.99	0.07
1336	21.99	0.07
1337	21.99	0.07
1338	21.99	0.02
1339	21.99	0.02
1340	21.98	0.02
1341	21.98	-0.00
1342	21.98	-0.00
1343	21.99	-0.00
1344	21.99	0.08
1345	21.99	0.08
1346	21.99	0.08
1347	21.99	-0.02
1348	21.99	-0.02
1349	21.99	-0.02
1350	21.99	0.07
1351	21.99	0.07
1352	21.99	0.07
1353	21.99	0.02
1354	21.99	0.02
1355	21.99	0.02
1356	21.99	-0.01
1357	21.99	-0.01
1358	21.99	-0.01
1359	21.99	0.08
1360	21.99	0.08
1361	21.99	0.08
1362	21.99	-0.01
1363	21.99	-0.01
1364	22.00	-0.01
1365	22.00	0.07
1366	22.00	0.07
1367	22.00	0.07
1368	22.00	0.02
1369	22.00	0.02
1370	22.00	0.02
1371	22.00	-0.01
1372	22.00	-0.01
1373	22.00	-0.01
1374	22.00	0.08
1375	22.00	0.08
1376	22.00	0.08
1377	22.00	-0.01
1378	22.00	-0.01
1379	22.00	-0.01
1380	22.00	0.06
1381	22.00	0.06
1382	22.00	0.06
1383	22.00	0.03
1384	22.00	0.03
1385	22.00	0.03
1386	22.00	-0.01
1387	22.00	-0.01
1388	22.00	-0.01
1389	22.00	0.08
1390	22.00	0.08
1391	22.00	0.08
1392	22.00	-0.01
1393	22.00	-0.01
1394	22.00	-0.01
1395	22.00	0.06
1396	22.00	0.06
1397	22.00	0.06
1398	22.00	0.03
1399	22.00	0.03
1400	22.00	0.03
1401	22.00	-0.02
1402	22.00	-0.02
1403	22.00	-0.02
1404	22.00	0.09
1405	22.00	0.09
1406	22.00	0.09
1407	22.00	-0.01
1408	22.00	-0.01
1409	22.00	-0.01
1410	22.00	0.06
1411	22.00	0.06
1412	22.00	0.06
1413	22.00	0.04
1414	22.00	0.04
1415	22.00	0.04
1416	22.00	-0.01
1417	22.00	-0.01
1418	22.01	-0.01
1419	22.01	0.08
1420	22.01	0.08
1421	22.01	0.08
1422	22.01	-0.01
1423	22.01	-0.01
1424	22.01	-0.01
1425	22.01	0.06
1426	22.01	0.06
1427	22.01	0.06
1428	22.01	0.05
1429	22.01	0.05
1430	22.02	0.05
1431	22.02	-0.01
1432	22.02	-0.01
1433	22.02	-0.01
1434	22.02	0.09
1435	22.02	0.09
1436	22.02	0.09
1437	22.02	-0.01
1438	22.02	-0.01
1439	22.02	-0.01
1440	22.02	0.06
1441	22.02	0.06
1442	22.02	0.06
1443	22.02	0.05
1444	22.02	0.05
1445	22.02	0.05
1446	22.02	-0.01
1447	22.02	-0.01
1448	22.02	-0.01
1449	22.02	0.08
1450	22.02	0.08
1451	22.02	0.08
1452	22.02	-0.00
1453	22.02	-0.00
1454	22.02	-0.00
1455	22.02	0.06
1456	22.02	0.06
1457	22.01	0.06
1458	22.01	0.06
1459	22.01	0.06
1460	22.02	0.06
1461	22.02	-0.02
1462	22.02	-0.02
1463	22.02	-0.02
1464	22.02	0.08
1465	22.02	0.08
1466	22.02	0.08
1467	22.02	-0.00
1468	22.02	-0.00
1469	22.02	-0.00
1470	22.02	0.05
1471	22.02	0.05
1472	22.03	0.05
1473	22.03	0.06
1474	22.03	0.06
1475	22.03	0.06
1476	22.03	-0.02
1477	22.03	-0.02
1478	22.03	-0.02
1479	22.03	0.08
1480	22.03	0.08
1481	22.03	0.08
1482	22.03	-0.00
1483	22.03	-0.00
1484	22.03	-0.00
1485	22.03	0.05
1486	22.03	0.05
1487	22.03	0.05
1488	22.03	0.07
1489	22.03	0.07
1490	22.03	0.07
1491	22.03	-0.02
1492	22.03	-0.02
1493	22.03	-0.02
1494	22.03	0.08
1495	22.03	0.08
1496	22.03	0.08
1497	22.03	-0.00
1498	22.03	-0.00
1499	22.04	-0.00
1500	22.04	0.04
1501	22.04	0.04
1502	22.03	0.04
1503	22.03	0.07
1504	22.03	0.07
1505	22.04	0.07
1506	22.04	-0.02
1507	22.04	-0.02
1508	22.04	-0.02
1509	22.04	0.08
1510	22.04	0.08
1511	22.04	0.08
1512	22.04	0.00
1513	22.04	0.00
1514	22.03	0.00
1515	22.03	0.04
1516	22.03	0.04
1517	22.04	0.04
1518	22.04	0.07
1519	22.04	0.07
1520	22.04	0.07
1521	22.04	-0.02
1522	22.04	-0.02
1523	22.04	-0.02
1524	22.04	0.08
1525	22.04	0.08
1526	22.04	0.08
1527	22.04	0.00
1528	22.04	0.00
1529	22.03	0.00
1530	22.03	0.03
1531	22.03	0.03
1532	22.04	0.03
1533	22.04	0.08
1534	22.04	0.08
1535	22.04	0.08
1536	22.04	-0.01
1537	22.04	-0.01
1538	22.04	-0.01
1539	22.04	0.08
1540	22.04	0.08
1541	22.04	0.08
1542	22.04	0.00
1543	22.04	0.00
1544	22.04	0.00
1545	22.04	0.02
1546	22.04	0.02
1547	22.04	0.02
1548	22.04	0.08
1549	22.04	0.08
1550	22.04	0.08
1551	22.04	-0.02
1552	22.04	-0.02
1553	22.04	-0.02
1554	22.04	0.07
1555	22.04	0.07
1556	22.04	0.07
1557	22.04	0.01
1558	22.04	0.01
1559	22.05	0.01
1560	22.05	0.02
1561	22.05	0.02
1562	22.05	0.02
1563	22.05	0.08
1564	22.05	0.08
1565	22.05	0.08
1566	22.05	-0.02
1567	22.05	-0.02
1568	22.05	-0.02
1569	22.05	0.07
1570	22.05	0.07
1571	22.05	0.07
1572	22.05	0.01
1573	22.05	0.01
1574	22.05	0.01
1575	22.05	0.01
1576	22.05	0.01
1577	22.05	0.01
1578	22.05	0.08
1579	22.05	0.08
1580	22.06	0.08
1581	22.06	-0.02
1582	22.06	-0.02
1583	22.05	-0.02
1584	22.05	0.07
1585	22.05	0.07
1586	22.06	0.07
1587	22.06	0.01
1588	22.06	0.01
1589	22.06	0.01
1590	22.06	0.01
1591	22.06	0.01
1592	22.06	0.01
1593	22.06	0.08
1594	22.06	0.08
1595	22.07	0.08
1596	22.07	-0.02
1597	22.07	-0.02
1598	22.07	-0.02
1599	22.07	0.07
1600	22.07	0.07
1601	22.07	0.07
1602	22.07	0.02
1603	22.07	0.02
1604	22.07	0.02
1605	22.07	0.00
1606	22.07	0.00
1607	22.07	0.00
1608	22.07	0.08
1609	22.07	0.08
1610	22.07	0.08
1611	22.07	-0.02
1612	22.07	-0.02
1613	22.07	-0.02
1614	22.07	0.07
1615	22.07	0.07
1616	22.07	0.07
1617	22.07	0.02
1618	22.07	0.02
1619	22.08	0.02
1620	22.08	-0.01
1621	22.08	-0.01
1622	22.08	-0.01
1623	22.08	0.08
1624	22.08	0.08
1625	22.07	0.08
1626	22.07	-0.01
1627	22.07	-0.01
1628	22.08	-0.01
1629	22.08	0.07
1630	22.08	0.07
1631	22.08	0.07
1632	22.08	0.03
1633	22.08	0.03
1634	22.08	0.03
1635	22.08	-0.01
1636	22.08	-0.01
1637	22.08	-0.01
1638	22.08	0.08
1639	22.08	0.08
1640	22.08	0.08
1641	22.08	-0.01
1642	22.08	-0.01
1643	22.08	-0.01
1644	22.08	0.06
1645	22.08	0.06
1646	22.08	0.06
1647	22.08	0.04
1648	22.08	0.04
1649	22.08	0.04
1650	22.08	-0.01
1651	22.08	-0.01
1652	22.08	-0.01
1653	22.08	0.08
1654	22.08	0.08
1655	22.08	0.08
1656	22.08	-0.01
1657	22.08	-0.01
1658	22.07	-0.01
1659	22.07	0.06
1660	22.07	0.06
1661	22.08	0.06
1662	22.08	0.04
1663	22.08	0.04
1664	22.08	0.04
1665	22.08	-0.02
1666	22.08	-0.02
1667	22.08	-0.02
1668	22.08	0.09
1669	22.08	0.09
1670	22.08	0.09
1671	22.08	-0.01
1672	22.08	-0.01
1673	22.08	-0.01
1674	22.08	0.05
1675	22.08	0.05
1676	22.08	0.05
1677	22.08	0.05
1678	22.08	0.05
1679	22.08	0.05
1680	22.08	-0.01
1681	22.08	-0.01
1682	22.08	-0.01
1683	22.08	0.09
1684	22.08	0.09
1685	22.08	0.09
1686	22.08	-0.01
1687	22.08	-0.01
1688	22.08	-0.01
1689	22.08	0.05
1690	22.08	0.05
1691	22.08	0.05
1692	22.08	0.06
1693	22.08	0.06
1694	22.08	0.06
1695	22.08	-0.02
1696	22.08	-0.02
1697	22.08	-0.02
1698	22.08	0.08
1699	22.08	0.08
1700	22.08	0.08
1701	22.08	-0.01
1702	22.08	-0.01
1703	22.08	-0.01
1704	22.08	0.05
1705	22.08	0.05
1706	22.08	0.05
1707	22.08	0.07
1708	22.08	0.07
1709	22.08	0.07
1710	22.08	-0.02
1711	22.08	-0.02
1712	22.09	-0.02
1713	22.09	0.08
1714	22.09	0.08
1715	22.09	0.08
1716	22.09	0.00
1717	22.09	0.00
1718	22.09	0.00
1719	22.09	0.04
1720	22.09	0.04
1721	22.09	0.04
1722	22.09	0.07
1723	22.09	0.07
1724	22.09	0.07
1725	22.09	-0.02
1726	22.09	-0.02
1727	22.09	-0.02
1728	22.09	0.08
1729	22.09	0.08
1730	22.08	0.08
1731	22.08	0.00
1732	22.08	0.00
1733	22.09	0.00
1734	22.09	0.03
1735	22.09	0.03
1736	22.09	0.03
1737	22.09	0.08
1738	22.09	0.08
1739	22.08	0.08
1740	22.08	-0.02
1741	22.08	-0.02
1742	22.08	-0.02
1743	22.08	0.07
1744	22.08	0.07
1745	22.08	0.07
1746	22.08	0.00
1747	22.08	0.00
1748	22.08	0.00
1749	22.08	0.02
1750	22.08	0.02
1751	22.08	0.02
1752	22.08	0.08
1753	22.08	0.08
1754	22.08	0.08
1755	22.08	-0.02
1756	22.08	-0.02
1757	22.08	-0.02
1758	22.08	0.07
1759	22.08	0.07
1760	22.08	0.07
1761	22.08	0.01
1762	22.08	0.01
1763	22.08	0.01
1764	22.08	0.02
1765	22.08	0.02
1766	22.08	0.02
1767	22.08	0.08
1768	22.08	0.08
1769	22.08	0.08
1770	22.08	-0.02
1771	22.08	-0.02
1772	22.08	-0.02
1773	22.08	0.07
1774	22.08	0.07
1775	22.08	0.07
1776	22.08	0.01
1777	22.08	0.01
1778	22.08	0.01
1779	22.08	0.00
1780	22.08	0.00
1781	22.08	0.00
1782	22.08	0.08
1783	22.08	0.08
1784	22.08	0.08
1785	22.08	-0.02
1786	22.08	-0.02
1787	22.08	-0.02
1788	22.08	0.07
1789	22.08	0.07
1790	22.08	0.07
1791	22.08	0.02
1792	22.08	0.02
1793	22.07	0.02
1794	22.07	-0.01
1795	22.07	-0.01
1796	22.08	-0.01
1797	22.08	0.08
1798	22.08	0.08
1799	22.08	0.08
1800	22.08	-0.02
1801	22.08	-0.02
1802	22.08	-0.02
1803	22.08	0.06
1804	22.08	0.06
1805	22.09	0.06
1806	22.09	0.02
1807	22.09	0.02
1808	22.09	0.02
1809	22.09	-0.01
1810	22.09	-0.01
1811	22.08	-0.01
1812	22.08	0.08
1813	22.08	0.08
1814	22.09	0.08
1815	22.09	-0.01
1816	22.09	-0.01
1817	22.09	-0.01
1818	22.09	0.06
1819	22.09	0.06
1820	22.08	0.06
1821	22.08	0.04
1822	22.08	0.04
1823	22.09	0.04
1824	22.09	-0.02
1825	22.09	-0.02
1826	22.09	-0.02
1827	22.09	0.08
1828	22.09	0.08
1829	22.09	0.08
1830	22.09	-0.01
1831	22.09	-0.01
1832	22.09	-0.01
1833	22.09	0.06
1834	22.09	0.06
1835	22.09	0.06
1836	22.09	0.05
1837	22.09	0.05
1838	22.09	0.05
1839	22.09	-0.01
1840	22.09	-0.01
1841	22.09	-0.01
1842	22.09	0.09
1843	22.09	0.09
1844	22.09	0.09
1845	22.09	-0.00
1846	22.09	-0.00
1847	22.09	-0.00
1848	22.09	0.05
1849	22.09	0.05
1850	22.10	0.05
1851	22.10	0.05
1852	22.10	0.05
1853	22.10	0.05
1854	22.10	-0.02
1855	22.10	-0.02
1856	22.09	-0.02
1857	22.09	0.08
1858	22.09	0.08
1859	22.10	0.08
1860	22.10	-0.00
1861	22.10	-0.00
1862	22.10	-0.00
1863	22.10	0.05
1864	22.10	0.05
1865	22.10	0.05
1866	22.10	0.07
1867	22.10	0.07
1868	22.10	0.07
1869	22.10	-0.02
1870	22.10	-0.02
1871	22.10	-0.02
1872	22.10	0.08
1873	22.10	0.08
1874	22.10	0.08
1875	22.10	-0.01
1876	22.10	-0.01
1877	22.11	-0.01
1878	22.11	0.04
1879	22.11	0.04
1880	22.11	0.04
1881	22.11	0.07
1882	22.11	0.07
1883	22.11	0.07
1884	22.11	-0.02
1885	22.11	-0.02
1886	22.11	-0.02
1887	22.11	0.08
1888	22.11	0.08
1889	22.11	0.08
1890	22.11	-0.00
1891	22.11	-0.00
1892	22.11	-0.00
1893	22.11	0.03
1894	22.11	0.03
1895	22.11	0.03
1896	22.11	0.08
1897	22.11	0.08
1898	22.11	0.08
1899	22.11	-0.02
1900	22.11	-0.02
1901	22.11	-0.02
1902	22.11	0.08
1903	22.11	0.08
1904	22.12	0.08
1905	22.12	0.00
1906	22.12	0.00
1907	22.11	0.00
1908	22.11	0.02
1909	22.11	0.02
1910	22.11	0.02
1911	22.11	0.08
1912	22.11	0.08
1913	22.12	0.08
1914	22.12	-0.02
1915	22.12	-0.02
1916	22.11	-0.02
1917	22.11	0.07
1918	22.11	0.07
1919	22.12	0.07
1920	22.12	0.01
1921	22.12	0.01
1922	22.12	0.01
1923	22.12	0.01
1924	22.12	0.01
1925	22.12	0.01
1926	22.12	0.08
1927	22.12	0.08
1928	22.12	0.08
1929	22.12	-0.02
1930	22.12	-0.02
1931	22.13	-0.02
1932	22.13	0.07
1933	22.13	0.07
1934	22.13	0.07
1935	22.13	0.01
1936	22.13	0.01
1937	22.13	0.01
1938	22.13	0.00
1939	22.13	0.00
1940	22.14	0.00
1941	22.14	0.08
1942	22.14	0.08
1943	22.14	0.08
1944	22.14	-0.02
1945	22.14	-0.02
1946	22.14	-0.02
1947	22.14	0.06
1948	22.14	0.06
1949	22.15	0.06
1950	22.15	0.02
1951	22.15	0.02
1952	22.15	0.02
1953	22.15	-0.00
1954	22.15	-0.00
1955	22.16	-0.00
1956	22.16	0.08
1957	22.16	0.08
1958	22.16	0.08
1959	22.16	-0.02
1960	22.16	-0.02
1961	22.16	-0.02
1962	22.16	0.06
1963	22.16	0.06
1964	22.15	0.06
1965	22.15	0.02
1966	22.15	0.02
1967	22.16	0.02
1968	22.16	-0.01
1969	22.16	-0.01
1970	22.16	-0.01
1971	22.16	0.08
1972	22.16	0.08
1973	22.16	0.08
1974	22.16	-0.02
1975	22.16	-0.02
1976	22.17	-0.02
1977	22.17	0.06
1978	22.17	0.06
1979	22.17	0.06
1980	22.17	0.03
1981	22.17	0.03
1982	22.18	0.03
1983	22.18	-0.02
1984	22.18	-0.02
1985	22.19	-0.02
1986	22.19	0.08
1987	22.19	0.08
1988	22.19	0.08
1989	22.19	-0.01
1990	22.19	-0.01
1991	22.20	-0.01
1992	22.20	0.06
1993	22.20	0.06
1994	22.20	0.06
1995	22.20	0.04
1996	22.20	0.04
1997	22.21	0.04
1998	22.21	-0.02
1999	22.21	-0.02
2000	22.22	-0.02
2001	22.22	0.08
2002	22.22	0.08
2003	22.22	0.08
2004	22.22	-0.01
2005	22.22	-0.01
2006	22.24	-0.01
2007	22.24	0.06
2008	22.24	0.06
2009	22.25	0.06
2010	22.25	0.04
2011	22.25	0.04
2012	22.25	0.04
2013	22.25	-0.02
2014	22.25	-0.02
2015	22.25	-0.02
2016	22.25	0.08
2017	22.25	0.08
2018	22.26	0.08
2019	22.26	-0.01
2020	22.26	-0.01
2021	22.26	-0.01
2022	22.26	0.05
2023	22.26	0.05
2024	22.26	0.05
2025	22.26	0.05
2026	22.26	0.05
2027	22.26	0.05
2028	22.26	-0.02
2029	22.26	-0.02
2030	22.26	-0.02
2031	22.26	0.09
2032	22.26	0.09
2033	22.26	0.09
2034	22.26	-0.01
2035	22.26	-0.01
2036	22.26	-0.01
2037	22.26	0.05
2038	22.26	0.05
2039	22.26	0.05
2040	22.26	0.06
2041	22.26	0.06
2042	22.26	0.06
2043	22.26	-0.02
2044	22.26	-0.02
2045	22.26	-0.02
2046	22.26	0.08
2047	22.26	0.08
2048	22.26	0.08
2049	22.26	-0.01
2050	22.26	-0.01
2051	22.26	-0.01
2052	22.26	0.05
2053	22.26	0.05
2054	22.26	0.05
2055	22.26	0.06
2056	22.26	0.06
2057	22.25	0.06
2058	22.25	-0.01
2059	22.25	-0.01
2060	22.26	-0.01
2061	22.26	0.08
2062	22.26	0.08
2063	22.26	0.08
2064	22.26	-0.00
2065	22.26	-0.00
2066	22.25	-0.00
2067	22.25	0.04
2068	22.25	0.04
2069	22.26	0.04
2070	22.26	0.07
2071	22.26	0.07
2072	22.26	0.07
2073	22.26	-0.02
2074	22.26	-0.02
2075	22.26	-0.02
2076	22.26	0.08
2077	22.26	0.08
2078	22.25	0.08
2079	22.25	-0.01
2080	22.25	-0.01
2081	22.25	-0.01
2082	22.25	0.03
2083	22.25	0.03
2084	22.25	0.03
2085	22.25	0.07
2086	22.25	0.07
2087	22.25	0.07
2088	22.25	-0.02
2089	22.25	-0.02
2090	22.25	-0.02
2091	22.25	0.08
2092	22.25	0.08
2093	22.25	0.08
2094	22.25	-0.00
2095	22.25	-0.00
2096	22.25	-0.00
2097	22.25	0.03
2098	22.25	0.03
2099	22.25	0.03
2100	22.25	0.07
2101	22.25	0.07
2102	22.25	0.07
2103	22.25	-0.02
2104	22.25	-0.02
2105	22.25	-0.02
2106	22.25	0.07
2107	22.25	0.07
2108	22.25	0.07
2109	22.25	-0.00
2110	22.25	-0.00
2111	22.25	-0.00
2112	22.25	0.02
2113	22.25	0.02
2114	22.25	0.02
2115	22.25	0.08
2116	22.25	0.08
2117	22.24	0.08
2118	22.24	-0.02
2119	22.24	-0.02
2120	22.25	-0.02
2121	22.25	0.07
2122	22.25	0.07
2123	22.25	0.07
2124	22.25	0.00
2125	22.25	0.00
2126	22.25	0.00
2127	22.25	0.01
2128	22.25	0.01
2129	22.25	0.01
2130	22.25	0.08
2131	22.25	0.08
2132	22.25	0.08
2133	22.25	-0.02
2134	22.25	-0.02
2135	22.24	-0.02
2136	22.24	0.07
2137	22.24	0.07
2138	22.24	0.07
2139	22.24	0.00
2140	22.24	0.00
2141	22.24	0.00
2142	22.24	0.01
2143	22.24	0.01
2144	22.24	0.01
2145	22.24	0.07
2146	22.24	0.07
2147	22.24	0.07
2148	22.24	-0.02
2149	22.24	-0.02
2150	22.24	-0.02
2151	22.24	0.06
2152	22.24	0.06
2153	22.23	0.06
2154	22.23	0.01
2155	22.23	0.01
2156	22.24	0.01
2157	22.24	0.00
2158	22.24	0.00
2159	22.24	0.00
2160	22.24	0.08
2161	22.24	0.08
2162	22.23	0.08
2163	22.23	-0.02
2164	22.23	-0.02
2165	22.23	-0.02
2166	22.23	0.07
2167	22.23	0.07
2168	22.23	0.07
2169	22.23	0.02
2170	22.23	0.02
2171	22.22	0.02
2172	22.22	-0.00
2173	22.22	-0.00
2174	22.23	-0.00
2175	22.23	0.08
2176	22.23	0.08
2177	22.23	0.08
2178	22.23	-0.02
2179	22.23	-0.02
2180	22.23	-0.02
2181	22.23	0.06
2182	22.23	0.06
2183	22.23	0.06
2184	22.23	0.02
2185	22.23	0.02
2186	22.23	0.02
2187	22.23	-0.01
2188	22.23	-0.01
2189	22.23	-0.01
2190	22.23	0.08
2191	22.23	0.08
2192	22.23	0.08
2193	22.23	-0.02
2194	22.23	-0.02
2195	22.23	-0.02
2196	22.23	0.06
2197	22.23	0.06
2198	22.22	0.06
2199	22.22	0.03
2200	22.22	0.03
2201	22.23	0.03
2202	22.23	-0.01
2203	22.23	-0.01
2204	22.23	-0.01
2205	22.23	0.08
2206	22.23	0.08
2207	22.22	0.08
2208	22.22	-0.01
2209	22.22	-0.01
2210	22.23	-0.01
2211	22.23	0.06
2212	22.23	0.06
2213	22.22	0.06
2214	22.22	0.04
2215	22.22	0.04
2216	22.22	0.04
2217	22.22	-0.02
2218	22.22	-0.02
2219	22.22	-0.02
2220	22.22	0.08
2221	22.22	0.08
2222	22.22	0.08
2223	22.22	-0.01
2224	22.22	-0.01
2225	22.22	-0.01
2226	22.22	0.06
2227	22.22	0.06
2228	22.22	0.06
2229	22.22	0.04
2230	22.22	0.04
2231	22.22	0.04
2232	22.22	-0.02
2233	22.22	-0.02
2234	22.21	-0.02
2235	22.21	0.08
2236	22.21	0.08
2237	22.22	0.08
2238	22.22	-0.01
2239	22.22	-0.01
2240	22.22	-0.01
2241	22.22	0.06
2242	22.22	0.06
2243	22.22	0.06
2244	22.22	0.05
2245	22.22	0.05
2246	22.22	0.05
2247	22.22	-0.02
2248	22.22	-0.02
2249	22.21	-0.02
2250	22.21	0.08
2251	22.21	0.08
2252	22.21	0.08
2253	22.21	-0.01
2254	22.21	-0.01
2255	22.22	-0.01
2256	22.22	0.05
2257	22.22	0.05
2258	22.21	0.05
2259	22.21	0.06
2260	22.21	0.06
2261	22.21	0.06
2262	22.21	-0.02
2263	22.21	-0.02
2264	22.21	-0.02
2265	22.21	0.08
2266	22.21	0.08
2267	22.21	0.08
2268	22.21	-0.01
2269	22.21	-0.01
2270	22.21	-0.01
2271	22.21	0.04
2272	22.21	0.04
2273	22.21	0.04
2274	22.21	0.07
2275	22.21	0.07
2276	22.21	0.07
2277	22.21	-0.02
2278	22.21	-0.02
2279	22.21	-0.02
2280	22.21	0.08
2281	22.21	0.08
2282	22.20	0.08
2283	22.20	-0.01
2284	22.20	-0.01
2285	22.21	-0.01
2286	22.21	0.04
2287	22.21	0.04
2288	22.20	0.04
2289	22.20	0.07
2290	22.20	0.07
2291	22.20	0.07
2292	22.20	-0.02
2293	22.20	-0.02
2294	22.20	-0.02
2295	22.20	0.07
2296	22.20	0.07
2297	22.20	0.07
2298	22.20	-0.00
2299	22.20	-0.00
2300	22.20	-0.00
2301	22.20	0.03
2302	22.20	0.03
2303	22.20	0.03
2304	22.20	0.07
2305	22.20	0.07
2306	22.20	0.07
2307	22.20	-0.02
2308	22.20	-0.02
2309	22.19	-0.02
2310	22.19	0.07
2311	22.19	0.07
2312	22.20	0.07
2313	22.20	0.00
2314	22.20	0.00
2315	22.20	0.00
2316	22.20	0.03
2317	22.20	0.03
2318	22.20	0.03
2319	22.20	0.08
2320	22.20	0.08
2321	22.20	0.08
2322	22.20	-0.02
2323	22.20	-0.02
2324	22.20	-0.02
2325	22.20	0.07
2326	22.20	0.07
2327	22.20	0.07
2328	22.20	0.00
2329	22.20	0.00
2330	22.20	0.00
2331	22.20	0.02
2332	22.20	0.02
2333	22.20	0.02
2334	22.20	0.08
2335	22.20	0.08
2336	22.20	0.08
2337	22.20	-0.03
2338	22.20	-0.03
2339	22.20	-0.03
2340	22.20	0.07
2341	22.20	0.07
2342	22.20	0.07
2343	22.20	0.01
2344	22.20	0.01
2345	22.20	0.01
2346	22.20	0.01
2347	22.20	0.01
2348	22.20	0.01
2349	22.20	0.08
2350	22.20	0.08
2351	22.20	0.08
2352	22.20	-0.02
2353	22.20	-0.02
2354	22.20	-0.02
2355	22.20	0.07
2356	22.20	0.07
2357	22.20	0.07
2358	22.20	0.01
2359	22.20	0.01
2360	22.20	0.01
2361	22.20	0.00
2362	22.20	0.00
2363	22.20	0.00
2364	22.20	0.08
2365	22.20	0.08
2366	22.19	0.08
2367	22.19	-0.02
2368	22.19	-0.02
2369	22.19	-0.02
2370	22.19	0.07
2371	22.19	0.07
2372	22.19	0.07
2373	22.19	0.02
2374	22.19	0.02
2375	22.20	0.02
2376	22.20	-0.01
2377	22.20	-0.01
2378	22.20	-0.01
2379	22.20	0.08
2380	22.20	0.08
2381	22.20	0.08
2382	22.20	-0.02
2383	22.20	-0.02
2384	22.20	-0.02
2385	22.20	0.06
2386	22.20	0.06
2387	22.19	0.06
2388	22.19	0.02
2389	22.19	0.02
2390	22.19	0.02
2391	22.19	-0.01
2392	22.19	-0.01
2393	22.19	-0.01
2394	22.19	0.08
2395	22.19	0.08
2396	22.20	0.08
2397	22.20	-0.02
2398	22.20	-0.02
2399	22.20	-0.02
2400	22.20	0.06
2401	22.20	0.06
2402	22.19	0.06
2403	22.19	0.03
2404	22.19	0.03
2405	22.19	0.03
2406	22.19	-0.02
2407	22.19	-0.02
2408	22.19	-0.02
2409	22.19	0.08
2410	22.19	0.08
2411	22.19	0.08
2412	22.19	-0.01
2413	22.19	-0.01
2414	22.19	-0.01
2415	22.19	0.06
2416	22.19	0.06
2417	22.19	0.06
2418	22.19	0.04
2419	22.19	0.04
2420	22.19	0.04
2421	22.19	-0.02
2422	22.19	-0.02
2423	22.19	-0.02
2424	22.19	0.08
2425	22.19	0.08
2426	22.19	0.08
2427	22.19	-0.01
2428	22.19	-0.01
2429	22.19	-0.01
2430	22.19	0.06
2431	22.19	0.06
2432	22.19	0.06
2433	22.19	0.04
2434	22.19	0.04
2435	22.19	0.04
2436	22.19	-0.02
2437	22.19	-0.02
2438	22.19	-0.02
2439	22.19	0.09
2440	22.19	0.09
2441	22.19	0.09
2442	22.19	-0.01
2443	22.19	-0.01
2444	22.19	-0.01
2445	22.19	0.05
2446	22.19	0.05
2447	22.19	0.05
2448	22.19	0.05
2449	22.19	0.05
2450	22.19	0.05
2451	22.19	-0.02
2452	22.19	-0.02
2453	22.19	-0.02
2454	22.19	0.08
2455	22.19	0.08
2456	22.18	0.08
2457	22.18	-0.00
2458	22.18	-0.00
2459	22.18	-0.00
2460	22.18	0.05
2461	22.18	0.05
2462	22.18	0.05
2463	22.18	0.06
2464	22.18	0.06
2465	22.18	0.06
2466	22.18	-0.02
2467	22.18	-0.02
2468	22.18	-0.02
2469	22.18	0.08
2470	22.18	0.08
2471	22.18	0.08
2472	22.18	-0.01
2473	22.18	-0.01
2474	22.18	-0.01
2475	22.18	0.04
2476	22.18	0.04
2477	22.18	0.04
2478	22.18	0.06
2479	22.18	0.06
2480	22.18	0.06
2481	22.18	-0.02
2482	22.18	-0.02
2483	22.18	-0.02
2484	22.18	0.08
2485	22.18	0.08
2486	22.18	0.08
2487	22.18	-0.01
2488	22.18	-0.01
2489	22.18	-0.01
2490	22.18	0.04
2491	22.18	0.04
2492	22.18	0.04
2493	22.18	0.07
2494	22.18	0.07
2495	22.18	0.07
2496	22.18	-0.02
2497	22.18	-0.02
2498	22.18	-0.02
2499	22.18	0.08
2500	22.18	0.08
2501	22.18	0.08
2502	22.18	-0.01
2503	22.18	-0.01
2504	22.18	-0.01
2505	22.18	0.03
2506	22.18	0.03
2507	22.18	0.03
2508	22.18	0.08
2509	22.18	0.08
2510	22.18	0.08
2511	22.18	-0.02
2512	22.18	-0.02
2513	22.18	-0.02
2514	22.18	0.08
2515	22.18	0.08
2516	22.18	0.08
2517	22.18	-0.00
2518	22.18	-0.00
2519	22.18	-0.00
2520	22.18	0.03
2521	22.18	0.03
2522	22.19	0.03
2523	22.19	0.08
2524	22.19	0.08
2525	22.18	0.08
2526	22.18	-0.03
2527	22.18	-0.03
2528	22.19	-0.03
2529	22.19	0.07
2530	22.19	0.07
2531	22.19	0.07
2532	22.19	-0.00
2533	22.19	-0.00
2534	22.19	-0.00
2535	22.19	0.02
2536	22.19	0.02
2537	22.19	0.02
2538	22.19	0.08
2539	22.19	0.08
2540	22.19	0.08
2541	22.19	-0.02
2542	22.19	-0.02
2543	22.19	-0.02
2544	22.19	0.07
2545	22.19	0.07
2546	22.19	0.07
2547	22.19	0.00
2548	22.19	0.00
2549	22.18	0.00
2550	22.18	0.01
2551	22.18	0.01
2552	22.19	0.01
2553	22.19	0.08
2554	22.19	0.08
2555	22.18	0.08
2556	22.18	-0.03
2557	22.18	-0.03
2558	22.19	-0.03
2559	22.19	0.07
2560	22.19	0.07
2561	22.19	0.07
2562	22.19	0.00
2563	22.19	0.00
2564	22.19	0.00
2565	22.19	0.01
2566	22.19	0.01
2567	22.18	0.01
2568	22.18	0.08
2569	22.18	0.08
2570	22.19	0.08
2571	22.19	-0.03
2572	22.19	-0.03
2573	22.19	-0.03
2574	22.19	0.07
2575	22.19	0.07
2576	22.18	0.07
2577	22.18	0.01
2578	22.18	0.01
2579	22.18	0.01
2580	22.18	0.00
2581	22.18	0.00
2582	22.18	0.00
2583	22.18	0.08
2584	22.18	0.08
2585	22.18	0.08
2586	22.18	-0.02
2587	22.18	-0.02
2588	22.19	-0.02
2589	22.19	0.07
2590	22.19	0.07
2591	22.18	0.07
2592	22.18	0.01
2593	22.18	0.01
2594	22.18	0.01
2595	22.18	0.00
2596	22.18	0.00
2597	22.18	0.00
2598	22.18	0.08
2599	22.18	0.08
2600	22.18	0.08
2601	22.18	-0.02
2602	22.18	-0.02
2603	22.18	-0.02
2604	22.18	0.07
2605	22.18	0.07
2606	22.18	0.07
2607	22.18	0.01
2608	22.18	0.01
2609	22.18	0.01
2610	22.18	-0.00
2611	22.18	-0.00
2612	22.18	-0.00
2613	22.18	0.08
2614	22.18	0.08
2615	22.18	0.08
2616	22.18	-0.02
2617	22.18	-0.02
2618	22.18	-0.02
2619	22.18	0.07
2620	22.18	0.07
2621	22.18	0.07
2622	22.18	0.01
2623	22.18	0.01
2624	22.18	0.01
2625	22.18	-0.00
2626	22.18	-0.00
2627	22.18	-0.00
2628	22.18	0.08
2629	22.18	0.08
2630	22.18	0.08
2631	22.18	-0.02
2632	22.18	-0.02
2633	22.18	-0.02
2634	22.18	0.07
2635	22.18	0.07
2636	22.18	0.07
2637	22.18	0.02
2638	22.18	0.02
2639	22.17	0.02
2640	22.17	-0.01
2641	22.17	-0.01
2642	22.18	-0.01
2643	22.18	0.08
2644	22.18	0.08
2645	22.18	0.08
2646	22.18	-0.02
2647	22.18	-0.02
2648	22.18	-0.02
2649	22.18	0.07
2650	22.18	0.07
2651	22.18	0.07
2652	22.18	0.02
2653	22.18	0.02
2654	22.18	0.02
2655	22.18	-0.01
2656	22.18	-0.01
2657	22.18	-0.01
2658	22.18	0.08
2659	22.18	0.08
2660	22.18	0.08
2661	22.18	-0.02
2662	22.18	-0.02
2663	22.18	-0.02
2664	22.18	0.06
2665	22.18	0.06
2666	22.18	0.06
2667	22.18	0.02
2668	22.18	0.02
2669	22.18	0.02
2670	22.18	-0.01
2671	22.18	-0.01
2672	22.18	-0.01
2673	22.18	0.08
2674	22.18	0.08
2675	22.18	0.08
2676	22.18	-0.02
2677	22.18	-0.02
2678	22.17	-0.02
2679	22.17	0.06
2680	22.17	0.06
2681	22.18	0.06
2682	22.18	0.02
2683	22.18	0.02
2684	22.18	0.02
2685	22.18	-0.01
2686	22.18	-0.01
2687	22.18	-0.01
2688	22.18	0.08
2689	22.18	0.08
2690	22.18	0.08
2691	22.18	-0.02
2692	22.18	-0.02
2693	22.18	-0.02
2694	22.18	0.06
2695	22.18	0.06
2696	22.17	0.06
2697	22.17	0.02
2698	22.17	0.02
2699	22.18	0.02
2700	22.18	-0.01
2701	22.18	-0.01
2702	22.18	-0.01
2703	22.18	0.08
2704	22.18	0.08
2705	22.18	0.08
2706	22.18	-0.02
2707	22.18	-0.02
2708	22.18	-0.02
2709	22.18	0.06
2710	22.18	0.06
2711	22.18	0.06
2712	22.18	0.02
2713	22.18	0.02
2714	22.18	0.02
2715	22.18	-0.02
2716	22.18	-0.02
2717	22.17	-0.02
2718	22.17	0.08
2719	22.17	0.08
2720	22.18	0.08
2721	22.18	-0.01
2722	22.18	-0.01
2723	22.18	-0.01
2724	22.18	0.06
2725	22.18	0.06
2726	22.18	0.06
2727	22.18	0.03
2728	22.18	0.03
2729	22.18	0.03
2730	22.18	-0.02
2731	22.18	-0.02
2732	22.18	-0.02
2733	22.18	0.08
2734	22.18	0.08
2735	22.18	0.08
2736	22.18	-0.01
2737	22.18	-0.01
2738	22.18	-0.01
2739	22.18	0.06
2740	22.18	0.06
2741	22.18	0.06
2742	22.18	0.03
2743	22.18	0.03
2744	22.18	0.03
2745	22.18	-0.02
2746	22.18	-0.02
2747	22.18	-0.02
2748	22.18	0.08
2749	22.18	0.08
2750	22.18	0.08
2751	22.18	-0.01
2752	22.18	-0.01
2753	22.18	-0.01
2754	22.18	0.05
2755	22.18	0.05
2756	22.18	0.05
2757	22.18	0.03
2758	22.18	0.03
2759	22.19	0.03
2760	22.19	-0.02
2761	22.19	-0.02
2762	22.18	-0.02
2763	22.18	0.08
2764	22.18	0.08
2765	22.18	0.08
2766	22.18	-0.02
2767	22.18	-0.02
2768	22.19	-0.02
2769	22.19	0.06
2770	22.19	0.06
2771	22.19	0.06
2772	22.19	0.03
2773	22.19	0.03
2774	22.19	0.03
2775	22.19	-0.02
2776	22.19	-0.02
2777	22.19	-0.02
2778	22.19	0.08
2779	22.19	0.08
2780	22.19	0.08
2781	22.19	-0.01
2782	22.19	-0.01
2783	22.19	-0.01
2784	22.19	0.06
2785	22.19	0.06
2786	22.19	0.06
2787	22.19	0.04
2788	22.19	0.04
2789	22.19	0.04
2790	22.19	-0.02
2791	22.19	-0.02
2792	22.19	-0.02
2793	22.19	0.08
2794	22.19	0.08
2795	22.19	0.08
2796	22.19	-0.02
2797	22.19	-0.02
2798	22.19	-0.02
2799	22.19	0.06
2800	22.19	0.06
2801	22.19	0.06
2802	22.19	0.04
2803	22.19	0.04
2804	22.20	0.04
2805	22.20	-0.02
2806	22.20	-0.02
2807	22.20	-0.02
2808	22.20	0.08
2809	22.20	0.08
2810	22.20	0.08
2811	22.20	-0.01
2812	22.20	-0.01
2813	22.20	-0.01
2814	22.20	0.05
2815	22.20	0.05
2816	22.20	0.05
2817	22.20	0.04
2818	22.20	0.04
2819	22.20	0.04
2820	22.20	-0.02
2821	22.20	-0.02
2822	22.21	-0.02
2823	22.21	0.08
2824	22.21	0.08
2825	22.21	0.08
2826	22.21	-0.01
2827	22.21	-0.01
2828	22.20	-0.01
2829	22.20	0.06
2830	22.20	0.06
2831	22.20	0.06
2832	22.20	0.04
2833	22.20	0.04
2834	22.21	0.04
2835	22.21	-0.02
2836	22.21	-0.02
2837	22.21	-0.02
2838	22.21	0.08
2839	22.21	0.08
2840	22.21	0.08
2841	22.21	-0.01
2842	22.21	-0.01
2843	22.21	-0.01
2844	22.21	0.06
2845	22.21	0.06
2846	22.21	0.06
2847	22.21	0.04
2848	22.21	0.04
2849	22.21	0.04
2850	22.21	-0.02
2851	22.21	-0.02
2852	22.21	-0.02
2853	22.21	0.08
2854	22.21	0.08
2855	22.21	0.08
2856	22.21	-0.02
2857	22.21	-0.02
2858	22.21	-0.02
2859	22.21	0.06
2860	22.21	0.06
2861	22.21	0.06
2862	22.21	0.03
2863	22.21	0.03
2864	22.21	0.03
2865	22.21	-0.02
2866	22.21	-0.02
2867	22.22	-0.02
2868	22.22	0.08
2869	22.22	0.08
2870	22.22	0.08
2871	22.22	-0.02
2872	22.22	-0.02
2873	22.22	-0.02
2874	22.22	0.05
2875	22.22	0.05
2876	22.22	0.05
2877	22.22	0.04
2878	22.22	0.04
2879	22.22	0.04
2880	22.22	-0.02
2881	22.22	-0.02
2882	22.22	-0.02
2883	22.22	0.08
2884	22.22	0.08
2885	22.23	0.08
2886	22.23	-0.02
2887	22.23	-0.02
2888	22.22	-0.02
2889	22.22	0.05
2890	22.22	0.05
2891	22.23	0.05
2892	22.23	0.04
2893	22.23	0.04
2894	22.23	0.04
2895	22.23	-0.02
2896	22.23	-0.02
2897	22.23	-0.02
2898	22.23	0.08
2899	22.23	0.08
2900	22.23	0.08
2901	22.23	-0.01
2902	22.23	-0.01
2903	22.23	-0.01
2904	22.23	0.05
2905	22.23	0.05
2906	22.23	0.05
2907	22.23	0.04
2908	22.23	0.04
2909	22.23	0.04
2910	22.23	-0.02
2911	22.23	-0.02
2912	22.23	-0.02
2913	22.23	0.08
2914	22.23	0.08
2915	22.23	0.08
2916	22.23	-0.02
2917	22.23	-0.02
2918	22.23	-0.02
2919	22.23	0.06
2920	22.23	0.06
2921	22.23	0.06
2922	22.23	0.04
2923	22.23	0.04
2924	22.23	0.04
2925	22.23	-0.02
2926	22.23	-0.02
2927	22.23	-0.02
2928	22.23	0.08
2929	22.23	0.08
2930	22.23	0.08
2931	22.23	-0.01
2932	22.23	-0.01
2933	22.23	-0.01
2934	22.23	0.06
2935	22.23	0.06
2936	22.23	0.06
2937	22.23	0.05
2938	22.23	0.05
2939	22.23	0.05
2940	22.23	-0.02
2941	22.23	-0.02
2942	22.23	-0.02
2943	22.23	0.08
2944	22.23	0.08
2945	22.23	0.08
2946	22.23	-0.01
2947	22.23	-0.01
2948	22.23	-0.01
2949	22.23	0.05
2950	22.23	0.05
2951	22.23	0.05
2952	22.23	0.04
2953	22.23	0.04
2954	22.23	0.04
2955	22.23	-0.02
2956	22.23	-0.02
2957	22.23	-0.02
2958	22.23	0.08
2959	22.23	0.08
2960	22.23	0.08
2961	22.23	-0.01
2962	22.23	-0.01
2963	22.23	-0.01
2964	22.23	0.05
2965	22.23	0.05
2966	22.23	0.05
2967	22.23	0.05
2968	22.23	0.05
2969	22.23	0.05
2970	22.23	-0.02
2971	22.23	-0.02
2972	22.22	-0.02
2973	22.22	0.08
2974	22.22	0.08
2975	22.22	0.08
2976	22.22	-0.00
2977	22.22	-0.00
2978	22.23	-0.00
2979	22.23	0.05
2980	22.23	0.05
2981	22.23	0.05
2982	22.23	0.05
2983	22.23	0.05
2984	22.23	0.05
2985	22.23	-0.03
2986	22.23	-0.03
2987	22.22	-0.03
2988	22.22	0.08
2989	22.22	0.08
2990	22.22	0.08
2991	22.22	-0.00
2992	22.22	-0.00
2993	22.23	-0.00
2994	22.23	0.05
2995	22.23	0.05
2996	22.23	0.05
2997	22.23	0.05
2998	22.23	0.05
2999	22.23	0.05
3000	22.23	-0.02
3001	22.23	-0.02
3002	22.22	-0.02
3003	22.22	0.08
3004	22.22	0.08
3005	22.23	0.08
3006	22.23	-0.01
3007	22.23	-0.01
3008	22.23	-0.01
3009	22.23	0.05
3010	22.23	0.05
3011	22.23	0.05
3012	22.23	0.06
3013	22.23	0.06
3014	22.23	0.06
3015	22.23	-0.02
3016	22.23	-0.02
3017	22.23	-0.02
3018	22.23	0.08
3019	22.23	0.08
3020	22.23	0.08
3021	22.23	-0.01
3022	22.23	-0.01
3023	22.23	-0.01
3024	22.23	0.05
3025	22.23	0.05
3026	22.23	0.05
3027	22.23	0.06
3028	22.23	0.06
3029	22.23	0.06
3030	22.23	-0.02
3031	22.23	-0.02
3032	22.23	-0.02
3033	22.23	0.08
3034	22.23	0.08
3035	22.23	0.08
3036	22.23	-0.01
3037	22.23	-0.01
3038	22.22	-0.01
3039	22.22	0.05
3040	22.22	0.05
3041	22.22	0.05
3042	22.22	0.05
3043	22.22	0.05
3044	22.23	0.05
3045	22.23	-0.02
3046	22.23	-0.02
3047	22.22	-0.02
3048	22.22	0.08
3049	22.22	0.08
3050	22.22	0.08
3051	22.22	-0.01
3052	22.22	-0.01
3053	22.22	-0.01
3054	22.22	0.05
3055	22.22	0.05
3056	22.23	0.05
3057	22.23	0.06
3058	22.23	0.06
3059	22.22	0.06
3060	22.22	-0.02
3061	22.22	-0.02
3062	22.22	-0.02
3063	22.22	0.08
3064	22.22	0.08
3065	22.22	0.08
3066	22.22	-0.01
3067	22.22	-0.01
3068	22.22	-0.01
3069	22.22	0.05
3070	22.22	0.05
3071	22.22	0.05
3072	22.22	0.06
3073	22.22	0.06
3074	22.22	0.06
3075	22.22	-0.02
3076	22.22	-0.02
3077	22.22	-0.02
3078	22.22	0.08
3079	22.22	0.08
3080	22.23	0.08
3081	22.23	-0.00
3082	22.23	-0.00
3083	22.23	-0.00
3084	22.23	0.04
3085	22.23	0.04
3086	22.23	0.04
3087	22.23	0.06
3088	22.23	0.06
3089	22.23	0.06
3090	22.23	-0.02
3091	22.23	-0.02
3092	22.23	-0.02
3093	22.23	0.08
3094	22.23	0.08
3095	22.24	0.08
3096	22.24	-0.01
3097	22.24	-0.01
3098	22.23	-0.01
3099	22.23	0.04
3100	22.23	0.04
3101	22.23	0.04
3102	22.23	0.06
3103	22.23	0.06
3104	22.24	0.06
3105	22.24	-0.02
3106	22.24	-0.02
3107	22.24	-0.02
3108	22.24	0.08
3109	22.24	0.08
3110	22.12	0.08
3111	22.12	-0.01
3112	22.12	-0.01
3113	8.50	-0.01
3114	8.50	0.04
3115	8.50	0.04
3116	-1.02	0.04
3117	-1.02	0.06
3118	-1.02	0.06
3119	-2.29	0.06
3120	-2.29	-0.03
3121	-2.29	-0.03
3122	-1.80	-0.03
3123	-1.80	0.07
3124	-1.80	0.07
3125	0.88	0.07
3126	0.88	-0.01
3127	0.88	-0.01
3128	1.94	-0.01
3129	1.94	0.04
3130	1.94	0.04
3131	1.49	0.04
3132	1.49	0.06
3133	1.49	0.06
3134	0.45	0.06
3135	0.45	-0.02
3136	0.45	-0.02
3137	-0.03	-0.02
3138	-0.03	0.08
3139	-0.03	0.08
3140	0.19	0.08
3141	0.19	-0.01
3142	0.19	-0.01
3143	0.76	-0.01
3144	0.76	0.04
3145	0.76	0.04
3146	0.97	0.04
3147	0.97	0.06
3148	0.97	0.06
3149	0.89	0.06
3150	0.89	-0.02
3151	0.89	-0.02
3152	0.67	-0.02
3153	0.67	0.08
3154	0.67	0.08
3155	0.55	0.08
3156	0.55	-0.01
3157	0.55	-0.01
3158	0.56	-0.01
3159	0.56	0.04
3160	0.56	0.04
3161	0.61	0.04
3162	0.61	0.06
3163	0.61	0.06
3164	0.62	0.06
3165	0.62	-0.03
3166	0.62	-0.03
3167	0.64	-0.03
3168	0.64	0.08
3169	0.64	0.08
3170	0.64	0.08
3171	0.64	-0.01
3172	0.64	-0.01
3173	0.65	-0.01
3174	0.65	0.04
3175	0.65	0.04
3176	0.67	0.04
3177	0.67	0.06
3178	0.67	0.06
3179	0.69	0.06
3180	0.69	-0.02
3181	0.69	-0.02
3182	0.69	-0.02
3183	0.69	0.08
3184	0.69	0.08
3185	0.70	0.08
3186	0.70	-0.01
3187	0.70	-0.01
3188	0.69	-0.01
3189	0.69	0.04
3190	0.69	0.04
3191	0.68	0.04
3192	0.68	0.06
3193	0.68	0.06
3194	0.69	0.06
3195	0.69	-0.02
3196	0.69	-0.02
3197	0.70	-0.02
3198	0.70	0.08
3199	0.70	0.08
3200	0.71	0.08
3201	0.71	-0.01
3202	0.71	-0.01
3203	0.73	-0.01
3204	0.73	0.04
3205	0.73	0.04
3206	0.72	0.04
3207	0.72	0.06
3208	0.72	0.06
3209	0.71	0.06
3