Contador    P0  P1
0	-2.22	-2.22
1	-2.22	-2.22
2	7.15	-2.22
3	7.15	7.64
4	7.15	7.64
5	7.15	7.64
6	7.15	7.58
7	7.15	7.58
8	7.15	7.58
9	7.15	7.64
10	7.15	7.64
11	7.16	7.64
12	7.16	7.56
13	7.16	7.56
14	7.17	7.56
15	7.17	7.63
16	7.17	7.63
17	7.17	7.63
18	7.17	7.63
19	7.17	7.63
20	7.17	7.63
21	-0.00	-0.08
22	-0.00	-0.08
23	0.00	-0.08
24	0.00	0.03
25	0.00	0.03
26	0.00	0.03
27	0.00	-0.07
28	0.00	-0.07
29	0.00	-0.07
30	0.00	-0.01
31	0.00	-0.01
32	0.00	-0.01
33	0.00	0.01
34	0.00	0.01
35	0.01	0.01
36	0.01	-0.09
37	0.01	-0.09
38	0.01	-0.09
39	0.01	0.03
40	0.01	0.03
41	0.01	0.03
42	0.01	-0.06
43	0.01	-0.06
44	0.01	-0.06
45	0.01	-0.01
46	0.01	-0.01
47	0.01	-0.01
48	0.01	0.02
49	0.01	0.02
50	0.01	0.02
51	0.01	-0.09
52	0.01	-0.09
53	0.01	-0.09
54	0.01	0.03
55	0.01	0.03
56	0.01	0.03
57	0.01	-0.06
58	0.01	-0.06
59	0.01	-0.06
60	0.01	-0.02
61	0.01	-0.02
62	0.01	-0.02
63	0.01	0.02
64	0.01	0.02
65	0.01	0.02
66	0.01	-0.09
67	0.01	-0.09
68	0.01	-0.09
69	0.01	0.03
70	0.01	0.03
71	0.01	0.03
72	0.01	-0.06
73	0.01	-0.06
74	0.01	-0.06
75	0.01	-0.02
76	0.01	-0.02
77	0.02	-0.02
78	0.02	0.03
79	0.02	0.03
80	0.02	0.03
81	0.02	-0.09
82	0.02	-0.09
83	0.02	-0.09
84	0.02	0.02
85	0.02	0.02
86	0.02	0.02
87	0.02	-0.06
88	0.02	-0.06
89	0.02	-0.06
90	0.02	-0.04
91	0.02	-0.04
92	0.02	-0.04
93	0.02	0.03
94	0.02	0.03
95	0.02	0.03
96	0.02	-0.09
97	0.02	-0.09
98	0.02	-0.09
99	0.02	0.02
100	0.02	0.02
101	0.02	0.02
102	0.02	-0.06
103	0.02	-0.06
104	0.02	-0.06
105	0.02	-0.04
106	0.02	-0.04
107	0.02	-0.04
108	0.02	0.03
109	0.02	0.03
110	0.02	0.03
111	0.02	-0.09
112	0.02	-0.09
113	0.03	-0.09
114	0.03	0.01
115	0.03	0.01
116	0.03	0.01
117	0.03	-0.05
118	0.03	-0.05
119	0.02	-0.05
120	0.02	-0.05
121	0.02	-0.05
122	0.02	-0.05
123	0.02	0.04
124	0.02	0.04
125	0.03	0.04
126	0.03	-0.09
127	0.03	-0.09
128	0.03	-0.09
129	0.03	0.02
130	0.03	0.02
131	0.03	0.02
132	0.03	-0.05
133	0.03	-0.05
134	0.03	-0.05
135	0.03	-0.05
136	0.03	-0.05
137	0.03	-0.05
138	0.03	0.03
139	0.03	0.03
140	0.03	0.03
141	0.03	-0.09
142	0.03	-0.09
143	0.03	-0.09
144	0.03	0.01
145	0.03	0.01
146	0.03	0.01
147	0.03	-0.05
148	0.03	-0.05
149	0.03	-0.05
150	0.03	-0.06
151	0.03	-0.06
152	0.03	-0.06
153	0.03	0.04
154	0.03	0.04
155	0.03	0.04
156	0.03	-0.08
157	0.03	-0.08
158	0.03	-0.08
159	0.03	0.00
160	0.03	0.00
161	0.03	0.00
162	0.03	-0.04
163	0.03	-0.04
164	0.03	-0.04
165	0.03	-0.07
166	0.03	-0.07
167	0.03	-0.07
168	0.03	0.04
169	0.03	0.04
170	1.67	0.04
171	1.67	-0.09
172	1.67	-0.09
173	14.74	-0.09
174	14.74	0.01
175	14.74	0.01
176	22.34	0.01
177	22.34	-0.03
178	22.34	-0.03
179	22.70	-0.03
180	22.70	-0.08
181	22.70	-0.08
182	22.39	-0.08
183	22.39	0.04
184	22.39	0.04
185	22.83	0.04
186	22.83	-0.08
187	22.83	-0.08
188	22.88	-0.08
189	22.88	0.01
190	22.88	0.01
191	22.84	0.01
192	22.84	-0.02
193	22.84	-0.02
194	22.91	-0.02
195	22.91	-0.08
196	22.91	-0.08
197	22.95	-0.08
198	22.95	0.04
199	22.95	0.04
200	23.05	0.04
201	23.05	-0.07
202	23.05	-0.07
203	23.12	-0.07
204	23.12	0.00
205	23.12	0.00
206	23.12	0.00
207	23.12	-0.01
208	23.12	-0.01
209	23.14	-0.01
210	23.14	-0.08
211	23.14	-0.08
212	23.22	-0.08
213	23.22	0.04
214	23.22	0.04
215	23.24	0.04
216	23.24	-0.07
217	23.24	-0.07
218	23.23	-0.07
219	23.23	0.00
220	23.23	0.00
221	23.28	0.00
222	23.28	-0.00
223	23.28	-0.00
224	23.31	-0.00
225	23.31	-0.09
226	23.31	-0.09
227	23.34	-0.09
228	23.34	0.04
229	23.34	0.04
230	23.33	0.04
231	23.33	-0.07
232	23.33	-0.07
233	23.32	-0.07
234	23.32	0.00
235	23.32	0.00
236	23.33	0.00
237	23.33	0.00
238	23.33	0.00
239	23.35	0.00
240	23.35	-0.09
241	23.35	-0.09
242	23.43	-0.09
243	23.43	0.04
244	23.43	0.04
245	23.42	0.04
246	23.42	-0.06
247	23.42	-0.06
248	23.41	-0.06
249	23.41	-0.00
250	23.41	-0.00
251	23.41	-0.00
252	23.41	0.01
253	23.41	0.01
254	23.39	0.01
255	23.39	-0.09
256	23.39	-0.09
257	23.39	-0.09
258	23.39	0.03
259	23.39	0.03
260	23.37	0.03
261	23.37	-0.06
262	23.37	-0.06
263	23.38	-0.06
264	23.38	-0.01
265	23.38	-0.01
266	23.37	-0.01
267	23.37	0.01
268	23.37	0.01
269	23.38	0.01
270	23.38	-0.09
271	23.38	-0.09
272	23.39	-0.09
273	23.39	0.03
274	23.39	0.03
275	23.37	0.03
276	23.37	-0.06
277	23.37	-0.06
278	23.39	-0.06
279	23.39	-0.02
280	23.39	-0.02
281	23.38	-0.02
282	23.38	0.02
283	23.38	0.02
284	23.38	0.02
285	23.38	-0.09
286	23.38	-0.09
287	23.36	-0.09
288	23.36	0.03
289	23.36	0.03
290	23.35	0.03
291	23.35	-0.06
292	23.35	-0.06
293	23.33	-0.06
294	23.33	-0.03
295	23.33	-0.03
296	23.31	-0.03
297	23.31	0.03
298	23.31	0.03
299	23.31	0.03
300	23.31	-0.09
301	23.31	-0.09
302	23.32	-0.09
303	23.32	0.03
304	23.32	0.03
305	23.31	0.03
306	23.31	-0.05
307	23.31	-0.05
308	23.32	-0.05
309	23.32	-0.04
310	23.32	-0.04
311	23.30	-0.04
312	23.30	0.04
313	23.30	0.04
314	23.29	0.04
315	23.29	-0.09
316	23.29	-0.09
317	23.29	-0.09
318	23.29	0.02
319	23.29	0.02
320	23.29	0.02
321	23.29	-0.05
322	23.29	-0.05
323	23.34	-0.05
324	23.34	-0.05
325	23.34	-0.05
326	23.30	-0.05
327	23.30	0.03
328	23.30	0.03
329	23.30	0.03
330	23.30	-0.09
331	23.30	-0.09
332	23.29	-0.09
333	23.29	0.02
334	23.29	0.02
335	23.29	0.02
336	23.29	-0.05
337	23.29	-0.05
338	23.28	-0.05
339	23.28	-0.05
340	23.28	-0.05
341	23.29	-0.05
342	23.29	0.04
343	23.29	0.04
344	23.29	0.04
345	23.29	-0.09
346	23.29	-0.09
347	23.28	-0.09
348	23.28	0.02
349	23.28	0.02
350	23.28	0.02
351	23.28	-0.05
352	23.28	-0.05
353	23.28	-0.05
354	23.28	-0.06
355	23.28	-0.06
356	23.32	-0.06
357	23.32	0.04
358	23.32	0.04
359	23.36	0.04
360	23.36	-0.09
361	23.36	-0.09
362	23.35	-0.09
363	23.35	0.01
364	23.35	0.01
365	23.36	0.01
366	23.36	-0.04
367	23.36	-0.04
368	23.35	-0.04
369	23.35	-0.07
370	23.35	-0.07
371	23.34	-0.07
372	23.34	0.04
373	23.34	0.04
374	23.34	0.04
375	23.34	-0.08
376	23.34	-0.08
377	23.34	-0.08
378	23.34	0.00
379	23.34	0.00
380	23.33	0.00
381	23.33	-0.03
382	23.33	-0.03
383	23.33	-0.03
384	23.33	-0.07
385	23.33	-0.07
386	23.33	-0.07
387	23.33	0.04
388	23.33	0.04
389	23.32	0.04
390	23.32	-0.08
391	23.32	-0.08
392	23.32	-0.08
393	23.32	0.00
394	23.32	0.00
395	23.31	0.00
396	23.31	-0.02
397	23.31	-0.02
398	23.31	-0.02
399	23.31	-0.08
400	23.31	-0.08
401	23.31	-0.08
402	23.31	0.04
403	23.31	0.04
404	23.30	0.04
405	23.30	-0.07
406	23.30	-0.07
407	23.29	-0.07
408	23.29	0.00
409	23.29	0.00
410	23.28	0.00
411	23.28	-0.01
412	23.28	-0.01
413	23.29	-0.01
414	23.29	-0.09
415	23.29	-0.09
416	23.30	-0.09
417	23.30	0.03
418	23.30	0.03
419	23.28	0.03
420	23.28	-0.07
421	23.28	-0.07
422	23.28	-0.07
423	23.28	0.00
424	23.28	0.00
425	23.30	0.00
426	23.30	-0.01
427	23.30	-0.01
428	23.30	-0.01
429	23.30	-0.08
430	23.30	-0.08
431	23.32	-0.08
432	23.32	0.04
433	23.32	0.04
434	23.32	0.04
435	23.32	-0.07
436	23.32	-0.07
437	23.31	-0.07
438	23.31	-0.00
439	23.31	-0.00
440	23.30	-0.00
441	23.30	0.01
442	23.30	0.01
443	23.31	0.01
444	23.31	-0.09
445	23.31	-0.09
446	23.33	-0.09
447	23.33	0.04
448	23.33	0.04
449	23.34	0.04
450	23.34	-0.06
451	23.34	-0.06
452	23.34	-0.06
453	23.34	-0.01
454	23.34	-0.01
455	23.35	-0.01
456	23.35	0.01
457	23.35	0.01
458	23.36	0.01
459	23.36	-0.09
460	23.36	-0.09
461	23.37	-0.09
462	23.37	0.04
463	23.37	0.04
464	23.35	0.04
465	23.35	-0.06
466	23.35	-0.06
467	23.36	-0.06
468	23.36	-0.01
469	23.36	-0.01
470	23.35	-0.01
471	23.35	0.02
472	23.35	0.02
473	23.37	0.02
474	23.37	-0.09
475	23.37	-0.09
476	23.38	-0.09
477	23.38	0.03
478	23.38	0.03
479	23.36	0.03
480	23.36	-0.06
481	23.36	-0.06
482	23.37	-0.06
483	23.37	-0.02
484	23.37	-0.02
485	23.37	-0.02
486	23.37	0.02
487	23.37	0.02
488	23.39	0.02
489	23.39	-0.09
490	23.39	-0.09
491	23.38	-0.09
492	23.38	0.03
493	23.38	0.03
494	23.37	0.03
495	23.37	-0.06
496	23.37	-0.06
497	23.36	-0.06
498	23.36	-0.03
499	23.36	-0.03
500	23.37	-0.03
501	23.37	0.03
502	23.37	0.03
503	23.37	0.03
504	23.37	-0.08
505	23.37	-0.08
506	23.38	-0.08
507	23.38	0.02
508	23.38	0.02
509	23.37	0.02
510	23.37	-0.06
511	23.37	-0.06
512	23.37	-0.06
513	23.37	-0.04
514	23.37	-0.04
515	23.37	-0.04
516	23.37	0.04
517	23.37	0.04
518	23.36	0.04
519	23.36	-0.08
520	23.36	-0.08
521	23.36	-0.08
522	23.36	0.02
523	23.36	0.02
524	23.34	0.02
525	23.34	-0.05
526	23.34	-0.05
527	23.34	-0.05
528	23.34	-0.05
529	23.34	-0.05
530	23.35	-0.05
531	23.35	0.03
532	23.35	0.03
533	23.35	0.03
534	23.35	-0.09
535	23.35	-0.09
536	23.34	-0.09
537	23.34	0.02
538	23.34	0.02
539	23.34	0.02
540	23.34	-0.05
541	23.34	-0.05
542	23.34	-0.05
543	23.34	-0.06
544	23.34	-0.06
545	23.37	-0.06
546	23.37	0.03
547	23.37	0.03
548	23.38	0.03
549	23.38	-0.09
550	23.38	-0.09
551	23.35	-0.09
552	23.35	0.02
553	23.35	0.02
554	23.34	0.02
555	23.34	-0.05
556	23.34	-0.05
557	23.34	-0.05
558	23.34	-0.06
559	23.34	-0.06
560	23.35	-0.06
561	23.35	0.04
562	23.35	0.04
563	23.35	0.04
564	23.35	-0.09
565	23.35	-0.09
566	23.34	-0.09
567	23.34	0.01
568	23.34	0.01
569	23.34	0.01
570	23.34	-0.04
571	23.34	-0.04
572	23.34	-0.04
573	23.34	-0.07
574	23.34	-0.07
575	23.35	-0.07
576	23.35	0.04
577	23.35	0.04
578	23.34	0.04
579	23.34	-0.09
580	23.34	-0.09
581	23.33	-0.09
582	23.33	0.01
583	23.33	0.01
584	23.34	0.01
585	23.34	-0.04
586	23.34	-0.04
587	23.34	-0.04
588	23.34	-0.07
589	23.34	-0.07
590	23.36	-0.07
591	23.36	0.04
592	23.36	0.04
593	23.36	0.04
594	23.36	-0.08
595	23.36	-0.08
596	23.34	-0.08
597	23.34	0.01
598	23.34	0.01
599	23.35	0.01
600	23.35	-0.03
601	23.35	-0.03
602	23.34	-0.03
603	23.34	-0.08
604	23.34	-0.08
605	23.35	-0.08
606	23.35	0.04
607	23.35	0.04
608	23.34	0.04
609	23.34	-0.08
610	23.34	-0.08
611	23.34	-0.08
612	23.34	0.01
613	23.34	0.01
614	23.34	0.01
615	23.34	-0.02
616	23.34	-0.02
617	23.36	-0.02
618	23.36	-0.08
619	23.36	-0.08
620	23.40	-0.08
621	23.40	0.04
622	23.40	0.04
623	23.39	0.04
624	23.39	-0.08
625	23.39	-0.08
626	23.38	-0.08
627	23.38	0.00
628	23.38	0.00
629	23.40	0.00
630	23.40	-0.02
631	23.40	-0.02
632	23.39	-0.02
633	23.39	-0.09
634	23.39	-0.09
635	23.39	-0.09
636	23.39	0.03
637	23.39	0.03
638	23.38	0.03
639	23.38	-0.07
640	23.38	-0.07
641	23.38	-0.07
642	23.38	0.00
643	23.38	0.00
644	23.38	0.00
645	23.38	-0.01
646	23.38	-0.01
647	23.38	-0.01
648	23.38	-0.08
649	23.38	-0.08
650	23.39	-0.08
651	23.39	0.04
652	23.39	0.04
653	23.39	0.04
654	23.39	-0.07
655	23.39	-0.07
656	23.39	-0.07
657	23.39	0.00
658	23.39	0.00
659	23.37	0.00
660	23.37	-0.00
661	23.37	-0.00
662	23.38	-0.00
663	23.38	-0.09
664	23.38	-0.09
665	23.37	-0.09
666	23.37	0.04
667	23.37	0.04
668	23.37	0.04
669	23.37	-0.07
670	23.37	-0.07
671	23.37	-0.07
672	23.37	-0.00
673	23.37	-0.00
674	23.37	-0.00
675	23.37	0.00
676	23.37	0.00
677	23.44	0.00
678	23.44	-0.09
679	23.44	-0.09
680	23.44	-0.09
681	23.44	0.04
682	23.44	0.04
683	23.42	0.04
684	23.42	-0.07
685	23.42	-0.07
686	23.43	-0.07
687	23.43	-0.00
688	23.43	-0.00
689	23.43	-0.00
690	23.43	0.01
691	23.43	0.01
692	23.43	0.01
693	23.43	-0.09
694	23.43	-0.09
695	23.42	-0.09
696	23.42	0.03
697	23.42	0.03
698	23.42	0.03
699	23.42	-0.07
700	23.42	-0.07
701	23.42	-0.07
702	23.42	-0.01
703	23.42	-0.01
704	23.43	-0.01
705	23.43	0.01
706	23.43	0.01
707	23.43	0.01
708	23.43	-0.09
709	23.43	-0.09
710	23.42	-0.09
711	23.42	0.03
712	23.42	0.03
713	23.43	0.03
714	23.43	-0.06
715	23.43	-0.06
716	23.44	-0.06
717	23.44	-0.01
718	23.44	-0.01
719	23.43	-0.01
720	23.43	0.01
721	23.43	0.01
722	23.43	0.01
723	23.43	-0.09
724	23.43	-0.09
725	23.43	-0.09
726	23.43	0.03
727	23.43	0.03
728	23.43	0.03
729	23.43	-0.06
730	23.43	-0.06
731	23.43	-0.06
732	23.43	-0.01
733	23.43	-0.01
734	23.45	-0.01
735	23.45	0.02
736	23.45	0.02
737	23.47	0.02
738	23.47	-0.09
739	23.47	-0.09
740	23.46	-0.09
741	23.46	0.03
742	23.46	0.03
743	23.46	0.03
744	23.46	-0.06
745	23.46	-0.06
746	23.46	-0.06
747	23.46	-0.02
748	23.46	-0.02
749	23.45	-0.02
750	23.45	0.02
751	23.45	0.02
752	23.45	0.02
753	23.45	-0.09
754	23.45	-0.09
755	23.45	-0.09
756	23.45	0.03
757	23.45	0.03
758	23.44	0.03
759	23.44	-0.06
760	23.44	-0.06
761	23.43	-0.06
762	23.43	-0.02
763	23.43	-0.02
764	23.45	-0.02
765	23.45	0.02
766	23.45	0.02
767	23.47	0.02
768	23.47	-0.09
769	23.47	-0.09
770	23.46	-0.09
771	23.46	0.03
772	23.46	0.03
773	23.45	0.03
774	23.45	-0.06
775	23.45	-0.06
776	23.45	-0.06
777	23.45	-0.02
778	23.45	-0.02
779	23.46	-0.02
780	23.46	0.03
781	23.46	0.03
782	23.45	0.03
783	23.45	-0.09
784	23.45	-0.09
785	23.43	-0.09
786	23.43	0.03
787	23.43	0.03
788	23.42	0.03
789	23.42	-0.06
790	23.42	-0.06
791	23.41	-0.06
792	23.41	-0.03
793	23.41	-0.03
794	23.43	-0.03
795	23.43	0.03
796	23.43	0.03
797	23.42	0.03
798	23.42	-0.09
799	23.42	-0.09
800	23.42	-0.09
801	23.42	0.03
802	23.42	0.03
803	23.43	0.03
804	23.43	-0.06
805	23.43	-0.06
806	23.43	-0.06
807	23.43	-0.03
808	23.43	-0.03
809	23.43	-0.03
810	23.43	0.03
811	23.43	0.03
812	23.43	0.03
813	23.43	-0.09
814	23.43	-0.09
815	23.41	-0.09
816	23.41	0.02
817	23.41	0.02
818	23.41	0.02
819	23.41	-0.06
820	23.41	-0.06
821	23.43	-0.06
822	23.43	-0.03
823	23.43	-0.03
824	23.43	-0.03
825	23.43	0.03
826	23.43	0.03
827	23.41	0.03
828	23.41	-0.09
829	23.41	-0.09
830	23.41	-0.09
831	23.41	0.02
832	23.41	0.02
833	23.41	0.02
834	23.41	-0.06
835	23.41	-0.06
836	23.41	-0.06
837	23.41	-0.03
838	23.41	-0.03
839	23.41	-0.03
840	23.41	0.03
841	23.41	0.03
842	23.41	0.03
843	23.41	-0.09
844	23.41	-0.09
845	23.40	-0.09
846	23.40	0.02
847	23.40	0.02
848	23.40	0.02
849	23.40	-0.06
850	23.40	-0.06
851	23.41	-0.06
852	23.41	-0.03
853	23.41	-0.03
854	23.43	-0.03
855	23.43	0.03
856	23.43	0.03
857	23.43	0.03
858	23.43	-0.09
859	23.43	-0.09
860	23.44	-0.09
861	23.44	0.02
862	23.44	0.02
863	23.49	0.02
864	23.49	-0.05
865	23.49	-0.05
866	23.48	-0.05
867	23.48	-0.04
868	23.48	-0.04
869	23.48	-0.04
870	23.48	0.03
871	23.48	0.03
872	23.46	0.03
873	23.46	-0.09
874	23.46	-0.09
875	23.45	-0.09
876	23.45	0.02
877	23.45	0.02
878	23.44	0.02
879	23.44	-0.05
880	23.44	-0.05
881	23.45	-0.05
882	23.45	-0.04
883	23.45	-0.04
884	23.47	-0.04
885	23.47	0.03
886	23.47	0.03
887	23.45	0.03
888	23.45	-0.09
889	23.45	-0.09
890	23.46	-0.09
891	23.46	0.02
892	23.46	0.02
893	23.46	0.02
894	23.46	-0.05
895	23.46	-0.05
896	23.46	-0.05
897	23.46	-0.04
898	23.46	-0.04
899	23.46	-0.04
900	23.46	0.03
901	23.46	0.03
902	23.45	0.03
903	23.45	-0.09
904	23.45	-0.09
905	23.45	-0.09
906	23.45	0.02
907	23.45	0.02
908	23.44	0.02
909	23.44	-0.05
910	23.44	-0.05
911	23.45	-0.05
912	23.45	-0.05
913	23.45	-0.05
914	23.46	-0.05
915	23.46	0.03
916	23.46	0.03
917	23.47	0.03
918	23.47	-0.09
919	23.47	-0.09
920	23.46	-0.09
921	23.46	0.02
922	23.46	0.02
923	23.46	0.02
924	23.46	-0.05
925	23.46	-0.05
926	23.48	-0.05
927	23.48	-0.05
928	23.48	-0.05
929	23.48	-0.05
930	23.48	0.03
931	23.48	0.03
932	23.47	0.03
933	23.47	-0.09
934	23.47	-0.09
935	23.46	-0.09
936	23.46	0.01
937	23.46	0.01
938	23.48	0.01
939	23.48	-0.05
940	23.48	-0.05
941	23.51	-0.05
942	23.51	-0.05
943	23.51	-0.05
944	23.50	-0.05
945	23.50	0.03
946	23.50	0.03
947	23.50	0.03
948	23.50	-0.09
949	23.50	-0.09
950	23.50	-0.09
951	23.50	0.02
952	23.50	0.02
953	23.50	0.02
954	23.50	-0.05
955	23.50	-0.05
956	23.51	-0.05
957	23.51	-0.05
958	23.51	-0.05
959	23.51	-0.05
960	23.51	0.03
961	23.51	0.03
962	23.50	0.03
963	23.50	-0.09
964	23.50	-0.09
965	23.51	-0.09
966	23.51	0.01
967	23.51	0.01
968	23.54	0.01
969	23.54	-0.05
970	23.54	-0.05
971	23.54	-0.05
972	23.54	-0.05
973	23.54	-0.05
974	23.54	-0.05
975	23.54	0.03
976	23.54	0.03
977	23.54	0.03
978	23.54	-0.09
979	23.54	-0.09
980	23.55	-0.09
981	23.55	0.02
982	23.55	0.02
983	23.56	0.02
984	23.56	-0.05
985	23.56	-0.05
986	23.55	-0.05
987	23.55	-0.05
988	23.55	-0.05
989	23.55	-0.05
990	23.55	0.03
991	23.55	0.03
992	23.54	0.03
993	23.54	-0.09
994	23.54	-0.09
995	23.54	-0.09
996	23.54	0.01
997	23.54	0.01
998	23.57	0.01
999	23.57	-0.05
1000	23.57	-0.05
1001	23.57	-0.05
1002	23.57	-0.05
1003	23.57	-0.05
1004	23.56	-0.05
1005	23.56	0.03
1006	23.56	0.03
1007	23.55	0.03
1008	23.55	-0.09
1009	23.55	-0.09
1010	23.55	-0.09
1011	23.55	0.01
1012	23.55	0.01
1013	23.55	0.01
1014	23.55	-0.05
1015	23.55	-0.05
1016	23.54	-0.05
1017	23.54	-0.06
1018	23.54	-0.06
1019	23.55	-0.06
1020	23.55	0.03
1021	23.55	0.03
1022	23.55	0.03
1023	23.55	-0.09
1024	23.55	-0.09
1025	23.56	-0.09
1026	23.56	0.01
1027	23.56	0.01
1028	23.55	0.01
1029	23.55	-0.05
1030	23.55	-0.05
1031	23.56	-0.05
1032	23.56	-0.06
1033	23.56	-0.06
1034	23.56	-0.06
1035	23.56	0.04
1036	23.56	0.04
1037	23.54	0.04
1038	23.54	-0.09
1039	23.54	-0.09
1040	23.55	-0.09
1041	23.55	0.01
1042	23.55	0.01
1043	23.54	0.01
1044	23.54	-0.05
1045	23.54	-0.05
1046	23.52	-0.05
1047	23.52	-0.06
1048	23.52	-0.06
1049	23.54	-0.06
1050	23.54	0.04
1051	23.54	0.04
1052	23.55	0.04
1053	23.55	-0.09
1054	23.55	-0.09
1055	23.56	-0.09
1056	23.56	0.01
1057	23.56	0.01
1058	23.55	0.01
1059	23.55	-0.05
1060	23.55	-0.05
1061	23.54	-0.05
1062	23.54	-0.06
1063	23.54	-0.06
1064	23.55	-0.06
1065	23.55	0.03
1066	23.55	0.03
1067	23.54	0.03
1068	23.54	-0.09
1069	23.54	-0.09
1070	23.54	-0.09
1071	23.54	0.01
1072	23.54	0.01
1073	23.53	0.01
1074	23.53	-0.04
1075	23.53	-0.04
1076	23.51	-0.04
1077	23.51	-0.06
1078	23.51	-0.06
1079	23.52	-0.06
1080	23.52	0.03
1081	23.52	0.03
1082	23.54	0.03
1083	23.54	-0.09
1084	23.54	-0.09
1085	23.54	-0.09
1086	23.54	0.01
1087	23.54	0.01
1088	23.53	0.01
1089	23.53	-0.04
1090	23.53	-0.04
1091	23.52	-0.04
1092	23.52	-0.06
1093	23.52	-0.06
1094	23.51	-0.06
1095	23.51	0.03
1096	23.51	0.03
1097	23.51	0.03
1098	23.51	-0.08
1099	23.51	-0.08
1100	23.51	-0.08
1101	23.51	0.01
1102	23.51	0.01
1103	23.51	0.01
1104	23.51	-0.05
1105	23.51	-0.05
1106	23.52	-0.05
1107	23.52	-0.06
1108	23.52	-0.06
1109	23.50	-0.06
1110	23.50	0.03
1111	23.50	0.03
1112	23.52	0.03
1113	23.52	-0.08
1114	23.52	-0.08
1115	23.52	-0.08
1116	23.52	0.01
1117	23.52	0.01
1118	23.51	0.01
1119	23.51	-0.05
1120	23.51	-0.05
1121	23.52	-0.05
1122	23.52	-0.06
1123	23.52	-0.06
1124	23.52	-0.06
1125	23.52	0.04
1126	23.52	0.04
1127	23.52	0.04
1128	23.52	-0.09
1129	23.52	-0.09
1130	23.51	-0.09
1131	23.51	0.01
1132	23.51	0.01
1133	23.50	0.01
1134	23.50	-0.04
1135	23.50	-0.04
1136	23.49	-0.04
1137	23.49	-0.07
1138	23.49	-0.07
1139	23.48	-0.07
1140	23.48	0.03
1141	23.48	0.03
1142	23.49	0.03
1143	23.49	-0.09
1144	23.49	-0.09
1145	23.49	-0.09
1146	23.49	0.01
1147	23.49	0.01
1148	23.47	0.01
1149	23.47	-0.05
1150	23.47	-0.05
1151	23.48	-0.05
1152	23.48	-0.06
1153	23.48	-0.06
1154	23.49	-0.06
1155	23.49	0.04
1156	23.49	0.04
1157	23.48	0.04
1158	23.48	-0.08
1159	23.48	-0.08
1160	23.48	-0.08
1161	23.48	0.01
1162	23.48	0.01
1163	23.49	0.01
1164	23.49	-0.05
1165	23.49	-0.05
1166	23.47	-0.05
1167	23.47	-0.07
1168	23.47	-0.07
1169	23.49	-0.07
1170	23.49	0.04
1171	23.49	0.04
1172	23.51	0.04
1173	23.51	-0.08
1174	23.51	-0.08
1175	23.50	-0.08
1176	23.50	0.01
1177	23.50	0.01
1178	23.50	0.01
1179	23.50	-0.04
1180	23.50	-0.04
1181	23.50	-0.04
1182	23.50	-0.07
1183	23.50	-0.07
1184	23.50	-0.07
1185	23.50	0.04
1186	23.50	0.04
1187	23.51	0.04
1188	23.51	-0.08
1189	23.51	-0.08
1190	23.51	-0.08
1191	23.51	0.01
1192	23.51	0.01
1193	23.48	0.01
1194	23.48	-0.04
1195	23.48	-0.04
1196	23.48	-0.04
1197	23.48	-0.07
1198	23.48	-0.07
1199	23.51	-0.07
1200	23.51	0.04
1201	23.51	0.04
1202	23.51	0.04
1203	23.51	-0.09
1204	23.51	-0.09
1205	23.50	-0.09
1206	23.50	0.01
1207	23.50	0.01
1208	23.49	0.01
1209	23.49	-0.04
1210	23.49	-0.04
1211	23.49	-0.04
1212	23.49	-0.07
1213	23.49	-0.07
1214	23.50	-0.07
1215	23.50	0.03
1216	23.50	0.03
1217	23.50	0.03
1218	23.50	-0.09
1219	23.50	-0.09
1220	23.52	-0.09
1221	23.52	0.01
1222	23.52	0.01
1223	23.51	0.01
1224	23.51	-0.04
1225	23.51	-0.04
1226	23.49	-0.04
1227	23.49	-0.07
1228	23.49	-0.07
1229	23.51	-0.07
1230	23.51	0.04
1231	23.51	0.04
1232	23.50	0.04
1233	23.50	-0.08
1234	23.50	-0.08
1235	23.50	-0.08
1236	23.50	0.01
1237	23.50	0.01
1238	23.51	0.01
1239	23.51	-0.04
1240	23.51	-0.04
1241	23.52	-0.04
1242	23.52	-0.07
1243	23.52	-0.07
1244	23.52	-0.07
1245	23.52	0.03
1246	23.52	0.03
1247	23.52	0.03
1248	23.52	-0.08
1249	23.52	-0.08
1250	23.52	-0.08
1251	23.52	0.01
1252	23.52	0.01
1253	23.54	0.01
1254	23.54	-0.04
1255	23.54	-0.04
1256	23.54	-0.04
1257	23.54	-0.07
1258	23.54	-0.07
1259	23.56	-0.07
1260	23.56	0.04
1261	23.56	0.04
1262	23.55	0.04
1263	23.55	-0.08
1264	23.55	-0.08
1265	23.54	-0.08
1266	23.54	0.01
1267	23.54	0.01
1268	23.55	0.01
1269	23.55	-0.03
1270	23.55	-0.03
1271	23.55	-0.03
1272	23.55	-0.07
1273	23.55	-0.07
1274	23.55	-0.07
1275	23.55	0.04
1276	23.55	0.04
1277	23.53	0.04
1278	23.53	-0.09
1279	23.53	-0.09
1280	23.52	-0.09
1281	23.52	0.01
1282	23.52	0.01
1283	23.52	0.01
1284	23.52	-0.04
1285	23.52	-0.04
1286	23.52	-0.04
1287	23.52	-0.07
1288	23.52	-0.07
1289	23.54	-0.07
1290	23.54	0.04
1291	23.54	0.04
1292	23.54	0.04
1293	23.54	-0.08
1294	23.54	-0.08
1295	23.54	-0.08
1296	23.54	0.01
1297	23.54	0.01
1298	23.53	0.01
1299	23.53	-0.04
1300	23.53	-0.04
1301	23.52	-0.04
1302	23.52	-0.07
1303	23.52	-0.07
1304	23.52	-0.07
1305	23.52	0.04
1306	23.52	0.04
1307	23.51	0.04
1308	23.51	-0.08
1309	23.51	-0.08
1310	23.52	-0.08
1311	23.52	0.01
1312	23.52	0.01
1313	23.50	0.01
1314	23.50	-0.04
1315	23.50	-0.04
1316	23.51	-0.04
1317	23.51	-0.07
1318	23.51	-0.07
1319	23.52	-0.07
1320	23.52	0.04
1321	23.52	0.04
1322	23.52	0.04
1323	23.52	-0.08
1324	23.52	-0.08
1325	23.52	-0.08
1326	23.52	0.01
1327	23.52	0.01
1328	23.54	0.01
1329	23.54	-0.03
1330	23.54	-0.03
1331	23.54	-0.03
1332	23.54	-0.07
1333	23.54	-0.07
1334	23.53	-0.07
1335	23.53	0.03
1336	23.53	0.03
1337	23.52	0.03
1338	23.52	-0.08
1339	23.52	-0.08
1340	23.51	-0.08
1341	23.51	0.01
1342	23.51	0.01
1343	23.50	0.01
1344	23.50	-0.03
1345	23.50	-0.03
1346	23.51	-0.03
1347	23.51	-0.08
1348	23.51	-0.08
1349	23.50	-0.08
1350	23.50	0.03
1351	23.50	0.03
1352	23.49	0.03
1353	23.49	-0.08
1354	23.49	-0.08
1355	23.50	-0.08
1356	23.50	0.01
1357	23.50	0.01
1358	23.51	0.01
1359	23.51	-0.04
1360	23.51	-0.04
1361	23.51	-0.04
1362	23.51	-0.07
1363	23.51	-0.07
1364	23.50	-0.07
1365	23.50	0.04
1366	23.50	0.04
1367	23.48	0.04
1368	23.48	-0.08
1369	23.48	-0.08
1370	23.48	-0.08
1371	23.48	0.01
1372	23.48	0.01
1373	23.50	0.01
1374	23.50	-0.04
1375	23.50	-0.04
1376	23.51	-0.04
1377	23.51	-0.07
1378	23.51	-0.07
1379	23.52	-0.07
1380	23.52	0.04
1381	23.52	0.04
1382	23.50	0.04
1383	23.50	-0.08
1384	23.50	-0.08
1385	23.51	-0.08
1386	23.51	0.00
1387	23.51	0.00
1388	23.50	0.00
1389	23.50	-0.03
1390	23.50	-0.03
1391	23.49	-0.03
1392	23.49	-0.07
1393	23.49	-0.07
1394	23.49	-0.07
1395	23.49	0.04
1396	23.49	0.04
1397	23.48	0.04
1398	23.48	-0.08
1399	23.48	-0.08
1400	23.46	-0.08
1401	23.46	0.00
1402	23.46	0.00
1403	23.49	0.00
1404	23.49	-0.04
1405	23.49	-0.04
1406	23.50	-0.04
1407	23.50	-0.07
1408	23.50	-0.07
1409	23.50	-0.07
1410	23.50	0.03
1411	23.50	0.03
1412	23.51	0.03
1413	23.51	-0.09
1414	23.51	-0.09
1415	23.50	-0.09
1416	23.50	0.01
1417	23.50	0.01
1418	23.51	0.01
1419	23.51	-0.04
1420	23.51	-0.04
1421	23.50	-0.04
1422	23.50	-0.07
1423	23.50	-0.07
1424	23.49	-0.07
1425	23.49	0.04
1426	23.49	0.04
1427	23.50	0.04
1428	23.50	-0.09
1429	23.50	-0.09
1430	23.50	-0.09
1431	23.50	0.01
1432	23.50	0.01
1433	23.50	0.01
1434	23.50	-0.04
1435	23.50	-0.04
1436	23.50	-0.04
1437	23.50	-0.07
1438	23.50	-0.07
1439	23.50	-0.07
1440	23.50	0.03
1441	23.50	0.03
1442	23.51	0.03
1443	23.51	-0.08
1444	23.51	-0.08
1445	23.51	-0.08
1446	23.51	0.01
1447	23.51	0.01
1448	23.52	0.01
1449	23.52	-0.04
1450	23.52	-0.04
1451	23.51	-0.04
1452	23.51	-0.07
1453	23.51	-0.07
1454	23.50	-0.07
1455	23.50	0.04
1456	23.50	0.04
1457	23.50	0.04
1458	23.50	-0.08
1459	23.50	-0.08
1460	23.49	-0.08
1461	23.49	0.01
1462	23.49	0.01
1463	23.52	0.01
1464	23.52	-0.04
1465	23.52	-0.04
1466	23.52	-0.04
1467	23.52	-0.07
1468	23.52	-0.07
1469	23.52	-0.07
1470	23.52	0.03
1471	23.52	0.03
1472	23.52	0.03
1473	23.52	-0.09
1474	23.52	-0.09
1475	23.52	-0.09
1476	23.52	0.01
1477	23.52	0.01
1478	23.52	0.01
1479	23.52	-0.04
1480	23.52	-0.04
1481	23.49	-0.04
1482	23.49	-0.07
1483	23.49	-0.07
1484	23.49	-0.07
1485	23.49	0.04
1486	23.49	0.04
1487	23.49	0.04
1488	23.49	-0.09
1489	23.49	-0.09
1490	23.50	-0.09
1491	23.50	0.01
1492	23.50	0.01
1493	23.52	0.01
1494	23.52	-0.05
1495	23.52	-0.05
1496	23.52	-0.05
1497	23.52	-0.06
1498	23.52	-0.06
1499	23.55	-0.06
1500	23.55	0.03
1501	23.55	0.03
1502	23.55	0.03
1503	23.55	-0.09
1504	23.55	-0.09
1505	23.56	-0.09
1506	23.56	0.01
1507	23.56	0.01
1508	23.55	0.01
1509	23.55	-0.04
1510	23.55	-0.04
1511	23.54	-0.04
1512	23.54	-0.06
1513	23.54	-0.06
1514	23.52	-0.06
1515	23.52	0.03
1516	23.52	0.03
1517	23.54	0.03
1518	23.54	-0.09
1519	23.54	-0.09
1520	23.56	-0.09
1521	23.56	0.01
1522	23.56	0.01
1523	23.57	0.01
1524	23.57	-0.05
1525	23.57	-0.05
1526	23.56	-0.05
1527	23.56	-0.06
1528	23.56	-0.06
1529	23.56	-0.06
1530	23.56	0.04
1531	23.56	0.04
1532	23.57	0.04
1533	23.57	-0.09
1534	23.57	-0.09
1535	23.56	-0.09
1536	23.56	0.01
1537	23.56	0.01
1538	23.55	0.01
1539	23.55	-0.05
1540	23.55	-0.05
1541	23.56	-0.05
1542	23.56	-0.05
1543	23.56	-0.05
1544	23.56	-0.05
1545	23.56	0.03
1546	23.56	0.03
1547	23.56	0.03
1548	23.56	-0.09
1549	23.56	-0.09
1550	23.56	-0.09
1551	23.56	0.02
1552	23.56	0.02
1553	23.56	0.02
1554	23.56	-0.05
1555	23.56	-0.05
1556	23.55	-0.05
1557	23.55	-0.05
1558	23.55	-0.05
1559	23.57	-0.05
1560	23.57	0.03
1561	23.57	0.03
1562	23.57	0.03
1563	23.57	-0.09
1564	23.57	-0.09
1565	23.57	-0.09
1566	23.57	0.02
1567	23.57	0.02
1568	23.57	0.02
1569	23.57	-0.05
1570	23.57	-0.05
1571	23.57	-0.05
1572	23.57	-0.04
1573	23.57	-0.04
1574	23.56	-0.04
1575	23.56	0.03
1576	23.56	0.03
1577	23.57	0.03
1578	23.57	-0.09
1579	23.57	-0.09
1580	23.56	-0.09
1581	23.56	0.02
1582	23.56	0.02
1583	23.57	0.02
1584	23.57	-0.05
1585	23.57	-0.05
1586	23.57	-0.05
1587	23.57	-0.04
1588	23.57	-0.04
1589	23.56	-0.04
1590	23.56	0.03
1591	23.56	0.03
1592	23.57	0.03
1593	23.57	-0.08
1594	23.57	-0.08
1595	23.56	-0.08
1596	23.56	0.02
1597	23.56	0.02
1598	23.55	0.02
1599	23.55	-0.06
1600	23.55	-0.06
1601	23.54	-0.06
1602	23.54	-0.03
1603	23.54	-0.03
1604	23.54	-0.03
1605	23.54	0.03
1606	23.54	0.03
1607	23.58	0.03
1608	23.58	-0.09
1609	23.58	-0.09
1610	23.58	-0.09
1611	23.58	0.02
1612	23.58	0.02
1613	23.57	0.02
1614	23.57	-0.06
1615	23.57	-0.06
1616	23.57	-0.06
1617	23.57	-0.03
1618	23.57	-0.03
1619	23.56	-0.03
1620	23.56	0.03
1621	23.56	0.03
1622	23.57	0.03
1623	23.57	-0.09
1624	23.57	-0.09
1625	23.56	-0.09
1626	23.56	0.03
1627	23.56	0.03
1628	23.56	0.03
1629	23.56	-0.06
1630	23.56	-0.06
1631	23.57	-0.06
1632	23.57	-0.02
1633	23.57	-0.02
1634	23.58	-0.02
1635	23.58	0.02
1636	23.58	0.02
1637	23.62	0.02
1638	23.62	-0.09
1639	23.62	-0.09
1640	23.60	-0.09
1641	23.60	0.03
1642	23.60	0.03
1643	23.60	0.03
1644	23.60	-0.06
1645	23.60	-0.06
1646	23.61	-0.06
1647	23.61	-0.02
1648	23.61	-0.02
1649	23.61	-0.02
1650	23.61	0.02
1651	23.61	0.02
1652	23.61	0.02
1653	23.61	-0.09
1654	23.61	-0.09
1655	23.60	-0.09
1656	23.60	0.03
1657	23.60	0.03
1658	23.56	0.03
1659	23.56	-0.06
1660	23.56	-0.06
1661	23.56	-0.06
1662	23.56	-0.01
1663	23.56	-0.01
1664	23.58	-0.01
1665	23.58	0.01
1666	23.58	0.01
1667	23.60	0.01
1668	23.60	-0.09
1669	23.60	-0.09
1670	23.59	-0.09
1671	23.59	0.03
1672	23.59	0.03
1673	23.58	0.03
1674	23.58	-0.06
1675	23.58	-0.06
1676	23.58	-0.06
1677	23.58	-0.01
1678	23.58	-0.01
1679	23.61	-0.01
1680	23.61	0.01
1681	23.61	0.01
1682	23.61	0.01
1683	23.61	-0.09
1684	23.61	-0.09
1685	23.60	-0.09
1686	23.60	0.03
1687	23.60	0.03
1688	23.59	0.03
1689	23.59	-0.07
1690	23.59	-0.07
1691	23.59	-0.07
1692	23.59	-0.00
1693	23.59	-0.00
1694	23.62	-0.00
1695	23.62	-0.00
1696	23.62	-0.00
1697	23.63	-0.00
1698	23.63	-0.09
1699	23.63	-0.09
1700	23.62	-0.09
1701	23.62	0.03
1702	23.62	0.03
1703	23.62	0.03
1704	23.62	-0.07
1705	23.62	-0.07
1706	23.62	-0.07
1707	23.62	0.00
1708	23.62	0.00
1709	23.62	0.00
1710	23.62	-0.01
1711	23.62	-0.01
1712	23.61	-0.01
1713	23.61	-0.09
1714	23.61	-0.09
1715	23.61	-0.09
1716	23.61	0.03
1717	23.61	0.03
1718	23.60	0.03
1719	23.60	-0.07
1720	23.60	-0.07
1721	23.61	-0.07
1722	23.61	0.00
1723	23.61	0.00
1724	23.64	0.00
1725	23.64	-0.01
1726	23.64	-0.01
1727	23.62	-0.01
1728	23.62	-0.09
1729	23.62	-0.09
1730	23.61	-0.09
1731	23.61	0.03
1732	23.61	0.03
1733	23.62	0.03
1734	23.62	-0.07
1735	23.62	-0.07
1736	23.63	-0.07
1737	23.63	0.01
1738	23.63	0.01
1739	23.62	0.01
1740	23.62	-0.02
1741	23.62	-0.02
1742	23.61	-0.02
1743	23.61	-0.09
1744	23.61	-0.09
1745	23.61	-0.09
1746	23.61	0.03
1747	23.61	0.03
1748	23.60	0.03
1749	23.60	-0.08
1750	23.60	-0.08
1751	23.61	-0.08
1752	23.61	0.00
1753	23.61	0.00
1754	23.61	0.00
1755	23.61	-0.02
1756	23.61	-0.02
1757	23.60	-0.02
1758	23.60	-0.08
1759	23.60	-0.08
1760	23.62	-0.08
1761	23.62	0.04
1762	23.62	0.04
1763	23.61	0.04
1764	23.61	-0.08
1765	23.61	-0.08
1766	23.62	-0.08
1767	23.62	0.01
1768	23.62	0.01
1769	23.61	0.01
1770	23.61	-0.04
1771	23.61	-0.04
1772	23.61	-0.04
1773	23.61	-0.07
1774	23.61	-0.07
1775	23.60	-0.07
1776	23.60	0.03
1777	23.60	0.03
1778	23.60	0.03
1779	23.60	-0.08
1780	23.60	-0.08
1781	23.62	-0.08
1782	23.62	0.01
1783	23.62	0.01
1784	23.63	0.01
1785	23.63	-0.04
1786	23.63	-0.04
1787	23.63	-0.04
1788	23.63	-0.07
1789	23.63	-0.07
1790	23.63	-0.07
1791	23.63	0.03
1792	23.63	0.03
1793	23.63	0.03
1794	23.63	-0.09
1795	23.63	-0.09
1796	23.63	-0.09
1797	23.63	0.01
1798	23.63	0.01
1799	23.61	0.01
1800	23.61	-0.04
1801	23.61	-0.04
1802	23.61	-0.04
1803	23.61	-0.07
1804	23.61	-0.07
1805	23.60	-0.07
1806	23.60	0.03
1807	23.60	0.03
1808	23.59	0.03
1809	23.59	-0.08
1810	23.59	-0.08
1811	23.60	-0.08
1812	23.60	0.01
1813	23.60	0.01
1814	23.61	0.01
1815	23.61	-0.05
1816	23.61	-0.05
1817	23.60	-0.05
1818	23.60	-0.06
1819	23.60	-0.06
1820	23.61	-0.06
1821	23.61	0.03
1822	23.61	0.03
1823	23.62	0.03
1824	23.62	-0.09
1825	23.62	-0.09
1826	23.60	-0.09
1827	23.60	0.01
1828	23.60	0.01
1829	23.57	0.01
1830	23.57	-0.05
1831	23.57	-0.05
1832	23.56	-0.05
1833	23.56	-0.06
1834	23.56	-0.06
1835	23.55	-0.06
1836	23.55	0.03
1837	23.55	0.03
1838	23.59	0.03
1839	23.59	-0.09
1840	23.59	-0.09
1841	23.61	-0.09
1842	23.61	0.01
1843	23.61	0.01
1844	23.62	0.01
1845	23.62	-0.05
1846	23.62	-0.05
1847	23.63	-0.05
1848	23.63	-0.06
1849	23.63	-0.06
1850	23.61	-0.06
1851	23.61	0.04
1852	23.61	0.04
1853	23.60	0.04
1854	23.60	-0.09
1855	23.60	-0.09
1856	23.60	-0.09
1857	23.60	0.02
1858	23.60	0.02
1859	23.61	0.02
1860	23.61	-0.05
1861	23.61	-0.05
1862	23.60	-0.05
1863	23.60	-0.05
1864	23.60	-0.05
1865	23.59	-0.05
1866	23.59	0.03
1867	23.59	0.03
1868	23.60	0.03
1869	23.60	-0.09
1870	23.60	-0.09
1871	23.60	-0.09
1872	23.60	0.02
1873	23.60	0.02
1874	23.60	0.02
1875	23.60	-0.05
1876	23.60	-0.05
1877	23.59	-0.05
1878	23.59	-0.05
1879	23.59	-0.05
1880	23.59	-0.05
1881	23.59	0.03
1882	23.59	0.03
1883	23.59	0.03
1884	23.59	-0.09
1885	23.59	-0.09
1886	23.59	-0.09
1887	23.59	0.02
1888	23.59	0.02
1889	23.58	0.02
1890	23.58	-0.05
1891	23.58	-0.05
1892	23.59	-0.05
1893	23.59	-0.04
1894	23.59	-0.04
1895	23.60	-0.04
1896	23.60	0.03
1897	23.60	0.03
1898	23.60	0.03
1899	23.60	-0.09
1900	23.60	-0.09
1901	23.58	-0.09
1902	23.58	0.02
1903	23.58	0.02
1904	23.58	0.02
1905	23.58	-0.05
1906	23.58	-0.05
1907	23.58	-0.05
1908	23.58	-0.04
1909	23.58	-0.04
1910	23.57	-0.04
1911	23.57	0.03
1912	23.57	0.03
1913	23.58	0.03
1914	23.58	-0.09
1915	23.58	-0.09
1916	23.57	-0.09
1917	23.57	0.02
1918	23.57	0.02
1919	23.56	0.02
1920	23.56	-0.05
1921	23.56	-0.05
1922	23.56	-0.05
1923	23.56	-0.04
1924	23.56	-0.04
1925	23.56	-0.04
1926	23.56	0.03
1927	23.56	0.03
1928	23.58	0.03
1929	23.58	-0.09
1930	23.58	-0.09
1931	23.57	-0.09
1932	23.57	0.02
1933	23.57	0.02
1934	23.58	0.02
1935	23.58	-0.06
1936	23.58	-0.06
1937	23.59	-0.06
1938	23.59	-0.04
1939	23.59	-0.04
1940	23.57	-0.04
1941	23.57	0.03
1942	23.57	0.03
1943	23.58	0.03
1944	23.58	-0.09
1945	23.58	-0.09
1946	23.58	-0.09
1947	23.58	0.02
1948	23.58	0.02
1949	23.57	0.02
1950	23.57	-0.06
1951	23.57	-0.06
1952	23.58	-0.06
1953	23.58	-0.03
1954	23.58	-0.03
1955	23.63	-0.03
1956	23.63	0.03
1957	23.63	0.03
1958	23.64	0.03
1959	23.64	-0.09
1960	23.64	-0.09
1961	23.64	-0.09
1962	23.64	0.02
1963	23.64	0.02
1964	23.62	0.02
1965	23.62	-0.06
1966	23.62	-0.06
1967	23.63	-0.06
1968	23.63	-0.03
1969	23.63	-0.03
1970	23.63	-0.03
1971	23.63	0.03
1972	23.63	0.03
1973	23.62	0.03
1974	23.62	-0.09
1975	23.62	-0.09
1976	23.62	-0.09
1977	23.62	0.02
1978	23.62	0.02
1979	23.61	0.02
1980	23.61	-0.06
1981	23.61	-0.06
1982	23.61	-0.06
1983	23.61	-0.02
1984	23.61	-0.02
1985	23.63	-0.02
1986	23.63	0.03
1987	23.63	0.03
1988	23.62	0.03
1989	23.62	-0.09
1990	23.62	-0.09
1991	23.61	-0.09
1992	23.61	0.02
1993	23.61	0.02
1994	23.63	0.02
1995	23.63	-0.06
1996	23.63	-0.06
1997	23.63	-0.06
1998	23.63	-0.03
1999	23.63	-0.03
2000	23.65	-0.03
2001	23.65	0.03
2002	23.65	0.03
2003	23.66	0.03
2004	23.66	-0.09
2005	23.66	-0.09
2006	23.65	-0.09
2007	23.65	0.02
2008	23.65	0.02
2009	23.64	0.02
2010	23.64	-0.06
2011	23.64	-0.06
2012	23.65	-0.06
2013	23.65	-0.03
2014	23.65	-0.03
2015	23.66	-0.03
2016	23.66	0.02
2017	23.66	0.02
2018	23.63	0.02
2019	23.63	-0.09
2020	23.63	-0.09
2021	23.62	-0.09
2022	23.62	0.03
2023	23.62	0.03
2024	23.65	0.03
2025	23.65	-0.06
2026	23.65	-0.06
2027	23.65	-0.06
2028	23.65	-0.02
2029	23.65	-0.02
2030	23.64	-0.02
2031	23.64	0.02
2032	23.64	0.02
2033	23.63	0.02
2034	23.63	-0.09
2035	23.63	-0.09
2036	23.63	-0.09
2037	23.63	0.03
2038	23.63	0.03
2039	23.62	0.03
2040	23.62	-0.06
2041	23.62	-0.06
2042	23.63	-0.06
2043	23.63	-0.02
2044	23.63	-0.02
2045	23.64	-0.02
2046	23.64	0.02
2047	23.64	0.02
2048	23.65	0.02
2049	23.65	-0.09
2050	23.65	-0.09
2051	23.65	-0.09
2052	23.65	0.03
2053	23.65	0.03
2054	23.64	0.03
2055	23.64	-0.06
2056	23.64	-0.06
2057	23.63	-0.06
2058	23.63	-0.02
2059	23.63	-0.02
2060	23.63	-0.02
2061	23.63	0.02
2062	23.63	0.02
2063	23.63	0.02
2064	23.63	-0.09
2065	23.63	-0.09
2066	23.62	-0.09
2067	23.62	0.03
2068	23.62	0.03
2069	23.63	0.03
2070	23.63	-0.06
2071	23.63	-0.06
2072	23.63	-0.06
2073	23.63	-0.02
2074	23.63	-0.02
2075	23.64	-0.02
2076	23.64	0.02
2077	23.64	0.02
2078	23.63	0.02
2079	23.63	-0.09
2080	23.63	-0.09
2081	23.66	-0.09
2082	23.66	0.03
2083	23.66	0.03
2084	23.65	0.03
2085	23.65	-0.07
2086	23.65	-0.07
2087	23.64	-0.07
2088	23.64	-0.01
2089	23.64	-0.01
2090	23.64	-0.01
2091	23.64	0.01
2092	23.64	0.01
2093	23.63	0.01
2094	23.63	-0.09
2095	23.63	-0.09
2096	23.62	-0.09
2097	23.62	0.03
2098	23.62	0.03
2099	23.62	0.03
2100	23.62	-0.06
2101	23.62	-0.06
2102	23.64	-0.06
2103	23.64	-0.01
2104	23.64	-0.01
2105	23.63	-0.01
2106	23.63	0.01
2107	23.63	0.01
2108	23.63	0.01
2109	23.63	-0.09
2110	23.63	-0.09
2111	23.64	-0.09
2112	23.64	0.03
2113	23.64	0.03
2114	23.62	0.03
2115	23.62	-0.06
2116	23.62	-0.06
2117	23.63	-0.06
2118	23.63	-0.01
2119	23.63	-0.01
2120	23.63	-0.01
2121	23.63	0.01
2122	23.63	0.01
2123	23.62	0.01
2124	23.62	-0.09
2125	23.62	-0.09
2126	23.61	-0.09
2127	23.61	0.03
2128	23.61	0.03
2129	23.63	0.03
2130	23.63	-0.07
2131	23.63	-0.07
2132	23.64	-0.07
2133	23.64	-0.00
2134	23.64	-0.00
2135	23.64	-0.00
2136	23.64	0.00
2137	23.64	0.00
2138	23.64	0.00
2139	23.64	-0.09
2140	23.64	-0.09
2141	23.63	-0.09
2142	23.63	0.04
2143	23.63	0.04
2144	23.62	0.04
2145	23.62	-0.07
2146	23.62	-0.07
2147	23.60	-0.07
2148	23.60	-0.00
2149	23.60	-0.00
2150	23.58	-0.00
2151	23.58	0.00
2152	23.58	0.00
2153	23.57	0.00
2154	23.57	-0.09
2155	23.57	-0.09
2156	23.58	-0.09
2157	23.58	0.03
2158	23.58	0.03
2159	23.59	0.03
2160	23.59	-0.07
2161	23.59	-0.07
2162	23.60	-0.07
2163	23.60	-0.00
2164	23.60	-0.00
2165	23.59	-0.00
2166	23.59	-0.00
2167	23.59	-0.00
2168	23.59	-0.00
2169	23.59	-0.09
2170	23.59	-0.09
2171	23.59	-0.09
2172	23.59	0.04
2173	23.59	0.04
2174	23.60	0.04
2175	23.60	-0.07
2176	23.60	-0.07
2177	23.59	-0.07
2178	23.59	-0.00
2179	23.59	-0.00
2180	23.59	-0.00
2181	23.59	-0.01
2182	23.59	-0.01
2183	23.60	-0.01
2184	23.60	-0.09
2185	23.60	-0.09
2186	23.60	-0.09
2187	23.60	0.03
2188	23.60	0.03
2189	23.61	0.03
2190	23.61	-0.07
2191	23.61	-0.07
2192	23.59	-0.07
2193	23.59	0.00
2194	23.59	0.00
2195	23.62	0.00
2196	23.62	-0.01
2197	23.62	-0.01
2198	23.61	-0.01
2199	23.61	-0.09
2200	23.61	-0.09
2201	23.61	-0.09
2202	23.61	0.03
2203	23.61	0.03
2204	23.62	0.03
2205	23.62	-0.07
2206	23.62	-0.07
2207	23.60	-0.07
2208	23.60	0.01
2209	23.60	0.01
2210	23.58	0.01
2211	23.58	-0.02
2212	23.58	-0.02
2213	23.56	-0.02
2214	23.56	-0.09
2215	23.56	-0.09
2216	23.58	-0.09
2217	23.58	0.03
2218	23.58	0.03
2219	23.61	0.03
2220	23.61	-0.07
2221	23.61	-0.07
2222	23.61	-0.07
2223	23.61	0.00
2224	23.61	0.00
2225	23.61	0.00
2226	23.61	-0.02
2227	23.61	-0.02
2228	23.63	-0.02
2229	23.63	-0.09
2230	23.63	-0.09
2231	23.62	-0.09
2232	23.62	0.03
2233	23.62	0.03
2234	23.61	0.03
2235	23.61	-0.08
2236	23.61	-0.08
2237	23.58	-0.08
2238	23.58	0.00
2239	23.58	0.00
2240	23.58	0.00
2241	23.58	-0.03
2242	23.58	-0.03
2243	23.56	-0.03
2244	23.56	-0.08
2245	23.56	-0.08
2246	23.56	-0.08
2247	23.56	0.04
2248	23.56	0.04
2249	23.57	0.04
2250	23.57	-0.08
2251	23.57	-0.08
2252	23.57	-0.08
2253	23.57	0.01
2254	23.57	0.01
2255	23.57	0.01
2256	23.57	-0.03
2257	23.57	-0.03
2258	23.57	-0.03
2259	23.57	-0.08
2260	23.57	-0.08
2261	23.59	-0.08
2262	23.59	0.04
2263	23.59	0.04
2264	23.58	0.04
2265	23.58	-0.08
2266	23.58	-0.08
2267	23.55	-0.08
2268	23.55	0.01
2269	23.55	0.01
2270	23.54	0.01
2271	23.54	-0.03
2272	23.54	-0.03
2273	23.58	-0.03
2274	23.58	-0.08
2275	23.58	-0.08
2276	23.58	-0.08
2277	23.58	0.03
2278	23.58	0.03
2279	23.57	0.03
2280	23.57	-0.09
2281	23.57	-0.09
2282	23.57	-0.09
2283	23.57	0.01
2284	23.57	0.01
2285	23.56	0.01
2286	23.56	-0.04
2287	23.56	-0.04
2288	23.56	-0.04
2289	23.56	-0.07
2290	23.56	-0.07
2291	23.56	-0.07
2292	23.56	0.04
2293	23.56	0.04
2294	23.54	0.04
2295	23.54	-0.09
2296	23.54	-0.09
2297	23.53	-0.09
2298	23.53	0.01
2299	23.53	0.01
2300	23.53	0.01
2301	23.53	-0.04
2302	23.53	-0.04
2303	23.56	-0.04
2304	23.56	-0.07
2305	23.56	-0.07
2306	23.56	-0.07
2307	23.56	0.04
2308	23.56	0.04
2309	23.56	0.04
2310	23.56	-0.09
2311	23.56	-0.09
2312	23.56	-0.09
2313	23.56	0.01
2314	23.56	0.01
2315	23.57	0.01
2316	23.57	-0.04
2317	23.57	-0.04
2318	23.57	-0.04
2319	23.57	-0.07
2320	23.57	-0.07
2321	23.56	-0.07
2322	23.56	0.04
2323	23.56	0.04
2324	23.54	0.04
2325	23.54	-0.09
2326	23.54	-0.09
2327	23.54	-0.09
2328	23.54	0.01
2329	23.54	0.01
2330	23.54	0.01
2331	23.54	-0.04
2332	23.54	-0.04
2333	23.56	-0.04
2334	23.56	-0.07
2335	23.56	-0.07
2336	23.56	-0.07
2337	23.56	0.04
2338	23.56	0.04
2339	23.55	0.04
2340	23.55	-0.09
2341	23.55	-0.09
2342	23.56	-0.09
2343	23.56	0.01
2344	23.56	0.01
2345	23.58	0.01
2346	23.58	-0.04
2347	23.58	-0.04
2348	23.58	-0.04
2349	23.58	-0.06
2350	23.58	-0.06
2351	23.59	-0.06
2352	23.59	0.03
2353	23.59	0.03
2354	23.57	0.03
2355	23.57	-0.09
2356	23.57	-0.09
2357	23.56	-0.09
2358	23.56	0.01
2359	23.56	0.01
2360	23.56	0.01
2361	23.56	-0.05
2362	23.56	-0.05
2363	23.56	-0.05
2364	23.56	-0.06
2365	23.56	-0.06
2366	23.56	-0.06
2367	23.56	0.04
2368	23.56	0.04
2369	23.55	0.04
2370	23.55	-0.09
2371	23.55	-0.09
2372	23.55	-0.09
2373	23.55	0.01
2374	23.55	0.01
2375	23.54	0.01
2376	23.54	-0.05
2377	23.54	-0.05
2378	23.55	-0.05
2379	23.55	-0.06
2380	23.55	-0.06
2381	23.54	-0.06
2382	23.54	0.04
2383	23.54	0.04
2384	23.51	0.04
2385	23.51	-0.09
2386	23.51	-0.09
2387	23.51	-0.09
2388	23.51	0.02
2389	23.51	0.02
2390	23.52	0.02
2391	23.52	-0.05
2392	23.52	-0.05
2393	23.53	-0.05
2394	23.53	-0.06
2395	23.53	-0.06
2396	23.52	-0.06
2397	23.52	0.03
2398	23.52	0.03
2399	23.53	0.03
2400	23.53	-0.09
2401	23.53	-0.09
2402	23.52	-0.09
2403	23.52	0.01
2404	23.52	0.01
2405	23.53	0.01
2406	23.53	-0.05
2407	23.53	-0.05
2408	23.53	-0.05
2409	23.53	-0.06
2410	23.53	-0.06
2411	23.52	-0.06
2412	23.52	0.03
2413	23.52	0.03
2414	23.52	0.03
2415	23.52	-0.09
2416	23.52	-0.09
2417	23.52	-0.09
2418	23.52	0.01
2419	23.52	0.01
2420	23.53	0.01
2421	23.53	-0.05
2422	23.53	-0.05
2423	23.54	-0.05
2424	23.54	-0.05
2425	23.54	-0.05
2426	23.53	-0.05
2427	23.53	0.03
2428	23.53	0.03
2429	23.55	0.03
2430	23.55	-0.09
2431	23.55	-0.09
2432	23.57	-0.09
2433	23.57	0.02
2434	23.57	0.02
2435	23.56	0.02
2436	23.56	-0.05
2437	23.56	-0.05
2438	23.55	-0.05
2439	23.55	-0.06
2440	23.55	-0.06
2441	23.54	-0.06
2442	23.54	0.03
2443	23.54	0.03
2444	23.54	0.03
2445	23.54	-0.09
2446	23.54	-0.09
2447	23.53	-0.09
2448	23.53	0.02
2449	23.53	0.02
2450	23.55	0.02
2451	23.55	-0.05
2452	23.55	-0.05
2453	23.54	-0.05
2454	23.54	-0.05
2455	23.54	-0.05
2456	23.54	-0.05
2457	23.54	0.03
2458	23.54	0.03
2459	23.53	0.03
2460	23.53	-0.09
2461	23.53	-0.09
2462	23.53	-0.09
2463	23.53	0.02
2464	23.53	0.02
2465	23.53	0.02
2466	23.53	-0.05
2467	23.53	-0.05
2468	23.53	-0.05
2469	23.53	-0.05
2470	23.53	-0.05
2471	23.52	-0.05
2472	23.52	0.03
2473	23.52	0.03
2474	23.51	0.03
2475	23.51	-0.09
2476	23.51	-0.09
2477	23.53	-0.09
2478	23.53	0.02
2479	23.53	0.02
2480	23.53	0.02
2481	23.53	-0.05
2482	23.53	-0.05
2483	23.52	-0.05
2484	23.52	-0.05
2485	23.52	-0.05
2486	23.53	-0.05
2487	23.53	0.03
2488	23.53	0.03
2489	23.54	0.03
2490	23.54	-0.09
2491	23.54	-0.09
2492	23.54	-0.09
2493	23.54	0.02
2494	23.54	0.02
2495	23.54	0.02
2496	23.54	-0.06
2497	23.54	-0.06
2498	23.53	-0.06
2499	23.53	-0.05
2500	23.53	-0.05
2501	23.52	-0.05
2502	23.52	0.03
2503	23.52	0.03
2504	23.52	0.03
2505	23.52	-0.09
2506	23.52	-0.09
2507	23.54	-0.09
2508	23.54	0.02
2509	23.54	0.02
2510	23.54	0.02
2511	23.54	-0.06
2512	23.54	-0.06
2513	23.54	-0.06
2514	23.54	-0.05
2515	23.54	-0.05
2516	23.54	-0.05
2517	23.54	0.03
2518	23.54	0.03
2519	23.55	0.03
2520	23.55	-0.09
2521	23.55	-0.09
2522	23.56	-0.09
2523	23.56	0.02
2524	23.56	0.02
2525	23.54	0.02
2526	23.54	-0.05
2527	23.54	-0.05
2528	23.55	-0.05
2529	23.55	-0.05
2530	23.55	-0.05
2531	23.55	-0.05
2532	23.55	0.03
2533	23.55	0.03
2534	23.54	0.03
2535	23.54	-0.09
2536	23.54	-0.09
2537	23.56	-0.09
2538	23.56	0.02
2539	23.56	0.02
2540	23.56	0.02
2541	23.56	-0.05
2542	23.56	-0.05
2543	23.56	-0.05
2544	23.56	-0.05
2545	23.56	-0.05
2546	23.59	-0.05
2547	23.59	0.03
2548	23.59	0.03
2549	23.61	0.03
2550	23.61	-0.09
2551	23.61	-0.09
2552	23.60	-0.09
2553	23.60	0.01
2554	23.60	0.01
2555	23.61	0.01
2556	23.61	-0.05
2557	23.61	-0.05
2558	23.59	-0.05
2559	23.59	-0.05
2560	23.59	-0.05
2561	23.59	-0.05
2562	23.59	0.03
2563	23.59	0.03
2564	23.60	0.03
2565	23.60	-0.09
2566	23.60	-0.09
2567	23.63	-0.09
2568	23.63	0.02
2569	23.63	0.02
2570	23.63	0.02
2571	23.63	-0.05
2572	23.63	-0.05
2573	23.63	-0.05
2574	23.63	-0.05
2575	23.63	-0.05
2576	23.63	-0.05
2577	23.63	0.04
2578	23.63	0.04
2579	23.63	0.04
2580	23.63	-0.09
2581	23.63	-0.09
2582	23.63	-0.09
2583	23.63	0.02
2584	23.63	0.02
2585	23.62	0.02
2586	23.62	-0.05
2587	23.62	-0.05
2588	23.62	-0.05
2589	23.62	-0.05
2590	23.62	-0.05
2591	23.63	-0.05
2592	23.63	0.04
2593	23.63	0.04
2594	23.64	0.04
2595	23.64	-0.09
2596	23.64	-0.09
2597	23.63	-0.09
2598	23.63	0.01
2599	23.63	0.01
2600	23.64	0.01
2601	23.64	-0.05
2602	23.64	-0.05
2603	23.65	-0.05
2604	23.65	-0.05
2605	23.65	-0.05
2606	23.65	-0.05
2607	23.65	0.03
2608	23.65	0.03
2609	23.65	0.03
2610	23.65	-0.09
2611	23.65	-0.09
2612	23.64	-0.09
2613	23.64	0.01
2614	23.64	0.01
2615	23.64	0.01
2616	23.64	-0.05
2617	23.64	-0.05
2618	23.64	-0.05
2619	23.64	-0.05
2620	23.64	-0.05
2621	23.65	-0.05
2622	23.65	0.03
2623	23.65	0.03
2624	23.65	0.03
2625	23.65	-0.09
2626	23.65	-0.09
2627	23.65	-0.09
2628	23.65	0.01
2629	23.65	0.01
2630	23.66	0.01
2631	23.66	-0.05
2632	23.66	-0.05
2633	23.67	-0.05
2634	23.67	-0.06
2635	23.67	-0.06
2636	23.69	-0.06
2637	23.69	0.04
2638	23.69	0.04
2639	23.68	0.04
2640	23.68	-0.09
2641	23.68	-0.09
2642	23.68	-0.09
2643	23.68	0.01
2644	23.68	0.01
2645	23.69	0.01
2646	23.69	-0.05
2647	23.69	-0.05
2648	23.69	-0.05
2649	23.69	-0.06
2650	23.69	-0.06
2651	23.71	-0.06
2652	23.71	0.03
2653	23.71	0.03
2654	23.72	0.03
2655	23.72	-0.09
2656	23.72	-0.09
2657	23.70	-0.09
2658	23.70	0.01
2659	23.70	0.01
2660	23.70	0.01
2661	23.70	-0.05
2662	23.70	-0.05
2663	23.70	-0.05
2664	23.70	-0.06
2665	23.70	-0.06
2666	23.70	-0.06
2667	23.70	0.03
2668	23.70	0.03
2669	23.70	0.03
2670	23.70	-0.09
2671	23.70	-0.09
2672	23.70	-0.09
2673	23.70	0.01
2674	23.70	0.01
2675	23.69	0.01
2676	23.69	-0.05
2677	23.69	-0.05
2678	23.70	-0.05
2679	23.70	-0.06
2680	23.70	-0.06
2681	23.72	-0.06
2682	23.72	0.04
2683	23.72	0.04
2684	23.73	0.04
2685	23.73	-0.09
2686	23.73	-0.09
2687	23.72	-0.09
2688	23.72	0.01
2689	23.72	0.01
2690	23.72	0.01
2691	23.72	-0.05
2692	23.72	-0.05
2693	23.71	-0.05
2694	23.71	-0.06
2695	23.71	-0.06
2696	23.71	-0.06
2697	23.71	0.04
2698	23.71	0.04
2699	23.72	0.04
2700	23.72	-0.09
2701	23.72	-0.09
2702	23.71	-0.09
2703	23.71	0.01
2704	23.71	0.01
2705	23.70	0.01
2706	23.70	-0.05
2707	23.70	-0.05
2708	23.71	-0.05
2709	23.71	-0.06
2710	23.71	-0.06
2711	23.71	-0.06
2712	23.71	0.04
2713	23.71	0.04
2714	23.71	0.04
2715	23.71	-0.09
2716	23.71	-0.09
2717	23.72	-0.09
2718	23.72	0.01
2719	23.72	0.01
2720	23.72	0.01
2721	23.72	-0.04
2722	23.72	-0.04
2723	23.72	-0.04
2724	23.72	-0.06
2725	23.72	-0.06
2726	23.71	-0.06
2727	23.71	0.04
2728	23.71	0.04
2729	23.70	0.04
2730	23.70	-0.08
2731	23.70	-0.08
2732	23.70	-0.08
2733	23.70	0.01
2734	23.70	0.01
2735	23.71	0.01
2736	23.71	-0.05
2737	23.71	-0.05
2738	23.71	-0.05
2739	23.71	-0.06
2740	23.71	-0.06
2741	23.70	-0.06
2742	23.70	0.04
2743	23.70	0.04
2744	23.70	0.04
2745	23.70	-0.09
2746	23.70	-0.09
2747	23.70	-0.09
2748	23.70	0.01
2749	23.70	0.01
2750	23.69	0.01
2751	23.69	-0.05
2752	23.69	-0.05
2753	23.70	-0.05
2754	23.70	-0.06
2755	23.70	-0.06
2756	23.69	-0.06
2757	23.69	0.04
2758	23.69	0.04
2759	23.70	0.04
2760	23.70	-0.09
2761	23.70	-0.09
2762	23.69	-0.09
2763	23.69	0.01
2764	23.69	0.01
2765	23.69	0.01
2766	23.69	-0.04
2767	23.69	-0.04
2768	23.69	-0.04
2769	23.69	-0.07
2770	23.69	-0.07
2771	23.69	-0.07
2772	23.69	0.04
2773	23.69	0.04
2774	23.69	0.04
2775	23.69	-0.08
2776	23.69	-0.08
2777	23.70	-0.08
2778	23.70	0.01
2779	23.70	0.01
2780	23.70	0.01
2781	23.70	-0.04
2782	23.70	-0.04
2783	23.70	-0.04
2784	23.70	-0.07
2785	23.70	-0.07
2786	23.70	-0.07
2787	23.70	0.04
2788	23.70	0.04
2789	23.70	0.04
2790	23.70	-0.08
2791	23.70	-0.08
2792	23.69	-0.08
2793	23.69	0.01
2794	23.69	0.01
2795	23.70	0.01
2796	23.70	-0.04
2797	23.70	-0.04
2798	23.70	-0.04
2799	23.70	-0.06
2800	23.70	-0.06
2801	23.70	-0.06
2802	23.70	0.04
2803	23.70	0.04
2804	23.71	0.04
2805	23.71	-0.08
2806	23.71	-0.08
2807	21.55	-0.08
2808	21.55	0.00
2809	21.55	0.00
2810	7.51	0.00
2811	7.51	-0.05
2812	7.51	-0.05
2813	-1.05	-0.05
2814	-1.05	-0.07
2815	-1.05	-0.07
2816	-2.76	-0.07
2817	-2.76	0.03
2818	-2.76	0.03
2819	-1.23	0.03
2820	-1.23	-0.09
2821	-1.23	-0.09
2822	1.52	-0.09
2823	1.52	0.01
2824	1.52	0.01
2825	2.71	0.01
2826	2.71	-0.05
2827	2.71	-0.05
2828	1.92	-0.05
2829	1.92	-0.07
2830	1.92	-0.07
2831	0.58	-0.07
2832	0.58	0.03
2833	0.58	0.03
2834	0.12	0.03
2835	0.12	-0.09
2836	0.12	-0.09
2837	0.33	-0.09
2838	0.33	0.01
2839	0.33	0.01
2840	0.94	0.01
2841	0.94	-0.04
2842	0.94	-0.04
2843	1.18	-0.04
2844	1.18	-0.07
2845	1.18	-0.07
2846	1.10	-0.07
2847	1.10	0.03
2848	1.10	0.03
2849	0.87	0.03
2850	0.87	-0.09
2851	0.87	-0.09
2852	0.74	-0.09
2853	0.74	0.01
2854	0.74	0.01
2855	0.77	0.01
2856	0.77	-0.04
2857	0.77	-0.04
2858	0.83	-0.04
2859	0.83	-0.07
2860	0.83	-0.07
2861	0.85	-0.07
2862	0.85	0.04
2863	0.85	0.04
2864	0.83	0.04
2865	0.83	-0.09
2866	0.83	-0.09
2867	0.83	-0.09
2868	0.83	0.01
2869	0.83	0.01
2870	0.84	0.01
2871	0.84	-0.04
2872	0.84	-0.04
2873	0.86	-0.04
2874	0.86	-0.07
2875	0.86	-0.07
2876	0.88	-0.07
2877	0.88	0.04
2878	0.88	0.04
2879	0.88	0.04
2880	0.88	-0.09
2881	0.88	-0.09
2882	0.88	-0.09
2883	0.88	0.01
2884	0.88	0.01
2885	0.87	0.01
2886	0.87	-0.04
2887	0.87	-0.04
2888	0.88	-0.04
2889	0.88	-0.08
2890	0.88	-0.08
2891	0.89	-0.08
2892	0.89	0.04
2893	0.89	0.04
2894	0.90	0.04
2895	0.90	-0.08
2896	0.90	-0.08
2897	0.89	-0.08
2898	0.89	0.00
2899	0.89	0.00
2900	0.89	0.00
