Contador    P0  P1
0	-2.22	-2.22
1	-2.22	-2.22
2	8.11	-2.22
3	8.11	7.69
4	8.11	7.69
5	8.12	7.69
6	8.12	7.59
7	8.12	7.59
8	8.25	7.59
9	8.25	7.69
10	8.25	7.69
11	8.18	7.69
12	8.18	7.66
13	8.18	7.66
14	8.22	7.66
15	8.22	7.60
16	8.22	7.60
17	8.21	7.60
18	8.21	7.71
19	8.21	7.71
20	8.22	7.71
21	0.00	-0.11
22	0.00	-0.11
23	0.00	-0.11
24	0.00	-0.03
25	0.00	-0.03
26	-0.01	-0.03
27	-0.01	-0.06
28	-0.01	-0.06
29	-0.00	-0.06
30	-0.00	-0.11
31	-0.00	-0.11
32	-0.01	-0.11
33	-0.01	-0.01
34	-0.01	-0.01
35	0.00	-0.01
36	0.00	-0.11
37	0.00	-0.11
38	-0.01	-0.11
39	-0.01	-0.03
40	-0.01	-0.03
41	-0.00	-0.03
42	-0.00	-0.07
43	-0.00	-0.07
44	-0.01	-0.07
45	-0.01	-0.11
46	-0.01	-0.11
47	-0.00	-0.11
48	-0.00	-0.01
49	-0.00	-0.01
50	-0.01	-0.01
51	-0.01	-0.12
52	-0.01	-0.12
53	-0.01	-0.12
54	-0.01	-0.03
55	-0.01	-0.03
56	-0.01	-0.03
57	-0.01	-0.07
58	-0.01	-0.07
59	-0.01	-0.07
60	-0.01	-0.10
61	-0.01	-0.10
62	-0.01	-0.10
63	-0.01	-0.00
64	-0.01	-0.00
65	-0.01	-0.00
66	-0.01	-0.12
67	-0.01	-0.12
68	-0.01	-0.12
69	-0.01	-0.03
70	-0.01	-0.03
71	-0.01	-0.03
72	-0.01	-0.08
73	-0.01	-0.08
74	-0.01	-0.08
75	-0.01	-0.10
76	-0.01	-0.10
77	-0.01	-0.10
78	-0.01	-0.01
79	-0.01	-0.01
80	-0.01	-0.01
81	-0.01	-0.12
82	-0.01	-0.12
83	-0.02	-0.12
84	-0.02	-0.03
85	-0.02	-0.03
86	-0.02	-0.03
87	-0.02	-0.08
88	-0.02	-0.08
89	-0.02	-0.08
90	-0.02	-0.09
91	-0.02	-0.09
92	-0.02	-0.09
93	-0.02	-0.00
94	-0.02	-0.00
95	-0.02	-0.00
96	-0.02	-0.12
97	-0.02	-0.12
98	-0.02	-0.12
99	-0.02	-0.02
100	-0.02	-0.02
101	-0.02	-0.02
102	-0.02	-0.08
103	-0.02	-0.08
104	-0.03	-0.08
105	-0.03	-0.09
106	-0.03	-0.09
107	-0.03	-0.09
108	-0.03	-0.00
109	-0.03	-0.00
110	-0.03	-0.00
111	-0.03	-0.12
112	-0.03	-0.12
113	-0.03	-0.12
114	-0.03	-0.03
115	-0.03	-0.03
116	-0.03	-0.03
117	-0.03	-0.09
118	-0.03	-0.09
119	-0.03	-0.09
120	-0.03	-0.09
121	-0.03	-0.09
122	-0.04	-0.09
123	-0.04	-0.01
124	-0.04	-0.01
125	-0.04	-0.01
126	-0.04	-0.12
127	-0.04	-0.12
128	-0.04	-0.12
129	-0.04	-0.02
130	-0.04	-0.02
131	13.46	-0.02
132	13.46	-0.09
133	13.46	-0.09
134	18.34	-0.09
135	18.34	-0.08
136	18.34	-0.08
137	19.23	-0.08
138	19.23	-0.01
139	19.23	-0.01
140	18.80	-0.01
141	18.80	-0.12
142	18.80	-0.12
143	18.32	-0.12
144	18.32	-0.02
145	18.32	-0.02
146	18.25	-0.02
147	18.25	-0.09
148	18.25	-0.09
149	18.24	-0.09
150	18.24	-0.08
151	18.24	-0.08
152	18.26	-0.08
153	18.26	-0.01
154	18.26	-0.01
155	18.33	-0.01
156	18.33	-0.11
157	18.33	-0.11
158	18.25	-0.11
159	18.25	-0.02
160	18.25	-0.02
161	18.23	-0.02
162	18.23	-0.09
163	18.23	-0.09
164	18.31	-0.09
165	18.31	-0.07
166	18.31	-0.07
167	18.28	-0.07
168	18.28	-0.00
169	18.28	-0.00
170	18.29	-0.00
171	18.29	-0.11
172	18.29	-0.11
173	18.26	-0.11
174	18.26	-0.01
175	18.26	-0.01
176	18.28	-0.01
177	18.28	-0.09
178	18.28	-0.09
179	18.26	-0.09
180	18.26	-0.07
181	18.26	-0.07
182	18.29	-0.07
183	18.29	-0.01
184	18.29	-0.01
185	18.37	-0.01
186	18.37	-0.11
187	18.37	-0.11
188	18.31	-0.11
189	18.31	-0.02
190	18.31	-0.02
191	18.27	-0.02
192	18.27	-0.09
193	18.27	-0.09
194	18.32	-0.09
195	18.32	-0.07
196	18.32	-0.07
197	18.30	-0.07
198	18.30	-0.01
199	18.30	-0.01
200	18.29	-0.01
201	18.29	-0.12
202	18.29	-0.12
203	18.33	-0.12
204	18.33	-0.02
205	18.33	-0.02
206	18.26	-0.02
207	18.26	-0.09
208	18.26	-0.09
209	18.25	-0.09
210	18.25	-0.07
211	18.25	-0.07
212	18.27	-0.07
213	18.27	-0.00
214	18.27	-0.00
215	18.34	-0.00
216	18.34	-0.12
217	18.34	-0.12
218	18.27	-0.12
219	18.27	-0.02
220	18.27	-0.02
221	18.23	-0.02
222	18.23	-0.09
223	18.23	-0.09
224	18.32	-0.09
225	18.32	-0.07
226	18.32	-0.07
227	18.32	-0.07
228	18.32	-0.01
229	18.32	-0.01
230	18.29	-0.01
231	18.29	-0.12
232	18.29	-0.12
233	18.31	-0.12
234	18.31	-0.01
235	18.31	-0.01
236	18.37	-0.01
237	18.37	-0.09
238	18.37	-0.09
239	18.36	-0.09
240	18.36	-0.07
241	18.36	-0.07
242	18.33	-0.07
243	18.33	-0.00
244	18.33	-0.00
245	18.36	-0.00
246	18.36	-0.12
247	18.36	-0.12
248	18.33	-0.12
249	18.33	-0.01
250	18.33	-0.01
251	18.32	-0.01
252	18.32	-0.09
253	18.32	-0.09
254	18.34	-0.09
255	18.34	-0.07
256	18.34	-0.07
257	18.26	-0.07
258	18.26	-0.00
259	18.26	-0.00
260	18.29	-0.00
261	18.29	-0.12
262	18.29	-0.12
263	18.27	-0.12
264	18.27	-0.01
265	18.27	-0.01
266	18.23	-0.01
267	18.23	-0.09
268	18.23	-0.09
269	18.21	-0.09
270	18.21	-0.07
271	18.21	-0.07
272	18.04	-0.07
273	18.04	-0.01
274	18.04	-0.01
275	18.11	-0.01
276	18.11	-0.12
277	18.11	-0.12
278	18.15	-0.12
279	18.15	-0.02
280	18.15	-0.02
281	18.17	-0.02
282	18.17	-0.09
283	18.17	-0.09
284	18.21	-0.09
285	18.21	-0.07
286	18.21	-0.07
287	18.16	-0.07
288	18.16	-0.00
289	18.16	-0.00
290	18.16	-0.00
291	18.16	-0.12
292	18.16	-0.12
293	18.14	-0.12
294	18.14	-0.01
295	18.14	-0.01
296	18.17	-0.01
297	18.17	-0.09
298	18.17	-0.09
299	18.20	-0.09
300	18.20	-0.07
301	18.20	-0.07
302	18.20	-0.07
303	18.20	-0.01
304	18.20	-0.01
305	18.27	-0.01
306	18.27	-0.11
307	18.27	-0.11
308	18.23	-0.11
309	18.23	-0.02
310	18.23	-0.02
311	18.21	-0.02
312	18.21	-0.09
313	18.21	-0.09
314	18.24	-0.09
315	18.24	-0.07
316	18.24	-0.07
317	18.22	-0.07
318	18.22	-0.01
319	18.22	-0.01
320	18.22	-0.01
321	18.22	-0.11
322	18.22	-0.11
323	18.18	-0.11
324	18.18	-0.01
325	18.18	-0.01
326	18.09	-0.01
327	18.09	-0.09
328	18.09	-0.09
329	18.09	-0.09
330	18.09	-0.07
331	18.09	-0.07
332	18.13	-0.07
333	18.13	0.00
334	18.13	0.00
335	18.15	0.00
336	18.15	-0.11
337	18.15	-0.11
338	18.17	-0.11
339	18.17	-0.01
340	18.17	-0.01
341	18.21	-0.01
342	18.21	-0.09
343	18.21	-0.09
344	18.21	-0.09
345	18.21	-0.07
346	18.21	-0.07
347	18.14	-0.07
348	18.14	-0.00
349	18.14	-0.00
350	18.17	-0.00
351	18.17	-0.12
352	18.17	-0.12
353	18.17	-0.12
354	18.17	-0.01
355	18.17	-0.01
356	18.17	-0.01
357	18.17	-0.09
358	18.17	-0.09
359	18.17	-0.09
360	18.17	-0.08
361	18.17	-0.08
362	18.19	-0.08
363	18.19	-0.00
364	18.19	-0.00
365	18.18	-0.00
366	18.18	-0.11
367	18.18	-0.11
368	18.15	-0.11
369	18.15	-0.02
370	18.15	-0.02
371	18.17	-0.02
372	18.17	-0.09
373	18.17	-0.09
374	18.18	-0.09
375	18.18	-0.07
376	18.18	-0.07
377	18.15	-0.07
378	18.15	0.00
379	18.15	0.00
380	18.15	0.00
381	18.15	-0.12
382	18.15	-0.12
383	18.16	-0.12
384	18.16	-0.02
385	18.16	-0.02
386	18.14	-0.02
387	18.14	-0.09
388	18.14	-0.09
389	18.21	-0.09
390	18.21	-0.08
391	18.21	-0.08
392	18.24	-0.08
393	18.24	-0.00
394	18.24	-0.00
395	18.22	-0.00
396	18.22	-0.11
397	18.22	-0.11
398	18.19	-0.11
399	18.19	-0.01
400	18.19	-0.01
401	18.15	-0.01
402	18.15	-0.08
403	18.15	-0.08
404	18.22	-0.08
405	18.22	-0.08
406	18.22	-0.08
407	18.15	-0.08
408	18.15	-0.00
409	18.15	-0.00
410	18.19	-0.00
411	18.19	-0.12
412	18.19	-0.12
413	18.17	-0.12
414	18.17	-0.02
415	18.17	-0.02
416	18.17	-0.02
417	18.17	-0.08
418	18.17	-0.08
419	18.20	-0.08
420	18.20	-0.08
421	18.20	-0.08
422	18.17	-0.08
423	18.17	-0.00
424	18.17	-0.00
425	18.17	-0.00
426	18.17	-0.12
427	18.17	-0.12
428	18.11	-0.12
429	18.11	-0.02
430	18.11	-0.02
431	18.13	-0.02
432	18.13	-0.08
433	18.13	-0.08
434	18.16	-0.08
435	18.16	-0.09
436	18.16	-0.09
437	18.16	-0.09
438	18.16	0.00
439	18.16	0.00
440	18.18	0.00
441	18.18	-0.12
442	18.18	-0.12
443	18.13	-0.12
444	18.13	-0.02
445	18.13	-0.02
446	18.13	-0.02
447	18.13	-0.08
448	18.13	-0.08
449	18.18	-0.08
450	18.18	-0.09
451	18.18	-0.09
452	18.18	-0.09
453	18.18	-0.00
454	18.18	-0.00
455	18.20	-0.00
456	18.20	-0.12
457	18.20	-0.12
458	18.17	-0.12
459	18.17	-0.02
460	18.17	-0.02
461	18.13	-0.02
462	18.13	-0.08
463	18.13	-0.08
464	18.13	-0.08
465	18.13	-0.09
466	18.13	-0.09
467	18.14	-0.09
468	18.14	0.00
469	18.14	0.00
470	18.18	0.00
471	18.18	-0.12
472	18.18	-0.12
473	18.16	-0.12
474	18.16	-0.02
475	18.16	-0.02
476	18.14	-0.02
477	18.14	-0.07
478	18.14	-0.07
479	18.15	-0.07
480	18.15	-0.09
481	18.15	-0.09
482	18.21	-0.09
483	18.21	0.00
484	18.21	0.00
485	18.20	0.00
486	18.20	-0.11
487	18.20	-0.11
488	18.15	-0.11
489	18.15	-0.02
490	18.15	-0.02
491	18.14	-0.02
492	18.14	-0.07
493	18.14	-0.07
494	18.18	-0.07
495	18.18	-0.10
496	18.18	-0.10
497	18.13	-0.10
498	18.13	0.00
499	18.13	0.00
500	18.13	0.00
501	18.13	-0.11
502	18.13	-0.11
503	18.13	-0.11
504	18.13	-0.02
505	18.13	-0.02
506	18.13	-0.02
507	18.13	-0.07
508	18.13	-0.07
509	18.15	-0.07
510	18.15	-0.10
511	18.15	-0.10
512	18.17	-0.10
513	18.17	0.00
514	18.17	0.00
515	18.18	0.00
516	18.18	-0.11
517	18.18	-0.11
518	18.15	-0.11
519	18.15	-0.02
520	18.15	-0.02
521	18.12	-0.02
522	18.12	-0.07
523	18.12	-0.07
524	18.18	-0.07
525	18.18	-0.10
526	18.18	-0.10
527	18.19	-0.10
528	18.19	0.00
529	18.19	0.00
530	18.19	0.00
531	18.19	-0.11
532	18.19	-0.11
533	18.19	-0.11
534	18.19	-0.03
535	18.19	-0.03
536	18.13	-0.03
537	18.13	-0.07
538	18.13	-0.07
539	18.14	-0.07
540	18.14	-0.10
541	18.14	-0.10
542	18.15	-0.10
543	18.15	0.00
544	18.15	0.00
545	18.16	0.00
546	18.16	-0.11
547	18.16	-0.11
548	18.11	-0.11
549	18.11	-0.03
550	18.11	-0.03
551	18.13	-0.03
552	18.13	-0.06
553	18.13	-0.06
554	18.17	-0.06
555	18.17	-0.10
556	18.17	-0.10
557	18.13	-0.10
558	18.13	0.00
559	18.13	0.00
560	18.15	0.00
561	18.15	-0.11
562	18.15	-0.11
563	18.15	-0.11
564	18.15	-0.03
565	18.15	-0.03
566	18.12	-0.03
567	18.12	-0.06
568	18.12	-0.06
569	18.17	-0.06
570	18.17	-0.10
571	18.17	-0.10
572	18.16	-0.10
573	18.16	0.00
574	18.16	0.00
575	18.24	0.00
576	18.24	-0.11
577	18.24	-0.11
578	18.19	-0.11
579	18.19	-0.02
580	18.19	-0.02
581	18.15	-0.02
582	18.15	-0.06
583	18.15	-0.06
584	18.16	-0.06
585	18.16	-0.10
586	18.16	-0.10
587	18.14	-0.10
588	18.14	0.00
589	18.14	0.00
590	18.17	0.00
591	18.17	-0.11
592	18.17	-0.11
593	18.17	-0.11
594	18.17	-0.03
595	18.17	-0.03
596	18.13	-0.03
597	18.13	-0.06
598	18.13	-0.06
599	18.15	-0.06
600	18.15	-0.11
601	18.15	-0.11
602	18.13	-0.11
603	18.13	0.00
604	18.13	0.00
605	18.16	0.00
606	18.16	-0.11
607	18.16	-0.11
608	18.15	-0.11
609	18.15	-0.03
610	18.15	-0.03
611	18.13	-0.03
612	18.13	-0.06
613	18.13	-0.06
614	18.15	-0.06
615	18.15	-0.11
616	18.15	-0.11
617	18.11	-0.11
618	18.11	0.00
619	18.11	0.00
620	18.12	0.00
621	18.12	-0.10
622	18.12	-0.10
623	18.11	-0.10
624	18.11	-0.03
625	18.11	-0.03
626	18.10	-0.03
627	18.10	-0.06
628	18.10	-0.06
629	18.15	-0.06
630	18.15	-0.11
631	18.15	-0.11
632	18.12	-0.11
633	18.12	0.01
634	18.12	0.01
635	18.16	0.01
636	18.16	-0.10
637	18.16	-0.10
638	18.14	-0.10
639	18.14	-0.03
640	18.14	-0.03
641	18.14	-0.03
642	18.14	-0.05
643	18.14	-0.05
644	18.14	-0.05
645	18.14	-0.11
646	18.14	-0.11
647	18.13	-0.11
648	18.13	0.01
649	18.13	0.01
650	18.14	0.01
651	18.14	-0.10
652	18.14	-0.10
653	18.13	-0.10
654	18.13	-0.03
655	18.13	-0.03
656	18.11	-0.03
657	18.11	-0.05
658	18.11	-0.05
659	18.14	-0.05
660	18.14	-0.11
661	18.14	-0.11
662	18.17	-0.11
663	18.17	0.00
664	18.17	0.00
665	18.19	0.00
666	18.19	-0.10
667	18.19	-0.10
668	18.16	-0.10
669	18.16	-0.02
670	18.16	-0.02
671	18.15	-0.02
672	18.15	-0.05
673	18.15	-0.05
674	18.17	-0.05
675	18.17	-0.11
676	18.17	-0.11
677	18.18	-0.11
678	18.18	0.00
679	18.18	0.00
680	18.19	0.00
681	18.19	-0.10
682	18.19	-0.10
683	18.19	-0.10
684	18.19	-0.03
685	18.19	-0.03
686	18.17	-0.03
687	18.17	-0.05
688	18.17	-0.05
689	18.17	-0.05
690	18.17	-0.11
691	18.17	-0.11
692	18.16	-0.11
693	18.16	0.00
694	18.16	0.00
695	18.16	0.00
696	18.16	-0.10
697	18.16	-0.10
698	18.13	-0.10
699	18.13	-0.03
700	18.13	-0.03
701	18.10	-0.03
702	18.10	-0.04
703	18.10	-0.04
704	18.13	-0.04
705	18.13	-0.11
706	18.13	-0.11
707	18.14	-0.11
708	18.14	0.00
709	18.14	0.00
710	18.16	0.00
711	18.16	-0.10
712	18.16	-0.10
713	18.14	-0.10
714	18.14	-0.03
715	18.14	-0.03
716	18.15	-0.03
717	18.15	-0.04
718	18.15	-0.04
719	18.13	-0.04
720	18.13	-0.11
721	18.13	-0.11
722	18.16	-0.11
723	18.16	0.00
724	18.16	0.00
725	18.14	0.00
726	18.14	-0.10
727	18.14	-0.10
728	18.12	-0.10
729	18.12	-0.02
730	18.12	-0.02
731	18.12	-0.02
732	18.12	-0.04
733	18.12	-0.04
734	18.13	-0.04
735	18.13	-0.11
736	18.13	-0.11
737	18.09	-0.11
738	18.09	0.00
739	18.09	0.00
740	18.12	0.00
741	18.12	-0.10
742	18.12	-0.10
743	18.10	-0.10
744	18.10	-0.03
745	18.10	-0.03
746	18.09	-0.03
747	18.09	-0.03
748	18.09	-0.03
749	18.14	-0.03
750	18.14	-0.11
751	18.14	-0.11
752	18.14	-0.11
753	18.14	0.00
754	18.14	0.00
755	18.14	0.00
756	18.14	-0.10
757	18.14	-0.10
758	18.11	-0.10
759	18.11	-0.03
760	18.11	-0.03
761	18.11	-0.03
762	18.11	-0.03
763	18.11	-0.03
764	18.10	-0.03
765	18.10	-0.11
766	18.10	-0.11
767	18.08	-0.11
768	18.08	0.00
769	18.08	0.00
770	18.11	0.00
771	18.11	-0.10
772	18.11	-0.10
773	18.12	-0.10
774	18.12	-0.03
775	18.12	-0.03
776	18.08	-0.03
777	18.08	-0.03
778	18.08	-0.03
779	18.10	-0.03
780	18.10	-0.11
781	18.10	-0.11
782	18.12	-0.11
783	18.12	0.01
784	18.12	0.01
785	18.18	0.01
786	18.18	-0.10
787	18.18	-0.10
788	18.14	-0.10
789	18.14	-0.03
790	18.14	-0.03
791	18.12	-0.03
792	18.12	-0.03
793	18.12	-0.03
794	18.18	-0.03
795	18.18	-0.11
796	18.18	-0.11
797	18.16	-0.11
798	18.16	0.01
799	18.16	0.01
800	18.15	0.01
801	18.15	-0.09
802	18.15	-0.09
803	18.18	-0.09
804	18.18	-0.03
805	18.18	-0.03
806	18.16	-0.03
807	18.16	-0.02
808	18.16	-0.02
809	18.18	-0.02
810	18.18	-0.11
811	18.18	-0.11
812	18.20	-0.11
813	18.20	0.00
814	18.20	0.00
815	18.17	0.00
816	18.17	-0.09
817	18.17	-0.09
818	18.12	-0.09
819	18.12	-0.04
820	18.12	-0.04
821	18.13	-0.04
822	18.13	-0.02
823	18.13	-0.02
824	18.16	-0.02
825	18.16	-0.11
826	18.16	-0.11
827	18.16	-0.11
828	18.16	0.00
829	18.16	0.00
830	18.16	0.00
831	18.16	-0.09
832	18.16	-0.09
833	18.16	-0.09
834	18.16	-0.04
835	18.16	-0.04
836	18.11	-0.04
837	18.11	-0.02
838	18.11	-0.02
839	18.13	-0.02
840	18.13	-0.11
841	18.13	-0.11
842	18.14	-0.11
843	18.14	0.00
844	18.14	0.00
845	18.16	0.00
846	18.16	-0.09
847	18.16	-0.09
848	18.12	-0.09
849	18.12	-0.04
850	18.12	-0.04
851	18.12	-0.04
852	18.12	-0.02
853	18.12	-0.02
854	18.20	-0.02
855	18.20	-0.11
856	18.20	-0.11
857	18.14	-0.11
858	18.14	0.00
859	18.14	0.00
860	18.17	0.00
861	18.17	-0.09
862	18.17	-0.09
863	18.15	-0.09
864	18.15	-0.04
865	18.15	-0.04
866	18.14	-0.04
867	18.14	-0.02
868	18.14	-0.02
869	18.13	-0.02
870	18.13	-0.11
871	18.13	-0.11
872	18.16	-0.11
873	18.16	0.00
874	18.16	0.00
875	18.20	0.00
876	18.20	-0.09
877	18.20	-0.09
878	18.18	-0.09
879	18.18	-0.04
880	18.18	-0.04
881	18.17	-0.04
882	18.17	-0.01
883	18.17	-0.01
884	18.23	-0.01
885	18.23	-0.11
886	18.23	-0.11
887	18.23	-0.11
888	18.23	0.00
889	18.23	0.00
890	18.22	0.00
891	18.22	-0.09
892	18.22	-0.09
893	18.17	-0.09
894	18.17	-0.04
895	18.17	-0.04
896	18.17	-0.04
897	18.17	-0.01
898	18.17	-0.01
899	18.19	-0.01
900	18.19	-0.11
901	18.19	-0.11
902	18.21	-0.11
903	18.21	0.00
904	18.21	0.00
905	18.20	0.00
906	18.20	-0.09
907	18.20	-0.09
908	18.19	-0.09
909	18.19	-0.04
910	18.19	-0.04
911	18.19	-0.04
912	18.19	-0.01
913	18.19	-0.01
914	18.20	-0.01
915	18.20	-0.11
916	18.20	-0.11
917	18.18	-0.11
918	18.18	0.00
919	18.18	0.00
920	18.20	0.00
921	18.20	-0.09
922	18.20	-0.09
923	18.19	-0.09
924	18.19	-0.04
925	18.19	-0.04
926	18.17	-0.04
927	18.17	-0.01
928	18.17	-0.01
929	18.12	-0.01
930	18.12	-0.11
931	18.12	-0.11
932	18.17	-0.11
933	18.17	-0.00
934	18.17	-0.00
935	18.18	-0.00
936	18.18	-0.09
937	18.18	-0.09
938	18.19	-0.09
939	18.19	-0.04
940	18.19	-0.04
941	18.18	-0.04
942	18.18	-0.01
943	18.18	-0.01
944	18.19	-0.01
945	18.19	-0.11
946	18.19	-0.11
947	18.19	-0.11
948	18.19	-0.00
949	18.19	-0.00
950	18.16	-0.00
951	18.16	-0.09
952	18.16	-0.09
953	18.17	-0.09
954	18.17	-0.05
955	18.17	-0.05
956	18.19	-0.05
957	18.19	-0.01
958	18.19	-0.01
959	18.14	-0.01
960	18.14	-0.11
961	18.14	-0.11
962	18.20	-0.11
963	18.20	0.00
964	18.20	0.00
965	18.18	0.00
966	18.18	-0.09
967	18.18	-0.09
968	18.16	-0.09
969	18.16	-0.04
970	18.16	-0.04
971	18.15	-0.04
972	18.15	-0.01
973	18.15	-0.01
974	18.14	-0.01
975	18.14	-0.11
976	18.14	-0.11
977	18.12	-0.11
978	18.12	-0.00
979	18.12	-0.00
980	18.14	-0.00
981	18.14	-0.09
982	18.14	-0.09
983	18.14	-0.09
984	18.14	-0.05
985	18.14	-0.05
986	18.14	-0.05
987	18.14	-0.01
988	18.14	-0.01
989	18.11	-0.01
990	18.11	-0.11
991	18.11	-0.11
992	18.20	-0.11
993	18.20	-0.00
994	18.20	-0.00
995	18.19	-0.00
996	18.19	-0.09
997	18.19	-0.09
998	18.16	-0.09
999	18.16	-0.05
1000	18.16	-0.05
1001	18.18	-0.05
1002	18.18	-0.00
1003	18.18	-0.00
1004	18.17	-0.00
1005	18.17	-0.11
1006	18.17	-0.11
1007	18.16	-0.11
1008	18.16	0.00
1009	18.16	0.00
1010	18.16	0.00
1011	18.16	-0.09
1012	18.16	-0.09
1013	18.14	-0.09
1014	18.14	-0.05
1015	18.14	-0.05
1016	18.14	-0.05
1017	18.14	-0.01
1018	18.14	-0.01
1019	18.17	-0.01
1020	18.17	-0.11
1021	18.17	-0.11
1022	18.21	-0.11
1023	18.21	-0.00
1024	18.21	-0.00
1025	18.16	-0.00
1026	18.16	-0.09
1027	18.16	-0.09
1028	18.14	-0.09
1029	18.14	-0.04
1030	18.14	-0.04
1031	18.17	-0.04
1032	18.17	-0.01
1033	18.17	-0.01
1034	18.14	-0.01
1035	18.14	-0.11
1036	18.14	-0.11
1037	18.18	-0.11
1038	18.18	0.00
1039	18.18	0.00
1040	18.17	0.00
1041	18.17	-0.09
1042	18.17	-0.09
1043	18.13	-0.09
1044	18.13	-0.05
1045	18.13	-0.05
1046	18.10	-0.05
1047	18.10	-0.00
1048	18.10	-0.00
1049	18.08	-0.00
1050	18.08	-0.11
1051	18.08	-0.11
1052	18.17	-0.11
1053	18.17	0.00
1054	18.17	0.00
1055	18.15	0.00
1056	18.15	-0.09
1057	18.15	-0.09
1058	18.14	-0.09
1059	18.14	-0.05
1060	18.14	-0.05
1061	18.15	-0.05
1062	18.15	-0.00
1063	18.15	-0.00
1064	18.13	-0.00
1065	18.13	-0.11
1066	18.13	-0.11
1067	18.15	-0.11
1068	18.15	-0.00
1069	18.15	-0.00
1070	18.13	-0.00
1071	18.13	-0.09
1072	18.13	-0.09
1073	18.11	-0.09
1074	18.11	-0.05
1075	18.11	-0.05
1076	18.09	-0.05
1077	18.09	-0.01
1078	18.09	-0.01
1079	18.10	-0.01
1080	18.10	-0.11
1081	18.10	-0.11
1082	18.13	-0.11
1083	18.13	-0.00
1084	18.13	-0.00
1085	18.12	-0.00
1086	18.12	-0.09
1087	18.12	-0.09
1088	18.09	-0.09
1089	18.09	-0.05
1090	18.09	-0.05
1091	18.12	-0.05
1092	18.12	-0.01
1093	18.12	-0.01
1094	18.09	-0.01
1095	18.09	-0.11
1096	18.09	-0.11
1097	18.13	-0.11
1098	18.13	-0.00
1099	18.13	-0.00
1100	18.12	-0.00
1101	18.12	-0.09
1102	18.12	-0.09
1103	18.10	-0.09
1104	18.10	-0.05
1105	18.10	-0.05
1106	18.11	-0.05
1107	18.11	-0.01
1108	18.11	-0.01
1109	18.13	-0.01
1110	18.13	-0.11
1111	18.13	-0.11
1112	18.15	-0.11
1113	18.15	-0.00
1114	18.15	-0.00
1115	18.11	-0.00
1116	18.11	-0.09
1117	18.11	-0.09
1118	18.09	-0.09
1119	18.09	-0.05
1120	18.09	-0.05
1121	18.12	-0.05
1122	18.12	-0.00
1123	18.12	-0.00
1124	18.09	-0.00
1125	18.09	-0.11
1126	18.09	-0.11
1127	18.11	-0.11
1128	18.11	0.00
1129	18.11	0.00
1130	18.10	0.00
1131	18.10	-0.09
1132	18.10	-0.09
1133	18.07	-0.09
1134	18.07	-0.05
1135	18.07	-0.05
1136	18.09	-0.05
1137	18.09	-0.01
1138	18.09	-0.01
1139	18.09	-0.01
1140	18.09	-0.11
1141	18.09	-0.11
1142	18.15	-0.11
1143	18.15	-0.00
1144	18.15	-0.00
1145	18.09	-0.00
1146	18.09	-0.09
1147	18.09	-0.09
1148	18.11	-0.09
1149	18.11	-0.04
1150	18.11	-0.04
1151	18.14	-0.04
1152	18.14	-0.00
1153	18.14	-0.00
1154	18.10	-0.00
1155	18.10	-0.11
1156	18.10	-0.11
1157	18.13	-0.11
1158	18.13	0.00
1159	18.13	0.00
1160	18.12	0.00
1161	18.12	-0.09
1162	18.12	-0.09
1163	18.10	-0.09
1164	18.10	-0.04
1165	18.10	-0.04
1166	18.08	-0.04
1167	18.08	-0.01
1168	18.08	-0.01
1169	18.06	-0.01
1170	18.06	-0.11
1171	18.06	-0.11
1172	18.10	-0.11
1173	18.10	-0.00
1174	18.10	-0.00
1175	18.13	-0.00
1176	18.13	-0.09
1177	18.13	-0.09
1178	18.11	-0.09
1179	18.11	-0.04
1180	18.11	-0.04
1181	18.11	-0.04
1182	18.11	-0.01
1183	18.11	-0.01
1184	18.12	-0.01
1185	18.12	-0.11
1186	18.12	-0.11
1187	18.15	-0.11
1188	18.15	0.00
1189	18.15	0.00
1190	18.14	0.00
1191	18.14	-0.09
1192	18.14	-0.09
1193	18.12	-0.09
1194	18.12	-0.04
1195	18.12	-0.04
1196	18.14	-0.04
1197	18.14	-0.01
1198	18.14	-0.01
1199	18.14	-0.01
1200	18.14	-0.11
1201	18.14	-0.11
1202	18.18	-0.11
1203	18.18	0.01
1204	18.18	0.01
1205	18.14	0.01
1206	18.14	-0.09
1207	18.14	-0.09
1208	18.13	-0.09
1209	18.13	-0.04
1210	18.13	-0.04
1211	18.16	-0.04
1212	18.16	-0.01
1213	18.16	-0.01
1214	18.12	-0.01
1215	18.12	-0.11
1216	18.12	-0.11
1217	18.15	-0.11
1218	18.15	0.00
1219	18.15	0.00
1220	18.18	0.00
1221	18.18	-0.09
1222	18.18	-0.09
1223	18.19	-0.09
1224	18.19	-0.04
1225	18.19	-0.04
1226	18.18	-0.04
1227	18.18	-0.01
1228	18.18	-0.01
1229	18.18	-0.01
1230	18.18	-0.11
1231	18.18	-0.11
1232	18.18	-0.11
1233	18.18	0.00
1234	18.18	0.00
1235	18.16	0.00
1236	18.16	-0.09
1237	18.16	-0.09
1238	18.15	-0.09
1239	18.15	-0.04
1240	18.15	-0.04
1241	18.19	-0.04
1242	18.19	-0.01
1243	18.19	-0.01
1244	18.15	-0.01
1245	18.15	-0.11
1246	18.15	-0.11
1247	18.18	-0.11
1248	18.18	0.00
1249	18.18	0.00
1250	18.21	0.00
1251	18.21	-0.09
1252	18.21	-0.09
1253	18.18	-0.09
1254	18.18	-0.04
1255	18.18	-0.04
1256	18.22	-0.04
1257	18.22	-0.02
1258	18.22	-0.02
1259	18.23	-0.02
1260	18.23	-0.11
1261	18.23	-0.11
1262	18.25	-0.11
1263	18.25	0.00
1264	18.25	0.00
1265	18.27	0.00
1266	18.27	-0.10
1267	18.27	-0.10
1268	18.26	-0.10
1269	18.26	-0.04
1270	18.26	-0.04
1271	18.32	-0.04
1272	18.32	-0.03
1273	18.32	-0.03
1274	18.32	-0.03
1275	18.32	-0.11
1276	18.32	-0.11
1277	18.36	-0.11
1278	18.36	-0.00
1279	18.36	-0.00
1280	18.35	-0.00
1281	18.35	-0.10
1282	18.35	-0.10
1283	18.34	-0.10
1284	18.34	-0.04
1285	18.34	-0.04
1286	18.34	-0.04
1287	18.34	-0.03
1288	18.34	-0.03
1289	18.39	-0.03
1290	18.39	-0.12
1291	18.39	-0.12
1292	18.39	-0.12
1293	18.39	-0.00
1294	18.39	-0.00
1295	18.36	-0.00
1296	18.36	-0.10
1297	18.36	-0.10
1298	18.35	-0.10
1299	18.35	-0.04
1300	18.35	-0.04
1301	18.40	-0.04
1302	18.40	-0.03
1303	18.40	-0.03
1304	18.39	-0.03
1305	18.39	-0.12
1306	18.39	-0.12
1307	18.39	-0.12
1308	18.39	-0.00
1309	18.39	-0.00
1310	18.33	-0.00
1311	18.33	-0.11
1312	18.33	-0.11
1313	18.35	-0.11
1314	18.35	-0.04
1315	18.35	-0.04
1316	18.38	-0.04
1317	18.38	-0.04
1318	18.38	-0.04
1319	18.40	-0.04
1320	18.40	-0.12
1321	18.40	-0.12
1322	18.43	-0.12
1323	18.43	-0.00
1324	18.43	-0.00
1325	18.38	-0.00
1326	18.38	-0.10
1327	18.38	-0.10
1328	18.35	-0.10
1329	18.35	-0.03
1330	18.35	-0.03
1331	18.38	-0.03
1332	18.38	-0.04
1333	18.38	-0.04
1334	18.38	-0.04
1335	18.38	-0.12
1336	18.38	-0.12
1337	18.36	-0.12
1338	18.36	-0.00
1339	18.36	-0.00
1340	18.39	-0.00
1341	18.39	-0.11
1342	18.39	-0.11
1343	18.36	-0.11
1344	18.36	-0.04
1345	18.36	-0.04
1346	18.36	-0.04
1347	18.36	-0.04
1348	18.36	-0.04
1349	18.42	-0.04
1350	18.42	-0.12
1351	18.42	-0.12
1352	18.45	-0.12
1353	18.45	-0.01
1354	18.45	-0.01
1355	18.39	-0.01
1356	18.39	-0.11
1357	18.39	-0.11
1358	18.37	-0.11
1359	18.37	-0.04
1360	18.37	-0.04
1361	18.38	-0.04
1362	18.38	-0.05
1363	18.38	-0.05
1364	18.41	-0.05
1365	18.41	-0.12
1366	18.41	-0.12
1367	18.44	-0.12
1368	18.44	-0.00
1369	18.44	-0.00
1370	18.40	-0.00
1371	18.40	-0.11
1372	18.40	-0.11
1373	18.40	-0.11
1374	18.40	-0.03
1375	18.40	-0.03
1376	18.40	-0.03
1377	18.40	-0.05
1378	18.40	-0.05
1379	18.44	-0.05
1380	18.44	-0.12
1381	18.44	-0.12
1382	18.47	-0.12
1383	18.47	-0.00
1384	18.47	-0.00
1385	18.43	-0.00
1386	18.43	-0.11
1387	18.43	-0.11
1388	18.44	-0.11
1389	18.44	-0.03
1390	18.44	-0.03
1391	18.43	-0.03
1392	18.43	-0.05
1393	18.43	-0.05
1394	18.44	-0.05
1395	18.44	-0.12
1396	18.44	-0.12
1397	18.45	-0.12
1398	18.45	-0.00
1399	18.45	-0.00
1400	18.41	-0.00
1401	18.41	-0.11
1402	18.41	-0.11
1403	18.42	-0.11
1404	18.42	-0.03
1405	18.42	-0.03
1406	18.40	-0.03
1407	18.40	-0.06
1408	18.40	-0.06
1409	18.45	-0.06
1410	18.45	-0.12
1411	18.45	-0.12
1412	18.43	-0.12
1413	18.43	0.00
1414	18.43	0.00
1415	18.41	0.00
1416	18.41	-0.11
1417	18.41	-0.11
1418	18.46	-0.11
1419	18.46	-0.03
1420	18.46	-0.03
1421	18.40	-0.03
1422	18.40	-0.06
1423	18.40	-0.06
1424	18.42	-0.06
1425	18.42	-0.12
1426	18.42	-0.12
1427	18.41	-0.12
1428	18.41	-0.00
1429	18.41	-0.00
1430	18.41	-0.00
1431	18.41	-0.12
1432	18.41	-0.12
1433	18.42	-0.12
1434	18.42	-0.03
1435	18.42	-0.03
1436	18.37	-0.03
1437	18.37	-0.07
1438	18.37	-0.07
1439	18.45	-0.07
1440	18.45	-0.12
1441	18.45	-0.12
1442	18.41	-0.12
1443	18.41	-0.01
1444	18.41	-0.01
1445	18.41	-0.01
1446	18.41	-0.11
1447	18.41	-0.11
1448	18.42	-0.11
1449	18.42	-0.03
1450	18.42	-0.03
1451	18.41	-0.03
1452	18.41	-0.07
1453	18.41	-0.07
1454	18.45	-0.07
1455	18.45	-0.11
1456	18.45	-0.11
1457	18.43	-0.11
1458	18.43	-0.00
1459	18.43	-0.00
1460	18.41	-0.00
1461	18.41	-0.12
1462	18.41	-0.12
1463	18.45	-0.12
1464	18.45	-0.03
1465	18.45	-0.03
1466	18.43	-0.03
1467	18.43	-0.07
1468	18.43	-0.07
1469	18.45	-0.07
1470	18.45	-0.11
1471	18.45	-0.11
1472	18.41	-0.11
1473	18.41	-0.01
1474	18.41	-0.01
1475	18.39	-0.01
1476	18.39	-0.11
1477	18.39	-0.11
1478	18.42	-0.11
1479	18.42	-0.03
1480	18.42	-0.03
1481	18.40	-0.03
1482	18.40	-0.07
1483	18.40	-0.07
1484	18.42	-0.07
1485	18.42	-0.11
1486	18.42	-0.11
1487	18.40	-0.11
1488	18.40	-0.00
1489	18.40	-0.00
1490	18.40	-0.00
1491	18.40	-0.12
1492	18.40	-0.12
1493	18.40	-0.12
1494	18.40	-0.03
1495	18.40	-0.03
1496	18.39	-0.03
1497	18.39	-0.08
1498	18.39	-0.08
1499	18.47	-0.08
1500	18.47	-0.10
1501	18.47	-0.10
1502	18.44	-0.10
1503	18.44	-0.00
1504	18.44	-0.00
1505	18.37	-0.00
1506	18.37	-0.12
1507	18.37	-0.12
1508	18.40	-0.12
1509	18.40	-0.03
1510	18.40	-0.03
1511	18.38	-0.03
1512	18.38	-0.08
1513	18.38	-0.08
1514	18.38	-0.08
1515	18.38	-0.09
1516	18.38	-0.09
1517	18.41	-0.09
1518	18.41	-0.00
1519	18.41	-0.00
1520	18.40	-0.00
1521	18.40	-0.12
1522	18.40	-0.12
1523	18.40	-0.12
1524	18.40	-0.03
1525	18.40	-0.03
1526	18.40	-0.03
1527	18.40	-0.08
1528	18.40	-0.08
1529	18.44	-0.08
1530	18.44	-0.09
1531	18.44	-0.09
1532	18.41	-0.09
1533	18.41	-0.00
1534	18.41	-0.00
1535	18.40	-0.00
1536	18.40	-0.13
1537	18.40	-0.13
1538	18.41	-0.13
1539	18.41	-0.02
1540	18.41	-0.02
1541	18.38	-0.02
1542	18.38	-0.09
1543	18.38	-0.09
1544	18.43	-0.09
1545	18.43	-0.09
1546	18.43	-0.09
1547	18.43	-0.09
1548	18.43	-0.00
1549	18.43	-0.00
1550	18.40	-0.00
1551	18.40	-0.12
1552	18.40	-0.12
1553	18.45	-0.12
1554	18.45	-0.02
1555	18.45	-0.02
1556	18.44	-0.02
1557	18.44	-0.09
1558	18.44	-0.09
1559	18.44	-0.09
1560	18.44	-0.09
1561	18.44	-0.09
1562	18.39	-0.09
1563	18.39	-0.01
1564	18.39	-0.01
1565	18.42	-0.01
1566	18.42	-0.12
1567	18.42	-0.12
1568	18.42	-0.12
1569	18.42	-0.02
1570	18.42	-0.02
1571	18.39	-0.02
1572	18.39	-0.09
1573	18.39	-0.09
1574	18.43	-0.09
1575	18.43	-0.08
1576	18.43	-0.08
1577	18.40	-0.08
1578	18.40	-0.01
1579	18.40	-0.01
1580	18.39	-0.01
1581	18.39	-0.12
1582	18.39	-0.12
1583	18.44	-0.12
1584	18.44	-0.02
1585	18.44	-0.02
1586	18.45	-0.02
1587	18.45	-0.09
1588	18.45	-0.09
1589	18.47	-0.09
1590	18.47	-0.07
1591	18.47	-0.07
1592	18.42	-0.07
1593	18.42	-0.01
1594	18.42	-0.01
1595	18.43	-0.01
1596	18.43	-0.12
1597	18.43	-0.12
1598	18.45	-0.12
1599	18.45	-0.01
1600	18.45	-0.01
1601	18.43	-0.01
1602	18.43	-0.09
1603	18.43	-0.09
1604	18.45	-0.09
1605	18.45	-0.07
1606	18.45	-0.07
1607	18.41	-0.07
1608	18.41	-0.01
1609	18.41	-0.01
1610	18.40	-0.01
1611	18.40	-0.12
1612	18.40	-0.12
1613	18.43	-0.12
1614	18.43	-0.02
1615	18.43	-0.02
1616	18.40	-0.02
1617	18.40	-0.09
1618	18.40	-0.09
1619	18.41	-0.09
1620	18.41	-0.06
1621	18.41	-0.06
1622	18.42	-0.06
1623	18.42	-0.01
1624	18.42	-0.01
1625	18.40	-0.01
1626	18.40	-0.12
1627	18.40	-0.12
1628	18.43	-0.12
1629	18.43	-0.01
1630	18.43	-0.01
1631	18.43	-0.01
1632	18.43	-0.10
1633	18.43	-0.10
1634	18.43	-0.10
1635	18.43	-0.05
1636	18.43	-0.05
1637	18.44	-0.05
1638	18.44	-0.01
1639	18.44	-0.01
1640	18.42	-0.01
1641	18.42	-0.12
1642	18.42	-0.12
1643	18.41	-0.12
1644	18.41	-0.01
1645	18.41	-0.01
1646	18.44	-0.01
1647	18.44	-0.10
1648	18.44	-0.10
1649	18.45	-0.10
1650	18.45	-0.05
1651	18.45	-0.05
1652	18.38	-0.05
1653	18.38	-0.02
1654	18.38	-0.02
1655	18.40	-0.02
1656	18.40	-0.12
1657	18.40	-0.12
1658	18.45	-0.12
1659	18.45	-0.01
1660	18.45	-0.01
1661	18.41	-0.01
1662	18.41	-0.10
1663	18.41	-0.10
1664	18.44	-0.10
1665	18.44	-0.05
1666	18.44	-0.05
1667	18.43	-0.05
1668	18.43	-0.03
1669	18.43	-0.03
1670	18.43	-0.03
1671	18.43	-0.12
1672	18.43	-0.12
1673	18.44	-0.12
1674	18.44	-0.01
1675	18.44	-0.01
1676	18.45	-0.01
1677	18.45	-0.10
1678	18.45	-0.10
1679	18.43	-0.10
1680	18.43	-0.05
1681	18.43	-0.05
1682	18.37	-0.05
1683	18.37	-0.03
1684	18.37	-0.03
1685	18.38	-0.03
1686	18.38	-0.12
1687	18.38	-0.12
1688	18.43	-0.12
1689	18.43	-0.00
1690	18.43	-0.00
1691	18.40	-0.00
1692	18.40	-0.10
1693	18.40	-0.10
1694	18.43	-0.10
1695	18.43	-0.04
1696	18.43	-0.04
1697	18.38	-0.04
1698	18.38	-0.04
1699	18.38	-0.04
1700	18.36	-0.04
1701	18.36	-0.12
1702	18.36	-0.12
1703	18.40	-0.12
1704	18.40	-0.01
1705	18.40	-0.01
1706	18.45	-0.01
1707	18.45	-0.10
1708	18.45	-0.10
1709	18.47	-0.10
1710	18.47	-0.04
1711	18.47	-0.04
1712	18.43	-0.04
1713	18.43	-0.04
1714	18.43	-0.04
1715	18.44	-0.04
1716	18.44	-0.12
1717	18.44	-0.12
1718	18.42	-0.12
1719	18.42	-0.01
1720	18.42	-0.01
1721	18.39	-0.01
1722	18.39	-0.11
1723	18.39	-0.11
1724	18.40	-0.11
1725	18.40	-0.04
1726	18.40	-0.04
1727	18.40	-0.04
1728	18.40	-0.05
1729	18.40	-0.05
1730	18.39	-0.05
1731	18.39	-0.12
1732	18.39	-0.12
1733	18.38	-0.12
1734	18.38	-0.01
1735	18.38	-0.01
1736	18.43	-0.01
1737	18.43	-0.11
1738	18.43	-0.11
1739	18.39	-0.11
1740	18.39	-0.04
1741	18.39	-0.04
1742	18.36	-0.04
1743	18.36	-0.06
1744	18.36	-0.06
1745	18.40	-0.06
1746	18.40	-0.12
1747	18.40	-0.12
1748	18.37	-0.12
1749	18.37	-0.00
1750	18.37	-0.00
1751	18.39	-0.00
1752	18.39	-0.11
1753	18.39	-0.11
1754	18.43	-0.11
1755	18.43	-0.03
1756	18.43	-0.03
1757	18.40	-0.03
1758	18.40	-0.06
1759	18.40	-0.06
1760	18.40	-0.06
1761	18.40	-0.11
1762	18.40	-0.11
1763	18.36	-0.11
1764	18.36	-0.00
1765	18.36	-0.00
1766	18.44	-0.00
1767	18.44	-0.12
1768	18.44	-0.12
1769	18.39	-0.12
1770	18.39	-0.03
1771	18.39	-0.03
1772	18.35	-0.03
1773	18.35	-0.07
1774	18.35	-0.07
1775	18.40	-0.07
1776	18.40	-0.11
1777	18.40	-0.11
1778	18.37	-0.11
1779	18.37	-0.01
1780	18.37	-0.01
1781	18.39	-0.01
1782	18.39	-0.12
1783	18.39	-0.12
1784	18.43	-0.12
1785	18.43	-0.03
1786	18.43	-0.03
1787	18.41	-0.03
1788	18.41	-0.07
1789	18.41	-0.07
1790	18.41	-0.07
1791	18.41	-0.11
1792	18.41	-0.11
1793	18.39	-0.11
1794	18.39	-0.00
1795	18.39	-0.00
1796	18.44	-0.00
1797	18.44	-0.12
1798	18.44	-0.12
1799	18.40	-0.12
1800	18.40	-0.03
1801	18.40	-0.03
1802	18.36	-0.03
1803	18.36	-0.08
1804	18.36	-0.08
1805	18.39	-0.08
1806	18.39	-0.10
1807	18.39	-0.10
1808	18.37	-0.10
1809	18.37	-0.01
1810	18.37	-0.01
1811	18.40	-0.01
1812	18.40	-0.12
1813	18.40	-0.12
1814	18.42	-0.12
1815	18.42	-0.03
1816	18.42	-0.03
1817	18.39	-0.03
1818	18.39	-0.08
1819	18.39	-0.08
1820	18.41	-0.08
1821	18.41	-0.09
1822	18.41	-0.09
1823	18.41	-0.09
1824	18.41	-0.00
1825	18.41	-0.00
1826	18.47	-0.00
1827	18.47	-0.12
1828	18.47	-0.12
1829	18.44	-0.12
1830	18.44	-0.02
1831	18.44	-0.02
1832	18.42	-0.02
1833	18.42	-0.09
1834	18.42	-0.09
1835	18.48	-0.09
1836	18.48	-0.08
1837	18.48	-0.08
1838	18.45	-0.08
1839	18.45	-0.01
1840	18.45	-0.01
1841	18.45	-0.01
1842	18.45	-0.12
1843	18.45	-0.12
1844	18.44	-0.12
1845	18.44	-0.02
1846	18.44	-0.02
1847	18.46	-0.02
1848	18.46	-0.09
1849	18.46	-0.09
1850	18.52	-0.09
1851	18.52	-0.07
1852	18.52	-0.07
1853	18.50	-0.07
1854	18.50	-0.01
1855	18.50	-0.01
1856	18.53	-0.01
1857	18.53	-0.12
1858	18.53	-0.12
1859	18.49	-0.12
1860	18.49	-0.02
1861	18.49	-0.02
1862	18.49	-0.02
1863	18.49	-0.10
1864	18.49	-0.10
1865	18.50	-0.10
1866	18.50	-0.06
1867	18.50	-0.06
1868	18.45	-0.06
1869	18.45	-0.01
1870	18.45	-0.01
1871	18.47	-0.01
1872	18.47	-0.12
1873	18.47	-0.12
1874	18.47	-0.12
1875	18.47	-0.01
1876	18.47	-0.01
1877	18.44	-0.01
1878	18.44	-0.10
1879	18.44	-0.10
1880	18.47	-0.10
1881	18.47	-0.06
1882	18.47	-0.06
1883	18.49	-0.06
1884	18.49	-0.02
1885	18.49	-0.02
1886	18.50	-0.02
1887	18.50	-0.12
1888	18.50	-0.12
1889	18.46	-0.12
1890	18.46	-0.01
1891	18.46	-0.01
1892	18.46	-0.01
1893	18.46	-0.10
1894	18.46	-0.10
1895	18.52	-0.10
1896	18.52	-0.05
1897	18.52	-0.05
1898	18.47	-0.05
1899	18.47	-0.02
1900	18.47	-0.02
1901	18.49	-0.02
1902	18.49	-0.12
1903	18.49	-0.12
1904	18.50	-0.12
1905	18.50	-0.01
1906	18.50	-0.01
1907	18.45	-0.01
1908	18.45	-0.10
1909	18.45	-0.10
1910	18.45	-0.10
1911	18.45	-0.05
1912	18.45	-0.05
1913	18.51	-0.05
1914	18.51	-0.03
1915	18.51	-0.03
1916	18.55	-0.03
1917	18.55	-0.12
1918	18.55	-0.12
1919	18.50	-0.12
1920	18.50	-0.00
1921	18.50	-0.00
1922	18.50	-0.00
1923	18.50	-0.10
1924	18.50	-0.10
1925	18.54	-0.10
1926	18.54	-0.05
1927	18.54	-0.05
1928	18.50	-0.05
1929	18.50	-0.04
1930	18.50	-0.04
1931	18.53	-0.04
1932	18.53	-0.12
1933	18.53	-0.12
1934	18.51	-0.12
1935	18.51	-0.01
1936	18.51	-0.01
1937	18.49	-0.01
1938	18.49	-0.11
1939	18.49	-0.11
1940	18.43	-0.11
1941	18.43	-0.04
1942	18.43	-0.04
1943	18.48	-0.04
1944	18.48	-0.05
1945	18.48	-0.05
1946	18.51	-0.05
1947	18.51	-0.12
1948	18.51	-0.12
1949	18.48	-0.12
1950	18.48	-0.01
1951	18.48	-0.01
1952	18.50	-0.01
1953	18.50	-0.11
1954	18.50	-0.11
1955	18.52	-0.11
1956	18.52	-0.04
1957	18.52	-0.04
1958	18.48	-0.04
1959	18.48	-0.06
1960	18.48	-0.06
1961	18.49	-0.06
1962	18.49	-0.12
1963	18.49	-0.12
1964	18.50	-0.12
1965	18.50	-0.01
1966	18.50	-0.01
1967	18.49	-0.01
1968	18.49	-0.11
1969	18.49	-0.11
1970	18.47	-0.11
1971	18.47	-0.03
1972	18.47	-0.03
1973	18.51	-0.03
1974	18.51	-0.07
1975	18.51	-0.07
1976	18.49	-0.07
1977	18.49	-0.11
1978	18.49	-0.11
1979	18.46	-0.11
1980	18.46	-0.01
1981	18.46	-0.01
1982	18.46	-0.01
1983	18.46	-0.12
1984	18.46	-0.12
1985	18.45	-0.12
1986	18.45	-0.03
1987	18.45	-0.03
1988	18.46	-0.03
1989	18.46	-0.08
1990	18.46	-0.08
1991	18.45	-0.08
1992	18.45	-0.10
1993	18.45	-0.10
1994	18.46	-0.10
1995	18.46	0.00
1996	18.46	0.00
1997	18.46	0.00
1998	18.46	-0.12
1999	18.46	-0.12
2000	18.47	-0.12
2001	18.47	-0.03
2002	18.47	-0.03
2003	18.51	-0.03
2004	18.51	-0.08
2005	18.51	-0.08
2006	18.49	-0.08
2007	18.49	-0.10
2008	18.49	-0.10
2009	18.46	-0.10
2010	18.46	-0.01
2011	18.46	-0.01
2012	18.46	-0.01
2013	18.46	-0.12
2014	18.46	-0.12
2015	18.45	-0.12
2016	18.45	-0.03
2017	18.45	-0.03
2018	18.46	-0.03
2019	18.46	-0.09
2020	18.46	-0.09
2021	18.46	-0.09
2022	18.46	-0.08
2023	18.46	-0.08
2024	18.45	-0.08
2025	18.45	-0.01
2026	18.45	-0.01
2027	18.45	-0.01
2028	18.45	-0.12
2029	18.45	-0.12
2030	18.43	-0.12
2031	18.43	-0.02
2032	18.43	-0.02
2033	18.53	-0.02
2034	18.53	-0.09
2035	18.53	-0.09
2036	18.48	-0.09
2037	18.48	-0.07
2038	18.48	-0.07
2039	18.50	-0.07
2040	18.50	-0.01
2041	18.50	-0.01
2042	18.50	-0.01
2043	18.50	-0.12
2044	18.50	-0.12
2045	18.49	-0.12
2046	18.49	-0.02
2047	18.49	-0.02
2048	18.48	-0.02
2049	18.48	-0.09
2050	18.48	-0.09
2051	18.46	-0.09
2052	18.46	-0.07
2053	18.46	-0.07
2054	18.47	-0.07
2055	18.47	-0.01
2056	18.47	-0.01
2057	18.49	-0.01
2058	18.49	-0.12
2059	18.49	-0.12
2060	18.48	-0.12
2061	18.48	-0.02
2062	18.48	-0.02
2063	18.56	-0.02
2064	18.56	-0.10
2065	18.56	-0.10
2066	18.54	-0.10
2067	18.54	-0.06
2068	18.54	-0.06
2069	18.52	-0.06
2070	18.52	-0.01
2071	18.52	-0.01
2072	18.52	-0.01
2073	18.52	-0.12
2074	18.52	-0.12
2075	18.49	-0.12
2076	18.49	-0.01
2077	18.49	-0.01
2078	18.52	-0.01
2079	18.52	-0.10
2080	18.52	-0.10
2081	18.50	-0.10
2082	18.50	-0.05
2083	18.50	-0.05
2084	18.49	-0.05
2085	18.49	-0.02
2086	18.49	-0.02
2087	18.50	-0.02
2088	18.50	-0.12
2089	18.50	-0.12
2090	18.50	-0.12
2091	18.50	-0.01
2092	18.50	-0.01
2093	18.56	-0.01
2094	18.56	-0.10
2095	18.56	-0.10
2096	18.51	-0.10
2097	18.51	-0.05
2098	18.51	-0.05
2099	18.50	-0.05
2100	18.50	-0.03
2101	18.50	-0.03
2102	18.52	-0.03
2103	18.52	-0.12
2104	18.52	-0.12
2105	18.50	-0.12
2106	18.50	-0.01
2107	18.50	-0.01
2108	18.50	-0.01
2109	18.50	-0.10
2110	18.50	-0.10
2111	18.49	-0.10
2112	18.49	-0.04
2113	18.49	-0.04
2114	18.48	-0.04
2115	18.48	-0.03
2116	18.48	-0.03
2117	18.49	-0.03
2118	18.49	-0.12
2119	18.49	-0.12
2120	18.49	-0.12
2121	18.49	-0.00
2122	18.49	-0.00
2123	18.50	-0.00
2124	18.50	-0.10
2125	18.50	-0.10
2126	18.47	-0.10
2127	18.47	-0.04
2128	18.47	-0.04
2129	18.46	-0.04
2130	18.46	-0.04
2131	18.46	-0.04
2132	18.52	-0.04
2133	18.52	-0.12
2134	18.52	-0.12
2135	18.50	-0.12
2136	18.50	-0.01
2137	18.50	-0.01
2138	18.52	-0.01
2139	18.52	-0.11
2140	18.52	-0.11
2141	18.54	-0.11
2142	18.54	-0.04
2143	18.54	-0.04
2144	18.54	-0.04
2145	18.54	-0.05
2146	18.54	-0.05
2147	18.55	-0.05
2148	18.55	-0.12
2149	18.55	-0.12
2150	18.50	-0.12
2151	18.50	-0.01
2152	18.50	-0.01
2153	18.50	-0.01
2154	18.50	-0.11
2155	18.50	-0.11
2156	18.51	-0.11
2157	18.51	-0.03
2158	18.51	-0.03
2159	18.51	-0.03
2160	18.51	-0.06
2161	18.51	-0.06
2162	18.53	-0.06
2163	18.53	-0.12
2164	18.53	-0.12
2165	18.51	-0.12
2166	18.51	-0.00
2167	18.51	-0.00
2168	18.50	-0.00
2169	18.50	-0.11
2170	18.50	-0.11
2171	18.50	-0.11
2172	18.50	-0.03
2173	18.50	-0.03
2174	18.52	-0.03
2175	18.52	-0.07
2176	18.52	-0.07
2177	18.51	-0.07
2178	18.51	-0.11
2179	18.51	-0.11
2180	18.51	-0.11
2181	18.51	-0.00
2182	18.51	-0.00
2183	18.54	-0.00
2184	18.54	-0.12
2185	18.54	-0.12
2186	18.53	-0.12
2187	18.53	-0.03
2188	18.53	-0.03
2189	18.50	-0.03
2190	18.50	-0.07
2191	18.50	-0.07
2192	18.53	-0.07
2193	18.53	-0.11
2194	18.53	-0.11
2195	18.52	-0.11
2196	18.52	-0.00
2197	18.52	-0.00
2198	18.52	-0.00
2199	18.52	-0.12
2200	18.52	-0.12
2201	18.52	-0.12
2202	18.52	-0.03
2203	18.52	-0.03
2204	18.48	-0.03
2205	18.48	-0.07
2206	18.48	-0.07
2207	18.50	-0.07
2208	18.50	-0.10
2209	18.50	-0.10
2210	18.53	-0.10
2211	18.53	0.00
2212	18.53	0.00
2213	18.51	0.00
2214	18.51	-0.12
2215	18.51	-0.12
2216	18.48	-0.12
2217	18.48	-0.03
2218	18.48	-0.03
2219	18.43	-0.03
2220	18.43	-0.08
2221	18.43	-0.08
2222	18.47	-0.08
2223	18.47	-0.09
2224	18.47	-0.09
2225	18.46	-0.09
2226	18.46	-0.00
2227	18.46	-0.00
2228	18.47	-0.00
2229	18.47	-0.12
2230	18.47	-0.12
2231	18.48	-0.12
2232	18.48	-0.03
2233	18.48	-0.03
2234	18.42	-0.03
2235	18.42	-0.09
2236	18.42	-0.09
2237	18.46	-0.09
2238	18.46	-0.09
2239	18.46	-0.09
2240	18.48	-0.09
2241	18.48	-0.00
2242	18.48	-0.00
2243	18.46	-0.00
2244	18.46	-0.12
2245	18.46	-0.12
2246	18.46	-0.12
2247	18.46	-0.02
2248	18.46	-0.02
2249	18.46	-0.02
2250	18.46	-0.09
2251	18.46	-0.09
2252	18.49	-0.09
2253	18.49	-0.08
2254	18.49	-0.08
2255	18.46	-0.08
2256	18.46	-0.01
2257	18.46	-0.01
2258	18.47	-0.01
2259	18.47	-0.12
2260	18.47	-0.12
2261	18.49	-0.12
2262	18.49	-0.02
2263	18.49	-0.02
2264	18.47	-0.02
2265	18.47	-0.09
2266	18.47	-0.09
2267	18.47	-0.09
2268	18.47	-0.07
2269	18.47	-0.07
2270	18.46	-0.07
2271	18.46	-0.00
2272	18.46	-0.00
2273	18.46	-0.00
2274	18.46	-0.12
2275	18.46	-0.12
2276	18.44	-0.12
2277	18.44	-0.02
2278	18.44	-0.02
2279	18.47	-0.02
2280	18.47	-0.09
2281	18.47	-0.09
2282	18.49	-0.09
2283	18.49	-0.07
2284	18.49	-0.07
2285	18.45	-0.07
2286	18.45	-0.01
2287	18.45	-0.01
2288	18.47	-0.01
2289	18.47	-0.12
2290	18.47	-0.12
2291	18.44	-0.12
2292	18.44	-0.01
2293	18.44	-0.01
2294	18.41	-0.01
2295	18.41	-0.10
2296	18.41	-0.10
2297	18.46	-0.10
2298	18.46	-0.06
2299	18.46	-0.06
2300	18.49	-0.06
2301	18.49	-0.01
2302	18.49	-0.01
2303	18.51	-0.01
2304	18.51	-0.12
2305	18.51	-0.12
2306	18.44	-0.12
2307	18.44	-0.01
2308	18.44	-0.01
2309	18.50	-0.01
2310	18.50	-0.10
2311	18.50	-0.10
2312	18.50	-0.10
2313	18.50	-0.05
2314	18.50	-0.05
2315	18.49	-0.05
2316	18.49	-0.02
2317	18.49	-0.02
2318	18.46	-0.02
2319	18.46	-0.12
2320	18.46	-0.12
2321	18.45	-0.12
2322	18.45	-0.01
2323	18.45	-0.01
2324	18.44	-0.01
2325	18.44	-0.10
2326	18.44	-0.10
2327	18.44	-0.10
2328	18.44	-0.05
2329	18.44	-0.05
2330	18.49	-0.05
2331	18.49	-0.02
2332	18.49	-0.02
2333	18.50	-0.02
2334	18.50	-0.12
2335	18.50	-0.12
2336	18.48	-0.12
2337	18.48	-0.01
2338	18.48	-0.01
2339	18.50	-0.01
2340	18.50	-0.10
2341	18.50	-0.10
2342	18.45	-0.10
2343	18.45	-0.05
2344	18.45	-0.05
2345	18.47	-0.05
2346	18.47	-0.03
2347	18.47	-0.03
2348	18.49	-0.03
2349	18.49	-0.12
2350	18.49	-0.12
2351	18.49	-0.12
2352	18.49	-0.01
2353	18.49	-0.01
2354	18.49	-0.01
2355	18.49	-0.11
2356	18.49	-0.11
2357	18.45	-0.11
2358	18.45	-0.04
2359	18.45	-0.04
2360	18.53	-0.04
2361	18.53	-0.03
2362	18.53	-0.03
2363	18.50	-0.03
2364	18.50	-0.12
2365	18.50	-0.12
2366	18.46	-0.12
2367	18.46	0.00
2368	18.46	0.00
2369	18.48	0.00
2370	18.48	-0.10
2371	18.48	-0.10
2372	18.45	-0.10
2373	18.45	-0.04
2374	18.45	-0.04
2375	18.48	-0.04
2376	18.48	-0.04
2377	18.48	-0.04
2378	18.46	-0.04
2379	18.46	-0.12
2380	18.46	-0.12
2381	18.44	-0.12
2382	18.44	-0.00
2383	18.44	-0.00
2384	18.42	-0.00
2385	18.42	-0.11
2386	18.42	-0.11
2387	18.41	-0.11
2388	18.41	-0.04
2389	18.41	-0.04
2390	18.47	-0.04
2391	18.47	-0.04
2392	18.47	-0.04
2393	18.48	-0.04
2394	18.48	-0.12
2395	18.48	-0.12
2396	18.44	-0.12
2397	18.44	-0.01
2398	18.44	-0.01
2399	18.48	-0.01
2400	18.48	-0.11
2401	18.48	-0.11
2402	18.45	-0.11
2403	18.45	-0.03
2404	18.45	-0.03
2405	18.46	-0.03
2406	18.46	-0.05
2407	18.46	-0.05
2408	18.48	-0.05
2409	18.48	-0.12
2410	18.48	-0.12
2411	18.46	-0.12
2412	18.46	-0.01
2413	18.46	-0.01
2414	18.48	-0.01
2415	18.48	-0.10
2416	18.48	-0.10
2417	18.46	-0.10
2418	18.46	-0.03
2419	18.46	-0.03
2420	18.48	-0.03
2421	18.48	-0.06
2422	18.48	-0.06
2423	18.43	-0.06
2424	18.43	-0.11
2425	18.43	-0.11
2426	18.43	-0.11
2427	18.43	-0.00
2428	18.43	-0.00
2429	18.45	-0.00
2430	18.45	-0.11
2431	18.45	-0.11
2432	18.46	-0.11
2433	18.46	-0.03
2434	18.46	-0.03
2435	18.45	-0.03
2436	18.45	-0.06
2437	18.45	-0.06
2438	18.45	-0.06
2439	18.45	-0.11
2440	18.45	-0.11
2441	18.45	-0.11
2442	18.45	0.00
2443	18.45	0.00
2444	18.47	0.00
2445	18.47	-0.11
2446	18.47	-0.11
2447	18.45	-0.11
2448	18.45	-0.03
2449	18.45	-0.03
2450	18.50	-0.03
2451	18.50	-0.07
2452	18.50	-0.07
2453	18.44	-0.07
2454	18.44	-0.11
2455	18.44	-0.11
2456	18.44	-0.11
2457	18.44	-0.00
2458	18.44	-0.00
2459	18.49	-0.00
2460	18.49	-0.12
2461	18.49	-0.12
2462	18.46	-0.12
2463	18.46	-0.03
2464	18.46	-0.03
2465	18.47	-0.03
2466	18.47	-0.08
2467	18.47	-0.08
2468	18.45	-0.08
2469	18.45	-0.10
2470	18.45	-0.10
2471	18.44	-0.10
2472	18.44	-0.00
2473	18.44	-0.00
2474	18.49	-0.00
2475	18.49	-0.12
2476	18.49	-0.12
2477	18.44	-0.12
2478	18.44	-0.03
2479	18.44	-0.03
2480	18.46	-0.03
2481	18.46	-0.08
2482	18.46	-0.08
2483	18.43	-0.08
2484	18.43	-0.09
2485	18.43	-0.09
2486	18.44	-0.09
2487	18.44	-0.00
2488	18.44	-0.00
2489	18.45	-0.00
2490	18.45	-0.12
2491	18.45	-0.12
2492	18.44	-0.12
2493	18.44	-0.03
2494	18.44	-0.03
2495	18.44	-0.03
2496	18.44	-0.08
2497	18.44	-0.08
2498	18.45	-0.08
2499	18.45	-0.09
2500	18.45	-0.09
2501	18.43	-0.09
2502	18.43	-0.00
2503	18.43	-0.00
2504	18.44	-0.00
2505	18.44	-0.12
2506	18.44	-0.12
2507	18.43	-0.12
2508	18.43	-0.02
2509	18.43	-0.02
2510	18.47	-0.02
2511	18.47	-0.09
2512	18.47	-0.09
2513	18.42	-0.09
2514	18.42	-0.08
2515	18.42	-0.08
2516	18.43	-0.08
2517	18.43	-0.00
2518	18.43	-0.00
2519	18.45	-0.00
2520	18.45	-0.12
2521	18.45	-0.12
2522	18.44	-0.12
2523	18.44	-0.02
2524	18.44	-0.02
2525	18.42	-0.02
2526	18.42	-0.09
2527	18.42	-0.09
2528	18.40	-0.09
2529	18.40	-0.08
2530	18.40	-0.08
2531	18.40	-0.08
2532	18.40	-0.01
2533	18.40	-0.01
2534	18.40	-0.01
2535	18.40	-0.12
2536	18.40	-0.12
2537	18.39	-0.12
2538	18.39	-0.02
2539	18.39	-0.02
2540	18.43	-0.02
2541	18.43	-0.09
2542	18.43	-0.09
2543	18.40	-0.09
2544	18.40	-0.06
2545	18.40	-0.06
2546	18.40	-0.06
2547	18.40	-0.01
2548	18.40	-0.01
2549	18.43	-0.01
2550	18.43	-0.12
2551	18.43	-0.12
2552	18.41	-0.12
2553	18.41	-0.01
2554	18.41	-0.01
2555	18.43	-0.01
2556	18.43	-0.09
2557	18.43	-0.09
2558	18.42	-0.09
2559	18.42	-0.06
2560	18.42	-0.06
2561	18.42	-0.06
2562	18.42	-0.01
2563	18.42	-0.01
2564	18.41	-0.01
2565	18.41	-0.12
2566	18.41	-0.12
2567	18.42	-0.12
2568	18.42	-0.01
2569	18.42	-0.01
2570	18.44	-0.01
2571	18.44	-0.10
2572	18.44	-0.10
2573	18.41	-0.10
2574	18.41	-0.05
2575	18.41	-0.05
2576	18.44	-0.05
2577	18.44	-0.02
2578	18.44	-0.02
2579	18.42	-0.02
2580	18.42	-0.12
2581	18.42	-0.12
2582	18.43	-0.12
2583	18.43	-0.01
2584	18.43	-0.01
2585	18.42	-0.01
2586	18.42	-0.10
2587	18.42	-0.10
2588	18.44	-0.10
2589	18.44	-0.05
2590	18.44	-0.05
2591	18.41	-0.05
2592	18.41	-0.03
2593	18.41	-0.03
2594	18.38	-0.03
2595	18.38	-0.12
2596	18.38	-0.12
2597	18.46	-0.12
2598	18.46	-0.01
2599	18.46	-0.01
2600	18.47	-0.01
2601	18.47	-0.10
2602	18.47	-0.10
2603	18.42	-0.10
2604	18.42	-0.04
2605	18.42	-0.04
2606	18.44	-0.04
2607	18.44	-0.04
2608	18.44	-0.04
2609	18.45	-0.04
2610	18.45	-0.12
2611	18.45	-0.12
2612	18.45	-0.12
2613	18.45	-0.00
2614	18.45	-0.00
2615	18.46	-0.00
2616	18.46	-0.11
2617	18.46	-0.11
2618	18.41	-0.11
2619	18.41	-0.04
2620	18.41	-0.04
2621	18.40	-0.04
2622	18.40	-0.04
2623	18.40	-0.04
2624	18.39	-0.04
2625	18.39	-0.12
2626	18.39	-0.12
2627	18.45	-0.12
2628	18.45	-0.01
2629	18.45	-0.01
2630	18.42	-0.01
2631	18.42	-0.10
2632	18.42	-0.10
2633	18.43	-0.10
2634	18.43	-0.04
2635	18.43	-0.04
2636	18.45	-0.04
2637	18.45	-0.05
2638	18.45	-0.05
2639	18.43	-0.05
2640	18.43	-0.12
2641	18.43	-0.12
2642	18.44	-0.12
2643	18.44	-0.00
2644	18.44	-0.00
2645	18.44	-0.00
2646	18.44	-0.10
2647	18.44	-0.10
2648	18.44	-0.10
2649	18.44	-0.04
2650	18.44	-0.04
2651	18.38	-0.04
2652	18.38	-0.06
2653	18.38	-0.06
2654	18.37	-0.06
2655	18.37	-0.11
2656	18.37	-0.11
2657	18.46	-0.11
2658	18.46	-0.00
2659	18.46	-0.00
2660	18.44	-0.00
2661	18.44	-0.11
2662	18.44	-0.11
2663	18.42	-0.11
2664	18.42	-0.03
2665	18.42	-0.03
2666	18.45	-0.03
2667	18.45	-0.07
2668	18.45	-0.07
2669	18.41	-0.07
2670	18.41	-0.11
2671	18.41	-0.11
2672	18.43	-0.11
2673	18.43	-0.00
2674	18.43	-0.00
2675	18.43	-0.00
2676	18.43	-0.12
2677	18.43	-0.12
2678	18.42	-0.12
2679	18.42	-0.03
2680	18.42	-0.03
2681	18.44	-0.03
2682	18.44	-0.07
2683	18.44	-0.07
2684	18.43	-0.07
2685	18.43	-0.10
2686	18.43	-0.10
2687	18.50	-0.10
2688	18.50	-0.00
2689	18.50	-0.00
2690	18.52	-0.00
2691	18.52	-0.12
2692	18.52	-0.12
2693	18.50	-0.12
2694	18.50	-0.03
2695	18.50	-0.03
2696	18.47	-0.03
2697	18.47	-0.08
2698	18.47	-0.08
2699	18.45	-0.08
2700	18.45	-0.09
2701	18.45	-0.09
2702	18.47	-0.09
2703	18.47	-0.01
2704	18.47	-0.01
2705	18.50	-0.01
2706	18.50	-0.12
2707	18.50	-0.12
2708	18.45	-0.12
2709	18.45	-0.02
2710	18.45	-0.02
2711	18.44	-0.02
2712	18.44	-0.09
2713	18.44	-0.09
2714	18.46	-0.09
2715	18.46	-0.08
2716	18.46	-0.08
2717	18.48	-0.08
2718	18.48	-0.01
2719	18.48	-0.01
2720	18.47	-0.01
2721	18.47	-0.11
2722	18.47	-0.11
2723	18.46	-0.11
2724	18.46	-0.02
2725	18.46	-0.02
2726	18.51	-0.02
2727	18.51	-0.09
2728	18.51	-0.09
2729	18.46	-0.09
2730	18.46	-0.07
2731	18.46	-0.07
2732	18.48	-0.07
2733	18.48	-0.01
2734	18.48	-0.01
2735	18.49	-0.01
2736	18.49	-0.12
2737	18.49	-0.12
2738	18.48	-0.12
2739	18.48	-0.02
2740	18.48	-0.02
2741	18.47	-0.02
2742	18.47	-0.10
2743	18.47	-0.10
2744	18.44	-0.10
2745	18.44	-0.06
2746	18.44	-0.06
2747	18.48	-0.06
2748	18.48	-0.01
2749	18.48	-0.01
2750	18.44	-0.01
2751	18.44	-0.12
2752	18.44	-0.12
2753	18.44	-0.12
2754	18.44	-0.01
2755	18.44	-0.01
2756	18.48	-0.01
2757	18.48	-0.10
2758	18.48	-0.10
2759	18.45	-0.10
2760	18.45	-0.06
2761	18.45	-0.06
2762	18.47	-0.06
2763	18.47	-0.01
2764	18.47	-0.01
2765	18.48	-0.01
2766	18.48	-0.12
2767	18.48	-0.12
2768	18.43	-0.12
2769	18.43	-0.01
2770	18.43	-0.01
2771	18.48	-0.01
2772	18.48	-0.10
2773	18.48	-0.10
2774	18.47	-0.10
2775	18.47	-0.05
2776	18.47	-0.05
2777	18.47	-0.05
2778	18.47	-0.02
2779	18.47	-0.02
2780	18.46	-0.02
2781	18.46	-0.12
2782	18.46	-0.12
2783	18.49	-0.12
2784	18.49	-0.01
2785	18.49	-0.01
2786	18.54	-0.01
2787	18.54	-0.10
2788	18.54	-0.10
2789	18.50	-0.10
2790	18.50	-0.04
2791	18.50	-0.04
2792	18.53	-0.04
2793	18.53	-0.03
2794	18.53	-0.03
2795	18.47	-0.03
2796	18.47	-0.12
2797	18.47	-0.12
2798	18.45	-0.12
2799	18.45	-0.01
2800	18.45	-0.01
2801	18.45	-0.01
2802	18.45	-0.10
2803	18.45	-0.10
2804	18.49	-0.10
2805	18.49	-0.04
2806	18.49	-0.04
2807	18.50	-0.04
2808	18.50	-0.04
2809	18.50	-0.04
2810	18.51	-0.04
2811	18.51	-0.12
2812	18.51	-0.12
2813	18.51	-0.12
2814	18.51	-0.00
2815	18.51	-0.00
2816	18.53	-0.00
2817	18.53	-0.11
2818	18.53	-0.11
2819	18.51	-0.11
2820	18.51	-0.03
2821	18.51	-0.03
2822	18.48	-0.03
2823	18.48	-0.05
2824	18.48	-0.05
2825	18.46	-0.05
2826	18.46	-0.12
2827	18.46	-0.12
2828	18.47	-0.12
2829	18.47	-0.01
2830	18.47	-0.01
2831	18.47	-0.01
2832	18.47	-0.11
2833	18.47	-0.11
2834	18.46	-0.11
2835	18.46	-0.03
2836	18.46	-0.03
2837	18.49	-0.03
2838	18.49	-0.06
2839	18.49	-0.06
2840	18.48	-0.06
2841	18.48	-0.12
2842	18.48	-0.12
2843	18.49	-0.12
2844	18.49	-0.00
2845	18.49	-0.00
2846	18.51	-0.00
2847	18.51	-0.11
2848	18.51	-0.11
2849	18.49	-0.11
2850	18.49	-0.03
2851	18.49	-0.03
2852	18.49	-0.03
2853	18.49	-0.06
2854	18.49	-0.06
2855	18.46	-0.06
2856	18.46	-0.11
2857	18.46	-0.11
2858	18.46	-0.11
2859	18.46	-0.00
2860	18.46	-0.00
2861	18.50	-0.00
2862	18.50	-0.11
2863	18.50	-0.11
2864	18.49	-0.11
2865	18.49	-0.03
2866	18.49	-0.03
2867	18.49	-0.03
2868	18.49	-0.07
2869	18.49	-0.07
2870	18.49	-0.07
2871	18.49	-0.11
2872	18.49	-0.11
2873	18.49	-0.11
2874	18.49	-0.00
2875	18.49	-0.00
2876	18.48	-0.00
2877	18.48	-0.11
2878	18.48	-0.11
2879	18.50	-0.11
2880	18.50	-0.03
2881	18.50	-0.03
2882	18.50	-0.03
2883	18.50	-0.08
2884	18.50	-0.08
2885	18.49	-0.08
2886	18.49	-0.10
2887	18.49	-0.10
2888	18.49	-0.10
2889	18.49	-0.00
2890	18.49	-0.00
2891	18.49	-0.00
2892	18.49	-0.12
2893	18.49	-0.12
2894	18.53	-0.12
2895	18.53	-0.03
2896	18.53	-0.03
2897	18.52	-0.03
2898	18.52	-0.08
2899	18.52	-0.08
2900	18.52	-0.08
2901	18.52	-0.10
2902	18.52	-0.10
2903	18.57	-0.10
2904	18.57	-0.00
2905	18.57	-0.00
2906	18.54	-0.00
2907	18.54	-0.12
2908	18.54	-0.12
2909	18.54	-0.12
2910	18.54	-0.03
2911	18.54	-0.03
2912	18.53	-0.03
2913	18.53	-0.08
2914	18.53	-0.08
2915	18.48	-0.08
2916	18.48	-0.09
2917	18.48	-0.09
2918	18.49	-0.09
2919	18.49	-0.01
2920	18.49	-0.01
2921	18.48	-0.01
2922	18.48	-0.12
2923	18.48	-0.12
2924	18.52	-0.12
2925	18.52	-0.02
2926	18.52	-0.02
2927	18.49	-0.02
2928	18.49	-0.09
2929	18.49	-0.09
2930	18.47	-0.09
2931	18.47	-0.08
2932	18.47	-0.08
2933	18.48	-0.08
2934	18.48	-0.00
2935	18.48	-0.00
2936	18.49	-0.00
2937	18.49	-0.12
2938	18.49	-0.12
2939	18.50	-0.12
2940	18.50	-0.02
2941	18.50	-0.02
2942	18.48	-0.02
2943	18.48	-0.09
2944	18.48	-0.09
2945	18.43	-0.09
2946	18.43	-0.08
2947	18.43	-0.08
2948	18.38	-0.08
2949	18.38	-0.00
2950	18.38	-0.00
2951	18.41	-0.00
2952	18.41	-0.12
2953	18.41	-0.12
2954	18.49	-0.12
2955	18.49	-0.02
2956	18.49	-0.02
2957	18.44	-0.02
2958	18.44	-0.09
2959	18.44	-0.09
2960	18.41	-0.09
2961	18.41	-0.07
2962	18.41	-0.07
2963	18.45	-0.07
2964	18.45	-0.00
2965	18.45	-0.00
2966	18.45	-0.00
2967	18.45	-0.12
2968	18.45	-0.12
2969	18.43	-0.12
2970	18.43	-0.02
2971	18.43	-0.02
2972	18.42	-0.02
2973	18.42	-0.09
2974	18.42	-0.09
2975	18.43	-0.09
2976	18.43	-0.07
2977	18.43	-0.07
2978	18.42	-0.07
2979	18.42	-0.01
2980	18.42	-0.01
2981	18.40	-0.01
2982	18.40	-0.12
2983	18.40	-0.12
2984	18.46	-0.12
2985	18.46	-0.02
2986	18.46	-0.02
2987	18.44	-0.02
2988	18.44	-0.10
2989	18.44	-0.10
2990	18.47	-0.10
2991	18.47	-0.07
2992	18.47	-0.07
2993	18.50	-0.07
2994	18.50	-0.01
2995	18.50	-0.01
2996	18.47	-0.01
2997	18.47	-0.12
2998	18.47	-0.12
2999	18.45	-0.12
3000	18.45	-0.02
3001	18.45	-0.02
3002	18.45	-0.02
3003	18.45	-0.10
3004	18.45	-0.10
3005	18.38	-0.10
3006	18.38	-0.06
3007	18.38	-0.06
3008	18.41	-0.06
3009	18.41	-0.01
3010	18.41	-0.01
3011	18.40	-0.01
3012	18.40	-0.13
3013	18.40	-0.13
3014	18.47	-0.13
3015	18.47	-0.01
3016	18.47	-0.01
3017	18.42	-0.01
3018	18.42	-0.10
3019	18.42	-0.10
3020	18.41	-0.10
3021	18.41	-0.06
3022	18.41	-0.06
3023	18.44	-0.06
3024	18.44	-0.01
3025	18.44	-0.01
3026	18.43	-0.01
3027	18.43	-0.12
3028	18.43	-0.12
3029	18.45	-0.12
3030	18.45	-0.01
3031	18.45	-0.01
3032	18.43	-0.01
3033	18.43	-0.10
3034	18.43	-0.10
3035	18.39	-0.10
3036	18.39	-0.06
3037	18.39	-0.06
3038	18.41	-0.06
3039	18.41	-0.01
3040	18.41	-0.01
3041	18.41	-0.01
3042	18.41	-0.12
3043	18.41	-0.12
3044	18.46	-0.12
3045	18.46	-0.01
3046	18.46	-0.01
3047	18.40	-0.01
3048	18.40	-0.10
3049	18.40	-0.10
3050	18.41	-0.10
3051	18.41	-0.06
3052	18.41	-0.06
3053	18.44	-0.06
3054	18.44	-0.01
3055	18.44	-0.01
3056	18.41	-0.01
3057	18.41	-0.12
3058	18.41	-0.12
3059	18.45	-0.12
3060	18.45	-0.01
3061	18.45	-0.01
3062	18.43	-0.01
3063	18.43	-0.10
3064	18.43	-0.10
3065	18.43	-0.10
3066	18.43	-0.06
3067	18.43	-0.06
3068	18.43	-0.06
3069	18.43	-0.02
3070	18.43	-0.02
3071	18.43	-0.02
3072	18.43	-0.12
3073	18.43	-0.12
3074	18.45	-0.12
3075	18.45	-0.01
3076	18.45	-0.01
3077	18.42	-0.01
3078	18.42	-0.10
3079	18.42	-0.10
3080	18.43	-0.10
3081	18.43	-0.05
3082	18.43	-0.05
3083	18.46	-0.05
3084	18.46	-0.01
3085	18.46	-0.01
3086	18.41	-0.01
3087	18.41	-0.12
3088	18.41	-0.12
3089	18.44	-0.12
3090	18.44	-0.01
3091	18.44	-0.01
3092	18.39	-0.01
3093	18.39	-0.10
3094	18.39	-0.10
3095	18.37	-0.10
3096	18.37	-0.06
3097	18.37	-0.06
3098	18.40	-0.06
3099	18.40	-0.01
3100	18.40	-0.01
3101	18.42	-0.01
3102	18.42	-0.12
3103	18.42	-0.12
3104	18.45	-0.12
3105	18.45	-0.01
3106	18.45	-0.01
3107	18.40	-0.01
3108	18.40	-0.10
3109	18.40	-0.10
3110	18.42	-0.10
3111	18.42	-0.05
3112	18.42	-0.05
3113	18.46	-0.05
3114	18.46	-0.01
3115	18.46	-0.01
3116	18.45	-0.01
3117	18.45	-0.12
3118	18.45	-0.12
3119	18.44	-0.12
3120	18.44	-0.01
3121	18.44	-0.01
3122	18.38	-0.01
3123	18.38	-0.10
3124	18.38	-0.10
3125	18.37	-0.10
3126	18.37	-0.05
3127	18.37	-0.05
3128	18.38	-0.05
3129	18.38	-0.02
3130	18.38	-0.02
3131	18.44	-0.02
3132	18.44	-0.12
3133	18.44	-0.12
3134	18.46	-0.12
3135	18.46	-0.01
3136	18.46	-0.01
3137	18.41	-0.01
3138	18.41	-0.10
3139	18.41	-0.10
3140	18.45	-0.10
3141	18.45	-0.05
3142	18.45	-0.05
3143	18.49	-0.05
3144	18.49	-0.02
3145	18.49	-0.02
3146	18.48	-0.02
3147	18.48	-0.12
3148	18.48	-0.12
3149	18.47	-0.12
3150	18.47	-0.01
3151	18.47	-0.01
3152	18.43	-0.01
3153	18.43	-0.10
3154	18.43	-0.10
3155	18.42	-0.10
3156	18.42	-0.05
3157	18.42	-0.05
3158	18.41	-0.05
3159	18.41	-0.02
3160	18.41	-0.02
3161	18.41	-0.02
3162	18.41	-0.13
3163	18.41	-0.13
3164	18.45	-0.13
3165	18.45	-0.01
3166	18.45	-0.01
3167	18.46	-0.01
3168	18.46	-0.10
3169	18.46	-0.10
3170	18.48	-0.10
3171	18.48	-0.05
3172	18.48	-0.05
3173	18.45	-0.05
3174	18.45	-0.02
3175	18.45	-0.02
3176	18.45	-0.02
3177	18.45	-0.12
3178	18.45	-0.12
3179	18.42	-0.12
3180	18.42	-0.01
3181	18.42	-0.01
3182	18.39	-0.01
3183	18.39	-0.10
3184	18.39	-0.10
3185	18.43	-0.10
3186	18.43	-0.05
3187	18.43	-0.05
3188	18.45	-0.05
3189	18.45	-0.03
3190	18.45	-0.03
3191	18.49	-0.03
3192	18.49	-0.12
3193	18.49	-0.12
3194	18.45	-0.12
3195	18.45	-0.01
3196	18.45	-0.01
3197	18.43	-0.01
3198	18.43	-0.10
3199	18.43	-0.10
3200	18.48	-0.10
3201	18.48	-0.05
3202	18.48	-0.05
3203	18.46	-0.05
3204	18.46	-0.02
3205	18.46	-0.02
3206	18.45	-0.02
3207	18.45	-0.12
3208	18.45	-0.12
3209	18.48	-0.12
3210	18.48	-0.00
3211	18.48	-0.00
3212	18.47	-0.00
3213	18.47	-0.10
3214	18.47	-0.10
3215	18.45	-0.10
3216	18.45	-0.04
3217	18.45	-0.04
3218	18.43	-0.04
3219	18.43	-0.02
3220	18.43	-0.02
3221	18.49	-0.02
3222	18.49	-0.12
3223	18.49	-0.12
3224	18.48	-0.12
3225	18.48	-0.00
3226	18.48	-0.00
3227	18.46	-0.00
3228	18.46	-0.10
3229	18.46	-0.10
3230	18.47	-0.10
3231	18.47	-0.04
3232	18.47	-0.04
3233	18.46	-0.04
3234	18.46	-0.02
3235	18.46	-0.02
3236	18.48	-0.02
3237	18.48	-0.13
3238	18.48	-0.13
3239	18.46	-0.13
3240	18.46	-0.00
3241	18.46	-0.00
3242	18.43	-0.00
3243	18.43	-0.10
3244	18.43	-0.10
3245	18.42	-0.10
3246	18.42	-0.05
3247	18.42	-0.05
3248	18.44	-0.05
3249	18.44	-0.03
3250	18.44	-0.03
3251	18.50	-0.03
3252	18.50	-0.12
3253	18.50	-0.12
3254	18.51	-0.12
3255	18.51	-0.00
3256	18.51	-0.00
3257	18.46	-0.00
3258	18.46	-0.10
3259	18.46	-0.10
3260	18.50	-0.10
3261	18.50	-0.04
3262	18.50	-0.04
3263	18.46	-0.04
3264	18.46	-0.03
3265	18.46	-0.03
3266	18.48	-0.03
3267	18.48	-0.12
3268	18.48	-0.12
3269	18.45	-0.12
3270	18.45	-0.01
3271	18.45	-0.01
3272	18.45	-0.01
3273	18.45	-0.10
3274	18.45	-0.10
3275	18.46	-0.10
3276	18.46	-0.05
3277	18.46	-0.05
3278	18.50	-0.05
3279	18.50	-0.03
3280	18.50	-0.03
3281	18.51	-0.03
3282	18.51	-0.12
3283	18.51	-0.12
3284	18.48	-0.12
3285	18.48	-0.00
3286	18.48	-0.00
3287	18.45	-0.00
3288	18.45	-0.10
3289	18.45	-0.10
3290	18.49	-0.10
3291	18.49	-0.05
3292	18.49	-0.05
3293	18.43	-0.05
3294	18.43	-0.03
3295	18.43	-0.03
3296	18.41	-0.03
3297	18.41	-0.13
3298	18.41	-0.13
3299	18.41	-0.13
3300	18.41	-0.01
3301	18.41	-0.01
3302	7.98	-0.01
3303	7.98	-0.10
3304	7.98	-0.10
3305	-1.39	-0.10
3306	-1.39	-0.04
3307	-1.39	-0.04
3308	-2.53	-0.04
3309	-2.53	-0.03
3310	-2.53	-0.03
3311	1.00	-0.03
3312	1.00	-0.13
3313	1.00	-0.13
3314	2.05	-0.13
3315	2.05	-0.01
3316	2.05	-0.01
3317	0.43	-0.01
3318	0.43	-0.10
3319	0.43	-0.10
3320	-0.32	-0.10
3321	-0.32	-0.04
3322	-0.32	-0.04
3323	0.37	-0.04
3324	0.37	-0.03
3325	0.37	-0.03
3326	0.87	-0.03
3327	0.87	-0.13
3328	0.87	-0.13
3329	0.56	-0.13
3330	0.56	-0.01
3331	0.56	-0.01
3332	0.19	-0.01
3333	0.19	-0.10
3334	0.19	-0.10
3335	0.28	-0.10
3336	0.28	-0.04
3337	0.28	-0.04
3338	0.51	-0.04
3339	0.51	-0.03
3340	0.51	-0.03
3341	0.49	-0.03
3342	0.49	-0.12
3343	0.49	-0.12
3344	0.36	-0.12
3345	0.36	-0.01
3346	0.36	-0.01
3347	0.35	-0.01
3348	0.35	-0.10
3349	0.35	-0.10
3350	0.41	-0.10
3351	0.41	-0.05
3352	0.41	-0.05
3353	0.42	-0.05
3354	0.42	-0.03
3355	0.42	-0.03
3356	0.38	-0.03
3357	0.38	-0.13
3358	0.38	-0.13
3359	0.37	-0.13
3360	0.37	-0.01
3361	0.37	-0.01
3362	0.38	-0.01
3363	0.38	-0.10
3364	0.38	-0.10
3365	0.40	-0.10
3366	0.40	-0.05
3367	0.40	-0.05
3368	0.39	-0.05
3369	0.39	-0.03
3370	0.39	-0.03
3371	0.39	-0.03
3372	0.39	-0.12
3373	0.39	-0.12
3374	0.40	-0.12
3375	0.40	-0.01
3376	0.40	-0.01
3377	0.40	-0.01
3378	0.40	-0.10
3379	0.40	-0.10
3380	0.40	-0.10
3381	0.40	-0.05
3382	0.40	-0.05
3383	0.42	-0.05
3384	0.42	-0.03
3385	0.42	-0.03
3386	0.45	-0.03
3387	0.45	-0.13
3388	0.45	-0.13
3389	0.43	-0.13
3390	0.43	-0.01
3391	0.43	-0.01
3392	0.42	-0.01
3393	0.42	-0.10
3394	0.42	-0.10
3395	0.42	-0.10
3396	0.42	-0.05
3397	0.42	-0.05
3398	0.42	-0.05
3399	0.42	-0.03
3400	0.42	-0.03
3401	0.42	-0.03
3402	0.42	-0.13
3403	0.42	-0.13
3404	0.42	-0.13
3405	0.42	-0.01
3406	0.42	-0.01
3407	0.42	-0.01
3408	0.42	-0.10
3409	0.42	-0.10
3410	0.42	-0.10
3411	0.42	-0.05
3412	0.42	-0.05
3413	0.42	-0.05
3414	0.42	-0.02
3415	0.42	-0.02
3416	0.43	-0.02
3417	0.43	-0.12
3418	0.43	-0.12
3419	0.42	-0.12
3420	0.42	-0.01
3421	0.42	-0.01
3422	0.43	-0.01
3423	0.43	-0.10
3424	0.43	-0.10
3425	0.43	-0.10
3426	0.43	-0.05
3427	0.43	-0.05
3428	0.43	-0.05
3429	0.43	-0.03
3430	0.43	-0.03
3431	0.43	-0.03
3432	0.43	-0.13
3433	0.43	-0.13
3434	0.44	-0.13
3435	0.44	-0.01
3436	0.44	-0.01
3437	0.44	-0.01
3438	0.44	-0.11
3439	0.44	-0.11
3440	0.44	-0.11
3441	0.44	-0.06
3442	0.44	-0.06
3443	0.44	-0.06
3444	0.44	-0.03
3445	0.44	-0.03
3446	0.44	-0.03
3447	0.44	-0.13
3448	0.44	-0.13
3449	0.44	-0.13
3450	0.44	-0.01
3451	0.44	-0.01
3452	0.44	-0.01
3453	0.44	-0.11
3454	0.44	-0.11
3455	0.44	-0.11
3456	0.44	-0.06
3457	0.44	-0.06
3458	0.44	-0.06
3459	0.44	-0.02
3460	0.44	-0.02
3461	0.44	-0.02
3462	0.44	-0.13
3463	0.44	-0.13
3464	0.44	-0.13
3465	0.44	-0.01
3466	0.44	-0.01
3467	0.44	-0.01
3468	0.44	-0.10
3469	0.44	-0.10
3470	0.44	-0.10
3471	0.44	-0.06
3472	0.44	-0.06
3473	0.44	-0.06
3474	0.44	-0.02
3475	0.44	-0.02
3476	0.44	-0.02
3477	0.44	-0.13
3478	0.44	-0.13
3479	0.44	-0.13
3480	0.44	-0.01
3481	0.44	-0.01
3482	0.44	-0.01
3483	0.44	-0.10
3484	0.44	-0.10
3485	0.44	-0.10
3486	0.44	-0.06
3487	0.44	-0.06
3488	0.44	-0.06
3489	0.44	-0.02
3490	0.44	-0.02
3491	0.44	-0.02
3492	0.44	-0.13
3493	0.44	-0.13
3494	0.44	-0.13
3495	0.44	-0.01
3496	0.44	-0.01
3497	0.44	-0.01
3498	0.44	-0.10
3499	0.44	-0.10
3500	0.44	-0.10
3501	0.44	-0.06
3502	0.44	-0.06
3503	0.44	-0.06
3504	0.44	-0.02
3505	0.44	-0.02
3506	0.44	-0.02
3507	0.44	-0.13
3508	0.44	-0.13
3509	0.44	-0.13
3510	0.44	-0.01
3511	0.44	-0.01
3512	0.44	-0.01
3513	0.44	-0.10
3514	0.44	-0.10
3515	0.44	-0.10
3516	0.44	-0.07
3517	0.44	-0.07
3518	0.44	-0.07
3519	0.44	-0.01
3520	0.44	-0.01
3521	0.44	-0.01
