Contador    P0    P1
0	-2.22	-2.22
1	-2.22	-2.22
2	9.56	-2.22
3	9.56	2.86
4	9.56	2.86
5	9.56	2.86
6	9.56	2.85
7	9.56	2.85
8	9.56	2.85
9	9.56	2.88
10	9.56	2.88
11	9.77	2.88
12	9.77	3.17
13	9.77	3.17
14	9.71	3.17
15	9.71	3.04
16	9.71	3.04
17	9.80	3.04
18	9.80	3.12
19	9.80	3.12
20	9.89	3.12
21	-0.00	0.30
22	-0.00	0.30
23	0.30	0.30
24	0.30	0.13
25	0.30	0.13
26	-0.17	0.13
27	-0.17	-0.12
28	-0.17	-0.12
29	-0.12	-0.12
30	-0.12	-0.09
31	-0.12	-0.09
32	-0.24	-0.09
33	-0.24	-0.20
34	-0.24	-0.20
35	-0.29	-0.20
36	-0.29	-0.25
37	-0.29	-0.25
38	-0.33	-0.25
39	-0.33	-0.24
40	-0.33	-0.24
41	-0.27	-0.24
42	-0.27	-0.20
43	-0.27	-0.20
44	-0.25	-0.20
45	-0.25	-0.19
46	-0.25	-0.19
47	-0.24	-0.19
48	-0.24	-0.17
49	-0.24	-0.17
50	-0.21	-0.17
51	-0.21	-0.13
52	-0.21	-0.13
53	-0.18	-0.13
54	-0.18	-0.10
55	-0.18	-0.10
56	-0.16	-0.10
57	-0.16	-0.11
58	-0.16	-0.11
59	-0.21	-0.11
60	-0.21	-0.14
61	-0.21	-0.14
62	-0.24	-0.14
63	-0.24	-0.18
64	-0.24	-0.18
65	-0.27	-0.18
66	-0.27	-0.22
67	-0.27	-0.22
68	-0.29	-0.22
69	-0.29	-0.23
70	-0.29	-0.23
71	-0.30	-0.23
72	-0.30	-0.25
73	-0.30	-0.25
74	-0.33	-0.25
75	-0.33	-0.27
76	-0.33	-0.27
77	-0.34	-0.27
78	-0.34	-0.27
79	-0.34	-0.27
80	-0.33	-0.27
81	-0.33	-0.25
82	-0.33	-0.25
83	-0.30	-0.25
84	-0.30	-0.21
85	-0.30	-0.21
86	-0.25	-0.21
87	-0.25	-0.16
88	-0.25	-0.16
89	-0.22	-0.16
90	-0.22	-0.15
91	-0.22	-0.15
92	-0.22	-0.15
93	-0.22	-0.14
94	-0.22	-0.14
95	-0.22	-0.14
96	-0.22	-0.14
97	-0.22	-0.14
98	-0.20	-0.14
99	-0.20	-0.12
100	-0.20	-0.12
101	-0.18	-0.12
102	-0.18	-0.10
103	-0.18	-0.10
104	-0.16	-0.10
105	-0.16	-0.07
106	-0.16	-0.07
107	-0.14	-0.07
108	-0.14	-0.05
109	-0.14	-0.05
110	-0.13	-0.05
111	-0.13	-0.05
112	-0.13	-0.05
113	-0.12	-0.05
114	-0.12	-0.04
115	-0.12	-0.04
116	-0.11	-0.04
117	-0.11	-0.02
118	-0.11	-0.02
119	-0.10	-0.02
120	-0.10	-0.01
121	-0.10	-0.01
122	-0.10	-0.01
123	-0.10	-0.02
124	-0.10	-0.02
125	-0.11	-0.02
126	-0.11	-0.04
127	-0.11	-0.04
128	-0.13	-0.04
129	-0.13	-0.06
130	-0.13	-0.06
131	-0.15	-0.06
132	-0.15	-0.09
133	-0.15	-0.09
134	-0.19	-0.09
135	-0.19	-0.12
136	-0.19	-0.12
137	-0.21	-0.12
138	-0.21	-0.14
139	-0.21	-0.14
140	-0.23	-0.14
141	-0.23	-0.17
142	-0.23	-0.17
143	-0.25	-0.17
144	-0.25	-0.18
145	-0.25	-0.18
146	-0.26	-0.18
147	-0.26	-0.20
148	-0.26	-0.20
149	-0.27	-0.20
150	-0.27	-0.21
151	-0.27	-0.21
152	-0.28	-0.21
153	-0.28	-0.22
154	-0.28	-0.22
155	-0.29	-0.22
156	-0.29	-0.23
157	-0.29	-0.23
158	-0.30	-0.23
159	-0.30	-0.24
160	-0.30	-0.24
161	-0.31	-0.24
162	-0.31	-0.25
163	-0.31	-0.25
164	-0.31	-0.25
165	-0.31	-0.25
166	-0.31	-0.25
167	-0.31	-0.25
168	-0.31	-0.25
169	-0.31	-0.25
170	-0.31	-0.25
171	-0.31	-0.25
172	-0.31	-0.25
173	-0.31	-0.25
174	-0.31	-0.25
175	-0.31	-0.25
176	-0.31	-0.25
177	-0.31	-0.25
178	-0.31	-0.25
179	-0.31	-0.25
180	-0.31	-0.25
181	-0.31	-0.25
182	-0.31	-0.25
183	-0.31	-0.25
184	-0.31	-0.25
185	-0.31	-0.25
186	-0.31	-0.25
187	-0.31	-0.25
188	-0.31	-0.25
189	-0.31	-0.25
190	-0.31	-0.25
191	-0.31	-0.25
192	-0.31	-0.25
193	-0.31	-0.25
194	-0.31	-0.25
195	-0.31	-0.25
196	-0.31	-0.25
197	-0.31	-0.25
198	-0.31	-0.24
199	-0.31	-0.24
200	-0.31	-0.24
201	-0.31	-0.25
202	-0.31	-0.25
203	-0.31	-0.25
204	-0.31	-0.25
205	-0.31	-0.25
206	-0.31	-0.25
207	-0.31	-0.25
208	-0.31	-0.25
209	-0.31	-0.25
210	-0.31	-0.25
211	-0.31	-0.25
212	-0.31	-0.25
213	-0.31	-0.25
214	-0.31	-0.25
215	-0.31	-0.25
216	-0.31	-0.25
217	-0.31	-0.25
218	-0.32	-0.25
219	-0.32	-0.26
220	-0.32	-0.26
221	-0.33	-0.26
222	-0.33	-0.27
223	-0.33	-0.27
224	-0.33	-0.27
225	-0.33	-0.27
226	-0.33	-0.27
227	-0.34	-0.27
228	-0.34	-0.28
229	-0.34	-0.28
230	-0.34	-0.28
231	-0.34	-0.29
232	-0.34	-0.29
233	-0.35	-0.29
234	-0.35	-0.29
235	-0.35	-0.29
236	-0.35	-0.29
237	-0.35	-0.30
238	-0.35	-0.30
239	-0.35	-0.30
240	-0.35	-0.30
241	-0.35	-0.30
242	-0.36	-0.30
243	-0.36	-0.30
244	-0.36	-0.30
245	-0.36	-0.30
246	-0.36	-0.30
247	-0.36	-0.30
248	-0.36	-0.30
249	-0.36	-0.30
250	-0.36	-0.30
251	-0.36	-0.30
252	-0.36	-0.30
253	-0.36	-0.30
254	-0.36	-0.30
255	-0.36	-0.31
256	-0.36	-0.31
257	7.45	-0.31
258	7.45	-0.31
259	7.45	-0.31
260	24.32	-0.31
261	24.32	-0.31
262	24.32	-0.31
263	30.05	-0.31
264	30.05	-0.31
265	30.05	-0.31
266	31.22	-0.31
267	31.22	-0.31
268	31.22	-0.31
269	31.14	-0.31
270	31.14	-0.31
271	31.14	-0.31
272	30.95	-0.31
273	30.95	-0.31
274	30.95	-0.31
275	30.74	-0.31
276	30.74	-0.31
277	30.74	-0.31
278	30.80	-0.31
279	30.80	-0.31
280	30.80	-0.31
281	31.20	-0.31
282	31.20	-0.31
283	31.20	-0.31
284	31.23	-0.31
285	31.23	-0.31
286	31.23	-0.31
287	31.30	-0.31
288	31.30	-0.31
289	31.30	-0.31
290	31.43	-0.31
291	31.43	-0.32
292	31.43	-0.32
293	31.18	-0.32
294	31.18	-0.31
295	31.18	-0.31
296	30.95	-0.31
297	30.95	-0.32
298	30.95	-0.32
299	30.86	-0.32
300	30.86	-0.32
301	30.86	-0.32
302	31.23	-0.32
303	31.23	-0.32
304	31.23	-0.32
305	31.36	-0.32
306	31.36	-0.31
307	31.36	-0.31
308	31.36	-0.31
309	31.36	-0.31
310	31.36	-0.31
311	31.34	-0.31
312	31.34	-0.31
313	31.34	-0.31
314	31.38	-0.31
315	31.38	-0.31
316	31.38	-0.31
317	31.15	-0.31
318	31.15	-0.31
319	31.15	-0.31
320	30.90	-0.31
321	30.90	-0.31
322	30.90	-0.31
323	31.12	-0.31
324	31.12	-0.31
325	31.12	-0.31
326	31.17	-0.31
327	31.17	-0.31
328	31.17	-0.31
329	31.23	-0.31
330	31.23	-0.31
331	31.23	-0.31
332	31.34	-0.31
333	31.34	-0.31
334	31.34	-0.31
335	31.42	-0.31
336	31.42	-0.31
337	31.42	-0.31
338	31.19	-0.31
339	31.19	-0.31
340	31.19	-0.31
341	30.92	-0.31
342	30.92	-0.31
343	30.92	-0.31
344	31.03	-0.31
345	31.03	-0.31
346	31.03	-0.31
347	31.21	-0.31
348	31.21	-0.31
349	31.21	-0.31
350	31.21	-0.31
351	31.21	-0.31
352	31.21	-0.31
353	31.24	-0.31
354	31.24	-0.31
355	31.24	-0.31
356	31.11	-0.31
357	31.11	-0.31
358	31.11	-0.31
359	31.06	-0.31
360	31.06	-0.31
361	31.06	-0.31
362	30.86	-0.31
363	30.86	-0.31
364	30.86	-0.31
365	31.08	-0.31
366	31.08	-0.31
367	31.08	-0.31
368	31.26	-0.31
369	31.26	-0.31
370	31.26	-0.31
371	31.11	-0.31
372	31.11	-0.31
373	31.11	-0.31
374	31.20	-0.31
375	31.20	-0.31
376	31.20	-0.31
377	31.33	-0.31
378	31.33	-0.31
379	31.33	-0.31
380	31.09	-0.31
381	31.09	-0.31
382	31.09	-0.31
383	30.95	-0.31
384	30.95	-0.31
385	30.95	-0.31
386	31.13	-0.31
387	31.13	-0.31
388	31.13	-0.31
389	31.24	-0.31
390	31.24	-0.31
391	31.24	-0.31
392	31.06	-0.31
393	31.06	-0.31
394	31.06	-0.31
395	31.15	-0.31
396	31.15	-0.31
397	31.15	-0.31
398	31.20	-0.31
399	31.20	-0.31
400	31.20	-0.31
401	31.03	-0.31
402	31.03	-0.31
403	31.03	-0.31
404	30.81	-0.31
405	30.81	-0.31
406	30.81	-0.31
407	30.88	-0.31
408	30.88	-0.32
409	30.88	-0.32
410	31.11	-0.32
411	31.11	-0.31
412	31.11	-0.31
413	31.15	-0.31
414	31.15	-0.32
415	31.15	-0.32
416	31.28	-0.32
417	31.28	-0.32
418	31.28	-0.32
419	31.25	-0.32
420	31.25	-0.32
421	31.25	-0.32
422	31.15	-0.32
423	31.15	-0.32
424	31.15	-0.32
425	30.98	-0.32
426	30.98	-0.32
427	30.98	-0.32
428	30.94	-0.32
429	30.94	-0.32
430	30.94	-0.32
431	31.28	-0.32
432	31.28	-0.32
433	31.28	-0.32
434	31.14	-0.32
435	31.14	-0.32
436	31.14	-0.32
437	31.15	-0.32
438	31.15	-0.32
439	31.15	-0.32
440	31.22	-0.32
441	31.22	-0.33
442	31.22	-0.33
443	31.15	-0.33
444	31.15	-0.33
445	31.15	-0.33
446	30.98	-0.33
447	30.98	-0.33
448	30.98	-0.33
449	30.81	-0.33
450	30.81	-0.33
451	30.81	-0.33
452	31.10	-0.33
453	31.10	-0.33
454	31.10	-0.33
455	31.13	-0.33
456	31.13	-0.33
457	31.13	-0.33
458	31.10	-0.33
459	31.10	-0.33
460	31.10	-0.33
461	31.10	-0.33
462	31.10	-0.33
463	31.10	-0.33
464	31.09	-0.33
465	31.09	-0.33
466	31.09	-0.33
467	31.01	-0.33
468	31.01	-0.34
469	31.01	-0.34
470	30.79	-0.34
471	30.79	-0.34
472	30.79	-0.34
473	31.03	-0.34
474	31.03	-0.34
475	31.03	-0.34
476	31.23	-0.34
477	31.23	-0.34
478	31.23	-0.34
479	31.30	-0.34
480	31.30	-0.34
481	31.30	-0.34
482	31.36	-0.34
483	31.36	-0.34
484	31.36	-0.34
485	31.07	-0.34
486	31.07	-0.34
487	31.07	-0.34
488	30.88	-0.34
489	30.88	-0.34
490	30.88	-0.34
491	30.99	-0.34
492	30.99	-0.34
493	30.99	-0.34
494	31.25	-0.34
495	31.25	-0.34
496	31.25	-0.34
497	31.32	-0.34
498	31.32	-0.34
499	31.32	-0.34
500	31.29	-0.34
501	31.29	-0.34
502	31.29	-0.34
503	31.21	-0.34
504	31.21	-0.34
505	31.21	-0.34
506	31.23	-0.34
507	31.23	-0.34
508	31.23	-0.34
509	30.91	-0.34
510	30.91	-0.34
511	30.91	-0.34
512	30.86	-0.34
513	30.86	-0.35
514	30.86	-0.35
515	31.20	-0.35
516	31.20	-0.35
517	31.20	-0.35
518	31.40	-0.35
519	31.40	-0.35
520	31.40	-0.35
521	31.35	-0.35
522	31.35	-0.35
523	31.35	-0.35
524	31.45	-0.35
525	31.45	-0.35
526	31.45	-0.35
527	31.45	-0.35
528	31.45	-0.35
529	31.45	-0.35
530	31.26	-0.35
531	31.26	-0.35
532	31.26	-0.35
533	31.09	-0.35
534	31.09	-0.35
535	31.09	-0.35
536	31.23	-0.35
537	31.23	-0.35
538	31.23	-0.35
539	31.33	-0.35
540	31.33	-0.35
541	31.33	-0.35
542	31.33	-0.35
543	31.33	-0.36
544	31.33	-0.36
545	31.26	-0.36
546	31.26	-0.35
547	31.26	-0.35
548	31.20	-0.35
549	31.20	-0.36
550	31.20	-0.36
551	31.05	-0.36
552	31.05	-0.36
553	31.05	-0.36
554	30.73	-0.36
555	30.73	-0.36
556	30.73	-0.36
557	30.88	-0.36
558	30.88	-0.36
559	30.88	-0.36
560	31.17	-0.36
561	31.17	-0.36
562	31.17	-0.36
563	31.21	-0.36
564	31.21	-0.36
565	31.21	-0.36
566	31.25	-0.36
567	31.25	-0.36
568	31.25	-0.36
569	31.24	-0.36
570	31.24	-0.36
571	31.24	-0.36
572	31.12	-0.36
573	31.12	-0.36
574	31.12	-0.36
575	30.99	-0.36
576	30.99	-0.36
577	30.99	-0.36
578	31.02	-0.36
579	31.02	-0.36
580	31.02	-0.36
581	31.24	-0.36
582	31.24	-0.36
583	31.24	-0.36
584	31.22	-0.36
585	31.22	-0.36
586	31.22	-0.36
587	31.23	-0.36
588	31.23	-0.36
589	31.23	-0.36
590	31.17	-0.36
591	31.17	-0.36
592	31.17	-0.36
593	31.08	-0.36
594	31.08	-0.36
595	31.08	-0.36
596	30.96	-0.36
597	30.96	-0.36
598	30.96	-0.36
599	31.08	-0.36
600	31.08	-0.36
601	31.08	-0.36
602	31.29	-0.36
603	31.29	-0.36
604	31.29	-0.36
605	31.14	-0.36
606	31.14	-0.36
607	31.14	-0.36
608	31.23	-0.36
609	31.23	-0.37
610	31.23	-0.37
611	31.28	-0.37
612	31.28	-0.36
613	31.28	-0.36
614	31.12	-0.36
615	31.12	-0.36
616	31.12	-0.36
617	30.94	-0.36
618	30.94	-0.36
619	30.94	-0.36
620	30.90	-0.36
621	30.90	-0.36
622	30.90	-0.36
623	31.28	-0.36
624	31.28	-0.37
625	31.28	-0.37
626	31.15	-0.37
627	31.15	-0.37
628	31.15	-0.37
629	31.22	-0.37
630	31.22	-0.37
631	31.22	-0.37
632	31.22	-0.37
633	31.22	-0.37
634	31.22	-0.37
635	31.30	-0.37
636	31.30	-0.37
637	31.30	-0.37
638	31.04	-0.37
639	31.04	-0.37
640	31.04	-0.37
641	30.71	-0.37
642	30.71	-0.37
643	30.71	-0.37
644	31.11	-0.37
645	31.11	-0.37
646	31.11	-0.37
647	31.15	-0.37
648	31.15	-0.37
649	31.15	-0.37
650	31.09	-0.37
651	31.09	-0.37
652	31.09	-0.37
653	31.19	-0.37
654	31.19	-0.37
655	31.19	-0.37
656	31.37	-0.37
657	31.37	-0.37
658	31.37	-0.37
659	31.09	-0.37
660	31.09	-0.37
661	31.09	-0.37
662	30.97	-0.37
663	30.97	-0.37
664	30.97	-0.37
665	31.27	-0.37
666	31.27	-0.37
667	31.27	-0.37
668	31.24	-0.37
669	31.24	-0.37
670	31.24	-0.37
671	31.23	-0.37
672	31.23	-0.37
673	31.23	-0.37
674	31.08	-0.37
675	31.08	-0.37
676	31.08	-0.37
677	31.17	-0.37
678	31.17	-0.38
679	31.17	-0.38
680	30.99	-0.38
681	30.99	-0.38
682	30.99	-0.38
683	31.04	-0.38
684	31.04	-0.38
685	31.04	-0.38
686	31.31	-0.38
687	31.31	-0.37
688	31.31	-0.37
689	31.23	-0.37
690	31.23	-0.38
691	31.23	-0.38
692	31.16	-0.38
693	31.16	-0.38
694	31.16	-0.38
695	31.14	-0.38
696	31.14	-0.37
697	31.14	-0.37
698	31.28	-0.37
699	31.28	-0.38
700	31.28	-0.38
701	31.21	-0.38
702	31.21	-0.38
703	31.21	-0.38
704	31.40	-0.38
705	31.40	-0.38
706	31.40	-0.38
707	31.47	-0.38
708	31.47	-0.38
709	31.47	-0.38
710	31.34	-0.38
711	31.34	-0.38
712	31.34	-0.38
713	31.27	-0.38
714	31.27	-0.38
715	31.27	-0.38
716	31.19	-0.38
717	31.19	-0.38
718	31.19	-0.38
719	31.17	-0.38
720	31.17	-0.37
721	31.17	-0.37
722	31.18	-0.37
723	31.18	-0.38
724	31.18	-0.38
725	31.01	-0.38
726	31.01	-0.38
727	31.01	-0.38
728	30.99	-0.38
729	30.99	-0.38
730	30.99	-0.38
731	31.30	-0.38
732	31.30	-0.38
733	31.30	-0.38
734	31.25	-0.38
735	31.25	-0.38
736	31.25	-0.38
737	31.23	-0.38
738	31.23	-0.38
739	31.23	-0.38
740	31.15	-0.38
741	31.15	-0.38
742	31.15	-0.38
743	30.96	-0.38
744	30.96	-0.38
745	30.96	-0.38
746	30.99	-0.38
747	30.99	-0.38
748	30.99	-0.38
749	31.05	-0.38
750	31.05	-0.38
751	31.05	-0.38
752	31.27	-0.38
753	31.27	-0.38
754	31.27	-0.38
755	31.22	-0.38
756	31.22	-0.38
757	31.22	-0.38
758	31.19	-0.38
759	31.19	-0.38
760	31.19	-0.38
761	31.22	-0.38
762	31.22	-0.38
763	31.22	-0.38
764	31.17	-0.38
765	31.17	-0.38
766	31.17	-0.38
767	31.08	-0.38
768	31.08	-0.38
769	31.08	-0.38
770	31.01	-0.38
771	31.01	-0.38
772	31.01	-0.38
773	31.36	-0.38
774	31.36	-0.38
775	31.36	-0.38
776	31.42	-0.38
777	31.42	-0.38
778	31.42	-0.38
779	31.38	-0.38
780	31.38	-0.38
781	31.38	-0.38
782	31.30	-0.38
783	31.30	-0.38
784	31.30	-0.38
785	31.13	-0.38
786	31.13	-0.38
787	31.13	-0.38
788	30.91	-0.38
789	30.91	-0.38
790	30.91	-0.38
791	30.98	-0.38
792	30.98	-0.38
793	30.98	-0.38
794	31.23	-0.38
795	31.23	-0.39
796	31.23	-0.39
797	31.24	-0.39
798	31.24	-0.38
799	31.24	-0.38
800	31.35	-0.38
801	31.35	-0.39
802	31.35	-0.39
803	31.28	-0.39
804	31.28	-0.39
805	31.28	-0.39
806	31.17	-0.39
807	31.17	-0.39
808	31.17	-0.39
809	31.00	-0.39
810	31.00	-0.39
811	31.00	-0.39
812	30.85	-0.39
813	30.85	-0.39
814	30.85	-0.39
815	31.17	-0.39
816	31.17	-0.39
817	31.17	-0.39
818	31.26	-0.39
819	31.26	-0.39
820	31.26	-0.39
821	31.30	-0.39
822	31.30	-0.39
823	31.30	-0.39
824	31.24	-0.39
825	31.24	-0.39
826	31.24	-0.39
827	31.21	-0.39
828	31.21	-0.39
829	31.21	-0.39
830	30.88	-0.39
831	30.88	-0.39
832	30.88	-0.39
833	31.01	-0.39
834	31.01	-0.39
835	31.01	-0.39
836	31.17	-0.39
837	31.17	-0.39
838	31.17	-0.39
839	31.25	-0.39
840	31.25	-0.39
841	31.25	-0.39
842	31.19	-0.39
843	31.19	-0.39
844	31.19	-0.39
845	31.18	-0.39
846	31.18	-0.39
847	31.18	-0.39
848	31.17	-0.39
849	31.17	-0.39
850	31.17	-0.39
851	30.89	-0.39
852	30.89	-0.39
853	30.89	-0.39
854	31.00	-0.39
855	31.00	-0.39
856	31.00	-0.39
857	31.16	-0.39
858	31.16	-0.39
859	31.16	-0.39
860	31.17	-0.39
861	31.17	-0.39
862	31.17	-0.39
863	31.23	-0.39
864	31.23	-0.40
865	31.23	-0.40
866	31.30	-0.40
867	31.30	-0.39
868	31.30	-0.39
869	31.20	-0.39
870	31.20	-0.40
871	31.20	-0.40
872	31.08	-0.40
873	31.08	-0.40
874	31.08	-0.40
875	30.89	-0.40
876	30.89	-0.40
877	30.89	-0.40
878	31.16	-0.40
879	31.16	-0.39
880	31.16	-0.39
881	31.25	-0.39
882	31.25	-0.40
883	31.25	-0.40
884	31.16	-0.40
885	31.16	-0.40
886	31.16	-0.40
887	31.23	-0.40
888	31.23	-0.40
889	31.23	-0.40
890	31.28	-0.40
891	31.28	-0.40
892	31.28	-0.40
893	31.10	-0.40
894	31.10	-0.40
895	31.10	-0.40
896	31.01	-0.40
897	31.01	-0.40
898	31.01	-0.40
899	31.18	-0.40
900	31.18	-0.40
901	31.18	-0.40
902	31.40	-0.40
903	31.40	-0.40
904	31.40	-0.40
905	31.30	-0.40
906	31.30	-0.40
907	31.30	-0.40
908	31.32	-0.40
909	31.32	-0.40
910	31.32	-0.40
911	31.24	-0.40
912	31.24	-0.40
913	31.24	-0.40
914	31.02	-0.40
915	31.02	-0.40
916	31.02	-0.40
917	30.87	-0.40
918	30.87	-0.40
919	30.87	-0.40
920	30.91	-0.40
921	30.91	-0.40
922	30.91	-0.40
923	31.26	-0.40
924	31.26	-0.40
925	31.26	-0.40
926	31.16	-0.40
927	31.16	-0.40
928	31.16	-0.40
929	31.19	-0.40
930	31.19	-0.40
931	31.19	-0.40
932	31.11	-0.40
933	31.11	-0.40
934	31.11	-0.40
935	31.08	-0.40
936	31.08	-0.40
937	31.08	-0.40
938	30.98	-0.40
939	30.98	-0.40
940	30.98	-0.40
941	31.09	-0.40
942	31.09	-0.40
943	31.09	-0.40
944	31.40	-0.40
945	31.40	-0.40
946	31.40	-0.40
947	31.36	-0.40
948	31.36	-0.40
949	31.36	-0.40
950	31.26	-0.40
951	31.26	-0.40
952	31.26	-0.40
953	31.38	-0.40
954	31.38	-0.40
955	31.38	-0.40
956	31.26	-0.40
957	31.26	-0.40
958	31.26	-0.40
959	31.05	-0.40
960	31.05	-0.40
961	31.05	-0.40
962	31.15	-0.40
963	31.15	-0.40
964	31.15	-0.40
965	31.38	-0.40
966	31.38	-0.40
967	31.38	-0.40
968	31.27	-0.40
969	31.27	-0.40
970	31.27	-0.40
971	31.29	-0.40
972	31.29	-0.40
973	31.29	-0.40
974	31.36	-0.40
975	31.36	-0.40
976	31.36	-0.40
977	31.21	-0.40
978	31.21	-0.40
979	31.21	-0.40
980	30.86	-0.40
981	30.86	-0.40
982	30.86	-0.40
983	30.98	-0.40
984	30.98	-0.40
985	30.98	-0.40
986	31.24	-0.40
987	31.24	-0.40
988	31.24	-0.40
989	31.32	-0.40
990	31.32	-0.40
991	31.32	-0.40
992	31.41	-0.40
993	31.41	-0.40
994	31.41	-0.40
995	31.17	-0.40
996	31.17	-0.40
997	31.17	-0.40
998	31.27	-0.40
999	31.27	-0.40
1000	31.27	-0.40
1001	31.05	-0.40
1002	31.05	-0.40
1003	31.05	-0.40
1004	30.97	-0.40
1005	30.97	-0.40
1006	30.97	-0.40
1007	31.36	-0.40
1008	31.36	-0.40
1009	31.36	-0.40
1010	31.32	-0.40
1011	31.32	-0.40
1012	31.32	-0.40
1013	31.25	-0.40
1014	31.25	-0.40
1015	31.25	-0.40
1016	31.18	-0.40
1017	31.18	-0.40
1018	31.18	-0.40
1019	31.20	-0.40
1020	31.20	-0.40
1021	31.20	-0.40
1022	31.12	-0.40
1023	31.12	-0.40
1024	31.12	-0.40
1025	31.15	-0.40
1026	31.15	-0.40
1027	31.15	-0.40
1028	31.41	-0.40
1029	31.41	-0.40
1030	31.41	-0.40
1031	31.58	-0.40
1032	31.58	-0.40
1033	31.58	-0.40
1034	31.41	-0.40
1035	31.41	-0.40
1036	31.41	-0.40
1037	31.40	-0.40
1038	31.40	-0.40
1039	31.40	-0.40
1040	31.38	-0.40
1041	31.38	-0.40
1042	31.38	-0.40
1043	31.12	-0.40
1044	31.12	-0.40
1045	31.12	-0.40
1046	30.98	-0.40
1047	30.98	-0.40
1048	30.98	-0.40
1049	31.34	-0.40
1050	31.34	-0.40
1051	31.34	-0.40
1052	31.39	-0.40
1053	31.39	-0.40
1054	31.39	-0.40
1055	31.27	-0.40
1056	31.27	-0.40
1057	31.27	-0.40
1058	31.23	-0.40
1059	31.23	-0.40
1060	31.23	-0.40
1061	31.36	-0.40
1062	31.36	-0.40
1063	31.36	-0.40
1064	31.23	-0.40
1065	31.23	-0.40
1066	31.23	-0.40
1067	31.07	-0.40
1068	31.07	-0.40
1069	31.07	-0.40
1070	31.26	-0.40
1071	31.26	-0.40
1072	31.26	-0.40
1073	31.36	-0.40
1074	31.36	-0.40
1075	31.36	-0.40
1076	31.31	-0.40
1077	31.31	-0.40
1078	31.31	-0.40
1079	31.34	-0.40
1080	31.34	-0.40
1081	31.34	-0.40
1082	31.30	-0.40
1083	31.30	-0.40
1084	31.30	-0.40
1085	31.29	-0.40
1086	31.29	-0.40
1087	31.29	-0.40
1088	31.15	-0.40
1089	31.15	-0.40
1090	31.15	-0.40
1091	31.39	-0.40
1092	31.39	-0.40
1093	31.39	-0.40
1094	31.56	-0.40
1095	31.56	-0.40
1096	31.56	-0.40
1097	31.57	-0.40
1098	31.57	-0.40
1099	31.57	-0.40
1100	31.48	-0.40
1101	31.48	-0.40
1102	31.48	-0.40
1103	31.45	-0.40
1104	31.45	-0.40
1105	31.45	-0.40
1106	31.39	-0.40
1107	31.39	-0.40
1108	31.39	-0.40
1109	31.25	-0.40
1110	31.25	-0.40
1111	31.25	-0.40
1112	31.26	-0.40
1113	31.26	-0.40
1114	31.26	-0.40
1115	31.36	-0.40
1116	31.36	-0.40
1117	31.36	-0.40
1118	31.46	-0.40
1119	31.46	-0.40
1120	31.46	-0.40
1121	31.48	-0.40
1122	31.48	-0.41
1123	31.48	-0.41
1124	31.55	-0.41
1125	31.55	-0.40
1126	31.55	-0.40
1127	31.40	-0.40
1128	31.40	-0.40
1129	31.40	-0.40
1130	31.22	-0.40
1131	31.22	-0.40
1132	31.22	-0.40
1133	31.34	-0.40
1134	31.34	-0.40
1135	31.34	-0.40
1136	31.53	-0.40
1137	31.53	-0.40
1138	31.53	-0.40
1139	31.29	-0.40
1140	31.29	-0.40
1141	31.29	-0.40
1142	31.34	-0.40
1143	31.34	-0.40
1144	31.34	-0.40
1145	31.35	-0.40
1146	31.35	-0.41
1147	31.35	-0.41
1148	31.39	-0.41
1149	31.39	-0.41
1150	31.39	-0.41
1151	31.16	-0.41
1152	31.16	-0.40
1153	31.16	-0.40
1154	31.21	-0.40
1155	31.21	-0.40
1156	31.21	-0.40
1157	31.42	-0.40
1158	31.42	-0.40
1159	31.42	-0.40
1160	31.46	-0.40
1161	31.46	-0.41
1162	31.46	-0.41
1163	31.50	-0.41
1164	31.50	-0.41
1165	31.50	-0.41
1166	31.45	-0.41
1167	31.45	-0.40
1168	31.45	-0.40
1169	31.38	-0.40
1170	31.38	-0.40
1171	31.38	-0.40
1172	31.16	-0.40
1173	31.16	-0.41
1174	31.16	-0.41
1175	31.31	-0.41
1176	31.31	-0.41
1177	31.31	-0.41
1178	31.55	-0.41
1179	31.55	-0.41
1180	31.55	-0.41
1181	31.47	-0.41
1182	31.47	-0.41
1183	31.47	-0.41
1184	31.43	-0.41
1185	31.43	-0.41
1186	31.43	-0.41
1187	31.57	-0.41
1188	31.57	-0.41
1189	31.57	-0.41
1190	31.42	-0.41
1191	31.42	-0.40
1192	31.42	-0.40
1193	31.18	-0.40
1194	31.18	-0.41
1195	31.18	-0.41
1196	31.26	-0.41
1197	31.26	-0.41
1198	31.26	-0.41
1199	31.44	-0.41
1200	31.44	-0.41
1201	31.44	-0.41
1202	31.33	-0.41
1203	31.33	-0.41
1204	31.33	-0.41
1205	31.42	-0.41
1206	31.42	-0.41
1207	31.42	-0.41
1208	31.36	-0.41
1209	31.36	-0.41
1210	31.36	-0.41
1211	31.27	-0.41
1212	31.27	-0.41
1213	31.27	-0.41
1214	30.96	-0.41
1215	30.96	-0.41
1216	30.96	-0.41
1217	31.05	-0.41
1218	31.05	-0.41
1219	31.05	-0.41
1220	31.49	-0.41
1221	31.49	-0.41
1222	31.49	-0.41
1223	31.47	-0.41
1224	31.47	-0.41
1225	31.47	-0.41
1226	31.35	-0.41
1227	31.35	-0.41
1228	31.35	-0.41
1229	31.31	-0.41
1230	31.31	-0.41
1231	31.31	-0.41
1232	31.04	-0.41
1233	31.04	-0.41
1234	31.04	-0.41
1235	30.96	-0.41
1236	30.96	-0.41
1237	30.96	-0.41
1238	31.11	-0.41
1239	31.11	-0.41
1240	31.11	-0.41
1241	31.41	-0.41
1242	31.41	-0.41
1243	31.41	-0.41
1244	31.31	-0.41
1245	31.31	-0.41
1246	31.31	-0.41
1247	31.24	-0.41
1248	31.24	-0.41
1249	31.24	-0.41
1250	31.27	-0.41
1251	31.27	-0.41
1252	31.27	-0.41
1253	31.14	-0.41
1254	31.14	-0.41
1255	31.14	-0.41
1256	30.96	-0.41
1257	30.96	-0.41
1258	30.96	-0.41
1259	31.10	-0.41
1260	31.10	-0.41
1261	31.10	-0.41
1262	31.28	-0.41
1263	31.28	-0.40
1264	31.28	-0.40
1265	31.26	-0.40
1266	31.26	-0.41
1267	31.26	-0.41
1268	31.27	-0.41
1269	31.27	-0.41
1270	31.27	-0.41
1271	31.25	-0.41
1272	31.25	-0.41
1273	31.25	-0.41
1274	31.13	-0.41
1275	31.13	-0.41
1276	31.13	-0.41
1277	30.99	-0.41
1278	30.99	-0.41
1279	30.99	-0.41
1280	31.25	-0.41
1281	31.25	-0.41
1282	31.25	-0.41
1283	31.48	-0.41
1284	31.48	-0.41
1285	31.48	-0.41
1286	31.42	-0.41
1287	31.42	-0.41
1288	31.42	-0.41
1289	31.30	-0.41
1290	31.30	-0.41
1291	31.30	-0.41
1292	31.37	-0.41
1293	31.37	-0.41
1294	31.37	-0.41
1295	31.25	-0.41
1296	31.25	-0.41
1297	31.25	-0.41
1298	31.15	-0.41
1299	31.15	-0.41
1300	31.15	-0.41
1301	31.20	-0.41
1302	31.20	-0.41
1303	31.20	-0.41
1304	31.41	-0.41
1305	31.41	-0.41
1306	31.41	-0.41
1307	31.38	-0.41
1308	31.38	-0.41
1309	31.38	-0.41
1310	31.44	-0.41
1311	31.44	-0.41
1312	31.44	-0.41
1313	31.29	-0.41
1314	31.29	-0.41
1315	31.29	-0.41
1316	31.13	-0.41
1317	31.13	-0.41
1318	31.13	-0.41
1319	31.04	-0.41
1320	31.04	-0.41
1321	31.04	-0.41
1322	31.29	-0.41
1323	31.29	-0.41
1324	31.29	-0.41
1325	31.44	-0.41
1326	31.44	-0.41
1327	31.44	-0.41
1328	31.39	-0.41
1329	31.39	-0.41
1330	31.39	-0.41
1331	31.32	-0.41
1332	31.32	-0.41
1333	31.32	-0.41
1334	31.28	-0.41
1335	31.28	-0.41
1336	31.28	-0.41
1337	31.06	-0.41
1338	31.06	-0.41
1339	31.06	-0.41
1340	31.02	-0.41
1341	31.02	-0.41
1342	31.02	-0.41
1343	31.20	-0.41
1344	31.20	-0.41
1345	31.20	-0.41
1346	31.45	-0.41
1347	31.45	-0.41
1348	31.45	-0.41
1349	31.38	-0.41
1350	31.38	-0.41
1351	31.38	-0.41
1352	31.26	-0.41
1353	31.26	-0.41
1354	31.26	-0.41
1355	31.37	-0.41
1356	31.37	-0.41
1357	31.37	-0.41
1358	31.20	-0.41
1359	31.20	-0.41
1360	31.20	-0.41
1361	30.99	-0.41
1362	30.99	-0.41
1363	30.99	-0.41
1364	31.32	-0.41
1365	31.32	-0.41
1366	31.32	-0.41
1367	31.39	-0.41
1368	31.39	-0.41
1369	31.39	-0.41
1370	31.40	-0.41
1371	31.40	-0.41
1372	31.40	-0.41
1373	31.34	-0.41
1374	31.34	-0.41
1375	31.34	-0.41
1376	31.40	-0.41
1377	31.40	-0.41
1378	31.40	-0.41
1379	31.25	-0.41
1380	31.25	-0.41
1381	31.25	-0.41
1382	30.99	-0.41
1383	30.99	-0.41
1384	30.99	-0.41
1385	31.07	-0.41
1386	31.07	-0.41
1387	31.07	-0.41
1388	31.38	-0.41
1389	31.38	-0.41
1390	31.38	-0.41
1391	31.33	-0.41
1392	31.33	-0.41
1393	31.33	-0.41
1394	31.32	-0.41
1395	31.32	-0.41
1396	31.32	-0.41
1397	31.27	-0.41
1398	31.27	-0.41
1399	31.27	-0.41
1400	31.13	-0.41
1401	31.13	-0.41
1402	31.13	-0.41
1403	30.98	-0.41
1404	30.98	-0.42
1405	30.98	-0.42
1406	31.13	-0.42
1407	31.13	-0.41
1408	31.13	-0.41
1409	31.38	-0.41
1410	31.38	-0.42
1411	31.38	-0.42
1412	31.33	-0.42
1413	31.33	-0.42
1414	31.33	-0.42
1415	31.42	-0.42
1416	31.42	-0.41
1417	31.42	-0.41
1418	31.30	-0.41
1419	31.30	-0.42
1420	31.30	-0.42
1421	31.15	-0.42
1422	31.15	-0.42
1423	31.15	-0.42
1424	31.01	-0.42
1425	31.01	-0.41
1426	31.01	-0.41
1427	31.05	-0.41
1428	31.05	-0.41
1429	31.05	-0.41
1430	31.13	-0.41
1431	31.13	-0.41
1432	31.13	-0.41
1433	31.25	-0.41
1434	31.25	-0.42
1435	31.25	-0.42
1436	31.37	-0.42
1437	31.37	-0.41
1438	31.37	-0.41
1439	31.41	-0.41
1440	31.41	-0.42
1441	31.41	-0.42
1442	31.26	-0.42
1443	31.26	-0.42
1444	31.26	-0.42
1445	31.02	-0.42
1446	31.02	-0.41
1447	31.02	-0.41
1448	31.04	-0.41
1449	31.04	-0.42
1450	31.04	-0.42
1451	31.43	-0.42
1452	31.43	-0.42
1453	31.43	-0.42
1454	31.15	-0.42
1455	31.15	-0.41
1456	31.15	-0.41
1457	31.30	-0.41
1458	31.30	-0.42
1459	31.30	-0.42
1460	31.23	-0.42
1461	31.23	-0.42
1462	31.23	-0.42
1463	31.10	-0.42
1464	31.10	-0.42
1465	31.10	-0.42
1466	30.95	-0.42
1467	30.95	-0.42
1468	30.95	-0.42
1469	31.01	-0.42
1470	31.01	-0.42
1471	31.01	-0.42
1472	31.38	-0.42
1473	31.38	-0.42
1474	31.38	-0.42
1475	31.31	-0.42
1476	31.31	-0.42
1477	31.31	-0.42
1478	31.33	-0.42
1479	31.33	-0.42
1480	31.33	-0.42
1481	31.29	-0.42
1482	31.29	-0.42
1483	31.29	-0.42
1484	31.36	-0.42
1485	31.36	-0.41
1486	31.36	-0.41
1487	31.23	-0.41
1488	31.23	-0.41
1489	31.23	-0.41
1490	31.05	-0.41
1491	31.05	-0.41
1492	31.05	-0.41
1493	31.38	-0.41
1494	31.38	-0.42
1495	31.38	-0.42
1496	31.36	-0.42
1497	31.36	-0.42
1498	31.36	-0.42
1499	31.24	-0.42
1500	31.24	-0.42
1501	31.24	-0.42
1502	31.31	-0.42
1503	31.31	-0.42
1504	31.31	-0.42
1505	31.43	-0.42
1506	31.43	-0.42
1507	31.43	-0.42
1508	31.29	-0.42
1509	31.29	-0.42
1510	31.29	-0.42
1511	31.10	-0.42
1512	31.10	-0.42
1513	31.10	-0.42
1514	31.33	-0.42
1515	31.33	-0.42
1516	31.33	-0.42
1517	31.33	-0.42
1518	31.33	-0.42
1519	31.33	-0.42
1520	31.40	-0.42
1521	31.40	-0.42
1522	31.40	-0.42
1523	31.59	-0.42
1524	31.59	-0.42
1525	31.59	-0.42
1526	31.47	-0.42
1527	31.47	-0.42
1528	31.47	-0.42
1529	31.22	-0.42
1530	31.22	-0.42
1531	31.22	-0.42
1532	31.23	-0.42
1533	31.23	-0.42
1534	31.23	-0.42
1535	31.31	-0.42
1536	31.31	-0.42
1537	31.31	-0.42
1538	31.34	-0.42
1539	31.34	-0.42
1540	31.34	-0.42
1541	31.30	-0.42
1542	31.30	-0.42
1543	31.30	-0.42
1544	31.29	-0.42
1545	31.29	-0.42
1546	31.29	-0.42
1547	31.25	-0.42
1548	31.25	-0.42
1549	31.25	-0.42
1550	31.08	-0.42
1551	31.08	-0.42
1552	31.08	-0.42
1553	31.05	-0.42
1554	31.05	-0.42
1555	31.05	-0.42
1556	31.25	-0.42
1557	31.25	-0.42
1558	31.25	-0.42
1559	31.36	-0.42
1560	31.36	-0.42
1561	31.36	-0.42
1562	31.23	-0.42
1563	31.23	-0.42
1564	31.23	-0.42
1565	31.29	-0.42
1566	31.29	-0.42
1567	31.29	-0.42
1568	31.39	-0.42
1569	31.39	-0.42
1570	31.39	-0.42
1571	31.14	-0.42
1572	31.14	-0.42
1573	31.14	-0.42
1574	31.08	-0.42
1575	31.08	-0.42
1576	31.08	-0.42
1577	31.26	-0.42
1578	31.26	-0.42
1579	31.26	-0.42
1580	31.49	-0.42
1581	31.49	-0.42
1582	31.49	-0.42
1583	31.36	-0.42
1584	31.36	-0.42
1585	31.36	-0.42
1586	31.35	-0.42
1587	31.35	-0.42
1588	31.35	-0.42
1589	31.36	-0.42
1590	31.36	-0.42
1591	31.36	-0.42
1592	31.37	-0.42
1593	31.37	-0.42
1594	31.37	-0.42
1595	31.16	-0.42
1596	31.16	-0.42
1597	31.16	-0.42
1598	31.38	-0.42
1599	31.38	-0.42
1600	31.38	-0.42
1601	31.56	-0.42
1602	31.56	-0.42
1603	31.56	-0.42
1604	31.46	-0.42
1605	31.46	-0.42
1606	31.46	-0.42
1607	31.40	-0.42
1608	31.40	-0.42
1609	31.40	-0.42
1610	31.40	-0.42
1611	31.40	-0.42
1612	31.40	-0.42
1613	31.36	-0.42
1614	31.36	-0.42
1615	31.36	-0.42
1616	31.09	-0.42
1617	31.09	-0.42
1618	31.09	-0.42
1619	31.16	-0.42
1620	31.16	-0.42
1621	31.16	-0.42
1622	31.53	-0.42
1623	31.53	-0.42
1624	31.53	-0.42
1625	31.48	-0.42
1626	31.48	-0.42
1627	31.48	-0.42
1628	31.47	-0.42
1629	31.47	-0.42
1630	31.47	-0.42
1631	31.31	-0.42
1632	31.31	-0.42
1633	31.31	-0.42
1634	31.30	-0.42
1635	31.30	-0.42
1636	31.30	-0.42
1637	31.09	-0.42
1638	31.09	-0.42
1639	31.09	-0.42
1640	31.01	-0.42
1641	31.01	-0.42
1642	31.01	-0.42
1643	31.35	-0.42
1644	31.35	-0.42
1645	31.35	-0.42
1646	31.49	-0.42
1647	31.49	-0.42
1648	31.49	-0.42
1649	31.40	-0.42
1650	31.40	-0.42
1651	31.40	-0.42
1652	31.34	-0.42
1653	31.34	-0.42
1654	31.34	-0.42
1655	31.29	-0.42
1656	31.29	-0.42
1657	31.29	-0.42
1658	31.19	-0.42
1659	31.19	-0.42
1660	31.19	-0.42
1661	31.26	-0.42
1662	31.26	-0.42
1663	31.26	-0.42
1664	31.37	-0.42
1665	31.37	-0.42
1666	31.37	-0.42
1667	31.23	-0.42
1668	31.23	-0.42
1669	31.23	-0.42
1670	31.45	-0.42
1671	31.45	-0.42
1672	31.45	-0.42
1673	31.43	-0.42
1674	31.43	-0.42
1675	31.43	-0.42
1676	31.30	-0.42
1677	31.30	-0.42
1678	31.30	-0.42
1679	31.12	-0.42
1680	31.12	-0.42
1681	31.12	-0.42
1682	31.17	-0.42
1683	31.17	-0.42
1684	31.17	-0.42
1685	31.40	-0.42
1686	31.40	-0.42
1687	31.40	-0.42
1688	31.43	-0.42
1689	31.43	-0.42
1690	31.43	-0.42
1691	31.53	-0.42
1692	31.53	-0.42
1693	31.53	-0.42
1694	31.36	-0.42
1695	31.36	-0.42
1696	31.36	-0.42
1697	31.11	-0.42
1698	31.11	-0.42
1699	31.11	-0.42
1700	30.87	-0.42
1701	30.87	-0.42
1702	30.87	-0.42
1703	30.94	-0.42
1704	30.94	-0.42
1705	30.94	-0.42
1706	31.30	-0.42
1707	31.30	-0.42
1708	31.30	-0.42
1709	31.16	-0.42
1710	31.16	-0.42
1711	31.16	-0.42
1712	31.27	-0.42
1713	31.27	-0.42
1714	31.27	-0.42
1715	31.34	-0.42
1716	31.34	-0.42
1717	31.34	-0.42
1718	31.27	-0.42
1719	31.27	-0.42
1720	31.27	-0.42
1721	31.05	-0.42
1722	31.05	-0.42
1723	31.05	-0.42
1724	31.01	-0.42
1725	31.01	-0.42
1726	31.01	-0.42
1727	31.29	-0.42
1728	31.29	-0.42
1729	31.29	-0.42
1730	31.38	-0.42
1731	31.38	-0.42
1732	31.38	-0.42
1733	31.21	-0.42
1734	31.21	-0.42
1735	31.21	-0.42
1736	31.20	-0.42
1737	31.20	-0.42
1738	31.20	-0.42
1739	31.20	-0.42
1740	31.20	-0.42
1741	31.20	-0.42
1742	31.02	-0.42
1743	31.02	-0.42
1744	31.02	-0.42
1745	31.09	-0.42
1746	31.09	-0.42
1747	31.09	-0.42
1748	31.39	-0.42
1749	31.39	-0.42
1750	31.39	-0.42
1751	31.47	-0.42
1752	31.47	-0.42
1753	31.47	-0.42
1754	31.44	-0.42
1755	31.44	-0.42
1756	31.44	-0.42
1757	31.27	-0.42
1758	31.27	-0.42
1759	31.27	-0.42
1760	31.33	-0.42
1761	31.33	-0.42
1762	31.33	-0.42
1763	31.28	-0.42
1764	31.28	-0.42
1765	31.28	-0.42
1766	31.13	-0.42
1767	31.13	-0.42
1768	31.13	-0.42
1769	31.41	-0.42
1770	31.41	-0.42
1771	31.41	-0.42
1772	31.40	-0.42
1773	31.40	-0.42
1774	31.40	-0.42
1775	31.23	-0.42
1776	31.23	-0.42
1777	31.23	-0.42
1778	31.30	-0.42
1779	31.30	-0.42
1780	31.30	-0.42
1781	31.26	-0.42
1782	31.26	-0.42
1783	31.26	-0.42
1784	31.06	-0.42
1785	31.06	-0.42
1786	31.06	-0.42
1787	30.97	-0.42
1788	30.97	-0.42
1789	30.97	-0.42
1790	31.29	-0.42
1791	31.29	-0.42
1792	31.29	-0.42
1793	31.33	-0.42
1794	31.33	-0.42
1795	31.33	-0.42
1796	31.27	-0.42
1797	31.27	-0.42
1798	31.27	-0.42
1799	31.29	-0.42
1800	31.29	-0.42
1801	31.29	-0.42
1802	31.31	-0.42
1803	31.31	-0.42
1804	31.31	-0.42
1805	31.02	-0.42
1806	31.02	-0.42
1807	31.02	-0.42
1808	31.04	-0.42
1809	31.04	-0.42
1810	31.04	-0.42
1811	31.41	-0.42
1812	31.41	-0.42
1813	31.41	-0.42
1814	31.37	-0.42
1815	31.37	-0.42
1816	31.37	-0.42
1817	31.47	-0.42
1818	31.47	-0.42
1819	31.47	-0.42
1820	31.49	-0.42
1821	31.49	-0.42
1822	31.49	-0.42
1823	31.31	-0.42
1824	31.31	-0.42
1825	31.31	-0.42
1826	31.05	-0.42
1827	31.05	-0.42
1828	31.05	-0.42
1829	31.00	-0.42
1830	31.00	-0.42
1831	31.00	-0.42
1832	31.34	-0.42
1833	31.34	-0.42
1834	31.34	-0.42
1835	31.30	-0.42
1836	31.30	-0.42
1837	31.30	-0.42
1838	31.28	-0.42
1839	31.28	-0.42
1840	31.28	-0.42
1841	31.36	-0.42
1842	31.36	-0.42
1843	31.36	-0.42
1844	31.26	-0.42
1845	31.26	-0.42
1846	31.26	-0.42
1847	31.08	-0.42
1848	31.08	-0.42
1849	31.08	-0.42
1850	30.95	-0.42
1851	30.95	-0.42
1852	30.95	-0.42
1853	31.32	-0.42
1854	31.32	-0.42
1855	31.32	-0.42
1856	31.27	-0.42
1857	31.27	-0.42
1858	31.27	-0.42
1859	31.33	-0.42
1860	31.33	-0.42
1861	31.33	-0.42
1862	31.22	-0.42
1863	31.22	-0.42
1864	31.22	-0.42
1865	31.29	-0.42
1866	31.29	-0.42
1867	31.29	-0.42
1868	31.05	-0.42
1869	31.05	-0.42
1870	31.05	-0.42
1871	30.97	-0.42
1872	30.97	-0.42
1873	30.97	-0.42
1874	31.21	-0.42
1875	31.21	-0.42
1876	31.21	-0.42
1877	31.12	-0.42
1878	31.12	-0.42
1879	31.12	-0.42
1880	31.24	-0.42
1881	31.24	-0.42
1882	31.24	-0.42
1883	31.30	-0.42
1884	31.30	-0.42
1885	31.30	-0.42
1886	31.12	-0.42
1887	31.12	-0.42
1888	31.12	-0.42
1889	30.90	-0.42
1890	30.90	-0.42
1891	30.90	-0.42
1892	30.93	-0.42
1893	30.93	-0.42
1894	30.93	-0.42
1895	31.24	-0.42
1896	31.24	-0.42
1897	31.24	-0.42
1898	31.27	-0.42
1899	31.27	-0.42
1900	31.27	-0.42
1901	31.34	-0.42
1902	31.34	-0.42
1903	31.34	-0.42
1904	31.27	-0.42
1905	31.27	-0.42
1906	31.27	-0.42
1907	31.13	-0.42
1908	31.13	-0.42
1909	31.13	-0.42
1910	30.94	-0.42
1911	30.94	-0.42
1912	30.94	-0.42
1913	30.90	-0.42
1914	30.90	-0.42
1915	30.90	-0.42
1916	31.36	-0.42
1917	31.36	-0.42
1918	31.36	-0.42
1919	31.28	-0.42
1920	31.28	-0.42
1921	31.28	-0.42
1922	31.32	-0.42
1923	31.32	-0.42
1924	31.32	-0.42
1925	31.31	-0.42
1926	31.31	-0.42
1927	31.31	-0.42
1928	31.26	-0.42
1929	31.26	-0.42
1930	31.26	-0.42
1931	31.01	-0.42
1932	31.01	-0.42
1933	31.01	-0.42
1934	30.97	-0.42
1935	30.97	-0.42
1936	30.97	-0.42
1937	31.29	-0.42
1938	31.29	-0.42
1939	31.29	-0.42
1940	31.29	-0.42
1941	31.29	-0.42
1942	31.29	-0.42
1943	31.35	-0.42
1944	31.35	-0.42
1945	31.35	-0.42
1946	31.34	-0.42
1947	31.34	-0.42
1948	31.34	-0.42
1949	31.24	-0.42
1950	31.24	-0.42
1951	31.24	-0.42
1952	31.07	-0.42
1953	31.07	-0.42
1954	31.07	-0.42
1955	30.90	-0.42
1956	30.90	-0.42
1957	30.90	-0.42
1958	31.28	-0.42
1959	31.28	-0.42
1960	31.28	-0.42
1961	31.36	-0.42
1962	31.36	-0.42
1963	31.36	-0.42
1964	31.35	-0.42
1965	31.35	-0.42
1966	31.35	-0.42
1967	31.29	-0.42
1968	31.29	-0.42
1969	31.29	-0.42
1970	31.26	-0.42
1971	31.26	-0.42
1972	31.26	-0.42
1973	30.97	-0.42
1974	30.97	-0.42
1975	30.97	-0.42
1976	30.89	-0.42
1977	30.89	-0.42
1978	30.89	-0.42
1979	31.15	-0.42
1980	31.15	-0.42
1981	31.15	-0.42
1982	31.25	-0.42
1983	31.25	-0.42
1984	31.25	-0.42
1985	31.29	-0.42
1986	31.29	-0.42
1987	31.29	-0.42
1988	31.25	-0.42
1989	31.25	-0.42
1990	31.25	-0.42
1991	31.25	-0.42
1992	31.25	-0.42
1993	31.25	-0.42
1994	31.11	-0.42
1995	31.11	-0.42
1996	31.11	-0.42
1997	31.08	-0.42
1998	31.08	-0.42
1999	31.08	-0.42
2000	31.26	-0.42
2001	31.26	-0.42
2002	31.26	-0.42
2003	31.28	-0.42
2004	31.28	-0.42
2005	31.28	-0.42
2006	31.29	-0.42
2007	31.29	-0.42
2008	31.29	-0.42
2009	31.43	-0.42
2010	31.43	-0.42
2011	31.43	-0.42
2012	31.26	-0.42
2013	31.26	-0.42
2014	31.26	-0.42
2015	31.07	-0.42
2016	31.07	-0.42
2017	31.07	-0.42
2018	31.09	-0.42
2019	31.09	-0.42
2020	31.09	-0.42
2021	31.22	-0.42
2022	31.22	-0.42
2023	31.22	-0.42
2024	31.40	-0.42
2025	31.40	-0.42
2026	31.40	-0.42
2027	31.36	-0.42
2028	31.36	-0.42
2029	31.36	-0.42
2030	31.26	-0.42
2031	31.26	-0.42
2032	31.26	-0.42
2033	31.26	-0.42
2034	31.26	-0.42
2035	31.26	-0.42
2036	31.28	-0.42
2037	31.28	-0.42
2038	31.28	-0.42
2039	31.10	-0.42
2040	31.10	-0.42
2041	31.10	-0.42
2042	31.28	-0.42
2043	31.28	-0.42
2044	31.28	-0.42
2045	31.39	-0.42
2046	31.39	-0.42
2047	31.39	-0.42
2048	31.29	-0.42
2049	31.29	-0.42
2050	31.29	-0.42
2051	31.20	-0.42
2052	31.20	-0.42
2053	31.20	-0.42
2054	31.23	-0.42
2055	31.23	-0.42
2056	31.23	-0.42
2057	31.18	-0.42
2058	31.18	-0.42
2059	31.18	-0.42
2060	31.03	-0.42
2061	31.03	-0.42
2062	31.03	-0.42
2063	31.24	-0.42
2064	31.24	-0.42
2065	31.24	-0.42
2066	31.25	-0.42
2067	31.25	-0.42
2068	31.25	-0.42
2069	31.06	-0.42
2070	31.06	-0.42
2071	31.06	-0.42
2072	31.04	-0.42
2073	31.04	-0.42
2074	31.04	-0.42
2075	31.18	-0.42
2076	31.18	-0.42
2077	31.18	-0.42
2078	30.88	-0.42
2079	30.88	-0.42
2080	30.88	-0.42
2081	30.79	-0.42
2082	30.79	-0.42
2083	30.79	-0.42
2084	31.01	-0.42
2085	31.01	-0.43
2086	31.01	-0.43
2087	31.29	-0.43
2088	31.29	-0.42
2089	31.29	-0.42
2090	31.14	-0.42
2091	31.14	-0.42
2092	31.14	-0.42
2093	31.17	-0.42
2094	31.17	-0.42
2095	31.17	-0.42
2096	31.17	-0.42
2097	31.17	-0.42
2098	31.17	-0.42
2099	31.06	-0.42
2100	31.06	-0.42
2101	31.06	-0.42
2102	30.89	-0.42
2103	30.89	-0.42
2104	30.89	-0.42
2105	31.04	-0.42
2106	31.04	-0.42
2107	31.04	-0.42
2108	31.38	-0.42
2109	31.38	-0.42
2110	31.38	-0.42
2111	31.30	-0.42
2112	31.30	-0.42
2113	31.30	-0.42
2114	31.27	-0.42
2115	31.27	-0.42
2116	31.27	-0.42
2117	31.27	-0.42
2118	31.27	-0.42
2119	31.27	-0.42
2120	31.17	-0.42
2121	31.17	-0.42
2122	31.17	-0.42
2123	31.01	-0.42
2124	31.01	-0.42
2125	31.01	-0.42
2126	30.93	-0.42
2127	30.93	-0.42
2128	30.93	-0.42
2129	31.13	-0.42
2130	31.13	-0.42
2131	31.13	-0.42
2132	31.26	-0.42
2133	31.26	-0.42
2134	31.26	-0.42
2135	31.30	-0.42
2136	31.30	-0.42
2137	31.30	-0.42
2138	31.28	-0.42
2139	31.28	-0.42
2140	31.28	-0.42
2141	31.16	-0.42
2142	31.16	-0.42
2143	31.16	-0.42
2144	31.01	-0.42
2145	31.01	-0.42
2146	31.01	-0.42
2147	31.03	-0.42
2148	31.03	-0.42
2149	31.03	-0.42
2150	31.19	-0.42
2151	31.19	-0.42
2152	31.19	-0.42
2153	31.18	-0.42
2154	31.18	-0.42
2155	31.18	-0.42
2156	31.31	-0.42
2157	31.31	-0.42
2158	31.31	-0.42
2159	31.31	-0.42
2160	31.31	-0.42
2161	31.31	-0.42
2162	31.16	-0.42
2163	31.16	-0.42
2164	31.16	-0.42
2165	31.05	-0.42
2166	31.05	-0.42
2167	31.05	-0.42
2168	30.99	-0.42
2169	30.99	-0.42
2170	30.99	-0.42
2171	31.26	-0.42
2172	31.26	-0.42
2173	31.26	-0.42
2174	31.24	-0.42
2175	31.24	-0.42
2176	31.24	-0.42
2177	31.11	-0.42
2178	31.11	-0.42
2179	31.11	-0.42
2180	31.27	-0.42
2181	31.27	-0.42
2182	31.27	-0.42
2183	31.22	-0.42
2184	31.22	-0.42
2185	31.22	-0.42
2186	31.05	-0.42
2187	31.05	-0.42
2188	31.05	-0.42
2189	30.94	-0.42
2190	30.94	-0.42
2191	30.94	-0.42
2192	31.19	-0.42
2193	31.19	-0.42
2194	31.19	-0.42
2195	31.12	-0.42
2196	31.12	-0.42
2197	31.12	-0.42
2198	31.29	-0.42
2199	31.29	-0.42
2200	31.29	-0.42
2201	31.35	-0.42
2202	31.35	-0.42
2203	31.35	-0.42
2204	31.29	-0.42
2205	31.29	-0.42
2206	31.29	-0.42
2207	31.11	-0.42
2208	31.11	-0.42
2209	31.11	-0.42
2210	31.02	-0.42
2211	31.02	-0.42
2212	31.02	-0.42
2213	31.36	-0.42
2214	31.36	-0.42
2215	31.36	-0.42
2216	31.23	-0.42
2217	31.23	-0.42
2218	31.23	-0.42
2219	31.26	-0.42
2220	31.26	-0.42
2221	31.26	-0.42
2222	31.21	-0.42
2223	31.21	-0.42
2224	31.21	-0.42
2225	31.30	-0.42
2226	31.30	-0.42
2227	31.30	-0.42
2228	31.04	-0.42
2229	31.04	-0.42
2230	31.04	-0.42
2231	31.04	-0.42
2232	31.04	-0.42
2233	31.04	-0.42
2234	31.27	-0.42
2235	31.27	-0.42
2236	31.27	-0.42
2237	31.31	-0.42
2238	31.31	-0.42
2239	31.31	-0.42
2240	31.18	-0.42
2241	31.18	-0.43
2242	31.18	-0.43
2243	31.22	-0.43
2244	31.22	-0.42
2245	31.22	-0.42
2246	31.29	-0.42
2247	31.29	-0.42
2248	31.29	-0.42
2249	31.07	-0.42
2250	31.07	-0.42
2251	31.07	-0.42
2252	30.89	-0.42
2253	30.89	-0.42
2254	30.89	-0.42
2255	31.17	-0.42
2256	31.17	-0.42
2257	31.17	-0.42
2258	31.31	-0.42
2259	31.31	-0.43
2260	31.31	-0.43
2261	31.30	-0.43
2262	31.30	-0.42
2263	31.30	-0.42
2264	31.23	-0.42
2265	31.23	-0.42
2266	31.23	-0.42
2267	31.32	-0.42
2268	31.32	-0.42
2269	31.32	-0.42
2270	31.20	-0.42
2271	31.20	-0.43
2272	31.20	-0.43
2273	31.07	-0.43
2274	31.07	-0.42
2275	31.07	-0.42
2276	31.20	-0.42
2277	31.20	-0.42
2278	31.20	-0.42
2279	31.32	-0.42
2280	31.32	-0.42
2281	31.32	-0.42
2282	31.29	-0.42
2283	31.29	-0.42
2284	31.29	-0.42
2285	31.31	-0.42
2286	31.31	-0.43
2287	31.31	-0.43
2288	31.33	-0.43
2289	31.33	-0.42
2290	31.33	-0.42
2291	31.16	-0.42
2292	31.16	-0.43
2293	31.16	-0.43
2294	21.40	-0.43
2295	21.40	-0.43
2296	21.40	-0.43
2297	2.99	-0.43
2298	2.99	-0.43
2299	2.99	-0.43
2300	-3.69	-0.43
2301	-3.69	-0.42
2302	-3.69	-0.42
2303	-1.20	-0.42
2304	-1.20	-0.42
2305	-1.20	-0.42
2306	1.28	-0.42
2307	1.28	-0.42
2308	1.28	-0.42
2309	0.03	-0.42
2310	0.03	-0.42
2311	0.03	-0.42
2312	-1.20	-0.42
2313	-1.20	-0.42
2314	-1.20	-0.42
2315	-0.47	-0.42
2316	-0.47	-0.42
2317	-0.47	-0.42
2318	0.19	-0.42
2319	0.19	-0.42
2320	0.19	-0.42
2321	-0.30	-0.42
2322	-0.30	-0.42
2323	-0.30	-0.42
2324	-0.69	-0.42
2325	-0.69	-0.42
2326	-0.69	-0.42
2327	-0.39	-0.42
2328	-0.39	-0.42
2329	-0.39	-0.42
2330	-0.16	-0.42
2331	-0.16	-0.42
2332	-0.16	-0.42
2333	-0.36	-0.42
2334	-0.36	-0.42
2335	-0.36	-0.42
2336	-0.52	-0.42
2337	-0.52	-0.42
2338	-0.52	-0.42
2339	-0.39	-0.42
2340	-0.39	-0.42
2341	-0.39	-0.42
2342	-0.30	-0.42
2343	-0.30	-0.42
2344	-0.30	-0.42
2345	-0.39	-0.42
2346	-0.39	-0.42
2347	-0.39	-0.42
2348	-0.46	-0.42
2349	-0.46	-0.42
2350	-0.46	-0.42
2351	-0.40	-0.42
2352	-0.40	-0.43
2353	-0.40	-0.43
2354	-0.37	-0.43
2355	-0.37	-0.43
2356	-0.37	-0.43
2357	-0.41	-0.43
2358	-0.41	-0.43
2359	-0.41	-0.43
2360	-0.43	-0.43
2361	-0.43	-0.43
2362	-0.43	-0.43
2363	-0.41	-0.43
2364	-0.41	-0.43
2365	-0.41	-0.43
2366	-0.40	-0.43
2367	-0.40	-0.43
2368	-0.40	-0.43
2369	-0.41	-0.43
2370	-0.41	-0.42
2371	-0.41	-0.42
2372	-0.43	-0.42
2373	-0.43	-0.43
2374	-0.43	-0.43
2375	-0.41	-0.43
2376	-0.41	-0.43
2377	-0.41	-0.43
2378	-0.41	-0.43
